Interval,Time
112.2679,72.68052333356859
2.4085,72.71390333356848
1.041,72.69721333356854
0.9999,72.73058333356865
0.9805,72.74730333356885
0.8107,72.76400333356904
0.8263,72.78072333356924
1.2069,72.7974333335692
2.3527,72.81411333356938
2.5979,72.83081333356957
1.7527,72.8475033335695
1.089,72.86418333356967
1.1026,72.88087333356961
0.9531,72.89755333356979
0.8758,72.91419333356991
0.9044,72.93085333357007
0.8985,72.94750333356997
0.98,72.96415333356988
1.1748,72.98086333356984
1.3781,72.99754333357001
1.0613,73.01422333357017
0.856,73.0308933335701
1.2346,73.06430333357025
0.7808,73.04759333357029
0.7375,73.08101333357021
0.9206,73.09768333357013
0.8863,73.11435333357007
0.7877,73.13104333357
0.6566,73.14773333356995
0.7098,73.16441333357012
0.7494,73.18108333357004
0.7045,73.19778333357023
0.6615,73.21442333357037
0.7899,73.23107333357027
0.6677,73.24773333357042
0.6553,73.26442333357036
0.62,73.28110333357053
0.6095,73.29777333357046
0.6214,73.31440333357034
0.6291,73.33105333357025
0.6345,73.34773333357042
0.8656,73.36440333357034
1.1329,73.38108333357052
1.4426,73.39776333357068
1.4695,73.43110333357053
0.7637,73.4144333335706
0.8648,73.4477833335707
0.6473,73.46446333357086
0.6126,73.4811533335708
1.3355,73.49783333357098
0.5573,73.51453333357117
0.5553,73.53121333357133
0.6106,73.5478933335715
0.6139,73.56457333357166
0.5737,73.58125333357184
0.5484,73.597933333572
0.5409,73.61461333357217
0.5362,73.63129333357233
0.5422,73.64796333357226
0.5274,73.66464333357243
0.5771,73.68130333357257
0.6116,73.6979733335725
0.6007,73.71465333357267
0.6557,73.73132333357259
0.7881,73.74799333357252
1.0048,73.76467333357269
0.9931,73.78135333357285
1.6675,73.79803333357303
0.8998,73.83141333357291
0.77,73.84809333357308
0.6254,73.81472333357297
0.6192,73.86477333357325
0.5807,73.88145333357342
0.576,73.89814333357336
0.5943,73.91482333357352
0.6224,73.9315033335737
0.6226,73.94817333357362
0.6327,73.96485333357379
0.6286,73.98153333357395
0.6387,73.99819333357411
0.6177,74.01487333357427
0.6096,74.03155333357444
0.5749,74.04823333357461
0.5699,74.06491333357478
0.5943,74.08159333357494
11.4685,74.09827333357511
17.1779,74.11496333357505
16.5793,74.13163333357498
16.1286,74.14831333357515
15.8028,74.16500333357509
16.5309,74.18167333357502
17.0176,74.19834333357494
17.2631,74.2150233335751
16.5693,74.23169333357504
16.2045,74.2483733335752
17.1099,74.26505333357537
19.6327,74.2817233335753
14.9753,74.29840333357546
16.5418,74.31507333357538
17.6131,74.33174333357532
16.1825,74.34843333357526
16.0977,74.3651233335752
18.6821,74.38180333357538
13.6876,74.39848333357554
16.1379,74.4151633335757
17.1356,74.43184333357587
16.8667,74.44853333357582
16.4142,74.46521333357599
16.789,74.48190333357593
16.9475,74.49859333357587
16.5581,74.51527333357605
16.4807,74.53195333357621
16.8046,74.54862333357613
16.5308,74.56530333357631
15.8369,74.58198333357647
16.7901,74.59866333357664
16.1913,74.6153433335768
16.4977,74.63203333357674
16.712,74.64870333357668
16.6193,74.66538333357684
16.8208,74.68205333357677
17.2682,74.69873333357694
16.1145,74.7154133335771
16.5057,74.73209333357727
16.647,74.74877333357743
16.6997,74.76545333357761
16.8723,74.78213333357778
16.517,74.7988033335777
16.7502,74.81549333357765
16.7718,74.83217333357781
16.8892,74.848873333578
16.4988,74.86554333357792
16.8984,74.8822433335781
16.6576,74.89893333357806
17.437,74.91565333357826
16.1332,74.93236333357822
16.6283,74.94906333357841
16.4136,74.96575333357835
16.6675,74.98243333357851
16.6064,74.99912333357847
17.3761,75.01582333357865
16.5299,75.03252333357884
16.5619,75.04918333357898
17.1748,75.06588333357917
16.757,75.08254333357932
16.4682,75.09918333357945
16.7305,75.1158433335796
16.6241,75.13251333357952
16.658,75.14919333357969
16.9407,75.16589333357987
16.9911,75.18254333357979
16.8835,75.19923333357973
16.4629,75.21592333357968
15.1666,75.23257333357958
17.1887,75.24926333357952
16.5285,75.26597333357948
16.7258,75.28266333357944
16.3153,75.29935333357938
16.8267,75.3160233335793
7.0396,5.0145240000039335
6.3319,5.031214000003878
16.1991,5.047864000003785
17.0848,5.06458400000399
16.5716,5.081274000003934
16.7218,5.097954000004101
16.3205,5.114644000004046
16.8746,5.1313340000039895
16.6398,5.148014000004157
17.1192,5.164734000004362
16.4513,5.181424000004307
16.7806,5.198124000004492
16.488,5.21480400000466
16.5349,5.231444000004791
17.0301,5.248114000004716
16.5677,5.264764000004623
16.7687,5.281464000004809
17.5208,5.298134000004735
15.2168,5.314814000004903
16.7501,5.331454000005033
17.1269,5.348144000004977
16.6935,5.3648340000049215
16.2712,5.381524000004865
17.0614,5.398234000004828
16.9607,5.414924000004772
16.5169,5.431634000004735
16.4439,5.448294000004884
16.9239,5.464974000005052
16.9601,5.481694000005256
17.2079,5.498414000005461
15.8654,5.51507400000561
17.069,5.531744000005536
16.3451,5.548424000005704
16.7051,5.565074000005611
16.5751,5.581714000005741
17.0176,5.598384000005666
16.3687,5.615054000005592
16.8792,5.6317540000057775
16.3829,5.648394000005909
17.3507,5.665034000006039
15.3281,5.681704000005964
16.8009,5.698364000006113
16.9127,5.715054000006058
16.7214,5.73176400000602
16.7581,5.748484000006225
16.5411,5.765164000006393
16.6448,5.781864000006579
16.6352,5.7985240000067275
16.6156,5.815204000006895
17.0176,5.831914000006858
16.2437,5.8486040000068025
16.9574,5.865304000006988
17.3841,5.882004000007175
16.6234,5.898654000007082
16.7199,5.915314000007231
16.6287,5.931964000007138
17.0602,5.948624000007286
16.5275,5.965304000007454
16.9148,5.982004000007641
16.6172,5.99866400000779
16.3811,6.015344000007957
16.4212,6.032034000007902
16.5156,6.048714000008069
16.3356,6.065404000008013
16.593,6.082064000008162
16.744,6.098764000008348
16.8813,6.115454000008293
16.6119,6.1321340000084605
17.0619,6.148794000008609
16.9685,6.165484000008553
16.4088,6.182164000008721
16.8899,6.19882400000887
16.5369,6.215464000009001
17.0065,6.2321640000091865
16.2533,6.248844000009354
16.5275,6.265524000009522
16.2613,6.282214000009466
16.6321,6.29890400000941
17.0744,6.315614000009373
16.2095,6.33226400000928
16.7192,6.3489740000092425
16.5383,6.365644000009168
16.7524,6.382324000009335
17.0161,6.399004000009503
16.3151,6.415674000009429
17.0687,6.432344000009354
16.2237,6.449004000009503
16.8292,6.465694000009448
16.4673,6.482344000009355
17.25,6.499064000009559
16.5464,6.5157040000096895
16.6226,6.532374000009615
17.0908,6.549054000009782
16.3561,6.565714000009931
16.7559,6.582394000010099
16.5881,6.599084000010043
16.5189,6.615764000010211
17.3371,6.6324540000101555
16.4215,6.64912400001008
17.7399,6.665814000010025
15.7322,6.682504000009969
16.7713,6.699214000009932
16.5225,6.715884000009857
17.1752,6.732554000009783
16.7634,6.7492440000097265
17.0197,6.765904000009876
16.7769,6.782614000009838
16.4245,6.799284000009764
16.3921,6.815974000009708
15.8184,6.832644000009633
16.5267,6.849334000009578
16.8302,6.865974000009708
16.9526,6.882654000009876
16.4453,6.899334000010043
17.4043,6.916004000009969
15.7481,6.932684000010137
16.3761,6.949334000010043
16.7542,6.965994000010192
16.6914,6.982684000010137
16.9829,6.999334000010044
16.6987,7.015994000010193
16.4309,7.0326840000101365
17.4647,7.049374000010081
16.4703,7.066044000010006
17.2858,7.082734000009951
16.473,7.099414000010118
16.5388,7.1160940000102855
15.7376,7.132774000010453
17.7234,7.1494340000106025
15.8403,7.166104000010527
16.354,7.182794000010472
16.9606,7.199464000010397
16.7856,7.216144000010565
16.6674,7.232834000010509
16.7953,7.249514000010676
16.9545,7.266194000010844
17.2548,7.282904000010807
15.8063,7.299584000010975
16.9966,7.3162640000111425
17.1247,7.332974000011105
16.6903,7.34966400001105
16.1634,7.366354000010993
16.0043,7.383024000010919
16.7501,7.399694000010844
17.3101,7.41636400001077
16.8943,7.433044000010938
16.4213,7.449684000011068
16.8339,7.466384000011254
16.6729,7.483064000011422
16.5034,7.499714000011329
17.51,7.516404000011272
16.2704,7.533114000011236
16.4364,7.549794000011403
16.5169,7.566474000011571
17.1438,7.583184000011533
16.5422,7.599864000011701
16.6555,7.616594000011682
16.5056,7.633254000011831
16.5343,7.649944000011776
16.6933,7.66663400001172
16.8153,7.683284000011627
16.7921,7.6999540000115525
16.9565,7.716644000011496
17.072,7.733354000011459
16.1922,7.750004000011366
17.1293,7.766714000011328
16.2101,7.783344000011217
17.075,7.80005400001118
16.3941,7.816724000011105
16.6164,7.8333940000110305
17.1052,7.850104000010993
16.2956,7.8667540000109
16.697,7.883424000010826
16.7933,7.900094000010752
16.8078,7.916774000010919
16.8798,7.933444000010844
16.3422,7.950134000010788
16.7266,7.966784000010695
16.9057,7.9834940000106585
16.3763,8.000164000010583
16.3981,8.016834000010508
16.0708,8.033524000010454
17.3152,8.050234000010416
15.9859,8.066894000010565
16.653,8.083574000010733
16.6859,8.100234000010882
16.7322,8.116914000011048
16.979,8.133594000011216
16.2821,8.150254000011365
16.707,8.16694400001131
16.738,8.183604000011458
16.5379,8.200274000011385
17.1216,8.216964000011329
16.5128,8.233654000011272
16.3481,8.25033400001144
16.9682,8.267034000011627
16.7173,8.283714000011795
16.8311,8.30041400001198
16.3695,8.317084000011906
16.6911,8.333764000012074
16.9638,8.35046400001226
16.3083,8.367144000012427
16.7334,8.383784000012557
16.7733,8.400444000012707
16.6581,8.417124000012874
16.8338,8.433784000013024
16.5105,8.450464000013191
16.9582,8.467114000013098
16.4603,8.483794000013265
16.5754,8.500474000013433
16.8859,8.517154000013601
17.3808,8.533844000013545
17.196,8.550524000013713
17.2055,8.567244000013918
16.5538,8.58395400001388
16.4928,8.600634000014049
16.5561,8.617304000013974
16.6663,8.633984000014141
16.7614,8.650684000014328
14.9551,8.667364000014494
16.6957,8.684014000014402
16.6553,8.700684000014327
16.5527,8.717354000014254
16.6037,8.73400400001416
17.1967,8.750654000014066
16.7529,8.767314000014215
16.8585,8.784014000014402
17.0646,8.800714000014588
16.4633,8.817374000014738
16.5773,8.834054000014905
17.3083,8.85074400001485
16.7335,8.867424000015017
17.0009,8.88414400001522
16.7217,8.900814000015147
17.174,8.917514000015334
15.9694,8.934214000015519
16.2831,8.950874000015668
15.5842,8.967534000015817
16.9252,8.984234000016004
16.8484,9.000924000015948
17.1126,9.017614000015891
16.6247,9.034304000015837
16.244,9.050954000015743
16.8825,9.067644000015687
17.4823,9.084324000015854
16.4952,9.101004000016022
16.5484,9.11768400001619
16.7059,9.134364000016358
17.1574,9.151024000016507
17.0785,9.167714000016451
16.3086,9.184394000016619
16.6765,9.201064000016544
16.9141,9.21776400001673
16.4713,9.234474000016693
15.6315,9.25115400001686
16.0407,9.267834000017029
17.0238,9.284554000017232
16.7907,9.301264000017197
16.3261,9.317944000017363
16.7217,9.33459400001727
17.284,9.351274000017439
16.1702,9.367954000017606
17.0974,9.384634000017773
16.6023,9.40131400001794
16.651,9.418004000017886
17.582,9.434714000017848
16.7194,9.451364000017755
15.2477,9.468014000017662
16.5119,9.484684000017587
16.995,9.501384000017774
16.5359,9.51806400001794
17.6662,9.534744000018108
16.1369,9.551394000018016
17.0785,9.56806400001794
16.383,9.584714000017847
16.6555,9.60135400001798
16.803,9.618024000017904
16.7022,9.634704000018072
16.7808,9.651414000018034
16.4167,9.668074000018184
16.7309,9.684734000018333
17.0009,9.701444000018295
16.502,9.718144000018482
16.57,9.73480400001863
16.4989,9.751474000018556
16.8137,9.768154000018724
17.0334,9.78485400001891
16.4533,9.801534000019076
16.9132,9.818224000019022
16.551,9.834924000019207
16.8292,9.851644000019412
16.8994,9.86829400001932
15.5019,9.884964000019245
16.9534,9.901654000019189
16.3002,9.918334000019357
17.5789,9.93504400001932
17.1402,9.951704000019468
15.6009,9.968394000019412
16.4718,9.985034000019542
18.0864,10.001724000019488
16.3011,10.018364000019618
16.7982,10.035044000019784
16.7884,10.051714000019711
17.0954,10.068394000019879
16.435,10.085074000020045
17.0485,10.101754000020213
16.9775,10.11843400002038
16.6403,10.135124000020324
16.4774,10.15181400002027
17.0201,10.168484000020195
16.4852,10.18515400002012
16.766,10.201854000020306
17.0202,10.218534000020474
17.081,10.235224000020418
15.2235,10.251914000020362
15.4239,10.268604000020307
16.6213,10.28529400002025
16.9924,10.3019540000204
17.1353,10.318654000020587
16.5225,10.335314000020736
17.3902,10.35201400002092
16.4833,10.36867400002107
16.8655,10.385394000021275
16.8935,10.4020640000212
16.3359,10.418734000021127
16.5752,10.435374000021257
16.6347,10.452044000021182
15.5845,10.468754000021145
16.5052,10.485414000021294
17.0154,10.502094000021462
16.3556,10.518764000021386
17.5416,10.535484000021592
16.2326,10.552124000021722
16.7715,10.56880400002189
16.5758,10.585484000022058
16.6527,10.602174000022002
16.6753,10.61885400002217
16.4901,10.635504000022076
17.0358,10.652204000022262
16.5465,10.668894000022206
16.6473,10.685574000022374
17.265,10.702244000022299
16.4973,10.718934000022244
16.737,10.73561400002241
16.547,10.752294000022578
16.9789,10.768984000022524
16.3984,10.785674000022468
16.5996,10.802354000022635
16.6959,10.819014000022785
16.7273,10.83568400002271
16.9154,10.852374000022653
15.9436,10.869014000022784
16.8172,10.885704000022727
16.6902,10.902384000022895
17.1077,10.919094000022858
16.7262,10.935784000022803
16.2599,10.952454000022728
32.2527,10.969134000022896
10.695,10.985814000023064
9.3804,11.002494000023232
16.2811,11.01915400002338
16.8139,11.035844000023324
14.9531,11.052504000023474
16.8274,11.069194000023417
16.5839,11.085854000023566
16.6051,11.102504000023472
16.6006,11.1191740000234
16.4675,11.135844000023324
17.0134,11.15254400002351
16.5055,11.169214000023436
16.7954,11.185924000023398
16.5216,11.202614000023342
17.4764,11.219314000023529
16.6196,11.235974000023678
16.8126,11.252664000023621
16.3721,11.26934400002379
16.6967,11.286024000023957
16.8788,11.30273400002392
16.486,11.319384000023827
15.0748,11.336064000023995
17.2283,11.352714000023902
16.7271,11.369404000023845
16.7359,11.386084000024013
16.5003,11.402754000023938
17.0515,11.419454000024125
16.4889,11.436164000024087
16.4718,11.452844000024255
17.8864,11.469494000024163
16.5884,11.486174000024329
15.6764,11.502904000024312
16.3593,11.519584000024478
16.9391,11.536234000024386
17.1376,11.552904000024311
16.6992,11.569584000024479
17.1669,11.586244000024628
16.351,11.602914000024553
16.7315,11.61959400002472
16.4979,11.636274000024889
16.7817,11.652964000024832
16.5079,11.669594000024722
16.9818,11.686294000024906
16.5632,11.702984000024852
16.5785,11.719654000024777
16.9906,11.736374000024982
16.4353,11.753034000025131
17.1363,11.7697140000253
15.7501,11.786424000025262
16.5232,11.80310400002543
17.1281,11.819804000025615
16.3321,11.836484000025782
17.0578,11.85316400002595
16.5932,11.869854000025894
16.4517,11.886534000026062
17.7675,11.903194000026211
16.0034,11.919864000026136
16.2593,11.936554000026081
16.5646,11.95321400002623
16.4545,11.969884000026155
16.6626,11.986534000026062
16.7858,12.00321400002623
17.1782,12.019904000026173
17.3394,12.036594000026119
17.1306,12.053274000026285
16.4423,12.06996400002623
15.4385,12.086654000026174
16.3371,12.103284000026061
16.7735,12.119954000025988
16.4994,12.136644000025932
16.6544,12.153314000025857
16.7112,12.170004000025802
16.833,12.186664000025951
16.7115,12.203334000025876
16.579,12.220014000026044
17.0239,12.236694000026212
16.8264,12.253384000026156
16.505,12.270084000026342
16.6279,12.286764000026508
17.388,12.303464000026695
16.6437,12.320164000026882
16.7817,12.336874000026844
16.4441,12.353554000027012
16.7094,12.370224000026937
16.5814,12.386914000026882
16.8016,12.403564000026789
16.727,12.420244000026956
16.4778,12.436914000026881
16.5033,12.45359400002705
16.2027,12.470244000026955
16.6666,12.486914000026882
16.6451,12.503554000027012
17.0746,12.5202540000272
16.33,12.536924000027124
16.7084,12.553594000027049
16.6131,12.570264000026976
16.4903,12.586924000027123
16.9513,12.60360400002729
17.3513,12.620304000027478
16.6632,12.63701400002744
16.4351,12.653684000027367
16.8238,12.67039400002733
16.694,12.687064000027254
16.468,12.703754000027198
16.7182,12.720424000027124
17.019,12.737144000027328
16.2564,12.753824000027496
17.0672,12.770524000027683
16.701,12.787214000027626
16.3856,12.803874000027776
17.3349,12.820584000027738
16.316,12.837234000027646
16.0427,12.853894000027795
16.7056,12.87056400002772
17.4132,12.887274000027682
16.5849,12.903914000027813
16.9562,12.920634000028018
17.1154,12.937334000028205
16.1266,12.953974000028335
17.1309,12.970684000028298
16.5247,12.987344000028447
16.8098,13.00405400002841
16.5865,13.020744000028353
16.3874,13.037414000028278
17.1563,13.054104000028223
16.2467,13.070784000028391
15.8898,13.087424000028522
17.0073,13.104064000028652
16.3632,13.120754000028596
16.7323,13.137404000028502
16.8407,13.15408400002867
16.6106,13.170734000028578
16.4489,13.187404000028502
16.8051,13.204094000028446
16.8421,13.220734000028576
16.8078,13.237444000028539
16.4272,13.254124000028707
16.9939,13.27083400002867
16.7299,13.287504000028596
16.9742,13.304204000028781
16.5461,13.320894000028726
16.5089,13.337574000028892
16.9486,13.35427400002908
16.3287,13.370944000029006
17.0211,13.387654000028968
16.9243,13.404304000028874
16.5479,13.421014000028837
17.3692,13.437684000028764
16.6295,13.454374000028707
16.9231,13.471054000028875
16.3155,13.487714000029024
17.1077,13.50441400002921
16.323,13.521074000029358
17.0778,13.537784000029323
16.7209,13.554464000029489
16.4145,13.571154000029434
16.527,13.58780400002934
17.0917,13.604484000029508
16.4516,13.621184000029695
15.1307,13.637844000029844
16.4366,13.654534000029788
17.2534,13.671234000029974
16.0425,13.68791400003014
17.4355,13.704594000030308
16.6,13.721254000030457
16.6446,13.737934000030625
16.8603,13.75460400003055
17.0012,13.771294000030496
16.2941,13.787954000030645
17.0807,13.80465400003083
16.418,13.821344000030775
16.6448,13.837984000030906
16.1561,13.85468400003109
16.5131,13.871334000030998
17.7235,13.888034000031185
16.6413,13.904724000031129
16.6179,13.921414000031072
16.7917,13.938074000031222
16.4281,13.954744000031146
17.0429,13.971394000031054
16.4212,13.98806400003098
16.4804,14.004744000031147
16.143,14.021424000031315
16.6962,14.03814400003152
16.3131,14.054794000031427
17.0522,14.07148400003137
17.232,14.088174000031314
16.4749,14.10484400003124
17.301,14.121554000031203
16.2788,14.138244000031147
19.0617,14.154914000031072
13.4949,14.17159400003124
18.9791,14.188244000031148
14.3532,14.204884000031278
16.3778,14.221564000031446
16.863,14.238224000031595
16.994,14.254904000031761
17.3214,14.271614000031725
16.5686,14.28828400003165
16.6147,14.304964000031818
16.5151,14.321644000031986
17.1112,14.338344000032171
16.6114,14.355054000032135
16.1195,14.371744000032079
16.5678,14.388414000032004
17.2093,14.405084000031929
16.4394,14.421744000032078
15.5656,14.438384000032208
17.3146,14.455044000032357
16.0427,14.471724000032525
16.6082,14.488394000032452
17.2232,14.505074000032618
17.1963,14.521744000032545
16.6387,14.53841400003247
16.5797,14.555104000032413
16.839,14.571784000032581
16.4566,14.588464000032749
17.2695,14.605144000032917
16.7778,14.621824000033085
16.9317,14.638534000033047
16.551,14.655234000033234
15.207,14.67188400003314
16.9175,14.688554000033065
16.3572,14.705234000033233
16.6886,14.7219140000334
17.5907,14.738604000033344
16.8446,14.755284000033512
16.4461,14.771974000033456
16.8626,14.788674000033643
16.4663,14.805314000033773
17.0802,14.822004000033717
16.4972,14.838714000033681
15.9855,14.855384000033606
17.105,14.872094000033568
16.2897,14.888764000033493
17.348,14.905454000033439
16.1138,14.922144000033382
16.6259,14.938814000033307
16.8403,14.955494000033475
16.4752,14.972174000033643
16.9497,14.988854000033811
17.0933,15.005534000033979
16.0008,15.022214000034147
17.5047,15.038884000034072
16.5688,15.055604000034277
16.6698,15.072264000034425
16.3444,15.088934000034351
17.1255,15.10561400003452
16.3906,15.122274000034668
16.6263,15.138974000034853
15.8617,15.15564400003478
16.6116,15.172294000034686
17.068,15.189014000034891
16.6784,15.20569400003506
16.9146,15.222384000035003
16.1976,15.239054000034928
16.6918,15.255744000034872
16.781,15.272434000034817
17.3968,15.289114000034985
17.1965,15.305794000035151
16.4048,15.322464000035078
16.8252,15.339144000035246
16.6451,15.35581400003517
16.4655,15.372484000035096
16.765,15.389124000035226
16.419,15.405804000035394
16.9613,15.42250400003558
16.6348,15.439174000035505
16.8691,15.455874000035692
16.5844,15.47255400003586
16.3942,15.489234000036028
17.7674,15.505914000036196
16.9183,15.522564000036102
16.7564,15.539234000036027
17.1702,15.555934000036213
16.0679,15.572624000036157
16.8771,15.589274000036065
16.2897,15.605954000036233
14.5808,15.622614000036382
16.7208,15.63927400003653
16.5622,15.655954000036697
16.6871,15.672634000036865
17.043,15.68935400003707
16.3658,15.706034000037238
16.6249,15.722694000037388
16.5857,15.739364000037313
17.7743,15.756084000037518
16.6505,15.772764000037686
16.739,15.78946400003787
16.5176,15.806144000038039
16.7222,15.822824000038207
16.5252,15.839504000038374
16.6948,15.856134000038262
17.2608,15.87281400003843
16.2426,15.889494000038598
16.7514,15.90620400003856
16.6689,15.92284400003869
16.8066,15.939554000038653
16.4714,15.95620400003856
16.9004,15.972904000038747
16.7213,15.989594000038691
16.3595,16.006274000038857
16.9466,16.02300400003884
16.5614,16.039704000039027
16.9652,16.05637400003895
16.0476,16.073054000039118
16.9087,16.089754000039306
16.3554,16.106404000039213
16.8312,16.123114000039177
16.8957,16.13979400003934
16.2534,16.156454000039492
17.1788,16.17312400003942
16.8928,16.189784000039566
16.4968,16.206434000039472
17.3045,16.223144000039436
16.4177,16.239814000039363
16.409,16.25647400003951
16.6224,16.27315400003968
16.9164,16.289824000039605
16.55,16.306494000039528
17.2226,16.323214000039734
15.2306,16.339944000039715
16.6531,16.356604000039866
16.8617,16.373314000039827
16.4261,16.389964000039733
17.5381,16.40666400003992
16.0979,16.42334400004009
16.5948,16.440034000040033
17.1537,16.456704000039956
16.4841,16.473374000039883
16.8084,16.490014000040013
16.8935,16.506674000040164
17.3464,16.52335400004033
16.8783,16.54001400004048
16.9253,16.556694000040647
16.5165,16.573344000040553
16.5305,16.59001400004048
16.4505,16.606694000040648
14.9409,16.62336400004057
17.2844,16.640034000040497
16.2007,16.656714000040665
16.8161,16.673374000040813
17.0018,16.690074000041
17.2627,16.70678400004096
16.2245,16.72346400004113
16.7015,16.740154000041073
16.6192,16.756854000041262
16.4333,16.77351400004141
16.7919,16.790224000041373
16.5762,16.806914000041317
16.7638,16.823614000041502
17.0708,16.84029400004167
16.976,16.856984000041614
16.5991,16.873634000041523
16.925,16.890344000041484
16.7869,16.907024000041652
16.5843,16.92372400004184
16.5925,16.9404340000418
16.8999,16.957084000041707
16.6999,16.973754000041634
16.771,16.99042400004156
16.6241,17.00710400004173
16.956,17.02377400004165
16.3205,17.040444000041578
16.9288,17.057114000041505
16.4469,17.073774000041652
16.9403,17.09045400004182
16.6024,17.107114000041967
16.5442,17.123834000042173
15.7762,17.14053400004236
16.3717,17.157234000042546
16.4151,17.173904000042473
17.0915,17.19058400004264
17.1076,17.207284000042826
17.7328,17.223944000042977
16.7107,17.2406140000429
16.8106,17.257264000042806
16.5637,17.273944000042974
16.7095,17.290584000043104
16.6063,17.307264000043272
14.866,17.323904000043402
16.7313,17.34060400004359
16.9851,17.357264000043738
16.664,17.373914000043644
16.9449,17.390614000043833
16.4499,17.407294000044
16.9537,17.423984000043944
16.6259,17.44068400004413
17.1855,17.457394000044093
16.5534,17.474064000044017
16.5488,17.490744000044185
16.9835,17.507434000044128
16.2023,17.524104000044055
15.7733,17.540794000044
16.9729,17.55745400004415
16.7727,17.57416400004411
16.4793,17.590834000044037
17.0525,17.607484000043943
16.7453,17.624144000044094
17.1031,17.64080400004424
16.681,17.657494000044185
16.5957,17.67414400004409
16.6717,17.69082400004426
16.9679,17.707534000044223
16.4285,17.72421400004439
16.3399,17.740884000044318
16.5239,17.757564000044482
16.6516,17.77424400004465
16.8634,17.790934000044594
16.5448,17.807634000044782
16.2461,17.82430400004471
17.4429,17.840994000044653
16.8714,17.85767400004482
16.5772,17.874334000044968
16.6624,17.891004000044894
17.2292,17.907694000044838
16.2493,17.924374000045006
16.5967,17.94104400004493
16.8783,17.957734000044876
16.4959,17.9744040000448
17.2391,17.991084000044967
16.9927,18.00777400004491
16.4147,18.02445400004508
16.6946,18.041124000045006
16.8362,18.05781400004495
16.7986,18.074494000045117
16.3349,18.091164000045044
17.2033,18.107874000045005
16.0517,18.12452400004491
17.5541,18.141234000044875
14.8933,18.15792400004482
16.6501,18.174604000044987
16.4501,18.19130400004517
16.514,18.20798400004534
17.0017,18.224694000045304
16.7124,18.24137400004547
16.9874,18.258074000045657
15.7305,18.274734000045807
17.2496,18.29142400004575
16.476,18.30806400004588
17.0637,18.324764000046066
16.477,18.341444000046234
17.0231,18.358124000046402
16.5279,18.374814000046346
16.9132,18.39150400004629
16.1464,18.40816400004644
16.6166,18.424834000046364
16.9933,18.44151400004653
16.3738,18.458174000046682
16.5852,18.47485400004685
17.021,18.491534000047018
16.6682,18.508214000047186
16.459,18.524874000047333
17.0272,18.541564000047277
16.4197,18.558214000047183
16.4764,18.57488400004711
17.4323,18.591554000047037
16.3869,18.60822400004696
16.6877,18.624914000046907
15.9024,18.64159400004707
17.0996,18.65824400004698
16.6704,18.674894000046887
17.0486,18.691594000047072
16.6282,18.70827400004724
16.8763,18.72497400004743
16.2545,18.741654000047593
16.6118,18.75833400004776
17.0338,18.775044000047725
16.2454,18.791724000047893
17.0494,18.80840400004806
16.6027,18.825104000048245
16.7445,18.841804000048434
16.062,18.858474000048357
16.7986,18.875124000048263
17.164,18.891764000048394
16.8974,18.908464000048582
17.4364,18.925174000048543
16.1049,18.941834000048694
16.9721,18.95853400004888
16.4046,18.975224000048822
17.1334,18.99191400004877
16.3906,19.008594000048934
16.838,19.025294000049122
16.6862,19.042014000049328
16.2976,19.058694000049496
15.7297,19.075354000049643
16.5393,19.09200400004955
16.7144,19.108674000049476
16.8647,19.125324000049382
16.8794,19.14202400004957
16.5867,19.158674000049476
16.3193,19.1753440000494
17.0864,19.19199400004931
16.5074,19.20863400004944
17.3081,19.22535400004964
16.488,19.24205400004983
16.5089,19.258734000049998
18.6651,19.27544400004996
16.4666,19.292144000050147
16.2575,19.308794000050053
16.8937,19.325504000050017
16.9198,19.342214000049978
16.4542,19.358884000049905
16.6743,19.375594000049865
16.3366,19.392264000049792
15.3723,19.4089140000497
16.6495,19.425594000049866
16.9753,19.442264000049793
16.7888,19.458964000049978
16.4647,19.475664000050166
16.5732,19.492324000050314
16.7245,19.50897400005022
17.8226,19.525684000050184
16.5282,19.54234400005033
16.7016,19.559014000050258
16.4289,19.575694000050426
16.7247,19.592374000050594
16.8911,19.60904400005052
15.4636,19.625694000050427
16.5359,19.64236400005035
17.1002,19.659074000050314
16.2783,19.675764000050258
17.022,19.69242400005041
16.5853,19.709104000050573
16.9979,19.72580400005076
16.6077,19.742494000050705
16.3714,19.759174000050873
16.9879,19.775884000050834
16.4961,19.79255400005076
17.7312,19.809244000050704
16.6857,19.825884000050834
16.5253,19.842574000050778
15.3289,19.859244000050705
16.7693,19.87594400005089
16.5868,19.8925940000508
16.8208,19.909274000050967
16.858,19.925974000051152
16.4956,19.942614000051282
16.9597,19.95929400005145
16.7309,19.975954000051598
16.4645,19.992624000051524
16.6796,20.00927400005143
16.6243,20.025964000051374
17.5642,20.04265400005132
16.0606,20.059354000051506
17.2986,20.076024000051433
16.0337,20.092694000051356
16.6253,20.109374000051524
17.4312,20.12609400005173
16.3548,20.142804000051694
16.21,20.159494000051637
16.8342,20.176204000051598
16.6818,20.192914000051562
16.5878,20.20957400005171
16.4753,20.22621400005184
17.8637,20.242924000051804
16.4679,20.25958400005195
17.035,20.276294000051916
16.4411,20.292934000052046
16.91,20.309604000051973
16.5194,20.32628400005214
16.6014,20.342934000052047
16.4366,20.359584000051953
16.0002,20.376274000051897
16.1443,20.39296400005184
16.923,20.40962400005199
16.7633,20.426324000052176
16.707,20.442994000052103
16.4542,20.45967400005227
16.6317,20.476324000052177
17.0349,20.493024000052362
16.4551,20.509714000052305
16.828,20.52640400005225
16.6567,20.5430640000524
16.8681,20.559774000052364
16.5892,20.57647400005255
16.5049,20.593144000052476
17.3476,20.609854000052437
16.8226,20.6265640000524
17.0464,20.643284000052606
15.7713,20.65995400005253
16.3508,20.676624000052456
17.2508,20.6933140000524
16.3294,20.709984000052327
16.7194,20.72665400005225
16.4914,20.743324000052176
16.5611,20.760004000052344
17.0278,20.77665400005225
16.4395,20.793304000052157
16.6224,20.809954000052066
17.0228,20.82664400005201
16.4339,20.843344000052195
16.5091,20.8599940000521
17.1392,20.876714000052306
16.2027,20.893364000052213
17.5964,20.91004400005238
16.7151,20.926714000052307
15.9955,20.943374000052454
16.4692,20.960054000052622
16.9334,20.97675400005281
17.2598,20.993444000052754
16.3159,21.010104000052902
16.3713,21.02678400005307
16.7817,21.04341400005296
16.6751,21.060094000053127
17.115,21.076764000053053
16.6827,21.093444000053218
16.6885,21.110124000053386
16.6769,21.126794000053312
16.7305,21.14344400005322
16.7654,21.160124000053386
16.6239,21.17681400005333
16.6082,21.193484000053257
16.9282,21.2101740000532
16.7486,21.226894000053406
16.2638,21.243554000053553
16.8265,21.260264000053517
16.5913,21.27695400005346
16.6927,21.293644000053405
16.5677,21.310324000053573
17.2252,21.326964000053703
16.73,21.34363400005363
16.9729,21.360354000053835
16.5793,21.37705400005402
16.3364,21.39369400005415
16.6667,21.410384000054094
17.0597,21.42705400005402
16.6841,21.443754000054206
16.4214,21.460424000054132
16.9095,21.477134000054097
16.8087,21.4938540000543
16.4725,21.510534000054466
16.783,21.527184000054373
16.4489,21.5438540000543
17.0678,21.560574000054505
16.3628,21.57728400005447
16.3475,21.593944000054616
15.7963,21.610594000054522
17.0804,21.627314000054728
16.4533,21.64397400005488
16.5358,21.660624000054785
16.5812,21.677294000054708
17.3768,21.693994000054897
16.3833,21.710654000055044
17.1483,21.72732400005497
16.2567,21.743974000054877
17.0159,21.760674000055065
16.6248,21.77735400005523
16.7374,21.794024000055156
16.3248,21.810694000055083
16.9768,21.827384000055027
16.6324,21.844094000054987
16.4775,21.860754000055138
16.6093,21.877434000055306
17.2553,21.894114000055474
16.8231,21.910824000055435
16.4529,21.927484000055586
16.6473,21.944154000055512
16.7463,21.96081400005566
16.566,21.977494000055827
15.8521,21.994154000055975
17.4553,22.010854000056163
16.2547,22.027524000056086
16.6616,22.044204000056254
16.8442,22.06087400005618
16.4814,22.077524000056087
16.7255,22.094194000056014
16.6771,22.11087400005618
16.9945,22.127564000056125
16.5912,22.144244000056293
17.1172,22.16092400005646
17.3541,22.177594000056384
16.2212,22.19428400005633
16.8607,22.210984000056516
16.2639,22.227644000056664
17.1171,22.244354000056628
16.388,22.26104400005657
16.7297,22.277734000056515
17.3068,22.294414000056683
16.0178,22.31111400005687
16.5334,22.32779400005704
16.5949,22.344444000056946
17.2844,22.361154000056906
16.746,22.377834000057074
16.7377,22.394514000057242
16.9368,22.41116400005715
16.5069,22.427854000057092
16.4622,22.44452400005702
16.6061,22.46118400005717
14.9662,22.477844000057317
17.0076,22.494544000057502
16.823,22.51123400005745
17.1079,22.527894000057596
16.2375,22.54460400005756
16.6531,22.56128400005773
16.7201,22.577974000057672
16.932,22.594644000057595
17.0939,22.611344000057784
16.4448,22.628024000057952
16.8943,22.644724000058137
16.6185,22.661394000058063
16.7247,22.678064000057987
16.6113,22.694724000058137
17.0992,22.711384000058285
16.4922,22.72809400005825
17.0081,22.744794000058434
16.2304,22.76146400005836
16.9801,22.77814400005853
16.4089,22.794844000058713
16.5797,22.811534000058657
16.4864,22.828194000058808
17.3359,22.844894000058993
16.4701,22.861604000058957
16.2154,22.878254000058863
17.0081,22.894944000058807
16.4106,22.911604000058958
17.1645,22.92831400005892
16.1392,22.94497400005907
17.0218,22.961654000059237
16.4032,22.978314000059385
16.5975,22.994994000059553
16.7156,23.0116540000597
16.7129,23.02830400005961
17.4667,23.044984000059777
16.7392,23.061644000059925
16.4589,23.07831400005985
16.7914,23.095004000059795
16.4715,23.111684000059963
16.8347,23.12836400006013
15.5431,23.145034000060054
16.1952,23.161724000059998
17.3048,23.178444000060203
16.9341,23.195154000060167
16.3919,23.211834000060335
16.5976,23.22848400006024
17.0143,23.245154000060168
16.9137,23.26182400006009
16.4352,23.27850400006026
16.7457,23.29516400006041
17.0446,23.31187400006037
16.4364,23.328564000060314
16.4552,23.345204000060445
17.4792,23.361864000060596
16.5002,23.378544000060764
16.8547,23.395254000060724
16.4553,23.411934000060892
16.9103,23.42861400006106
17.2163,23.445324000061024
15.8181,23.46199400006095
17.0305,23.478674000061115
16.3311,23.495334000061266
15.5192,23.512014000061434
16.7822,23.528694000061602
16.7288,23.545394000061787
16.4758,23.562044000061693
16.8079,23.57872400006186
17.5967,23.595394000061788
16.5096,23.612034000061918
17.5025,23.628714000062086
17.3649,23.645384000062013
16.6724,23.662104000062214
16.5005,23.678804000062403
14.5346,23.695474000062326
16.8181,23.712134000062477
16.8918,23.72884400006244
16.7281,23.745564000062643
16.5724,23.762224000062794
17.0096,23.778954000062775
16.5435,23.79564400006272
16.4461,23.812294000062625
16.8894,23.82896400006255
16.6942,23.8456240000627
16.8714,23.862304000062867
17.2314,23.879004000063055
17.3472,23.895684000063223
17.3852,23.91236400006339
16.2365,23.929044000063556
16.5028,23.945704000063706
16.6857,23.962374000063633
16.6989,23.9790540000638
16.6564,23.995704000063707
17.1136,24.01237400006363
16.1293,24.029044000063557
16.6242,24.045694000063463
15.197,24.06234400006337
17.0146,24.07899400006328
16.2019,24.095684000063223
16.4066,24.11234400006337
16.7754,24.129034000063314
16.6776,24.14571400006348
17.0017,24.16239400006365
17.2919,24.179094000063838
16.4518,24.19581400006404
16.5897,24.21251400006423
16.4072,24.229194000064396
17.0085,24.24588400006434
16.7366,24.262584000064525
16.8376,24.279264000064693
16.9424,24.295974000064657
16.5008,24.3126640000646
16.8545,24.329364000064786
16.2647,24.346024000064936
17.0498,24.362704000065104
16.5069,24.379384000065272
16.6111,24.396074000065216
16.5289,24.412734000065363
16.8573,24.42938400006527
16.874,24.446094000065234
16.7916,24.46276400006516
16.3005,24.479434000065083
16.8138,24.49611400006525
16.5816,24.51279400006542
16.926,24.529464000065346
16.5928,24.546134000065273
16.9092,24.562834000065457
16.4355,24.579544000065418
16.6145,24.596234000065365
16.6175,24.61288400006527
16.6825,24.629534000065178
16.8238,24.646244000065142
16.5016,24.66290400006529
17.0125,24.679614000065254
16.4627,24.69629400006542
16.6134,24.712964000065345
17.1317,24.72965400006529
16.4965,24.746324000065215
16.3138,24.76299400006514
17.0734,24.779694000065327
16.5248,24.79639400006551
16.5167,24.81304400006542
16.9296,24.829744000065606
16.4372,24.846394000065512
17.4855,24.863084000065456
16.3745,24.87979400006542
15.6795,24.89643400006555
16.4768,24.913104000065477
16.87,24.92979400006542
16.7351,24.946444000065327
17.1443,24.963104000065474
16.628,24.979784000065642
17.0807,24.996474000065586
15.9395,25.013154000065754
16.785,25.029814000065905
16.2735,25.04646400006581
16.4829,25.06314400006598
17.0762,25.079814000065905
16.4135,25.09650400006585
16.9841,25.11321400006581
16.4765,25.129904000065753
16.6294,25.14658400006592
17.312,25.163254000065848
16.5645,25.179954000066033
16.5037,25.19664400006598
16.7188,25.213324000066144
16.9379,25.230024000066333
16.1247,25.2467040000665
16.7501,25.26338400006667
16.3879,25.280034000066575
17.1541,25.29674400006654
16.531,25.313444000066724
16.8068,25.330134000066668
16.288,25.346784000066574
17.2352,25.3634540000665
16.293,25.38013400006667
16.8323,25.396824000066612
16.8149,25.413514000066556
16.7152,25.4302040000665
16.5213,25.446924000066705
16.7065,25.463564000066835
16.9726,25.480244000067003
16.6954,25.49689400006691
17.248,25.513614000067115
16.1538,25.530274000067262
17.7766,25.54695400006743
15.6603,25.56359400006756
16.6809,25.580264000067487
16.6471,25.596914000067393
16.8039,25.613554000067523
16.7403,25.63023400006769
17.0327,25.646894000067842
15.6859,25.66357400006801
16.5687,25.68021400006814
16.6363,25.696904000068084
16.7909,25.713584000068252
17.0558,25.730294000068213
17.2116,25.7469940000684
17.7188,25.76367400006857
16.4048,25.780354000068737
14.6513,25.79704400006868
17.2006,25.81375400006864
16.3345,25.83043400006881
16.6596,25.847114000068977
16.5456,25.863784000068904
16.903,25.880474000068848
17.2974,25.897134000068995
16.9553,25.91380400006892
16.7145,25.930504000069106
16.3569,25.947184000069274
17.3445,25.96389400006924
16.0138,25.980554000069386
17.6382,25.997234000069554
16.9598,26.01391400006972
16.9542,26.03059400006989
14.3969,26.047274000070058
16.6184,26.063944000069984
16.8232,26.080614000069907
16.6527,26.097264000069817
16.8358,26.113944000069985
16.8612,26.130614000069908
17.0262,26.147294000070076
15.8516,26.163974000070244
16.9315,26.18065400007041
16.9825,26.197364000070376
16.2483,26.21404400007054
16.709,26.230734000070488
17.1371,26.247434000070673
16.5736,26.26411400007084
16.8708,26.280814000071025
17.49,26.297484000070952
16.829,26.314174000070896
16.3266,26.330844000070822
16.9129,26.347554000070783
16.0277,26.364204000070693
15.621,26.38086400007084
16.4699,26.397534000070767
16.9589,26.41420400007069
17.0218,26.430894000070634
16.5394,26.447554000070784
16.7032,26.464214000070932
17.2388,26.4808940000711
16.2848,26.497584000071043
16.6498,26.514234000070953
16.5735,26.53091400007112
16.5596,26.54759400007129
16.7246,26.564274000071453
16.8215,26.58094400007138
17.1603,26.597614000071307
16.969,26.614324000071267
16.2824,26.63101400007121
16.6824,26.64766400007112
16.7267,26.66434400007129
16.6852,26.681024000071456
16.8649,26.69770400007162
16.4892,26.714394000071568
16.7876,26.731074000071736
16.7488,26.74774400007166
16.398,26.764424000071827
16.959,26.781074000071733
16.0337,26.79774400007166
16.6062,26.814434000071603
16.8206,26.83110400007153
16.8103,26.847804000071715
16.4635,26.864484000071883
17.7447,26.881194000071847
16.6261,26.897894000072032
17.3639,26.914604000071996
16.024,26.931284000072164
16.6006,26.947954000072087
16.9107,26.964654000072276
16.4078,26.981334000072444
16.6362,26.998014000072608
17.1236,27.014694000072776
16.1057,27.031364000072703
16.9729,27.04803400007263
16.7303,27.064704000072553
16.4919,27.081354000072462
17.0408,27.098064000072423
16.2675,27.114754000072367
17.0718,27.131424000072293
16.443,27.14809400007222
15.1924,27.164774000072388
16.8616,27.181434000072535
16.8927,27.19813400007272
16.4521,27.21478400007263
17.1394,27.231454000072553
16.9046,27.24813400007272
16.5128,27.264784000072627
16.8093,27.281484000072815
16.4684,27.298164000072983
16.5324,27.31484400007315
16.9868,27.331554000073112
16.3799,27.34823400007328
17.4798,27.364924000073223
16.371,27.381614000073167
16.8139,27.39832400007313
17.1787,27.414994000073058
16.0579,27.431694000073243
16.8273,27.44834400007315
17.0093,27.465034000073093
16.3816,27.48171400007326
16.8371,27.498364000073167
16.7062,27.515044000073335
16.9807,27.53173400007328
16.2629,27.548404000073205
17.2969,27.56505400007311
16.7834,27.581774000073317
16.6004,27.598424000073223
16.7598,27.61511400007317
16.386,27.631774000073317
16.9735,27.64848400007328
16.5642,27.665184000073467
14.8997,27.681864000073634
16.8924,27.69853400007356
16.9256,27.715224000073505
16.7486,27.731904000073673
16.7726,27.74855400007358
17.1648,27.765274000073784
16.4916,27.781954000073952
16.5673,27.798624000073875
16.6778,27.81527400007378
17.0155,27.83195400007395
16.7911,27.848664000073914
16.5946,27.86534400007408
17.287,27.882054000074042
16.5205,27.89874400007399
16.4322,27.915434000073933
16.7795,27.93208400007384
17.5665,27.948784000074024
16.3254,27.96545400007395
16.7191,27.982144000073895
16.7332,27.9987940000738
16.7354,28.01543400007393
16.6243,28.032094000074082
16.9774,28.048764000074005
16.3434,28.06543400007393
15.9082,28.082124000073875
16.0895,28.098824000074064
17.0036,28.11547400007397
17.0224,28.13220400007395
16.406,28.1488640000741
16.4913,28.165554000074042
15.9867,28.182274000074248
16.8806,28.198974000074436
16.343,28.215624000074342
16.954,28.23230400007451
16.8763,28.248974000074433
16.7549,28.265634000074584
16.9809,28.28233400007477
16.6274,28.29899400007492
16.4864,28.315674000075088
16.6645,28.332354000075256
17.345,28.348994000075386
16.9584,28.365674000075554
16.4395,28.382354000075722
16.6768,28.399034000075886
17.2632,28.415694000076037
16.393,28.432394000076222
16.8767,28.449084000076166
16.18,28.465734000076075
16.7336,28.48242400007602
16.8228,28.499124000076204
16.5157,28.515804000076372
16.7864,28.532454000076278
16.5516,28.549134000076446
16.5151,28.565814000076614
16.0223,28.58249400007678
16.8586,28.59916400007671
16.7863,28.615824000076856
16.418,28.632504000077024
16.6618,28.64918400007719
16.5217,28.665834000077098
16.7939,28.682514000077266
16.7943,28.69920400007721
16.6408,28.715894000077153
16.8226,28.73256400007708
16.7625,28.749244000077248
17.2083,28.765944000077432
16.6202,28.78264400007762
16.7725,28.799374000077602
16.0523,28.816044000077525
17.1107,28.83275400007749
16.7139,28.849444000077433
16.5701,28.86611400007736
16.3842,28.882784000077287
16.6909,28.89946400007745
16.9925,28.91614400007762
15.8804,28.93278400007775
16.9433,28.949464000077917
16.6683,28.966094000077806
16.8097,28.98281400007801
16.9123,28.99949400007818
16.4634,29.016164000078103
16.5875,29.03284400007827
16.7905,29.04952400007844
16.9996,29.066234000078403
16.6029,29.082944000078363
16.3385,29.09962400007853
17.1073,29.1163040000787
16.2561,29.132994000078643
17.1121,29.149634000078773
16.8673,29.166294000078924
16.5099,29.182974000079092
17.0941,29.199684000079053
16.3618,29.21636400007922
16.4235,29.23301400007913
16.3653,29.249694000079298
16.5778,29.266384000079242
17.4421,29.283054000079165
16.6101,29.29972400007909
15.6896,29.316414000079035
17.4416,29.33311400007922
16.2179,29.349824000079185
16.7681,29.366504000079352
16.8783,29.383224000079558
16.377,29.399904000079726
16.6852,29.41657400007965
16.8281,29.433264000079596
16.4122,29.449924000079744
16.8686,29.466634000079708
16.5285,29.48330400007963
16.893,29.4999840000798
16.9334,29.51664400007995
16.7042,29.533294000079856
16.7701,29.549954000080003
16.3611,29.56663400008017
17.0495,29.583324000080115
16.4735,29.599984000080266
16.9169,29.61668400008045
16.526,29.6333440000806
16.593,29.650034000080545
16.7257,29.666694000080692
16.7078,29.68337400008086
16.7026,29.70005400008103
16.5361,29.716704000080934
16.8817,29.733384000081102
16.1912,29.750044000081253
16.4997,29.76672400008142
16.8111,29.78340400008159
16.7804,29.80013400008157
16.9999,29.816824000081514
16.1483,29.833494000081437
16.5892,29.850174000081605
16.9262,29.866854000081773
16.3791,29.88353400008194
16.9258,29.900224000081884
16.8251,29.91693400008185
16.2729,29.933614000082017
16.7133,29.950274000082164
16.9103,29.966904000082053
16.5748,29.983564000082204
17.1557,30.000274000082165
16.1932,30.01696400008211
17.2237,30.033674000082073
16.3672,30.050364000082016
16.5424,30.067034000081943
17.6672,30.083704000081866
16.6432,30.10041400008183
16.8556,30.117094000081998
16.1283,30.13376400008192
16.6637,30.15044400008209
16.4973,30.16708400008222
16.3483,30.18373400008213
17.0974,30.20037400008226
16.8642,30.217064000082203
16.3114,30.23374400008237
16.7771,30.250394000082277
16.0988,30.267044000082183
16.9642,30.28374400008237
16.8669,30.300444000082557
16.8558,30.317154000082517
17.0915,30.333874000082723
16.3891,30.350564000082667
16.7821,30.367264000082855
16.2214,30.383924000083002
17.0074,30.400634000082967
16.5618,30.417314000083135
17.1457,30.43400400008308
16.5261,30.450654000082984
16.7264,30.467314000083135
16.5094,30.48396400008304
15.7142,30.500634000082965
16.4856,30.517314000083132
16.6889,30.533974000083283
17.2455,30.550684000083244
16.3143,30.567334000083154
17.0242,30.584024000083097
16.8915,30.600684000083245
16.7084,30.617364000083413
16.9437,30.634074000083377
16.9338,30.650794000083582
16.2843,30.66745400008373
16.6666,30.684134000083898
16.5369,30.70082400008384
16.7314,30.717484000083992
17.9717,30.734194000083953
16.5379,30.75086400008388
16.4896,30.767564000084064
14.9879,30.784244000084232
17.8182,30.800934000084176
16.1852,30.817574000084306
17.0796,30.83426400008425
16.6717,30.850984000084456
16.4481,30.867664000084623
17.1422,30.88433400008455
16.7711,30.900984000084456
16.7948,30.917654000084383
16.8954,30.934354000084568
16.4037,30.951054000084753
16.5008,30.967694000084883
16.7578,30.98436400008481
17.0379,31.001064000084995
16.4335,31.017714000084904
16.993,31.03441400008509
16.2033,31.051104000085033
16.6948,31.0677840000852
16.6458,31.084474000085144
16.6449,31.10112400008505
15.6805,31.117814000084998
16.9355,31.13450400008494
16.7616,31.151224000085143
16.4051,31.167874000085053
16.322,31.184544000084976
16.6622,31.201194000084886
17.0885,31.21788400008483
16.3576,31.234564000084998
16.9928,31.25123400008492
16.785,31.26791400008509
16.7595,31.284564000084995
16.3745,31.301264000085183
16.7197,31.317934000085106
16.4175,31.334614000085274
16.7203,31.351294000085442
16.7204,31.36797400008561
17.2935,31.384624000085516
17.4225,31.40133400008548
15.9945,31.41801400008565
16.7913,31.434724000085613
17.0871,31.451404000085777
16.5394,31.468064000085928
16.7422,31.484724000086075
16.778,31.501404000086243
15.8543,31.51807400008617
16.7231,31.534754000086338
15.9436,31.55144400008628
17.2845,31.56808400008641
16.3825,31.58476400008658
16.6668,31.601414000086486
16.6808,31.61810400008643
16.6568,31.634774000086356
16.9802,31.65148400008632
16.6299,31.668184000086505
16.7502,31.684864000086673
16.5619,31.7015340000866
16.7419,31.718204000086523
17.7305,31.734914000086487
16.7592,31.75160400008643
16.7427,31.768294000086374
16.6662,31.784954000086522
16.5868,31.80165400008671
16.629,31.818304000086616
16.6476,31.834964000086767
16.6296,31.85164400008693
16.8494,31.868354000086896
16.5448,31.88504400008684
16.5729,31.901694000086746
16.8255,31.918364000086672
16.8136,31.93504400008684
16.4052,31.951744000087025
16.776,31.968404000087176
16.8071,31.985084000087344
16.4076,32.00175400008727
15.5675,32.018444000087214
16.8567,32.035134000087155
16.6046,32.05184400008712
16.5728,32.06852400008729
16.5665,32.08520400008746
17.8372,32.1018940000874
16.2222,32.11859400008758
17.0934,32.13526400008751
16.872,32.15194400008768
16.5954,32.168624000087846
16.9269,32.18529400008777
16.48,32.2019340000879
17.2798,32.21860400008783
16.4062,32.23531400008779
16.4581,32.251994000087954
16.8151,32.26864400008787
16.3603,32.285284000088
15.7328,32.30199400008796
16.776,32.318664000087885
16.5549,32.33534400008805
16.2019,32.35202400008822
17.6115,32.36873400008818
16.3623,32.38539400008833
16.6993,32.4020740000885
16.7569,32.41877400008868
16.9354,32.43548400008865
16.6896,32.452204000088855
16.8483,32.468864000089
16.6653,32.48554400008917
16.2489,32.502264000089376
16.5841,32.518954000089316
16.691,32.53563400008949
16.8153,32.552304000089414
17.0793,32.568994000089354
16.6831,32.58569400008954
16.5685,32.60237400008971
16.8003,32.61902400008962
16.5473,32.63569400008954
16.7579,32.65237400008971
17.1183,32.66903400008986
16.4711,32.6857240000898
16.7423,32.70238400008995
16.514,32.7190740000899
16.6827,32.7357240000898
16.7467,32.75236400008993
16.6917,32.76903400008986
16.6569,32.7857240000898
16.8807,32.80243400008977
16.7313,32.81914400008973
16.8856,32.83580400008988
16.9112,32.85249400008982
16.4922,32.86918400008977
16.6389,32.88585400008969
16.8269,32.90252400008961
16.418,32.919204000089785
16.5718,32.935864000089936
15.6902,32.95252400009008
17.5344,32.969194000090006
16.6288,32.98584400008991
16.5786,33.002524000090084
16.5245,33.019164000090214
16.9023,33.035854000090154
17.33,33.05256400009012
16.4624,33.069244000090286
16.5753,33.08592400009045
17.0261,33.10263400009042
16.8663,33.119354000090624
16.3714,33.13601400009077
16.8419,33.15271400009096
16.3243,33.16938400009088
16.7706,33.18606400009105
16.4842,33.20271400009096
16.0662,33.21939400009112
16.5845,33.23610400009109
17.0688,33.252804000091274
16.4508,33.26945400009118
17.2848,33.28612400009111
16.5014,33.30282400009129
16.9581,33.31948400009144
16.9629,33.3361940000914
16.3494,33.35289400009159
15.6261,33.36957400009176
16.7367,33.386244000091686
16.81,33.402934000091626
16.4052,33.41959400009178
16.8809,33.43630400009174
16.8,33.452994000091685
16.2776,33.46965400009183
17.0863,33.4863640000918
16.6846,33.50302400009194
16.8243,33.51971400009189
16.5405,33.53641400009207
17.4407,33.55311400009226
16.725,33.569784000092184
16.0615,33.58645400009211
17.0219,33.60311400009226
16.9279,33.61976400009217
21.6468,33.63647400009213
12.9085,33.65311400009226
15.4751,33.66979400009243
16.7095,33.686454000092574
16.618,33.703114000092725
16.9164,33.719774000092876
16.5921,33.736414000093006
15.9411,33.75309400009317
16.1026,33.76975400009332
17.0674,33.78645400009351
16.4137,33.80310400009341
16.6645,33.81979400009336
16.9121,33.836474000093524
16.5804,33.85314400009345
17.1899,33.86982400009362
16.9105,33.88650400009379
16.3334,33.90318400009396
17.5354,33.91989400009392
16.4178,33.93657400009408
16.8382,33.953254000094255
16.5128,33.96993400009442
16.6771,33.986604000094346
17.0077,34.00330400009453
16.4118,34.0199840000947
16.5092,34.036664000094866
16.736,34.05331400009477
17.0007,34.07002400009474
16.5821,34.08669400009466
16.4407,34.10337400009483
17.0056,34.120054000094996
16.3695,34.13673400009517
17.0279,34.15344400009513
16.5132,34.170134000095075
15.9078,34.186824000095015
16.4558,34.20350400009519
16.6709,34.22019400009513
16.5004,34.23684400009503
16.6191,34.25351400009496
16.9678,34.270184000094886
16.9637,34.28687400009483
16.3978,34.303554000095
17.1169,34.32023400009517
16.2913,34.3368740000953
16.759,34.353554000095464
16.5304,34.37025400009565
16.3828,34.38693400009582
17.2474,34.403634000096005
17.1749,34.420324000095945
15.3551,34.43701400009589
17.1676,34.45365400009602
17.6179,34.47034400009597
16.7688,34.486994000095876
16.7083,34.50367400009604
15.9728,34.52034400009597
16.298,34.53700400009612
16.4238,34.55368400009628
16.4234,34.57034400009643
16.717,34.587004000096584
16.679,34.60368400009675
16.6231,34.620354000096675
16.6832,34.6370240000966
17.0985,34.65374400009681
16.7335,34.67045400009677
16.2941,34.68713400009693
16.6307,34.70380400009686
17.3378,34.720504000097044
16.5522,34.73721400009701
17.0696,34.753894000097176
16.5893,34.77057400009735
17.1885,34.78726400009729
16.8018,34.80396400009747
16.5676,34.820614000097386
16.59,34.83726400009729
16.8512,34.85394400009746
15.7835,34.87066400009766
16.5033,34.88735400009761
16.4706,34.90401400009775
16.909,34.920714000097945
16.5769,34.93741400009813
17.1691,34.95408400009806
16.3754,34.9707440000982
16.4715,34.98741400009813
17.0063,35.00411400009831
16.438,35.02079400009848
16.7302,35.037434000098614
16.9147,35.05411400009878
16.4914,35.070784000098705
16.6847,35.08747400009865
16.5161,35.104134000098796
17.0693,35.12082400009874
16.8506,35.13749400009867
16.7427,35.15420400009863
16.5932,35.17086400009878
16.4321,35.18753400009871
16.1946,35.20421400009887
16.84,35.220894000099044
16.464,35.23757400009921
16.8785,35.25425400009937
16.7436,35.27096400009934
16.4933,35.28765400009928
17.0487,35.30433400009945
16.8507,35.321014000099616
16.5149,35.33769400009979
16.863,35.35441400009999
16.6531,35.371124000099954
16.3402,35.387764000100084
16.7981,35.404454000100024
16.4595,35.421114000100175
16.7169,35.437754000100306
17.0445,35.454414000100456
16.9408,35.471104000100404
16.4978,35.48775400010031
16.5195,35.504454000100495
16.6271,35.521094000100625
16.4394,35.53774400010053
17.017,35.55445400010049
16.3827,35.57112400010042
17.0764,35.587814000100366
16.515,35.60452400010033
16.46,35.62121400010027
16.6667,35.63788400010019
17.0408,35.65458400010038
16.3177,35.67124400010053
16.6978,35.687934000100476
17.1222,35.70464400010044
16.7455,35.721334000100384
16.3601,35.73801400010055
16.7851,35.75469400010072
16.7712,35.771374000100884
16.2475,35.78805400010105
16.8958,35.804724000100975
16.8717,35.82140400010115
16.7042,35.83810400010133
16.3887,35.854784000101496
16.6165,35.87143400010141
17.4919,35.888114000101574
16.8377,35.90479400010174
16.4411,35.921484000101685
16.3979,35.938144000101836
17.0396,35.95486400010204
16.4623,35.97155400010198
16.4831,35.98821400010213
16.9816,36.0048940001023
16.874,36.021564000102224
16.8785,36.03827400010219
16.4887,36.05491400010232
17.0703,36.07161400010251
16.5565,36.08827400010266
16.0031,36.10497400010284
15.9241,36.12161400010297
16.9951,36.138324000102934
16.7992,36.15504400010314
16.7322,36.171694000103045
16.8333,36.18841400010325
16.089,36.20506400010316
17.1023,36.22174400010333
16.6921,36.23840400010347
16.8992,36.2550740001034
16.8263,36.27173400010355
16.4056,36.288404000103476
16.7557,36.30505400010338
16.6099,36.32169400010351
16.8644,36.33841400010372
16.6715,36.35509400010388
16.5527,36.37179400010407
16.4536,36.38847400010424
16.9456,36.4051540001044
17.6977,36.42186400010437
15.6124,36.43857400010433
16.388,36.45526400010427
16.9987,36.47197400010424
16.6226,36.4886840001042
16.3922,36.50533400010411
16.611,36.52200400010403
16.7229,36.53867400010396
16.6252,36.55534400010389
16.8091,36.57204400010407
16.34,36.58869400010398
16.7031,36.60533400010411
17.4009,36.622004000104035
17.0099,36.63867400010396
16.6963,36.65534400010388
16.4215,36.67202400010405
17.1398,36.68871400010399
16.1943,36.70538400010392
16.8972,36.72209400010389
16.7224,36.73876400010381
16.9221,36.75544400010398
16.9704,36.77215400010394
16.7401,36.78885400010412
16.2417,36.805514000104274
16.9317,36.8221840001042
16.5387,36.83885400010413
16.7163,36.855504000104034
16.5633,36.8721840001042
16.9699,36.888874000104146
16.4435,36.90554400010407
16.8608,36.92221400010399
16.8246,36.93889400010416
16.3975,36.955554000104314
16.7657,36.97222400010424
16.5184,36.988884000104385
17.1242,37.00559400010435
16.2264,37.02227400010452
15.9263,37.03899400010472
16.4476,37.05566400010465
16.4259,37.07234400010481
17.0247,37.08906400010502
16.3031,37.105714000104925
17.0563,37.122394000105096
16.7693,37.13909400010528
16.7654,37.15578400010522
16.5933,37.17244400010537
16.675,37.1891140001053
16.4628,37.205744000105184
16.7977,37.222404000105335
16.5664,37.23907400010526
17.0574,37.25574400010519
16.5454,37.27245400010515
16.6118,37.28913400010532
16.6317,37.305794000105465
16.5811,37.32246400010539
17.6287,37.339164000105576
16.5664,37.355874000105544
15.6491,37.372564000105484
16.8959,37.389274000105445
16.6909,37.405954000105616
16.6059,37.42262400010554
17.1502,37.43928400010569
16.8962,37.45598400010588
16.4135,37.47267400010582
16.9672,37.48938400010579
17.4715,37.50604400010593
15.8272,37.52269400010584
16.6137,37.539384000105784
16.5734,37.55603400010569
16.1237,37.57272400010564
16.9259,37.58941400010558
17.1691,37.60612400010554
17.4299,37.622794000105465
16.7538,37.639474000105636
16.8081,37.6561540001058
16.7339,37.67282400010573
16.7715,37.68953400010569
16.698,37.70623400010588
16.403,37.722914000106044
16.8232,37.73960400010599
16.6066,37.75627400010591
16.5358,37.77292400010582
16.6365,37.789594000105744
16.7634,37.806274000105915
16.8131,37.82295400010608
16.4132,37.83963400010625
15.2191,37.85628400010616
16.9471,37.87296400010632
16.3339,37.88964400010649
17.4195,37.90634400010668
16.44,37.92300400010683
16.839,37.93969400010677
16.6819,37.95640400010673
16.5117,37.9730840001069
17.1818,37.98975400010683
16.5974,38.00646400010679
16.5342,38.02314400010696
16.8356,38.03981400010688
16.5959,38.056484000106806
16.8796,38.07315400010673
16.3196,38.089834000106904
16.8562,38.106504000106824
16.5737,38.123144000106954
16.9913,38.1398340001069
16.5375,38.15650400010683
16.7807,38.173174000106755
16.4965,38.189844000106675
16.6562,38.20649400010659
16.9156,38.22320400010655
16.4552,38.2398640001067
16.5773,38.256544000106864
16.8044,38.273204000107015
16.919,38.28992400010722
16.7898,38.30661400010716
16.3478,38.32329400010733
16.915,38.339974000107496
17.4117,38.3566940001077
16.5587,38.37340400010766
16.3306,38.39007400010759
16.3315,38.406744000107516
16.9511,38.4234440001077
16.5614,38.44013400010765
16.854,38.456784000107554
16.7068,38.47346400010772
16.2474,38.49012400010787
17.1431,38.506814000107816
16.1952,38.52345400010795
15.8758,38.54013400010811
16.3627,38.55679400010826
16.5996,38.573474000108426
17.0473,38.59013400010858
16.9118,38.60681400010874
16.0771,38.62348400010867
16.6754,38.640134000108574
16.7638,38.65682400010852
17.0026,38.67349400010845
16.5357,38.69017400010861
16.5889,38.70684400010854
17.6609,38.723564000108745
16.4238,38.740244000108916
16.7321,38.7569440001091
16.4482,38.773624000109265
17.1155,38.79032400010945
16.7474,38.80703400010942
16.258,38.82371400010958
17.1112,38.840394000109754
16.1345,38.85707400010992
16.7114,38.87373400011007
15.9717,38.8903740001102
17.1784,38.907044000110126
16.8566,38.92372400011029
16.3912,38.94040400011046
17.3825,38.9570940001104
16.5599,38.97374400011031
16.7082,38.99044400011049
17.0331,39.007104000110644
16.3765,39.023814000110605
16.3657,39.040494000110776
16.7334,39.057184000110716
16.7722,39.07388400011091
16.639,39.09054400011105
16.5563,39.10721400011098
16.8292,39.12387400011113
17.0849,39.14058400011109
16.2702,39.15724400011124
16.7028,39.173924000111406
16.6954,39.190584000111556
15.9372,39.20726400011173
16.3106,39.22393400011165
16.7385,39.240604000111574
16.7279,39.2572740001115
16.616,39.27395400011167
17.691,39.29062400011159
16.775,39.307274000111505
16.5402,39.323944000111425
16.8351,39.340624000111596
16.2042,39.35732400011178
16.7016,39.37401400011173
16.8056,39.39072400011169
16.8105,39.40740400011185
16.0148,39.4240940001118
16.7341,39.44080400011176
16.5909,39.45749400011171
17.2089,39.47417400011187
16.8523,39.49088400011183
16.6381,39.50757400011178
16.7854,39.52423400011193
16.4478,39.54090400011186
16.725,39.557554000111764
16.9646,39.574264000111725
16.3232,39.59093400011165
16.5843,39.60758400011156
16.7578,39.624254000111485
17.0722,39.640964000111445
16.6013,39.65765400011139
15.7341,39.674314000111536
16.9863,39.691004000111484
16.942,39.70770400011167
16.4637,39.724374000111595
17.0798,39.741014000111726
16.9596,39.75769400011189
16.4657,39.77437400011206
16.6247,39.79104400011199
17.5362,39.807714000111915
15.9652,39.82436400011182
16.4971,39.841044000111985
16.9709,39.85771400011191
16.601,39.87437400011206
17.5043,39.89109400011227
16.2693,39.90778400011221
16.6163,39.92446400011238
17.073,39.941164000112565
16.4762,39.957874000112525
16.4907,39.97452400011243
17.0642,39.99122400011262
16.4,40.00792400011281
15.5441,40.02459400011273
16.4492,40.0412740001129
16.6308,40.057924000112806
16.9968,40.07461400011275
16.4112,40.09129400011292
16.7649,40.10795400011307
17.1724,40.12461400011321
16.6104,40.14132400011318
17.0134,40.15801400011312
16.9386,40.17471400011331
16.2449,40.19143400011351
16.5279,40.20812400011346
16.4459,40.22480400011362
16.9396,40.24149400011357
17.1644,40.258184000113516
15.8704,40.27486400011368
17.4143,40.29153400011361
16.5692,40.308204000113534
17.1196,40.3248840001137
16.4125,40.341554000113625
16.7435,40.35820400011353
16.8186,40.374904000113716
16.2551,40.39157400011364
17.4914,40.40827400011383
16.0364,40.424954000114
16.8836,40.44166400011396
16.6513,40.458364000114145
17.2382,40.47505400011409
16.2716,40.49169400011422
16.8122,40.50833400011435
16.5208,40.5249940001145
15.8455,40.54166400011442
16.5792,40.55835400011437
17.1228,40.5750240001143
16.0921,40.59170400011446
16.7516,40.60835400011437
16.4791,40.62501400011452
17.9628,40.641704000114466
16.2644,40.65838400011463
17.9041,40.67509400011459
16.1579,40.69177400011476
15.2289,40.70843400011491
16.6153,40.72510400011483
16.7754,40.74174400011496
16.9512,40.758444000115155
16.5956,40.77512400011532
16.7614,40.79180400011549
16.6373,40.80844400011562
18.0403,40.82516400011583
16.358,40.84182400011597
16.9088,40.85853400011594
16.5891,40.87522400011588
16.5305,40.89190400011605
16.8973,40.90861400011601
16.3959,40.92526400011592
16.7603,40.94193400011584
16.5164,40.95862400011578
16.8785,40.97533400011575
15.2656,40.99196400011564
16.9973,41.00866400011582
16.4679,41.02531400011573
17.1355,41.041984000115654
17.0928,41.058694000115615
16.6552,41.075334000115745
16.5948,41.09201400011592
16.7438,41.1087140001161
16.8477,41.12542400011606
16.6482,41.14211400011601
16.8834,41.15880400011595
15.4813,41.1754640001161
16.6933,41.19215400011605
17.1106,41.20886400011601
16.2853,41.22552400011616
17.2607,41.2422140001161
16.7711,41.25889400011627
16.6508,41.2755640001162
16.9191,41.292234000116125
16.6057,41.308874000116255
16.5288,41.325544000116174
16.6314,41.3422140001161
16.8883,41.35890400011605
16.7564,41.37554400011618
17.2666,41.392244000116364
15.6491,41.408934000116304
16.2156,41.42560400011623
16.8713,41.4423140001162
16.8851,41.45899400011636
17.8548,41.475674000116534
16.7944,41.492364000116474
17.0604,41.50908400011668
16.3339,41.52574400011683
16.9502,41.54245400011679
16.7237,41.55912400011672
16.5089,41.575794000116645
16.6769,41.592484000116585
16.7527,41.60913400011649
16.5836,41.6257840001164
16.9316,41.64248400011659
16.4977,41.659154000116516
16.9272,41.675824000116435
16.5123,41.69252400011663
16.5358,41.70917400011653
16.8507,41.7258540001167
16.2824,41.74255400011688
15.3469,41.75926400011685
16.3282,41.77593400011677
17.1624,41.79264400011674
16.2592,41.8093240001169
16.5972,41.826004000117074
17.0497,41.84265400011698
17.147,41.859354000117165
17.0197,41.87607400011737
16.4833,41.8927440001173
17.0945,41.90942400011746
16.7821,41.92607400011737
16.8126,41.94277400011755
16.8932,41.959424000117465
17.0302,41.976114000117406
16.4239,41.99279400011758
17.015,42.00950400011754
16.2462,42.026154000117444
17.0092,42.042814000117595
16.4067,42.05947400011774
16.8895,42.07615400011791
16.4751,42.09282400011784
15.0441,42.10948400011798
16.4426,42.12616400011815
17.0759,42.142844000118316
16.0821,42.15953400011826
16.8458,42.176194000118414
17.0751,42.19286400011834
16.6402,42.20953400011826
16.4631,42.22622400011821
17.037,42.24290400011837
16.4096,42.259584000118544
17.1251,42.27626400011871
16.5911,42.292934000118635
16.8658,42.309594000118786
16.5932,42.32626400011871
16.6814,42.34293400011864
16.8104,42.3596440001186
16.4479,42.376324000118764
16.5274,42.393004000118935
16.6656,42.40966400011908
17.0401,42.426384000119285
16.7939,42.443064000119456
16.6786,42.459754000119396
16.8917,42.47644400011934
17.1978,42.49314400011953
16.794,42.5098240001197
16.5612,42.526474000119606
15.0105,42.543164000119546
16.598,42.55984400011972
17.3174,42.5765440001199
16.7664,42.59320400012005
16.5914,42.60989400011999
17.0524,42.62660400011996
15.9381,42.6432940001199
16.4159,42.65995400012005
17.1056,42.67666400012001
16.4755,42.69335400011996
16.6021,42.710004000119866
16.6528,42.72668400012003
17.5523,42.7433640001202
17.5395,42.76005400012014
16.5118,42.77672400012007
16.8017,42.793394000119996
16.4406,42.810034000120126
16.716,42.82672400012007
16.8914,42.84337400011998
17.0203,42.86006400011992
16.466,42.87677400011988
16.4771,42.89344400011981
16.6752,42.91010400011996
16.5827,42.926754000119864
16.757,42.943434000120035
16.6864,42.96009400012018
14.9704,42.97680400012015
16.6049,42.99347400012007
16.8871,43.010184000120034
16.9743,43.02685400011996
16.7363,43.043554000120146
16.3725,43.06023400012031
17.3357,43.076934000120495
16.9077,43.0936540001207
16.4734,43.11033400012087
15.8657,43.12701400012104
17.1563,43.14369400012121
17.3507,43.16041400012141
16.5305,43.17706400012132
15.7516,43.193734000121246
16.4483,43.21037400012138
17.3855,43.22706400012132
16.6389,43.24371400012122
16.8995,43.26038400012115
16.4943,43.27706400012132
16.608,43.29373400012124
17.1586,43.31041400012141
16.8113,43.32707400012156
16.7172,43.34379400012177
16.3314,43.36048400012171
16.8491,43.37718400012189
16.2708,43.39385400012182
17.0456,43.41053400012199
16.6194,43.427214000122156
16.3228,43.44389400012232
17.6716,43.46060400012229
16.3757,43.47726400012244
16.6299,43.49393400012236
16.9616,43.51059400012251
16.3249,43.527264000122436
17.0232,43.5439440001226
16.6218,43.56063400012255
16.4561,43.57731400012271
16.9756,43.59399400012288
16.4278,43.61068400012282
15.408,43.627344000122974
16.9782,43.64404400012316
16.2677,43.660714000123086
17.0549,43.67739400012326
16.4844,43.6940840001232
16.9326,43.71074400012335
16.6265,43.727414000123275
16.7014,43.744104000123215
16.6208,43.76075400012312
16.9935,43.77745400012331
16.3961,43.79412400012323
16.6445,43.810774000123146
16.9704,43.82745400012331
16.4783,43.84411400012346
16.0854,43.86078400012339
17.2242,43.87748400012357
16.585,43.89418400012376
16.36,43.910854000123685
16.6703,43.92752400012361
16.9607,43.94419400012353
16.5461,43.96089400012372
17.1796,43.97757400012389
17.1025,43.99427400012407
16.523,44.010974000124264
16.4866,44.02765400012443
16.964,44.04431400012458
16.686,44.060994000124744
16.866,44.077704000124704
16.2758,44.09439400012465
15.8194,44.11104400012456
17.4546,44.127734000124505
16.0096,44.14441400012467
17.0351,44.16110400012462
17.1093,44.17776400012476
17.5105,44.19445400012471
15.4982,44.21116400012467
16.8699,44.227834000124595
16.8426,44.244494000124746
16.5819,44.26117400012491
16.9691,44.27786400012486
17.1532,44.29452400012501
15.2049,44.31120400012517
17.0796,44.3278740001251
16.2266,44.344544000125026
17.0587,44.36120400012517
17.27,44.37785400012508
16.9363,44.394524000125
17.0006,44.411224000125195
17.1862,44.427934000125155
16.0677,44.44460400012508
16.6811,44.46127400012501
16.9993,44.47798400012497
16.4464,44.49464400012512
16.6141,44.511324000125285
16.5718,44.528034000125245
16.0683,44.54473400012544
16.1657,44.5614140001256
16.9579,44.57808400012553
16.3869,44.594734000125435
16.7415,44.61142400012538
16.6124,44.6280940001253
17.3007,44.64476400012523
16.4825,44.661454000125175
16.5756,44.678144000125116
17.0536,44.69483400012506
16.4278,44.71148400012497
17.3685,44.728184000125154
16.623,44.74485400012508
16.4857,44.761534000125245
16.8489,44.77823400012544
16.3476,44.79492400012538
16.8867,44.81160400012555
16.5619,44.82827400012547
16.6479,44.844944000125395
16.7624,44.861584000125525
16.481,44.87829400012549
16.3615,44.89495400012564
16.9771,44.911644000125584
16.4872,44.928334000125524
16.199,44.94498400012544
17.0648,44.96167400012538
16.6974,44.97833400012553
16.9243,44.99503400012571
16.681,45.0117340001259
16.4378,45.02841400012607
17.0714,45.04510400012601
16.465,45.06179400012596
16.8265,45.07845400012611
16.3849,45.09511400012625
16.6658,45.11179400012642
17.3322,45.128504000126384
16.1127,45.14519400012633
16.6138,45.16184400012624
16.6391,45.17850400012638
17.1365,45.195224000126586
16.271,45.21186400012672
17.3639,45.228554000126664
16.1034,45.24527400012687
16.895,45.261994000127075
16.3209,45.278684000127015
17.0691,45.295324000127145
21.4208,45.311984000127296
11.8346,45.32866400012747
16.2067,45.34535400012741
16.5678,45.36199400012754
16.5939,45.37867400012771
16.8068,45.395324000127616
16.9482,45.411964000127746
16.9352,45.42863400012767
16.8497,45.44530400012759
16.9189,45.46201400012756
17.4813,45.47872400012752
16.4041,45.49541400012747
15.3138,45.51211400012765
16.6946,45.52879400012782
16.4253,45.545464000127744
16.9815,45.56215400012769
16.654,45.57882400012761
17.7803,45.59550400012778
16.7045,45.61219400012772
16.8667,45.628874000127894
16.4159,45.64555400012806
16.8701,45.66225400012825
16.5003,45.678914000128394
16.5967,45.695594000128565
16.8468,45.712304000128526
16.7098,45.72900400012871
16.7512,45.74572400012892
16.5257,45.76238400012907
16.6282,45.77906400012923
15.6394,45.79573400012916
16.5572,45.812384000129065
16.6097,45.82903400012897
16.7375,45.8457040001289
17.7053,45.862394000128845
16.2746,45.87905400012899
16.5964,45.8957040001289
16.9983,45.912364000129045
16.5228,45.92903400012897
17.1499,45.9457040001289
15.5096,45.962354000128805
16.5338,45.979034000128976
16.6788,45.99571400012914
17.4073,46.012434000129346
16.3976,46.0290940001295
16.9227,46.04580400012946
16.5437,46.06250400012964
16.4641,46.07916400012979
17.2944,46.095874000129754
16.5531,46.11259400012996
16.3458,46.129294000130145
17.072,46.14601400013035
16.2171,46.16269400013052
16.8107,46.17933400013065
16.9452,46.19604400013061
16.3529,46.21269400013052
16.4323,46.22935400013067
16.5781,46.24604400013061
17.1726,46.26273400013056
16.6843,46.279404000130484
16.7758,46.29610400013067
17.4674,46.312754000130575
17.7147,46.329464000130535
15.4578,46.34616400013073
16.3667,46.36282400013087
16.7102,46.3794940001308
16.8219,46.39617400013097
16.246,46.412854000131134
16.2763,46.429494000131264
16.6946,46.44616400013119
16.5284,46.46280400013132
18.2285,46.479504000131506
16.8124,46.49615400013141
16.8956,46.51281400013156
16.0101,46.52948400013149
15.0507,46.54617400013143
16.7635,46.5628840001314
16.763,46.57957400013134
16.6061,46.59625400013151
17.1209,46.61293400013167
16.4318,46.629614000131845
16.8997,46.64629400013201
16.8219,46.662974000132174
16.9557,46.679674000132366
16.6679,46.69635400013253
16.9623,46.71302400013246
16.3148,46.72967400013236
16.551,46.746334000132514
16.996,46.763044000132474
16.3613,46.779704000132625
16.8702,46.79638400013279
16.3567,46.81302400013292
17.1102,46.82973400013289
16.6763,46.84642400013283
16.9154,46.863114000132775
16.8016,46.879804000132715
17.0054,46.89651400013268
16.4092,46.91319400013285
16.8362,46.92987400013301
16.2807,46.94654400013294
15.8208,46.963254000132906
16.2936,46.979944000132846
16.5534,46.99658400013298
17.2143,47.013274000132924
16.269,47.02995400013309
17.0255,47.046624000133015
17.0699,47.06331400013296
16.5863,47.08003400013317
16.5233,47.09669400013331
16.5971,47.11337400013348
17.3796,47.13005400013365
16.7587,47.14676400013361
16.3529,47.1634640001338
17.1003,47.180144000133964
16.5576,47.196854000133925
16.2888,47.213534000134096
17.4129,47.23020400013402
15.3603,47.24684400013415
16.6381,47.263534000134094
16.547,47.28022400013404
16.7825,47.29687400013395
16.8454,47.313544000133874
16.9757,47.330234000133814
16.6054,47.346864000133706
16.5284,47.36350400013384
17.013,47.3802140001338
16.5501,47.39685400013393
16.5992,47.41353400013409
16.6758,47.430184000134005
17.4957,47.446894000133966
16.3254,47.46359400013415
16.9609,47.48024400013406
16.9548,47.49690400013421
16.4366,47.51359400013415
16.7285,47.53027400013432
16.7024,47.54693400013447
15.8542,47.56362400013441
16.4627,47.58029400013434
17.1895,47.59701400013454
16.3367,47.61366400013445
16.5981,47.6303240001346
16.693,47.64701400013454
16.8822,47.66371400013473
17.1244,47.68038400013465
16.4303,47.69706400013482
17.0499,47.71376400013501
16.922,47.73044400013518
15.6394,47.74716400013538
17.5816,47.76382400013553
16.9682,47.78052400013571
16.7358,47.79721400013566
16.6163,47.813914000135846
16.5038,47.830574000136
16.8893,47.84728400013596
16.4791,47.86396400013613
16.6856,47.880614000136035
16.8892,47.89731400013622
17.0555,47.913984000136146
16.0714,47.93064400013629
16.9602,47.94732400013646
16.6586,47.96402400013665
16.3466,47.9806840001368
16.7936,47.99736400013696
16.855,48.01401400013687
15.3289,48.03071400013706
16.6305,48.047404000137
16.9457,48.06406400013715
16.5939,48.08071400013706
16.9131,48.09742400013702
16.8527,48.11410400013719
16.8947,48.130754000137095
16.3841,48.14745400013728
16.078,48.16413400013745
16.9629,48.18084400013741
16.5377,48.19751400013734
16.5224,48.21418400013726
16.5184,48.23086400013743
16.6808,48.247544000137594
17.385,48.26423400013754
16.3786,48.28088400013745
16.4252,48.29756400013762
17.0608,48.31425400013756
16.6204,48.33096400013752
16.3625,48.347614000137426
16.5807,48.36428400013735
17.2615,48.380984000137545
16.305,48.397674000137485
16.7293,48.41436400013743
17.4786,48.43100400013756
16.9195,48.44770400013775
16.5172,48.46439400013769
16.4176,48.4810440001376
17.0094,48.49771400013752
16.9891,48.51439400013769
16.7146,48.531074000137856
15.582,48.5477640001378
16.6161,48.564454000137744
16.4973,48.58112400013767
16.8925,48.59780400013784
16.3822,48.614464000137986
16.7577,48.63113400013791
16.8447,48.647814000138084
16.666,48.66446400013799
16.9783,48.681164000138175
16.347,48.69785400013812
16.9764,48.71452400013804
16.6263,48.73120400013821
16.5409,48.74788400013838
16.6906,48.76456400013855
17.0416,48.78127400013851
16.5351,48.797974000138694
16.4134,48.81464400013862
16.6915,48.83132400013879
16.7144,48.847984000138936
16.5583,48.86464400013909
17.0908,48.88132400013926
16.3134,48.897974000139165
16.743,48.91465400013933
16.7286,48.9313340001395
16.6737,48.947994000139644
16.5388,48.96464400013955
16.9976,48.981364000139756
16.6326,48.99806400013994
16.9358,49.01477400013991
16.5978,49.031494000140114
16.7616,49.04815400014026
16.0516,49.06483400014043
16.6463,49.081514000140594
17.8416,49.098214000140786
16.4806,49.114884000140705
16.9008,49.13159400014067
16.5545,49.14824400014058
16.638,49.16492400014074
16.5099,49.18157400014065
16.9344,49.19825400014082
16.3421,49.21492400014075
17.3312,49.23160400014091
15.2557,49.24829400014086
16.5225,49.264944000140765
16.7418,49.28162400014093
16.8062,49.298274000140836
17.7122,49.314984000140804
16.4679,49.33165400014072
16.5177,49.348334000140895
16.6933,49.36500400014082
16.4238,49.381704000141006
17.1539,49.39838400014117
16.88,49.4150540001411
16.8865,49.431744000141045
16.2128,49.44841400014097
16.8147,49.46512400014093
16.6242,49.48178400014108
16.7113,49.49848400014127
16.9442,49.51519400014123
16.1559,49.531844000141135
17.365,49.548504000141286
16.5765,49.56518400014145
16.8098,49.5818740001414
16.7272,49.59857400014158
16.5205,49.61526400014153
16.9872,49.63195400014147
16.4314,49.648624000141396
16.68,49.66528400014155
16.4519,49.68192400014168
16.7808,49.69860400014184
16.9513,49.715304000142034
16.4244,49.7319840001422
16.9918,49.748674000142145
16.3453,49.76533400014229
16.9015,49.782024000142236
16.84,49.79869400014216
16.4346,49.81536400014209
15.8215,49.83202400014223
17.0012,49.8487340001422
16.5091,49.865414000142366
16.7305,49.88207400014252
16.9033,49.8987740001427
16.5686,49.91546400014265
16.5378,49.93215400014259
16.7139,49.948824000142515
16.8964,49.96550400014268
16.807,49.98221400014265
16.2875,49.99890400014259
16.9549,50.015594000142535
16.6722,50.032304000142496
16.3103,50.04898400014267
17.0239,50.06566400014283
16.3702,50.08231400014274
17.1613,50.099004000142685
15.9436,50.115714000142646
16.555,50.13236400014255
16.9271,50.14901400014246
17.0358,50.16572400014242
16.6739,50.18237400014233
17.0333,50.199054000142496
16.3048,50.21573400014266
16.7979,50.23239400014281
16.7673,50.249094000142996
16.5708,50.26575400014315
16.5606,50.28239400014328
17.0997,50.29910400014324
16.3093,50.31578400014341
16.9436,50.332464000143574
16.4277,50.3491340001435
17.1499,50.36581400014367
16.3157,50.382494000143836
16.7676,50.399184000143784
16.4382,50.41584400014393
17.0279,50.432534000143875
16.4324,50.44921400014404
16.6627,50.46586400014395
17.1622,50.48253400014387
17.0285,50.4992040001438
16.3613,50.515894000143746
15.8067,50.53254400014365
15.9572,50.549224000143816
16.5741,50.56589400014374
17.2206,50.58259400014393
16.6035,50.599304000143896
16.5798,50.61600400014408
17.1861,50.63269400014402
16.9086,50.64940400014399
16.6434,50.66609400014393
16.3256,50.682764000143855
17.1095,50.699474000143816
16.6639,50.71616400014376
16.9093,50.73286400014395
16.2874,50.749514000143854
16.5264,50.76614400014375
16.7675,50.78281400014367
16.76,50.79949400014384
17.1703,50.81615400014399
16.891,50.83283400014415
16.4239,50.8495240001441
16.5468,50.86617400014401
16.8588,50.88285400014417
16.4977,50.89951400014432
17.1003,50.916194000144486
16.4682,50.93288400014443
16.339,50.94955400014436
15.8743,50.96622400014429
16.9408,50.98292400014447
16.3109,50.99957400014438
17.0257,51.01626400014432
16.4088,51.03294400014449
16.8779,51.04963400014444
16.464,51.066304000144356
17.0659,51.08302400014456
16.5108,51.09971400014451
16.8308,51.11639400014467
17.1577,51.13310400014464
16.5115,51.14979400014458
16.6036,51.16646400014451
16.7097,51.183154000144455
16.4618,51.19983400014462
17.0091,51.216514000144784
16.7425,51.23323400014499
16.2628,51.249884000144895
16.5505,51.26653400014481
16.6233,51.28321400014497
16.8335,51.29986400014488
17.067,51.31654400014505
16.166,51.333224000145215
16.8165,51.34987400014512
16.5773,51.36654400014505
16.8523,51.383194000144954
16.6549,51.39984400014486
16.5449,51.41651400014479
16.9154,51.433204000144734
17.0986,51.449894000144674
15.6316,51.466574000144846
16.554,51.483214000144976
17.0358,51.49991400014516
16.9549,51.51658400014509
16.581,51.53327400014503
16.509,51.5499540001452
17.0255,51.566654000145384
16.3702,51.58333400014555
16.9932,51.60003400014574
16.4783,51.61670400014566
16.9809,51.63338400014583
16.6691,51.650064000145996
16.995,51.66674400014617
16.7035,51.68345400014613
16.3918,51.7001340001463
16.6927,51.716814000146464
16.9761,51.73349400014663
16.4586,51.7501740001468
16.8997,51.766854000146964
16.7772,51.783554000147156
16.3899,51.800224000147075
16.4695,51.81690400014725
17.0201,51.83358400014741
17.3278,51.8502840001476
16.5773,51.86698400014779
16.7749,51.88370400014799
16.8542,51.900394000147934
16.2805,51.917074000148105
16.7896,51.933764000148045
16.547,51.95043400014797
15.4655,51.96712400014792
16.4199,51.98380400014808
16.6251,52.000464000148234
16.5211,52.01709400014812
16.8167,52.033744000148026
16.9112,52.05041400014795
16.4553,52.06705400014808
17.6034,52.08377400014829
17.1089,52.10043400014844
15.4884,52.117104000148366
17.2166,52.13381400014833
16.3559,52.15049400014849
16.9497,52.16720400014846
16.8473,52.18391400014842
15.938,52.200594000148584
16.9587,52.217274000148755
17.2997,52.233964000148696
16.4096,52.250604000148826
17.163,52.26727400014875
16.6628,52.28394400014868
16.8716,52.30060400014883
16.6612,52.31729400014877
16.6922,52.33394400014868
16.901,52.35062400014885
16.8361,52.367314000148795
16.835,52.38399400014896
16.7065,52.40070400014892
15.1949,52.417404000149105
16.5352,52.43411400014907
16.532,52.45080400014901
16.762,52.467464000149164
16.6041,52.48413400014909
16.7595,52.500814000149255
17.4625,52.517494000149426
16.5583,52.53416400014935
16.7488,52.55083400014927
16.6838,52.567484000149186
16.6998,52.584154000149105
16.5381,52.600794000149236
16.1465,52.61747400014941
16.8237,52.63418400014937
16.7689,52.65089400014933
16.5411,52.6675740001495
16.9654,52.684254000149664
16.4928,52.700934000149836
16.9223,52.71763400015002
16.3124,52.73431400015019
16.6791,52.75098400015011
17.1135,52.76769400015008
16.5022,52.784394000150265
16.525,52.801034000150395
16.6867,52.817694000150546
17.0029,52.834404000150506
16.4486,52.85108400015067
16.6212,52.86776400015084
17.3781,52.88444400015101
16.5937,52.90114400015119
16.3581,52.91782400015136
16.7775,52.93447400015127
16.9915,52.95113400015142
16.8594,52.967834000151605
16.6358,52.984494000151756
17.0803,53.00116400015168
15.151,53.01781400015159
16.6334,53.03449400015175
16.9895,53.051174000151924
16.436,53.06782400015183
16.644,53.08449400015175
17.1585,53.1011840001517
17.5925,53.11788400015188
16.4785,53.13455400015181
16.5903,53.151244000151756
17.0672,53.167914000151676
16.4576,53.18460400015162
16.6922,53.20128400015179
16.627,53.21792400015192
16.5667,53.23460400015209
16.9115,53.251294000152036
16.5729,53.2679740001522
16.7619,53.28462400015211
16.8995,53.30133400015207
16.2217,53.318004000151994
16.7773,53.334664000152145
16.8508,53.351354000152085
16.5802,53.36803400015226
16.8918,53.38473400015244
16.3597,53.40141400015261
15.5187,53.41809400015278
16.6465,53.43477400015295
16.8328,53.451474000153134
16.9789,53.4681540001533
16.7594,53.48483400015347
16.9335,53.501554000153675
16.1874,53.51820400015358
17.1383,53.53492400015379
16.5315,53.55160400015395
17.3527,53.5682940001539
16.5744,53.58497400015406
16.9334,53.60167400015425
17.029,53.61835400015442
16.5529,53.63503400015458
15.2296,53.65172400015453
16.8927,53.66839400015446
16.6514,53.68509400015464
16.4329,53.70173400015477
17.0196,53.71842400015471
16.5667,53.735104000154884
16.8805,53.75177400015481
17.0773,53.768454000154975
16.4565,53.785114000155126
17.0002,53.80179400015529
16.7789,53.81846400015522
16.9294,53.83513400015514
16.3929,53.85180400015507
16.6658,53.86849400015501
16.7827,53.88514400015492
17.1399,53.90181400015484
16.2108,53.918494000155015
16.7208,53.935134000155145
16.927,53.951844000155106
16.2598,53.96849400015501
16.9784,53.98520400015497
16.8151,54.0018740001549
16.25,54.01855400015507
16.1083,54.03521400015522
16.7447,54.051914000155406
16.7249,54.06861400015559
16.5445,54.08530400015553
17.002,54.10203400015551
16.3975,54.118684000155426
17.8187,54.13539400015539
16.3079,54.15204400015529
16.9992,54.16874400015548
16.4721,54.18542400015565
17.0212,54.20213400015561
16.4408,54.21879400015576
16.4113,54.235454000155904
17.1678,54.25214400015585
16.7545,54.26881400015578
16.2703,54.285484000155705
17.1229,54.302154000155625
16.5475,54.31886400015559
16.6316,54.33554400015576
16.7083,54.35225400015572
16.3816,54.36890400015563
16.6707,54.38557400015555
17.0576,54.4022640001555
16.2741,54.41894400015566
16.8286,54.43562400015583
16.4534,54.452304000156
16.4204,54.468954000155904
17.3907,54.48564400015585
16.345,54.502324000156015
16.8828,54.51900400015619
16.2637,54.53571400015615
15.1331,54.552404000156095
17.1885,54.569094000156035
16.6994,54.58578400015598
17.2686,54.60246400015615
16.5873,54.61916400015634
16.5274,54.63585400015628
17.3826,54.652524000156205
16.3698,54.669164000156336
16.9578,54.68583400015626
16.7259,54.70248400015617
16.4989,54.719154000156095
16.7164,54.735804000156
16.7754,54.75247400015593
16.799,54.76913400015607
16.6507,54.78579400015622
16.6359,54.80246400015615
16.7462,54.819134000156076
16.8432,54.83583400015626
16.8049,54.85252400015621
16.2415,54.86920400015637
16.9537,54.88590400015656
16.3584,54.902574000156484
17.0304,54.919254000156656
16.7021,54.935944000156596
16.1559,54.95263400015654
16.7602,54.96931400015671
16.8312,54.98597400015686
16.9044,55.00267400015704
16.3927,55.01932400015695
16.9862,55.03603400015691
16.1979,55.05268400015682
15.9608,55.069394000156784
16.3161,55.08604400015669
16.4499,55.102694000156596
16.7985,55.11937400015676
17.8165,55.13607400015695
15.4791,55.15275400015712
17.4777,55.169444000157064
16.3672,55.18612400015723
16.6006,55.20278400015738
16.6837,55.21947400015732
16.7736,55.23613400015747
16.8822,55.25282400015742
16.9392,55.26950400015758
16.8548,55.28621400015755
16.3789,55.30287400015769
15.9603,55.319554000157865
16.7543,55.336194000157995
16.8213,55.352884000157935
16.5513,55.36956400015811
16.8696,55.38625400015805
17.3411,55.40293400015822
16.7356,55.41964400015818
16.5892,55.436364000158385
16.3736,55.453004000158515
16.7346,55.46968400015868
16.7478,55.48637400015863
17.4711,55.50309400015883
16.3049,55.51975400015898
16.6301,55.53643400015915
16.5212,55.553104000159074
16.8262,55.56978400015924
17.0354,55.586454000159165
15.8507,55.603134000159336
16.6762,55.6198440001593
16.3297,55.636514000159224
16.8854,55.653204000159164
17.1783,55.669864000159315
16.4778,55.68655400015926
16.6134,55.70322400015919
16.6912,55.71991400015913
16.8124,55.736584000159056
17.8184,55.75326400015922
16.2431,55.76990400015935
15.7189,55.78658400015952
16.6605,55.80329400015948
17.9655,55.81998400015943
16.1625,55.836664000159594
16.4054,55.85333400015952
17.0381,55.87004400015948
16.3379,55.88671400015941
16.6856,55.903404000159355
16.8176,55.9200640001595
16.6018,55.93674400015967
16.701,55.95339400015958
16.8582,55.97007400015974
16.562,55.986724000159654
17.087,56.003414000159594
16.4857,56.020124000159555
15.795,56.03680400015973
16.3568,56.05348400015989
17.0049,56.07019400015986
16.6231,56.08690400015982
16.3869,56.103584000159984
16.9919,56.12029400015995
16.6317,56.13694400015986
15.9073,56.153614000159784
16.9325,56.170254000159915
16.5944,56.18690400015982
16.9224,56.20355400015973
16.861,56.22023400015989
16.6946,56.23687400016002
16.8334,56.25354400015995
16.5819,56.27024400016013
16.6147,56.28689400016004
16.9314,56.30362400016002
16.6873,56.320344000160226
16.5723,56.337054000160194
16.467,56.35373400016036
16.6574,56.37041400016053
16.3171,56.387094000160694
16.7744,56.40377400016086
17.2724,56.42042400016077
17.0098,56.437104000160936
17.1205,56.45378400016111
16.7948,56.47043400016101
15.317,56.48708400016092
17.4582,56.503764000161084
16.9854,56.520444000161255
16.4158,56.53712400016142
16.2618,56.553844000161625
16.188,56.5705240001618
17.1414,56.58721400016174
16.7248,56.60387400016189
16.9699,56.620544000161814
16.5729,56.637214000161734
17.0353,56.653914000161926
16.449,56.67056400016183
16.9354,56.68726400016202
16.4486,56.70394400016218
16.9502,56.72060400016233
16.6191,56.73731400016229
16.4296,56.753994000162464
17.364,56.77067400016263
16.1758,56.7873840001626
16.4808,56.80408400016278
16.337,56.82074400016293
16.4167,56.8374240001631
17.5979,56.854114000163044
16.5924,56.870824000163005
16.6329,56.88747400016291
18.9492,56.904154000163075
16.4597,56.92086400016304
16.063,56.93754400016321
17.0538,56.95422400016338
15.0045,56.97090400016354
15.7998,56.98757400016347
16.4261,57.004254000163634
17.0037,57.02092400016356
16.8987,57.03757400016347
16.744,57.05429400016367
16.3479,57.07094400016358
17.8147,57.08760400016373
15.5045,57.1042840001639
17.1072,57.12095400016382
16.4042,57.13760400016373
16.9602,57.154314000163694
16.5238,57.17099400016386
16.5756,57.18765400016401
16.2215,57.204334000164174
16.7637,57.22098400016409
17.6493,57.23770400016429
16.131,57.254364000164436
16.881,57.27106400016462
16.5188,57.28773400016455
16.5827,57.30441400016472
16.8679,57.321084000164646
16.4666,57.33776400016481
17.0288,57.35447400016477
16.6337,57.37118400016474
16.4643,57.3878640001649
16.5324,57.404524000165054
16.7164,57.42122400016524
17.125,57.43788400016539
16.7494,57.45455400016532
16.6629,57.47123400016548
16.7376,57.48789400016563
16.5051,57.504574000165796
16.9713,57.52124400016572
16.8425,57.53788400016585
16.4218,57.554564000166025
16.9757,57.571254000165965
16.9147,57.587914000166116
16.1743,57.604624000166076
16.1521,57.621314000166024
16.9939,57.63801400016621
16.4643,57.65470400016615
16.6926,57.671394000166096
16.704,57.68805400016625
16.6872,57.70473400016641
16.5471,57.72140400016634
16.9037,57.738074000166264
16.8491,57.75474400016619
17.1108,57.77141400016612
16.2641,57.78808400016604
17.3225,57.80476400016621
16.3091,57.821434000166136
15.968,57.838124000166076
16.6104,57.854834000166036
16.5099,57.871524000165984
16.9741,57.88824400016619
16.4647,57.904914000166116
16.905,57.92163400016632
16.2477,57.93828400016623
17.8843,57.95500400016643
16.4448,57.97167400016636
16.5935,57.988354000166524
16.7691,58.00505400016671
16.6843,58.02169400016684
16.8321,58.038394000167024
16.3861,58.055034000167154
17.0508,58.0717240001671
16.2869,58.08837400016701
16.9359,58.10508400016697
16.507,58.12174400016712
16.6193,58.138414000167046
16.9395,58.15512400016701
16.6753,58.17178400016716
16.8388,58.188474000167105
16.9183,58.205144000167024
16.7555,58.221844000167216
16.2267,58.23850400016736
15.8448,58.25518400016753
16.8759,58.27185400016746
16.7715,58.28852400016738
16.6655,58.30522400016757
16.9533,58.321904000167734
17.4214,58.33859400016768
16.6033,58.35530400016764
16.1809,58.37196400016779
16.5338,58.38862400016794
17.0935,58.40529400016786
16.5875,58.42199400016805
15.2097,58.4386540001682
17.0359,58.45534400016815
16.6929,58.47200400016829
16.7167,58.48867400016822
16.6928,58.50533400016837
16.8921,58.5219740001685
16.6865,58.53865400016867
16.6441,58.555334000168834
16.7253,58.57205400016904
16.5373,58.588704000168946
16.6235,58.60539400016889
17.1738,58.62205400016904
17.0769,58.638764000169004
16.2799,58.65542400016915
16.5685,58.672094000169075
16.9693,58.68879400016926
16.4157,58.70547400016943
16.8851,58.72218400016939
16.501,58.73882400016952
16.6721,58.755504000169694
16.6623,58.77217400016961
17.0119,58.78888400016958
16.6311,58.805564000169745
16.4813,58.82224400016992
16.6144,58.83892400017008
16.6153,58.85559400017001
17.1056,58.87230400016997
16.2487,58.888954000169875
17.0112,58.90566400016984
16.6893,58.92235400016978
16.3323,58.939034000169954
16.0194,58.9556940001701
16.6031,58.97233400017023
17.2036,58.98903400017042
16.2008,59.005694000170564
16.8538,59.02238400017051
17.3011,59.039064000170676
16.2683,59.05574400017085
17.7642,59.07242400017101
16.6417,59.089124000171196
16.4601,59.10580400017137
17.7504,59.12249400017131
16.1089,59.13917400017148
16.9811,59.155844000171406
16.5935,59.172534000171346
16.7974,59.18922400017129
16.4574,59.205884000171444
17.2982,59.22258400017163
16.0815,59.239234000171535
16.6079,59.25588400017144
17.1329,59.272564000171606
16.5402,59.28922400017176
16.7257,59.30594400017196
16.2348,59.32261400017189
17.1827,59.33932400017185
16.2425,59.355974000171756
16.8941,59.37264400017168
16.5343,59.38930400017183
16.8153,59.40599400017177
15.125,59.422674000171945
16.3797,59.43935400017211
16.5213,59.456024000172036
16.6573,59.47267400017194
17.1033,59.48938400017191
16.7285,59.50605400017183
16.7143,59.522734000172
16.9416,59.53944400017196
16.4121,59.55611400017189
16.8703,59.572804000171836
16.8243,59.589514000171796
17.0974,59.606234000172
16.1123,59.62292400017194
16.661,59.63959400017187
16.7678,59.656234000172
17.2882,59.672924000171946
16.2392,59.689614000171886
17.0858,59.70626400017179
16.9207,59.72297400017176
16.4976,59.73964400017169
17.041,59.75633400017163
16.2449,59.77297400017176
16.9134,59.78967400017194
16.4357,59.80636400017189
16.7555,59.823044000172054
16.4563,59.839684000172184
17.0512,59.85637400017213
15.39,59.87308400017209
16.4288,59.889734000172
16.9872,59.90639400017215
16.7863,59.92303400017228
16.6151,59.939704000172206
16.9844,59.95638400017237
16.3082,59.9730540001723
17.0488,59.9897740001725
16.7167,60.00647400017269
16.389,60.023144000172614
16.9826,60.039804000172765
16.7369,60.056514000172726
16.3888,60.07320400017267
16.9839,60.08992400017288
16.397,60.10662400017306
16.6105,60.12327400017297
17.2652,60.139954000173134
16.2984,60.156614000173285
16.6622,60.173294000173456
16.8709,60.18999400017364
16.3104,60.20665400017379
16.9866,60.223334000173956
16.7696,60.240024000173904
15.9147,60.256664000174034
16.8992,60.273354000173974
16.435,60.29004400017392
17.0479,60.306724000174086
16.5661,60.32338400017424
16.6449,60.34005400017416
17.137,60.35673400017433
16.4531,60.37343400017451
16.6648,60.390114000174684
17.0049,60.40681400017487
17.4609,60.42352400017483
17.1045,60.44021400017478
16.0513,60.45689400017494
16.8224,60.47360400017491
15.2965,60.49028400017507
17.0698,60.50698400017526
16.2732,60.523634000175164
17.0102,60.540294000175315
16.6443,60.55697400017549
16.4844,60.57362400017539
17.4733,60.5902740001753
16.4258,60.606974000175484
16.3177,60.62367400017567
16.7016,60.64035400017584
16.3803,60.65702400017576
17.2837,60.67372400017595
16.3574,60.69042400017614
16.5116,60.70711400017608
17.1399,60.723784000176
16.5006,60.740464000176175
17.4199,60.7571340001761
16.9132,60.77375400017621
16.5908,60.79040400017612
16.9705,60.80708400017628
16.4274,60.82377400017623
17.0262,60.84045400017639
16.4416,60.85714400017634
15.6236,60.8738540001763
16.5092,60.89051400017645
17.1736,60.90722400017641
16.4846,60.92391400017636
16.6997,60.94062400017632
17.1746,60.957344000176526
16.783,60.9740240001767
16.83,60.990744000176896
16.1512,61.00737400017679
17.1886,61.02401400017692
16.7943,61.040664000176825
17.1162,61.057374000176786
16.2714,61.07402400017669
16.8326,61.09071400017664
16.952,61.10737400017679
17.0425,61.124054000176955
16.4582,61.14070400017686
16.6079,61.15735400017677
16.7034,61.17403400017694
16.8612,61.1907440001769
16.9287,61.20745400017686
16.1695,61.224104000176766
17.0559,61.24080400017696
16.4713,61.2574640001771
16.4901,61.27413400017703
16.7278,61.29077400017716
17.0279,61.30748400017712
16.6321,61.32418400017731
16.5357,61.34087400017725
16.8247,61.3575640001772
16.4372,61.37420400017733
16.821,61.39088400017749
16.9224,61.407544000177644
15.9414,61.42423400017759
15.4784,61.44094400017755
16.7007,61.45763400017749
16.8808,61.47430400017742
16.735,61.490954000177325
16.7536,61.5076340001775
16.9108,61.52427400017763
16.5934,61.54095400017779
15.7966,61.55762400017772
17.2596,61.574294000177645
16.2689,61.59096400017757
16.7038,61.60761400017748
16.8768,61.62431400017766
16.5216,61.64097400017781
16.6628,61.65765400017798
16.579,61.674324000177904
17.0272,61.69102400017809
16.3746,61.707714000178036
16.6303,61.72440400017798
17.0316,61.74110400017817
16.8043,61.75780400017835
16.8792,61.774514000178314
16.225,61.79116400017822
17.176,61.80787400017818
16.6112,61.82457400017837
16.3305,61.84125400017854
16.6849,61.85790400017844
17.4069,61.87459400017839
16.6294,61.89130400017835
16.3885,61.9079640001785
16.6094,61.92466400017869
16.8905,61.941354000178634
16.7886,61.958024000178554
16.3463,61.97467400017847
17.8369,61.99136400017841
16.402,62.00807400017837
16.6709,62.02477400017856
16.5405,62.04144400017848
16.7965,62.05812400017865
16.6228,62.07481400017859
16.5942,62.09145400017872
16.7738,62.108104000178635
16.5846,62.124794000178575
16.7821,62.141504000178536
16.4469,62.158144000178666
17.0194,62.17482400017884
16.351,62.191494000178764
17.0831,62.20819400017895
16.628,62.224864000178876
16.36,62.2415340001788
16.9591,62.25824400017876
16.2276,62.27492400017893
15.6684,62.2916040001791
16.6229,62.30824400017923
16.5939,62.324924000179394
17.004,62.341604000179565
16.7531,62.35830400017975
17.001,62.37494400017988
16.0403,62.391624000180045
16.7923,62.408304000180216
16.6754,62.424994000180156
16.7343,62.44169400018035
16.2652,62.45836400018027
16.7414,62.475054000180215
16.6306,62.49173400018038
17.6027,62.508404000180306
16.0624,62.52507400018023
17.5733,62.54176400018018
16.7792,62.558414000180086
16.9207,62.575104000180026
15.2752,62.59174400018016
16.5489,62.60838400018029
16.7404,62.62508400018048
16.9162,62.6417540001804
16.81,62.658444000180346
16.7617,62.6751040001805
16.5428,62.691774000180416
17.1084,62.708484000180384
16.593,62.72520400018059
16.9526,62.741874000180516
15.872,62.75858400018048
16.4219,62.77526400018064
17.8517,62.791964000180826
16.6702,62.80866400018102
16.2827,62.82533400018094
18.058,62.842044000180906
16.4484,62.85872400018107
16.5697,62.875374000180976
17.0855,62.8920440001809
16.8499,62.908724000181074
16.3716,62.92538400018122
16.5045,62.94206400018139
16.9002,62.958734000181316
16.4253,62.97539400018146
17.0324,62.99210400018143
16.9571,63.00878400018159
16.2408,63.02546400018176
16.562,63.04214400018193
16.8184,63.05880400018208
16.9506,63.07551400018204
16.4285,63.09220400018199
16.7185,63.10888400018215
16.7039,63.12556400018232
16.173,63.14224400018249
15.2803,63.15891400018241
16.3988,63.17556400018232
17.1426,63.192284000182525
16.458,63.208974000182465
16.5551,63.22564400018239
16.9119,63.24232400018256
16.6004,63.2590140001825
16.4938,63.275694000182675
16.5764,63.29234400018258
16.8116,63.30903400018252
16.5773,63.32569400018267
16.9289,63.34240400018263
16.4149,63.359034000182525
16.6813,63.375694000182676
16.7192,63.39237400018284
17.1451,63.40906400018279
17.0344,63.42572400018293
16.6067,63.4424040001831
16.964,63.459114000183064
16.8199,63.475794000183235
16.6024,63.492504000183196
16.3128,63.5091540001831
16.7896,63.525834000183266
16.7366,63.542524000183214
16.9482,63.5592240001834
16.5752,63.57588400018355
16.7682,63.592584000183734
16.667,63.60930400018394
16.482,63.62597400018387
16.3322,63.64264400018379
16.0936,63.6592940001837
16.6637,63.675974000183864
16.6593,63.69266400018381
17.3716,63.709364000183996
16.5464,63.72604400018416
16.4965,63.74269400018407
16.8644,63.75937400018424
16.4714,63.776024000184144
16.8893,63.792704000184315
16.6806,63.8094040001845
17.5016,63.82607400018443
16.9727,63.84277400018461
16.2138,63.85944400018454
16.747,63.876094000184445
16.5604,63.89275400018459
16.659,63.90943400018476
15.8751,63.92610400018469
16.2597,63.94277400018461
17.1601,63.9594740001848
16.6898,63.97615400018496
16.3159,63.99284400018491
17.3599,64.00953400018486
16.3213,64.02621400018502
17.1986,64.04290400018496
16.5955,64.05958400018513
16.8382,64.07627400018508
17.0656,64.09293400018522
17.1369,64.10963400018541
16.436,64.12628400018532
16.9772,64.14294400018547
16.4394,64.15965400018543
16.5628,64.17632400018536
16.4955,64.19300400018552
16.6638,64.20968400018569
16.6935,64.22635400018562
16.6089,64.24303400018579
17.1713,64.2597040001857
16.2329,64.27637400018564
17.1344,64.29304400018556
16.1413,64.30972400018572
16.8503,64.32637400018564
16.581,64.34303400018578
16.9312,64.35974400018574
16.5462,64.37642400018592
16.4819,64.39310400018609
17.4286,64.40980400018627
16.1336,64.42648400018643
16.7358,64.44315400018637
16.6729,64.45983400018653
16.2148,64.47653400018672
15.9104,64.49320400018664
17.028,64.50990400018682
16.2452,64.52655400018674
17.1513,64.54325400018692
16.4712,64.55996400018688
16.4464,64.5766140001868
16.6808,64.59329400018696
17.0631,64.60997400018712
16.3813,64.62664400018706
16.6366,64.64331400018698
16.5668,64.66000400018692
16.736,64.67666400018707
16.6971,64.693334000187
16.7504,64.7099840001869
17.6458,64.72666400018707
16.4799,64.74335400018701
16.6145,64.76003400018718
16.5464,64.77671400018735
16.9122,64.79342400018731
16.5918,64.81009400018723
16.9013,64.82679400018742
16.4377,64.84347400018758
16.9785,64.86019400018779
16.5042,64.87688400018774
16.393,64.89353400018764
16.7937,64.91021400018782
17.0667,64.92693400018801
16.5938,64.94364400018799
16.3764,64.96030400018813
16.8512,64.9769840001883
16.9433,64.99363400018821
16.9736,65.0103340001884
16.5767,65.02698400018829
16.5397,65.04365400018823
16.6514,65.06034400018817
16.6753,65.07702400018833
16.8044,65.09366400018847
16.9192,65.11035400018841
16.2327,65.12702400018834
17.4087,65.1437340001883
16.3018,65.16044400018826
16.3487,65.17709400018816
15.7783,65.19380400018814
16.6788,65.2105140001881
16.3795,65.22718400018802
17.0603,65.24389400018798
16.5755,65.26059400018816
16.88,65.2772640001881
16.7925,65.29396400018828
16.4128,65.3106040001884
17.4384,65.32729400018836
16.5594,65.34400400018832
16.757,65.36065400018822
16.8745,65.37730400018813
16.6923,65.39399400018807
17.0639,65.41067400018824
14.9144,65.4273340001884
17.2427,65.44400400018831
16.4617,65.46068400018848
16.6861,65.47736400018866
16.8303,65.49403400018858
16.4246,65.51068400018849
16.621,65.52736400018865
16.6782,65.54403400018857
16.5762,65.56070400018851
16.9681,65.57734400018863
16.8665,65.59405400018859
17.483,65.61074400018855
16.5234,65.62740400018869
16.7526,65.64411400018865
16.2402,65.66076400018856
17.1465,65.67747400018852
16.4745,65.69417400018871
17.089,65.71085400018887
15.6138,65.72755400018906
16.8143,65.74425400018924
16.6295,65.76093400018942
16.3291,65.77758400018932
16.9747,65.79429400018928
17.1391,65.8109440001892
16.7785,65.82763400018914
16.731,65.84428400018905
16.569,65.86094400018919
16.9724,65.87765400018915
17.1874,65.89435400018934
17.0152,65.9110140001895
16.4659,65.92768400018942
16.2561,65.94435400018934
16.9818,65.96103400018951
16.3118,65.97770400018943
16.8403,65.99437400018937
16.6422,66.01105400018953
16.9054,66.02775400018972
16.6198,66.04441400018986
16.4708,66.06105400019
16.3432,66.07773400019016
15.6296,66.0943940001903
16.9494,66.11108400019026
17.299,66.1277740001902
16.4072,66.14447400019039
16.514,66.16115400019055
17.0951,66.17785400019073
16.741,66.19454400019069
16.1287,66.21121400019061
17.0275,66.22792400019057
16.4554,66.24460400019073
16.9322,66.26131400019071
16.6376,66.2780140001909
16.4027,66.29465400019102
16.7525,66.31133400019118
16.7335,66.32802400019114
16.6422,66.34467400019103
17.0068,66.36134400019097
16.641,66.37805400019093
17.148,66.39474400019087
16.3585,66.41142400019103
16.4942,66.42806400019117
16.8119,66.44473400019109
16.607,66.46143400019128
16.6013,66.47809400019143
17.3607,66.49479400019162
16.5271,66.5114940001918
16.7908,66.52815400019195
16.7583,66.54483400019211
16.8538,66.56151400019229
16.1992,66.57819400019245
16.8689,66.59491400019266
15.2744,66.6115740001928
17.1045,66.62827400019299
16.3835,66.64498400019295
17.1379,66.66163400019286
16.9756,66.6783240001928
16.5033,66.69500400019298
16.4889,66.71165400019288
16.7756,66.72829400019302
16.9191,66.7449940001932
16.513,66.76163400019333
16.1441,66.77832400019327
17.0916,66.7949640001934
17.5969,66.81166400019359
16.8125,66.82834400019375
17.1042,66.84502400019393
16.4071,66.8617040001941
16.8196,66.87838400019426
16.5387,66.89506400019442
17.0276,66.91174400019459
16.4442,66.92842400019477
16.8812,66.94512400019495
16.5292,66.96180400019512
16.7828,66.97846400019526
16.5609,66.9951340001952
17.0683,67.01182400019513
15.9551,67.02851400019507
15.0688,67.04519400019525
16.8126,67.06187400019542
16.6166,67.07853400019556
16.6109,67.0952240001955
17.655,67.11187400019541
16.5339,67.12854400019533
16.5352,67.14520400019549
16.7325,67.16188400019566
16.9237,67.17855400019558
16.3481,67.19521400019573
17.3644,67.21190400019567
16.6259,67.22858400019584
16.7903,67.24526400019602
16.5552,67.26193400019594
16.9945,67.2786440001959
16.3731,67.29533400019584
16.5758,67.31201400019602
17.0493,67.32873400019622
16.4134,67.34539400019636
15.2934,67.36207400019653
16.9654,67.37874400019646
16.9996,67.39544400019665
16.8653,67.41215400019661
16.4922,67.42883400019677
16.8985,67.44550400019669
17.5381,67.46221400019667
15.6356,67.47892400019663
16.5151,67.49559400019655
16.8896,67.51229400019673
16.595,67.52901400019694
16.892,67.54571400019712
16.8819,67.56238400019706
16.6018,67.57905400019698
16.7865,67.59575400019716
16.38,67.61241400019732
17.5682,67.62908400019724
16.1445,67.64573400019715
16.8347,67.66238400019705
16.6686,67.67903400019696
16.7975,67.69569400019711
16.5778,67.71236400019703
16.5411,67.72902400019719
16.6903,67.74567400019708
16.8991,67.76235400019726
16.4489,67.77903400019743
16.8652,67.79572400019737
16.5368,67.81241400019731
15.4697,67.82909400019749
16.7326,67.84578400019743
17.1413,67.86249400019739
16.5287,67.87918400019733
16.4192,67.89587400019728
16.6658,67.91255400019745
17.1611,67.92924400019739
16.4878,67.94595400019735
17.2349,67.96260400019726
18.1694,67.97927400019718
17.1218,67.99595400019736
16.9339,68.0126440001973
16.6105,68.02927400019718
16.0616,68.04596400019713
14.5822,68.0626440001973
16.7984,68.07935400019726
16.6738,68.09600400019717
16.7574,68.11268400019733
16.3545,68.12937400019727
16.5568,68.14605400019744
17.0295,68.16273400019762
16.9063,68.17942400019756
16.5381,68.19610400019772
16.6144,68.21275400019763
16.7988,68.2294340001978
16.5153,68.24607400019792
16.8312,68.2627840001979
17.3995,68.2794340001978
16.7261,68.29611400019796
17.0994,68.31282400019793
15.4814,68.32951400019788
17.0014,68.34619400019804
16.6104,68.362904000198
15.9731,68.37959400019794
16.5333,68.39626400019787
17.1157,68.41298400019808
16.4672,68.42963400019798
16.7072,68.44632400019793
16.709,68.46299400019785
17.1781,68.47966400019779
16.2453,68.4963340001977
17.2146,68.51301400019787
16.4007,68.52965400019801
17.3171,68.54635400019819
16.9302,68.56303400019836
16.5598,68.57968400019827
16.769,68.59636400019843
16.901,68.61305400019837
16.582,68.62973400019854
16.4277,68.64638400019845
15.4888,68.66306400019862
17.1836,68.67971400019853
16.6515,68.69640400019847
16.6775,68.7130440001986
16.9392,68.72975400019857
16.3596,68.74643400019873
17.0271,68.76313400019892
16.3517,68.77978400019882
17.4854,68.79649400019879
16.4516,68.81318400019873
16.8333,68.82989400019869
16.4456,68.84656400019861
15.8255,68.86324400019879
16.7471,68.87992400019895
16.9718,68.89660400019912
16.6511,68.91328400019928
16.5318,68.92995400019922
16.6723,68.94664400019916
16.5127,68.9632840001993
16.7295,68.97996400019946
17.0162,68.9966540001994
17.1971,69.0133740001996
16.203,69.03004400019952
16.8665,69.04674400019972
17.2911,69.06339400019962
16.7613,69.08007400019979
15.3125,69.09674400019972
16.7878,69.11342400019988
17.1075,69.13014400020009
16.7035,69.14684400020028
16.5685,69.1635140002002
16.7545,69.18015400020033
17.2257,69.19686400020029
16.5848,69.21352400020044
16.8506,69.23022400020064
16.5279,69.24691400020058
16.7183,69.26359400020074
16.7757,69.28029400020093
16.3515,69.29693400020106
17.676,69.313624000201
16.3406,69.33029400020092
15.3154,69.34699400020111
16.6484,69.36364400020102
17.2251,69.38032400020118
17.4953,69.39698400020134
16.9533,69.4136940002013
16.508,69.43038400020124
16.3176,69.44703400020116
16.97,69.46373400020134
16.7536,69.48037400020146
16.9415,69.4970640002014
16.3444,69.51374400020158
15.4368,69.53043400020152
17.4591,69.54711400020169
16.8124,69.56379400020185
16.559,69.58042400020175
16.9532,69.59708400020189
15.6975,69.61377400020184
16.7893,69.63044400020176
16.6525,69.64712400020193
16.7983,69.66379400020186
16.4151,69.680454000202
16.9256,69.69713400020217
16.5201,69.7138040002021
16.9741,69.73050400020229
16.3133,69.74719400020223
17.0799,69.76391400020243
16.3906,69.78058400020237
17.0111,69.79726400020253
16.7696,69.8139440002027
16.5529,69.83059400020261
16.9807,69.84730400020257
16.5301,69.86398400020273
17.0153,69.88070400020294
17.1709,69.89740400020312
15.3823,69.91408400020329
16.8785,69.93072400020343
17.4331,69.94742400020361
16.5822,69.96409400020353
16.6601,69.98077400020371
16.9761,69.99748400020367
16.8875,70.01413400020357
16.8063,70.03081400020373
16.5717,70.04746400020365
16.5607,70.06410400020378
16.7859,70.08078400020395
15.1522,70.09747400020389
16.9513,70.11414400020381
16.3637,70.13082400020399
16.9262,70.14750400020415
16.7012,70.16418400020432
17.1121,70.18090400020452
16.4663,70.19759400020446
16.9692,70.21431400020467
16.5678,70.23102400020463
16.3943,70.24769400020456
16.9826,70.26436400020448
16.9854,70.28105400020443
16.7737,70.29775400020462
17.308,70.31443400020478
16.361,70.33108400020468
15.7154,70.34776400020486
16.2245,70.36441400020476
16.9695,70.3810840002047
17.3456,70.39775400020461
16.8597,70.41444400020455
16.4812,70.43113400020451
16.5914,70.44778400020441
16.7825,70.46446400020457
16.1735,70.4811340002045
16.7913,70.49784400020447
16.6699,70.51449400020438
16.5445,70.53119400020456
16.3204,70.54784400020446
17.4966,70.5645340002044
17.2262,70.58124400020438
15.1004,70.59792400020454
17.0609,70.61464400020475
17.0983,70.63131400020467
16.8567,70.64804400020465
16.6634,70.66472400020481
16.2192,70.68139400020475
16.8954,70.69808400020469
16.6487,70.71476400020485
16.3384,70.73144400020503
16.4468,70.74810400020517
16.3683,70.7647740002051
16.668,70.78141400020523
17.2501,70.79812400020519
16.8649,70.81479400020511
16.3016,70.83144400020502
16.8542,70.84814400020521
16.6539,70.86482400020537
16.4648,70.88149400020531
16.7617,70.89813400020543
16.767,70.91479400020559
17.2873,70.93150400020555
15.914,70.94821400020551
16.592,70.96485400020563
16.9645,70.98152400020557
16.6289,70.99822400020575
17.2663,71.01492400020594
16.3452,71.03157400020585
16.8605,71.04827400020604
16.5191,71.06496400020598
16.803,71.08164400020614
16.5409,71.09828400020628
