Interval,Time
122.2935,72.60252333356067
3.4269,72.63588333356101
1.1046,72.61920333356085
1.0036,72.65256333356118
1.6465,72.66928333356138
1.2451,72.68601333356136
2.0434,72.70271333356155
1.0104,72.71941333356173
1.2229,72.73609333356191
1.5046,72.75278333356185
1.1077,72.76947333356179
0.9842,72.78616333356173
0.9118,72.8028733335617
0.8763,72.81955333356187
0.8642,72.83622333356179
0.7912,72.85286333356193
0.8911,72.86953333356185
0.8903,72.88621333356201
0.9618,72.90293333356222
1.2115,72.91960333356215
1.1923,72.93628333356232
1.8092,72.95295333356223
0.852,72.96962333356217
0.6021,72.98631333356211
0.5441,73.00297333356225
0.6345,73.01965333356243
0.6981,73.03632333356235
0.7329,73.05302333356254
0.6768,73.0696833335627
0.7421,73.08639333356265
0.6331,73.10310333356261
0.6114,73.11978333356278
0.5977,73.13647333356272
0.7785,73.15314333356265
0.8923,73.16984333356284
0.779,73.18651333356276
0.6812,73.20323333356296
0.641,73.21988333356288
0.6498,73.23654333356302
0.7142,73.25319333356293
0.9254,73.26984333356283
0.8801,73.286523333563
1.1877,73.30317333356291
0.7818,73.31985333356307
1.0323,73.3531933335634
0.6794,73.36983333356352
0.6893,73.33651333356323
0.5903,73.38649333356368
0.6019,73.40317333356384
1.3541,73.41984333356376
0.592,73.43653333356372
0.6233,73.45321333356388
0.6754,73.46989333356404
0.6209,73.48656333356398
0.5765,73.5032333335639
0.5844,73.51991333356406
0.6058,73.536583333564
0.676,73.55326333356416
0.6193,73.56993333356408
0.6258,73.58661333356426
0.617,73.60326333356416
0.8883,73.61994333356432
0.9349,73.6366233335645
1.3552,73.65330333356466
0.8888,73.6699933335646
1.6352,73.68667333356477
0.5931,73.72004333356489
0.5362,73.70335333356493
0.5389,73.73672333356505
0.513,73.75340333356522
0.5402,73.77009333356517
0.5768,73.78676333356509
0.606,73.80343333356501
0.6129,73.82012333356496
0.6029,73.83679333356488
0.6008,73.85347333356505
0.6058,73.87015333356523
0.6425,73.88682333356515
0.6187,73.90350333356531
0.5925,73.92018333356548
0.5679,73.93686333356565
0.5676,73.95354333356582
0.565,73.97022333356598
0.5751,73.98689333356592
0.5998,74.00357333356608
9.4946,74.020243333566
17.7123,74.03693333356594
16.488,74.05361333356612
16.7693,74.07030333356606
17.9699,74.08698333356622
18.3599,74.10366333356639
12.9313,74.12035333356634
17.1364,74.13704333356628
15.9931,74.15373333356622
17.089,74.17041333356639
16.8662,74.18710333356634
18.1775,74.20377333356626
17.4803,74.22045333356643
15.5071,74.23712333356636
16.8982,74.25380333356652
15.2303,74.27048333356669
17.1344,74.28716333356687
17.9149,74.30383333356679
15.7319,74.3205033335667
15.7138,74.33718333356688
17.2546,74.35386333356705
16.6145,74.37054333356721
16.8721,74.38723333356715
18.3013,74.4039233335671
14.9971,74.42060333356727
16.6988,74.43727333356719
16.0586,74.45394333356712
16.0653,74.47063333356706
16.3951,74.48731333356723
16.8982,74.5039933335674
16.5815,74.52067333356757
16.3568,74.53736333356751
16.9453,74.55403333356743
16.5611,74.57070333356737
16.7788,74.58737333356729
16.5576,74.60406333356723
16.9062,74.6207433335674
16.4864,74.63741333356732
16.6974,74.65409333356749
16.6358,74.67077333356767
16.8575,74.68745333356783
16.5161,74.70412333356775
23.236,74.72080333356791
13.2755,74.73749333356787
16.6821,74.75417333356803
16.6656,74.7708533335682
16.6481,74.78754333356814
17.0042,74.80425333356811
17.2973,74.82093333356828
16.1203,74.83764333356824
15.61,74.85434333356842
16.4177,74.87103333356836
16.714,74.88772333356832
16.9508,74.90439333356824
16.2789,74.92108333356818
15.145,74.93776333356836
16.4211,74.9544533335683
16.5942,74.9711033335682
16.982,74.98781333356817
16.5487,75.00446333356807
17.3371,75.021133333568
16.0001,75.03781333356817
17.0087,75.05452333356813
16.7827,75.07120333356829
16.49,75.08787333356823
16.7025,75.10455333356839
16.9362,75.12124333356833
16.5478,75.13794333356851
17.2879,75.15462333356868
16.6453,75.17133333356865
16.4062,75.18800333356857
16.8377,75.2046733335685
16.0493,75.2213233335684
16.2094,75.23800333356857
13.5156,5.017706666672602
16.1494,5.036066666672472
16.3854,5.054396666672546
16.6588,5.0727266666726205
17.037,5.091076666672714
16.5955,5.1094466666728255
16.6967,5.127806666672695
16.5782,5.1461566666727885
17.7026,5.164546666672919
16.5469,5.181236666672863
16.793,5.197916666673031
16.8011,5.214596666673199
16.7734,5.231266666673124
16.9658,5.24796666667331
16.5224,5.264666666673496
16.5655,5.281326666673645
16.7175,5.297986666673794
16.7866,5.314686666673981
16.7321,5.331336666673888
17.109,5.348036666674074
16.0247,5.364686666673981
16.9673,5.381366666674149
15.3069,5.398056666674092
17.2229,5.414746666674037
17.1299,5.431436666673981
17.2083,5.448106666673906
16.6488,5.464816666673869
16.4112,5.481476666674018
16.8322,5.498146666673944
16.3932,5.51479666667385
17.0515,5.5314866666737945
16.678,5.548176666673738
16.3605,5.564846666673664
16.0002,5.581486666673794
16.8399,5.59815666667372
16.2942,5.614846666673664
16.4227,5.631536666673608
16.6706,5.648246666673571
16.314,5.664926666673739
17.6802,5.681606666673906
16.6729,5.698276666673832
16.8143,5.714936666673981
16.5658,5.731626666673924
16.8983,5.74834666667413
15.5415,5.765016666674055
16.8402,5.781726666674018
16.4412,5.798386666674167
17.4417,5.815076666674111
16.2512,5.831746666674037
17.678,5.848416666673962
16.797,5.865106666673906
16.5471,5.881776666673832
17.1122,5.898476666674018
16.6008,5.915146666673944
16.2211,5.9318166666738685
15.9608,5.948486666673794
16.3264,5.965146666673943
17.6049,5.9818066666740926
16.4702,5.998496666674036
18.298,6.015186666673981
15.1188,6.0318766666739245
16.5474,6.048556666674092
16.5472,6.065196666674223
16.5655,6.08184666667413
16.5891,6.098526666674298
18.2116,6.115216666674241
16.3594,6.131896666674409
16.609,6.148556666674558
16.5166,6.165226666674483
15.7857,6.181896666674409
16.6544,6.198546666674316
16.1596,6.215226666674484
16.9284,6.231906666674651
16.0828,6.248586666674819
16.7523,6.265256666674745
17.0067,6.281896666674875
16.9661,6.298576666675042
16.3862,6.31525666667521
17.3469,6.3319466666751545
16.6788,6.3486266666753215
16.5245,6.365326666675508
16.9931,6.382006666675676
17.4759,6.39869666667562
16.8604,6.415376666675788
16.5206,6.432056666675955
16.6974,6.4487366666761226
15.0229,6.465426666676067
16.9034,6.482106666676234
16.4909,6.498786666676402
16.9824,6.515476666676347
16.3443,6.532136666676495
16.9471,6.548846666676458
16.2726,6.565526666676625
17.6468,6.582236666676589
17.3903,6.598956666676793
16.3489,6.615636666676961
17.2347,6.632306666676886
15.9828,6.648976666676812
15.9583,6.665686666676774
16.3068,6.682366666676942
17.0714,6.69904666667711
16.4684,6.71568666667724
17.962,6.732386666677426
16.3189,6.749036666677333
17.1155,6.765716666677501
16.4273,6.782416666677688
17.0036,6.799136666677892
16.5615,6.815856666678097
16.5597,6.832506666678004
16.8632,6.8491966666779485
16.4197,6.865896666678134
17.2314,6.882616666678339
15.9451,6.899266666678246
16.6719,6.915946666678414
16.8169,6.9326166666783395
15.9502,6.949306666678283
16.3706,6.965946666678414
16.3498,6.982586666678544
16.8524,6.999266666678712
18.1612,7.015926666678861
15.2399,7.03258666667901
16.6328,7.049236666678917
16.7127,7.065926666678861
17.5818,7.082646666679065
16.0097,7.099316666678991
17.1132,7.115966666678898
16.3824,7.132666666679084
16.4415,7.1493566666790285
17.0849,7.166066666678991
16.346,7.1827566666789355
16.9115,7.199466666678898
16.2832,7.216146666679066
17.4667,7.232856666679028
16.1042,7.249496666679159
16.6015,7.266156666679308
17.5737,7.2828466666792515
16.4886,7.299526666679419
16.4804,7.316206666679587
17.1592,7.332846666679718
16.5681,7.349516666679643
17.3306,7.366186666679568
15.197,7.382886666679755
16.268,7.399526666679885
17.5248,7.416196666679811
16.3087,7.432876666679978
16.6146,7.449546666679904
16.5549,7.466196666679811
16.9424,7.482896666679997
17.5214,7.499586666679941
17.1423,7.516286666680127
16.2088,7.532936666680034
16.7436,7.549586666679941
16.4231,7.566266666680109
16.6055,7.582956666680053
17.1039,7.599666666680015
16.34,7.616346666680183
16.9307,7.633056666680146
16.5259,7.649716666680295
16.4899,7.6663866666802205
16.9422,7.683066666680388
16.3988,7.699756666680332
15.6983,7.7164366666805
16.611,7.733116666680668
17.2213,7.74982666668063
16.5528,7.766496666680556
16.7964,7.783176666680723
16.6066,7.79982666668063
16.8758,7.816516666680575
16.4201,7.8331866666805
16.7529,7.849866666680668
16.3744,7.866536666680593
17.0014,7.883256666680798
16.2995,7.899936666680966
16.8933,7.916616666681133
16.5021,7.933276666681282
17.0524,7.949946666681208
16.9902,7.96665666668117
16.4921,7.983326666681096
19.3935,8.000046666681301
14.5276,8.01670666668145
15.24,8.033386666681617
16.8224,8.050066666681785
16.9449,8.066746666681953
16.8975,8.08339666668186
16.7753,8.100106666681823
16.8675,8.116806666682008
16.3937,8.133466666682157
16.2298,8.150146666682325
16.8403,8.166826666682493
16.3907,8.183496666682418
16.8838,8.200216666682623
16.5539,8.216876666682772
17.0988,8.233586666682735
16.9053,8.250266666682903
18.2269,8.266956666682846
16.0441,8.283626666682773
15.2514,8.300326666682958
16.7717,8.317026666683144
16.5531,8.333686666683294
16.6589,8.350366666683462
16.78,8.367036666683386
16.7152,8.383726666683332
16.3387,8.400376666683238
17.7916,8.417096666683443
16.8969,8.43374666668335
16.0434,8.450416666683275
16.5464,8.467066666683182
16.5084,8.483716666683089
16.8648,8.500376666683238
16.9883,8.517066666683181
16.8061,8.53374666668335
17.0882,8.550426666683517
16.5177,8.567106666683685
17.0063,8.583766666683834
16.5178,8.600436666683759
17.0708,8.617156666683965
16.5028,8.633866666683927
16.7051,8.65057666668389
16.3844,8.667266666683833
17.0362,8.683956666683779
16.2941,8.700606666683685
16.4269,8.717256666683593
17.0379,8.733936666683759
16.5599,8.750596666683908
16.8492,8.767296666684095
16.6124,8.783946666684002
16.8933,8.800616666683927
16.279,8.817286666683852
15.3461,8.83396666668402
16.9592,8.850656666683964
16.383,8.867336666684132
16.8956,8.8840166666843
16.9017,8.900696666684468
17.1465,8.91740666668443
16.3355,8.934086666684598
16.6205,8.950756666684523
17.0213,8.967446666684467
16.6208,8.984106666684616
18.1059,9.000806666684802
15.0676,9.01748666668497
16.086,9.034166666685138
17.5932,9.0508766666851
16.6116,9.067576666685287
17.128,9.084226666685193
15.238,9.100876666685101
17.0184,9.117556666685267
17.0306,9.134226666685194
16.253,9.150896666685119
16.9959,9.167576666685287
16.0335,9.184226666685193
17.0318,9.200936666685157
16.5794,9.217596666685306
17.4361,9.23428666668525
16.4105,9.250966666685418
16.8991,9.267666666685603
16.4475,9.28434666668577
17.253,9.30100666668592
16.9067,9.317726666686125
17.9229,9.334416666686069
16.4534,9.351126666686032
15.0316,9.3678066666862
16.4329,9.384496666686143
17.0053,9.40116666668607
16.3116,9.417856666686014
16.83,9.434546666685957
16.9414,9.451226666686125
16.5126,9.46789666668605
16.8746,9.48453666668618
16.605,9.50117666668631
17.0292,9.517856666686479
16.521,9.534516666686628
16.5079,9.551176666686777
16.5518,9.567826666686685
15.9885,9.58449666668661
16.5483,9.601146666686516
16.8962,9.617826666686684
16.7953,9.634536666686646
16.7526,9.651236666686833
16.3581,9.667916666687
16.9229,9.684566666686907
16.6841,9.701266666687093
17.5068,9.717956666687037
16.1704,9.734636666687205
16.9704,9.751306666687132
17.5524,9.768006666687317
16.3513,9.784696666687262
16.4283,9.80135666668741
16.9566,9.818016666687559
16.8577,9.834696666687726
16.3194,9.851376666687894
16.7149,9.868026666687802
16.7521,9.884696666687727
16.4068,9.901376666687895
16.0044,9.918086666687858
16.6628,9.934766666688025
16.6164,9.95145666668797
16.8244,9.968126666687894
16.6378,9.984836666687857
18.0446,10.001516666688024
15.0443,10.018196666688192
16.8311,10.034886666688136
17.0897,10.0515966666881
16.6752,10.068296666688285
16.7619,10.08498666668823
16.6281,10.101676666688174
16.4446,10.118336666688323
16.8592,10.135046666688286
16.5146,10.151706666688435
17.964,10.168416666688397
17.5411,10.18512666668836
15.4244,10.201796666688285
15.2737,10.218436666688417
16.9893,10.235096666688564
16.5511,10.251736666688696
17.0623,10.268416666688863
16.1173,10.28509666668903
16.992,10.301776666689198
16.6421,10.318476666689385
16.5851,10.335126666689291
16.9308,10.351796666689218
16.7618,10.368466666689143
16.7318,10.385156666689086
17.4898,10.401866666689049
16.266,10.418546666689217
16.9372,10.435226666689385
17.277,10.451916666689328
15.4874,10.468596666689496
16.463,10.485246666689404
16.7195,10.50192666668957
17.1369,10.518606666689738
16.319,10.535296666689682
17.3942,10.551986666689627
16.6156,10.568666666689795
16.9123,10.585346666689961
17.3097,10.602016666689888
17.0474,10.618716666690075
16.4352,10.63538666669
16.857,10.652106666690205
16.3363,10.66877666669013
16.9151,10.685456666690298
16.6372,10.702146666690242
16.9116,10.718836666690185
16.4475,10.735496666690334
16.4317,10.752186666690278
16.6957,10.768846666690427
16.2296,10.785486666690558
15.5215,10.802176666690503
16.4312,10.818816666690633
17.0227,10.835526666690596
16.4468,10.852176666690502
16.9171,10.868866666690446
17.4666,10.885556666690391
16.7576,10.902226666690316
15.4112,10.918896666690241
17.2871,10.935596666690428
16.8197,10.95230666669039
16.1494,10.968956666690298
16.9291,10.98566666669026
16.571,11.00232666669041
17.9882,11.019046666690613
14.9941,11.035696666690521
16.5002,11.052336666690652
17.4917,11.069026666690595
16.6784,11.085706666690763
16.7951,11.10235666669067
17.4405,11.119036666690837
16.3985,11.135726666690783
16.9055,11.152406666690949
16.4789,11.169086666691117
16.7494,11.185746666691266
16.6595,11.20243666669121
16.805,11.219136666691396
16.5193,11.235806666691321
15.7388,11.252516666691285
16.5247,11.26921666669147
16.5014,11.28587666669162
16.9368,11.302566666691565
16.3879,11.31921666669147
18.228,11.335916666691658
16.2913,11.352616666691844
17.9565,11.36928666669177
16.2655,11.385976666691713
15.0135,11.4026766666919
16.3823,11.419326666691806
16.6897,11.435986666691955
16.8582,11.452696666691917
16.3313,11.469346666691825
16.6697,11.486026666691993
16.8377,11.502686666692142
16.9791,11.519326666692272
16.9982,11.536026666692457
17.1153,11.552716666692403
17.1349,11.569376666692552
16.7677,11.586076666692737
16.3619,11.602756666692905
17.11,11.619436666693073
16.2132,11.636126666693016
16.826,11.652806666693184
17.2136,11.669476666693111
16.9684,11.686186666693073
16.4274,11.702846666693222
16.9771,11.719506666693372
16.5524,11.736186666693538
16.564,11.752836666693446
16.6418,11.76952666669339
14.8171,11.78616666669352
16.7332,11.802856666693463
16.5475,11.819536666693631
16.5991,11.836226666693575
17.5985,11.852876666693483
16.6619,11.86957666669367
16.4755,11.886236666693819
17.1634,11.902946666693781
16.7441,11.919636666693725
16.5934,11.936336666693911
16.8607,11.953036666694096
16.4958,11.969696666694245
16.7027,11.986376666694413
16.8271,12.00304666669434
15.3971,12.019756666694303
17.8814,12.036406666694209
15.1592,12.053086666694377
16.7961,12.069736666694283
16.5536,12.08641666669445
16.9761,12.103066666694358
16.8329,12.119746666694526
16.9066,12.13646666669473
16.9741,12.153166666694917
16.659,12.169846666695085
16.9498,12.186526666695253
16.5051,12.203236666695215
16.4469,12.21990666669514
16.6733,12.236586666695308
16.9963,12.253286666695494
16.4519,12.269976666695438
16.3654,12.286626666695344
15.8838,12.303276666695252
16.8284,12.319936666695401
16.8799,12.336646666695364
16.8081,12.353306666695513
16.3713,12.369976666695438
16.515,12.386666666695383
17.1811,12.403376666695346
16.5545,12.420056666695514
16.8707,12.43673666669568
16.2173,12.453426666695625
16.9591,12.47012666669581
16.4533,12.486796666695737
16.8861,12.503446666695643
16.8057,12.520116666695568
16.6567,12.536786666695495
17.4821,12.553496666695457
16.3526,12.570156666695606
16.959,12.58684666669555
16.3591,12.603526666695718
16.9353,12.62023666669568
16.4756,12.636906666695605
16.3919,12.653586666695773
17.0185,12.670276666695719
16.6518,12.686956666695885
17.2036,12.703666666695849
16.3118,12.720336666695774
16.7177,12.73703666669596
16.3034,12.75367666669609
16.9608,12.770376666696276
16.6929,12.787046666696202
16.7365,12.803716666696127
16.365,12.820396666696295
17.5932,12.837096666696482
16.1915,12.85377666669665
16.6303,12.87041666669678
16.8075,12.887066666696686
16.7342,12.903726666696835
15.1927,12.920406666697003
17.211,12.937096666696947
16.4363,12.953766666696872
17.5243,12.97044666669704
16.4631,12.987126666697208
16.6086,13.003776666697116
17.9762,13.02044666669704
16.81,13.037156666697003
16.3965,13.05383666669717
14.9827,13.07049666669732
16.5723,13.087176666697488
16.7107,13.103806666697375
17.2222,13.120496666697319
16.4553,13.137206666697283
16.2752,13.153896666697227
17.4351,13.170576666697395
16.7453,13.18727666669758
16.516,13.203926666697487
16.7839,13.220616666697431
17.1748,13.237306666697375
16.7825,13.253986666697543
16.8886,13.270706666697748
16.4318,13.287366666697897
16.906,13.304026666698046
16.7935,13.320726666698233
16.315,13.337416666698177
15.5532,13.354086666698102
17.5145,13.370796666698064
16.8311,13.387506666698027
16.4763,13.404176666697953
15.9793,13.420876666698138
16.5875,13.437536666698287
17.4712,13.454246666698252
16.3837,13.4709066666984
17.48,13.487576666698326
16.996,13.504256666698494
16.3476,13.520936666698661
16.6776,13.53759666669881
16.5299,13.554236666698941
16.9145,13.570936666699126
16.8593,13.587626666699071
15.206,13.604296666698996
16.7312,13.620976666699164
16.372,13.637656666699332
16.9723,13.654316666699481
16.6839,13.670976666699628
16.7962,13.687676666699815
17.3072,13.704376666700002
17.0218,13.721106666699983
16.3537,13.737796666699927
16.5252,13.754476666700095
16.6167,13.771166666700038
16.5898,13.787806666700169
16.4457,13.804486666700337
16.835,13.821186666700523
16.713,13.837866666700691
16.8947,13.854546666700859
16.9199,13.871206666701008
15.569,13.887836666700895
17.0361,13.904486666700803
16.7964,13.921166666700971
16.7859,13.937846666701137
16.6151,13.954546666701324
16.7893,13.97126666670153
16.3688,13.987926666701679
16.7292,14.004646666701882
16.6168,14.02129666670179
16.4281,14.037976666701958
18.3895,14.054656666702126
15.5593,14.071336666702292
16.957,14.088026666702238
16.3314,14.104696666702162
17.3576,14.121386666702106
16.3912,14.138026666702237
17.0979,14.154726666702423
16.3446,14.171366666702554
16.5849,14.188046666702721
15.751,14.20472666670289
16.5894,14.221406666703057
17.287,14.238106666703242
16.592,14.254746666703372
17.3086,14.271456666703337
16.4961,14.288126666703262
16.8099,14.304836666703224
16.8584,14.321506666703149
16.6315,14.338226666703354
16.2148,14.354916666703298
16.8291,14.371596666703466
16.2593,14.388316666703671
16.7585,14.405006666703615
16.3134,14.421686666703783
16.771,14.438366666703951
16.4736,14.455036666703876
16.8677,14.471716666704044
17.0202,14.488406666703987
16.4229,14.505056666703895
18.2149,14.521766666703858
16.4931,14.538426666704007
17.235,14.555066666704137
16.5786,14.571726666704286
16.4253,14.588406666704454
16.9223,14.605066666704603
16.2138,14.62174666670477
15.3334,14.638436666704715
16.3854,14.655086666704621
16.9839,14.671796666704584
16.9719,14.68846666670451
16.6099,14.705186666704714
16.7634,14.7218866667049
16.3588,14.738556666704826
17.0972,14.755266666704788
16.2738,14.771926666704937
16.7204,14.788596666704864
16.772,14.805256666705013
16.546,14.821946666704957
17.0588,14.838586666705087
16.6559,14.855236666704993
16.9613,14.87190666670492
16.3356,14.888566666705069
24.0339,14.905246666705235
13.3919,14.921886666705365
12.0941,14.938566666705533
18.2816,14.955246666705701
15.0963,14.971896666705609
16.7995,14.988596666705794
16.4969,15.005276666705962
16.748,15.021966666705906
16.6041,15.038646666706073
18.0722,15.055326666706241
15.4564,15.072016666706185
16.6246,15.088696666706353
16.8332,15.105406666706315
16.5396,15.122086666706483
17.3765,15.138796666706446
16.6587,15.155446666706354
16.7613,15.17214666670654
17.3161,15.188846666706725
16.1364,15.20553666670667
16.28,15.222216666706839
16.7402,15.238886666706764
16.8791,15.255596666706726
16.8994,15.272236666706856
16.9961,15.288936666707043
16.2112,15.305596666707192
15.9973,15.322286666707136
16.8727,15.33897666670708
16.4483,15.355636666707229
16.4954,15.372276666707359
16.7532,15.388946666707286
16.6178,15.40561666670721
16.6345,15.422266666707117
16.5985,15.438946666707285
16.8828,15.455636666707228
16.6464,15.472316666707396
16.9415,15.489016666707583
16.7439,15.505666666707489
17.0891,15.522366666707676
16.4825,15.539066666707862
16.8563,15.55574666670803
16.5245,15.572436666707974
16.635,15.589116666708142
16.3102,15.605836666708347
16.7396,15.622516666708513
16.213,15.63918666670844
16.8685,15.655856666708365
17.3986,15.672566666708327
17.7694,15.689236666708254
16.6403,15.705906666708179
16.9042,15.722616666708142
16.5662,15.739286666708066
16.8449,15.75599666670803
16.4974,15.772646666707937
17.0693,15.78933666670788
15.99,15.806026666707824
14.9838,15.822686666707973
17.1391,15.839366666708141
16.1426,15.85602666670829
17.2481,15.872706666708458
16.7132,15.889366666708607
16.8097,15.906046666708775
17.0672,15.922726666708943
16.4055,15.939406666709111
16.5735,15.956066666709258
16.9006,15.972736666709185
16.4305,15.989436666709372
16.442,16.0060766667095
17.6443,16.022796666709706
16.2799,16.039466666709632
16.9716,16.056166666709817
17.0198,16.072846666709985
14.9798,16.089506666710136
16.526,16.106186666710304
16.6963,16.12284666671045
16.9682,16.139556666710416
16.3472,16.15622666671034
16.631,16.172926666710527
16.6343,16.189556666710413
17.0424,16.206276666710618
16.6618,16.222956666710786
16.3305,16.239636666710954
17.3651,16.25630666671088
16.7539,16.272976666710804
16.8391,16.289676666710992
16.4336,16.3063266667109
16.9195,16.323006666711066
16.5199,16.339666666711214
17.5168,16.35638666671142
16.5507,16.373056666711346
16.4534,16.389706666711252
17.1288,16.406396666711196
16.2355,16.423066666711122
16.578,16.439776666711083
15.4849,16.456436666711234
16.708,16.4731166667114
17.1714,16.48979666671157
17.7888,16.506516666711775
16.4199,16.52316666671168
16.7729,16.539816666711587
16.8979,16.55652666671155
16.5013,16.573196666711475
16.6287,16.589876666711643
16.8949,16.60655666671181
16.4034,16.623226666711737
17.2875,16.639936666711698
15.912,16.65659666671185
16.9109,16.673266666711775
16.4529,16.68994666671194
17.1117,16.706656666711904
16.8436,16.723346666711848
16.8227,16.740046666712036
16.3555,16.756766666712238
15.4606,16.773456666712182
16.5793,16.790166666712146
17.4101,16.806846666712314
16.917,16.82356666671252
17.409,16.840246666712687
16.8245,16.85693666671263
14.3456,16.873586666712537
17.1246,16.890256666712464
16.3797,16.90691666671261
16.7542,16.923566666712517
17.1308,16.940256666712465
16.7236,16.95694666671241
16.7585,16.97361666671233
17.568,16.9902966667125
16.3714,17.00695666671265
16.8731,17.023616666712797
17.1405,17.040296666712965
17.0134,17.056966666712892
17.8775,17.073666666713077
15.4921,17.090336666713004
16.5061,17.10698666671291
16.8039,17.12362666671304
16.4797,17.140296666712967
16.5127,17.15696666671289
15.0344,17.17366666671308
16.8503,17.19037666671304
16.6889,17.207066666712983
16.5314,17.223726666713134
17.4004,17.2404066667133
16.4366,17.25708666671347
16.2276,17.273776666713413
16.411,17.29045666671358
16.8662,17.307126666713508
17.373,17.32379666671343
16.6654,17.340446666713337
16.7919,17.357126666713505
17.1507,17.373826666713693
16.7431,17.39050666671386
17.2504,17.40716666671401
17.072,17.423886666714214
16.1282,17.44053666671412
17.1365,17.45723666671431
16.6062,17.47394666671427
15.9749,17.49060666671442
15.3402,17.50731666671438
16.5602,17.52399666671455
17.3965,17.540646666714455
16.4177,17.5573366667144
16.9992,17.574016666714567
16.566,17.590656666714697
16.5222,17.60734666671464
16.5,17.62400666671479
16.7431,17.64064666671492
16.8534,17.657336666714865
17.5858,17.673996666715016
17.122,17.69066666671494
16.2563,17.707356666714883
16.7801,17.72402666671481
16.7006,17.740696666714737
16.8483,17.757406666714697
16.2624,17.774076666714624
16.8345,17.79077666671481
15.218,17.807486666714773
16.4767,17.82416666671494
16.6956,17.840836666714864
16.7965,17.85752666671481
16.3809,17.874196666714735
17.5937,17.8909066667147
16.1483,17.907596666714642
16.6965,17.92427666671481
16.4364,17.940966666714754
16.9528,17.95766666671494
17.3013,17.974336666714866
16.6862,17.991006666714792
17.2904,18.007706666714977
16.7285,18.024356666714883
16.4813,18.04103666671505
16.8453,18.057686666714957
17.495,18.074366666715125
15.8356,18.091026666715276
16.5968,18.1076966667152
16.7318,18.12434666671511
16.5775,18.141026666715277
16.6282,18.157706666715445
16.3709,18.17438666671561
15.7849,18.191076666715556
16.7636,18.20777666671574
16.9374,18.224476666715926
16.4265,18.241146666715853
16.9188,18.257836666715797
16.3908,18.274516666715964
16.9687,18.291206666715908
16.772,18.307906666716097
16.5118,18.324586666716264
17.3519,18.34126666671643
16.291,18.357946666716597
16.5793,18.374596666716506
16.9131,18.39127666671667
16.8356,18.40797666671686
16.7737,18.424636666717007
17.019,18.44134666671697
16.3507,18.457996666716877
16.6065,18.474646666716783
16.339,18.49134666671697
16.4326,18.50800666671712
16.7357,18.524696666717062
17.0264,18.541406666717027
16.8216,18.558066666717174
16.0838,18.574746666717342
17.3404,18.591456666717306
16.376,18.608106666717212
16.6705,18.62478666671738
16.5386,18.641466666717548
17.4466,18.658156666717492
16.6013,18.67483666671766
16.7571,18.691516666717828
15.7775,18.708166666717734
16.9082,18.724856666717677
16.6882,18.74151666671783
16.3922,18.75815666671796
16.7189,18.774826666717882
17.0542,18.791536666717846
17.5244,18.80824666671781
17.0485,18.824896666717716
17.1146,18.8415966667179
16.0196,18.858266666717828
15.1661,18.874986666718033
16.868,18.891656666717957
16.9569,18.908356666718145
16.5267,18.925066666718106
16.4445,18.94175666671805
16.6827,18.9584166667182
16.6884,18.975066666718106
16.8906,18.99177666671807
16.7888,19.008466666718014
16.3641,19.02512666671816
16.8298,19.04179666671809
16.7629,19.058486666718032
17.2983,19.07514666671818
15.5971,19.09180666671833
16.9769,19.108506666718515
16.9843,19.12521666671848
16.3634,19.141896666718647
16.9101,19.158546666718554
16.9819,19.17522666671872
16.5311,19.191926666718906
16.5442,19.208576666718816
17.133,19.22526666671876
16.624,19.24197666671872
16.3727,19.25865666671889
16.6513,19.275306666718794
16.9519,19.29197666671872
16.6782,19.308676666718906
16.506,19.325366666718853
16.7158,19.34201666671876
16.5461,19.358676666718907
16.7839,19.375376666719095
16.0846,19.392036666719243
16.7416,19.40868666671915
17.0184,19.425366666719317
16.5674,19.44205666671926
17.0444,19.458736666719428
16.4258,19.475386666719338
16.8584,19.492086666719523
16.5586,19.50875666671945
16.79,19.525456666719634
16.9886,19.54211666671978
15.7037,19.558776666719933
16.6521,19.5754566667201
16.8066,19.59213666672027
16.6299,19.608816666720436
16.739,19.625476666720584
16.5087,19.64215666672075
16.5491,19.658806666720658
16.5267,19.6754966667206
17.823,19.69218666672055
16.9098,19.70889666672051
15.9672,19.725586666720453
16.4739,19.742276666720397
16.8512,19.758946666720323
17.1049,19.775646666720508
16.6417,19.792336666720452
16.492,19.80901666672062
16.8912,19.825696666720788
16.1406,19.842396666720976
16.2104,19.8590666667209
16.6271,19.87571666672081
16.9943,19.892416666720994
16.5661,19.90909666672116
16.7166,19.925826666721143
16.4395,19.94250666672131
16.5272,19.95916666672146
17.2067,19.975866666721647
16.5074,19.992546666721815
16.7004,20.00919666672172
16.9019,20.025886666721664
16.6666,20.04259666672163
16.4886,20.059256666721776
16.9744,20.075926666721703
17.802,20.092566666721833
15.2814,20.10922666672198
16.6554,20.125916666721924
17.3904,20.142606666721868
16.3694,20.159286666722036
16.7119,20.17597666672198
17.3006,20.19262666672189
16.5141,20.209276666721795
16.9073,20.22597666672198
16.2645,20.242666666721924
15.4569,20.25933666672185
16.7434,20.276006666721777
17.2525,20.29269666672172
16.4751,20.309346666721627
16.5986,20.326016666721554
17.2409,20.342686666721477
16.8554,20.359386666721665
16.7256,20.37608666672185
16.989,20.392746666722
16.7941,20.409436666721945
16.7686,20.426116666722113
16.736,20.442826666722073
16.9228,20.459516666722017
16.4844,20.47622666672198
16.5618,20.492916666721925
17.1318,20.50962666672189
15.8948,20.526286666722037
17.1818,20.54297666672198
16.5304,20.559666666721924
16.5501,20.576316666721834
16.6627,20.592996666721998
16.7235,20.609646666721908
16.4751,20.626296666721814
16.701,20.64294666672172
16.7365,20.659626666721888
16.6776,20.67628666672204
16.562,20.692966666722203
17.0544,20.70964666672237
16.5051,20.726316666722298
16.9839,20.743036666722503
15.1221,20.75971666672267
17.1717,20.77642666672263
16.6299,20.7931066667228
16.1748,20.809776666722726
16.7916,20.82648666672269
16.7731,20.843176666722634
17.0864,20.859856666722802
17.0686,20.876526666722725
16.4373,20.893206666722893
17.7748,20.90988666672306
15.8502,20.926596666723025
16.8024,20.94324666672293
16.9131,20.959936666722875
16.5952,20.976616666723043
16.4538,20.993256666723173
16.834,21.00991666672332
16.707,21.02659666672349
16.8398,21.043286666723432
16.2882,21.05995666672336
17.037,21.076626666723286
15.1049,21.09327666672319
16.9761,21.10995666672336
17.3662,21.126666666723324
16.0558,21.143356666723268
16.8516,21.16004666672321
16.9179,21.176766666723417
16.7625,21.193446666723585
16.7401,21.210086666723715
17.0432,21.226796666723676
16.8621,21.243456666723826
16.5919,21.260136666723994
16.9399,21.27683666672418
16.3627,21.29347666672431
15.8677,21.310176666724495
16.5348,21.32684666672442
17.8042,21.343516666724348
16.7017,21.360196666724516
16.5751,21.376906666724476
16.5219,21.393566666724627
16.7622,21.41025666672457
16.488,21.42693666672474
17.4232,21.443586666724645
16.5266,21.460266666724813
16.625,21.47692666672496
16.9856,21.493636666724925
16.4392,21.51028666672483
16.6046,21.526986666725016
15.2501,21.543656666724942
16.498,21.56033666672511
17.1802,21.577026666725054
16.6582,21.59370666672522
16.9434,21.610426666725427
16.5229,21.627096666725354
16.8475,21.643766666725277
17.139,21.66045666672522
16.6774,21.67715666672541
16.2095,21.693816666725557
16.8182,21.710496666725724
16.5103,21.727176666725892
17.358,21.743836666726043
16.5016,21.760516666726208
16.7149,21.777166666726117
16.6654,21.79385666672606
16.6631,21.81053666672623
16.9585,21.827196666726376
16.7002,21.843856666726527
16.7287,21.86052666672645
16.5426,21.8771866667266
16.6151,21.893856666726524
17.2408,21.910556666726713
16.3702,21.927256666726898
15.5569,21.943966666726862
16.8712,21.960676666726823
16.2043,21.97735666672699
16.8079,21.994046666726934
16.5491,22.010726666727102
17.623,22.027446666727307
16.5802,22.04413666672725
16.8597,22.06083666672744
17.6663,22.077486666727346
15.4606,22.094156666727272
16.588,22.11081666672742
17.1044,22.127486666727346
16.2716,22.14417666672729
16.7282,22.160826666727196
17.0199,22.17752666672738
16.9051,22.194186666727532
16.4827,22.21085666672746
16.7896,22.227516666727606
16.8791,22.24421666672779
16.6554,22.260906666727738
16.2147,22.27757666672766
16.2572,22.29425666672783
16.3754,22.310926666727756
16.7258,22.327606666727924
17.4222,22.34430666672811
16.3393,22.360976666728035
16.8647,22.37766666672798
16.419,22.394336666727906
17.5242,22.41102666672785
15.8609,22.427676666727756
16.7715,22.4443666667277
16.4711,22.461016666727605
17.2152,22.47773666672781
16.5853,22.494436666727996
15.9611,22.511066666727885
16.8793,22.527766666728073
16.834,22.544476666728034
16.5466,22.561186666728
17.2933,22.577866666728166
16.4135,22.59456666672835
16.2626,22.611236666728278
17.0451,22.627916666728446
16.728,22.644566666728352
16.7143,22.6612266667285
16.6227,22.677916666728443
15.8457,22.694566666728353
17.1213,22.7112266667285
16.5096,22.727916666728444
16.4652,22.74456666672835
16.8836,22.761256666728297
16.4794,22.77792666672822
17.3216,22.794636666728184
16.6195,22.81133666672837
16.4859,22.828016666728537
18.0629,22.8447266667285
17.5214,22.861416666728445
16.8735,22.878096666728613
16.4247,22.89474666672852
16.6363,22.911416666728446
16.9487,22.928096666728614
15.5021,22.944776666728778
16.9089,22.961456666728946
15.7869,22.978106666728856
16.6401,22.99477666672878
16.5606,23.01141666672891
16.291,23.028116666729098
16.8047,23.044816666729282
16.5,23.06148666672921
18.3492,23.078186666729394
15.1368,23.094846666729545
16.6954,23.11152666672971
17.1619,23.128206666729877
16.5229,23.144906666730066
17.0289,23.16162666673027
16.5384,23.178326666730456
16.5719,23.195006666730624
16.8783,23.211646666730754
16.9404,23.22836666673096
16.6708,23.245056666730903
16.3962,23.26172666673083
17.1404,23.278446666731032
16.4299,23.29511666673096
16.4757,23.31177666673111
17.4497,23.328446666731033
16.5209,23.34511666673096
16.6558,23.361766666730865
16.9534,23.37846666673105
16.6651,23.3951266667312
16.5178,23.41178666673135
16.7938,23.428476666731296
16.1726,23.445116666731426
15.385,23.461776666731573
17.2287,23.4784466667315
17.226,23.495136666731444
16.6851,23.511846666731405
16.7745,23.52856666673161
16.2195,23.54522666673176
17.7088,23.561896666731684
16.7057,23.57856666673161
16.6259,23.595236666731537
15.0813,23.611946666731498
16.7932,23.628646666731687
16.4517,23.645326666731854
17.2379,23.661996666731778
16.3334,23.678646666731684
17.4616,23.695286666731814
18.2455,23.711986666732003
16.7161,23.72865666673193
16.6502,23.745336666732094
16.6318,23.76201666673226
16.9967,23.778676666732412
16.6564,23.79535666673258
16.4482,23.812036666732748
16.67,23.828686666732654
16.7841,23.84535666673258
15.7138,23.862046666732525
16.8252,23.878726666732693
16.6665,23.895436666732653
16.9269,23.91213666673284
16.3491,23.92881666673301
16.5255,23.945506666732953
15.2303,23.96218666673312
16.8905,23.978896666733082
16.334,23.99557666673325
17.143,24.012286666733214
16.3991,24.028976666733158
16.393,24.045626666733064
17.2079,24.06229666673299
16.6364,24.078956666733138
17.2894,24.095626666733065
15.4096,24.11227666673297
17.0978,24.12895666673314
16.6151,24.145606666733045
16.8226,24.16231666673301
16.4124,24.178966666732915
17.0535,24.19565666673286
16.6896,24.212376666733064
16.2255,24.22903666673321
17.0024,24.245756666733417
16.5466,24.26244666673336
16.8784,24.279166666733566
16.3315,24.295826666733717
16.8338,24.312536666733678
16.8111,24.329206666733604
16.6906,24.345916666733565
16.3832,24.362556666733695
17.0383,24.379236666733863
16.3447,24.39591666673403
17.4582,24.41255666673416
16.799,24.429246666734105
16.4976,24.445906666734256
15.8213,24.462576666734183
17.0819,24.47923666673433
16.4362,24.495926666734274
16.4834,24.51257666673418
17.5106,24.529296666734385
16.3164,24.545936666734516
16.8561,24.56265666673472
17.1538,24.579356666734906
15.288,24.596026666734833
17.2777,24.61269666673476
16.9566,24.629376666734927
16.555,24.64604666673485
16.861,24.662716666734777
16.3386,24.679396666734945
16.8164,24.696036666735075
16.6825,24.712716666735243
16.6361,24.729356666735374
16.5657,24.74601666673552
16.6666,24.76269666673569
17.4021,24.779366666735616
15.6581,24.796046666735784
17.0424,24.81272666673595
17.1372,24.829426666736136
16.4948,24.84611666673608
17.0434,24.86281666673627
17.0158,24.879536666736474
16.7892,24.896216666736642
17.0374,24.912916666736827
16.3094,24.929596666736995
15.5817,24.946306666736955
16.5522,24.963006666737144
16.4953,24.97968666673731
17.1992,24.996326666737442
16.8539,25.012996666737365
16.2236,25.029656666737516
16.1891,25.046296666737646
17.0228,25.063006666737607
16.759,25.079696666737554
17.8298,25.096366666737477
15.5303,25.11305666673742
16.2282,25.129716666737572
16.8559,25.14639666673774
17.1388,25.163096666737925
16.6911,25.17980666673789
16.5612,25.196486666738057
16.4865,25.213166666738225
16.8839,25.22984666673839
16.4169,25.2464966667383
17.2663,25.263186666738243
16.6709,25.27983666673815
16.6683,25.296536666738334
16.6029,25.31320666673826
16.9678,25.329896666738204
16.7371,25.34654666673811
16.4542,25.363236666738057
17.3154,25.37995666673826
16.4228,25.39660666673817
17.6001,25.413306666738354
16.0591,25.429996666738298
15.0566,25.446676666738465
16.608,25.463336666738613
17.0296,25.48001666673878
16.6852,25.49665666673891
18.1358,25.513366666738875
16.1985,25.530036666738802
16.8761,25.546706666738725
16.6562,25.563406666738913
16.784,25.58008666673908
16.4683,25.596756666739005
16.8502,25.613456666739193
16.3764,25.63013666673936
17.2121,25.646856666739563
16.3666,25.66354666673951
16.4437,25.68018666673964
17.1412,25.6968966667396
16.584,25.713546666739507
16.3144,25.730196666739417
16.8243,25.746856666739564
16.6026,25.763536666739732
16.7423,25.780186666739638
16.6127,25.796856666739565
16.6774,25.81350666673947
15.8361,25.830206666739656
16.3345,25.846896666739603
17.0211,25.863576666739768
16.6176,25.880276666739956
16.4424,25.8969666667399
17.3372,25.913646666740068
17.9125,25.930356666740032
16.1278,25.947036666740196
16.8461,25.9637566667404
16.9896,25.980446666740345
16.5199,25.997126666740513
16.3602,26.01379666674044
16.7363,26.030446666740346
17.0136,26.047126666740514
15.5332,26.063806666740682
16.2396,26.08047666674061
17.6475,26.097126666740515
15.67,26.113806666740683
17.3306,26.13045666674059
17.9346,26.14711666674074
16.2068,26.163766666740646
15.2262,26.180446666740814
17.1199,26.19712666674098
16.3119,26.21378666674113
16.5246,26.230466666741297
17.311,26.247196666741278
16.5075,26.263906666741242
16.2995,26.280576666741165
16.9833,26.297276666741354
16.9773,26.313986666741314
16.5737,26.330666666741482
16.7923,26.347376666741447
16.4714,26.36406666674139
16.6563,26.380746666741558
16.9274,26.397446666741743
16.5276,26.414086666741873
16.9095,26.4307566667418
16.6054,26.44746666674176
16.9077,26.46411666674167
16.5952,26.480766666741577
16.7613,26.497446666741745
17.016,26.514126666741912
16.4817,26.53080666674208
16.6064,26.547496666742024
16.6234,26.56414666674193
16.7227,26.580816666741857
16.6024,26.597466666741763
16.8806,26.614156666741707
16.6218,26.63086666674167
17.0316,26.647546666741835
16.5633,26.664226666742003
17.0101,26.68090666674217
16.0699,26.69760666674236
15.8842,26.714276666742283
17.0716,26.73097666674247
16.9885,26.74765666674264
16.6521,26.764326666742562
16.8357,26.780976666742472
16.7123,26.797646666742395
16.5299,26.81433666674234
17.3153,26.831056666742544
17.3959,26.847716666742695
16.6719,26.8643666667426
14.6344,26.88104666674277
16.8606,26.897736666742713
17.0486,26.91441666674288
16.5707,26.931106666742824
16.7541,26.94782666674303
16.6432,26.964526666743215
16.791,26.98124666674342
16.7472,26.99788666674355
16.7658,27.014556666743477
17.0061,27.031256666743662
16.2685,27.04793666674383
16.7212,27.064586666743736
16.9006,27.081286666743924
17.5968,27.097966666744092
15.4963,27.114606666744223
16.8278,27.13125666674413
16.7646,27.147916666744276
16.5477,27.164596666744444
16.9317,27.181296666744633
16.4049,27.19795666674478
16.8059,27.214656666744965
16.6173,27.23136666674493
16.641,27.248016666744835
17.2917,27.2647266667448
16.4925,27.281406666744967
16.5997,27.298086666745135
16.5902,27.31473666674504
17.1947,27.331456666745247
16.6577,27.34814666674519
16.1795,27.36482666674536
17.0905,27.381506666745526
17.3213,27.398186666745694
16.5111,27.414876666745638
16.6288,27.431556666745806
16.8494,27.448266666745766
16.2637,27.464966666745955
15.0857,27.48164666674612
16.8439,27.49828666674625
16.5334,27.514926666746383
17.9555,27.531636666746344
16.0501,27.54828666674625
17.5823,27.564976666746194
16.6192,27.581686666746158
16.8973,27.598366666746326
16.3539,27.615016666746232
16.5643,27.63166666674614
16.6171,27.648346666746306
16.8134,27.665026666746474
16.6731,27.681716666746418
17.0182,27.698386666746345
16.3321,27.715066666746512
16.6792,27.73171666674642
16.3974,27.748366666746325
16.269,27.765046666746493
16.2109,27.78171666674642
17.2986,27.798416666746604
16.852,27.81512666674657
17.4085,27.83183666674653
16.5648,27.848506666746456
16.9376,27.865186666746624
16.6656,27.881876666746567
16.6134,27.898556666746735
16.479,27.915236666746903
16.4129,27.931876666747034
15.5473,27.94857666674722
16.7558,27.965256666747386
16.4048,27.981906666747296
17.6621,27.99858666674746
17.6744,28.01528666674765
17.0057,28.031936666747555
16.8769,28.04860666674748
16.492,28.065276666747405
17.1624,28.081966666747352
15.028,28.098646666747516
15.2088,28.115306666747667
16.9516,28.131986666747835
16.5548,28.14867666674778
17.5718,28.165336666747926
17.0709,28.181996666748077
16.8185,28.198706666748038
16.545,28.215396666747985
16.5291,28.232076666748153
17.072,28.248776666748338
14.9933,28.265456666748506
16.6178,28.282136666748674
16.9455,28.298826666748617
16.3798,28.315496666748544
16.873,28.332166666748467
16.8783,28.34885666674841
16.7745,28.365546666748354
16.4488,28.38221666674828
16.4415,28.398886666748208
17.4061,28.415536666748114
16.463,28.432226666748058
17.2533,28.448936666748022
16.4035,28.465586666747928
17.3005,28.48227666674787
16.7195,28.498966666747815
16.7144,28.515666666748004
16.6195,28.532336666747927
16.5174,28.54904666674789
16.3555,28.565736666747835
16.9241,28.58243666674802
16.3669,28.599106666747947
17.0101,28.615776666747873
16.4256,28.63245666674804
17.0065,28.649146666747985
16.4139,28.665826666748153
16.726,28.6824866667483
16.4828,28.699136666748206
17.0819,28.715806666748133
16.5554,28.73247666674806
16.7142,28.749156666748227
16.4863,28.76584666674817
16.7027,28.78250666674832
16.0253,28.799176666748245
16.8861,28.815836666748393
16.7953,28.83251666674856
16.7421,28.849226666748525
16.2384,28.865906666748693
17.7113,28.8825566667486
16.5622,28.899256666748784
16.2506,28.91592666674871
16.7261,28.932606666748878
17.0625,28.949286666749046
16.1808,28.96598666674923
20.2298,28.9826666667494
16.9783,28.99932666674955
12.1814,29.015956666749435
16.8471,29.032656666749624
16.5147,29.049346666749567
16.8043,29.066026666749735
16.6271,29.082706666749903
17.0031,29.099416666749864
17.3508,29.116126666749828
17.5132,29.132786666749976
15.0253,29.149466666750143
16.6859,29.166156666750087
16.5095,29.18284666675003
16.9437,29.199536666749978
16.9449,29.216236666750163
16.3828,29.23289666675031
17.0564,29.249586666750258
16.5384,29.266226666750388
16.8355,29.282866666750518
17.1214,29.29957666675048
16.6048,29.316286666750443
16.3586,29.33296666675061
16.9499,29.34967666675057
16.3797,29.366326666750478
17.0049,29.383006666750646
16.5332,29.399696666750593
16.7644,29.416366666750516
16.4731,29.433036666750443
16.8871,29.449746666750404
16.5474,29.466406666750554
16.5431,29.483046666750685
16.5512,29.49971666675061
16.7724,29.51635666675074
16.6247,29.53303666675091
16.5267,29.549716666751074
16.688,29.566416666751262
16.5107,29.58307666675141
17.0795,29.59980666675139
16.612,29.61648666675156
16.0916,29.633166666751727
16.662,29.64985666675167
16.5774,29.66653666675184
17.9014,29.683246666751803
15.7393,29.69992666675197
16.9231,29.71660666675214
16.4534,29.733256666752045
17.3234,29.749936666752212
17.0117,29.7665666667521
16.8173,29.783256666752045
15.8165,29.79995666675223
16.7796,29.816656666752415
16.3933,29.833346666752362
16.4582,29.85000666675251
16.6628,29.866686666752678
17.2756,29.883346666752825
17.1042,29.900036666752772
16.709,29.916736666752957
16.2548,29.9334266667529
17.4892,29.95010666675307
16.6587,29.966796666753012
16.0873,29.98344666675292
16.0999,30.000116666752845
16.3014,30.01680666675279
16.8572,30.033506666752974
16.8426,30.05018666675314
16.8368,30.066896666753106
16.6512,30.08358666675305
16.39,30.100256666752976
16.9498,30.1169266667529
17.6414,30.13357666675281
15.6871,30.15028666675277
17.0724,30.166966666752938
17.3906,30.183636666752864
15.6118,30.20028666675277
16.6282,30.216986666752955
16.5371,30.233646666753106
16.8303,30.250316666753033
16.4246,30.267006666752977
17.4954,30.283656666752883
16.627,30.30032666675281
16.9176,30.316996666752733
16.4222,30.3336766667529
16.9964,30.350386666752865
16.6199,30.367096666752825
17.2296,30.383776666752993
16.3286,30.40044666675292
15.8669,30.417126666753088
16.5105,30.433806666753256
16.8727,30.45052666675346
16.8481,30.467246666753663
16.344,30.483906666753814
16.6206,30.50057666675374
17.1521,30.517226666753647
16.8707,30.533906666753815
16.4907,30.550566666753962
16.7525,30.56724666675413
16.8874,30.583936666754074
16.3442,30.60061666675424
17.1581,30.61729666675441
16.8345,30.633966666754336
16.4953,30.65063666675426
16.7487,30.667326666754203
16.8595,30.684036666754167
16.1819,30.700706666754094
16.4404,30.717386666754262
16.7785,30.734056666754185
16.5051,30.750706666754095
16.7749,30.76738666675426
16.8921,30.784056666754186
16.4522,30.800706666754092
17.0858,30.817416666754056
17.2141,30.834106666754
15.1884,30.850756666753906
17.3979,30.86744666675385
16.9376,30.884116666753776
17.0517,30.90081666675396
16.5157,30.91749666675413
16.802,30.934166666754056
16.899,30.950846666754224
15.6001,30.967536666754167
16.8251,30.98419666675432
17.2715,31.000876666754483
16.6622,31.01754666675441
15.6544,31.034196666754315
16.7727,31.050876666754483
16.8877,31.06755666675465
17.174,31.08423666675482
17.6184,31.100936666755004
16.5564,31.117586666754914
17.5095,31.134256666754837
15.7482,31.150936666755005
17.0222,31.16762666675495
16.1618,31.184326666755137
15.5664,31.201046666755342
16.3933,31.217716666755265
17.3299,31.234396666755433
16.5008,31.251096666755622
16.8699,31.267796666755807
16.7097,31.28448666675575
16.9019,31.301176666755694
16.5206,31.317856666755862
17.3028,31.33453666675603
16.4706,31.351206666755957
17.1308,31.36787666675588
16.5435,31.384586666755844
17.6379,31.401276666755788
14.3451,31.41793666675594
16.947,31.43460666675586
16.5949,31.45128666675603
17.64,31.467976666755973
16.3827,31.4846466667559
16.8348,31.501306666756047
16.5925,31.517976666755974
16.6633,31.53462666675588
17.0761,31.551316666755824
16.4249,31.567966666755733
17.005,31.584676666755694
16.4641,31.601336666755845
16.7327,31.61802666675579
16.2722,31.634676666755695
15.8405,31.65136666675564
16.685,31.668056666755582
16.5348,31.68473666675575
17.5609,31.701456666755956
17.4394,31.718116666756103
15.1605,31.73479666675627
17.4534,31.75147666675644
17.328,31.768156666756607
16.8532,31.784816666756758
16.5589,31.801496666756925
16.7287,31.818176666757093
16.6946,31.83483666675724
16.8875,31.851546666757205
17.0141,31.868206666757352
16.5143,31.884896666757296
16.4032,31.901596666757484
16.5704,31.918236666757615
16.9153,31.93492666675756
16.6477,31.951616666757502
16.5748,31.968306666757446
16.6395,31.984986666757614
16.2991,32.00167666675756
15.8729,32.0183666667575
16.5503,32.03504666675767
17.2054,32.05171666675759
16.9017,32.06840666675754
16.1402,32.0851166667575
16.1437,32.10177666675765
17.0626,32.118476666757836
17.4376,32.13514666675776
15.7188,32.15184666675795
16.4875,32.168516666757874
17.5836,32.18514666675776
16.481,32.201816666757686
16.6081,32.21847666675784
17.1843,32.235156666758
16.2641,32.25181666675815
17.0302,32.26851666675834
16.4227,32.28516666675824
16.6431,32.301846666758415
16.6811,32.318506666758566
16.6593,32.33518666675873
16.3878,32.351906666758936
16.535,32.36857666675886
17.584,32.38527666675905
16.5771,32.40191666675918
16.8873,32.418606666759125
16.4319,32.43526666675927
16.6671,32.451936666759195
16.6415,32.46861666675937
17.3843,32.48531666675955
15.6351,32.50203666675976
16.6335,32.51869666675991
16.4709,32.53536666675983
17.1267,32.55206666676002
17.1172,32.56877666675998
16.3113,32.58543666676013
16.8161,32.602116666760296
16.5509,32.61879666676046
16.9308,32.63550666676043
16.4442,32.652156666760334
16.8123,32.668796666760464
16.6049,32.685486666760404
15.9658,32.702186666760596
17.4134,32.71882666676073
17.2066,32.73550666676089
16.2021,32.75218666676106
16.1995,32.76888666676125
18.1246,32.78557666676119
14.8621,32.80223666676134
16.5427,32.81891666676151
16.5829,32.835596666761674
16.9607,32.8522666667616
16.8812,32.868966666761786
16.5552,32.88566666676197
17.0897,32.90234666676214
16.1768,32.91901666676206
16.9108,32.93567666676221
16.5498,32.95234666676214
17.4434,32.969046666762324
16.3604,32.985726666762496
16.6598,33.002436666762456
16.1212,33.01910666676238
17.3357,33.03578666676255
16.758,33.05248666676273
16.7218,33.06917666676268
16.3355,33.08585666676285
17.0272,33.10256666676281
15.7877,33.11923666676274
17.9409,33.13589666676288
15.7644,33.15258666676283
16.7054,33.169256666762756
17.3337,33.18595666676294
15.7871,33.20260666676285
16.6257,33.21925666676275
17.0463,33.235916666762904
16.7374,33.25259666676307
16.9196,33.269266666762995
16.4002,33.28595666676294
17.077,33.30264666676288
16.232,33.31931666676281
16.7335,33.33597666676296
16.9505,33.352656666763124
16.6596,33.36934666676307
16.5256,33.386026666763236
16.5694,33.40267666676314
16.6452,33.41936666676309
16.8646,33.43604666676326
16.3292,33.45275666676322
16.6867,33.46942666676315
16.8645,33.48612666676333
16.5845,33.5028066667635
16.8707,33.519496666763445
16.5548,33.536156666763596
16.5758,33.55285666676378
16.413,33.569536666763945
16.9887,33.58623666676413
17.4764,33.60292666676408
16.7456,33.619616666764024
16.4963,33.636286666763944
16.8875,33.65297666676389
16.4772,33.66966666676383
16.4643,33.68630666676397
16.7342,33.70298666676413
16.7175,33.71963666676404
16.9935,33.736326666763986
16.4944,33.75297666676389
16.9257,33.76964666676382
16.3259,33.78628666676395
16.1419,33.80299666676391
16.2664,33.819646666763816
16.6606,33.83631666676374
16.6995,33.85300666676368
16.83,33.869706666763875
17.6539,33.88638666676404
15.8688,33.903096666764
16.4816,33.91978666676395
16.8516,33.93646666676411
16.3736,33.95315666676406
17.3882,33.969826666763986
17.1802,33.986536666763946
17.1678,34.00321666676411
15.3627,34.0199166667643
16.7927,34.03657666676445
16.7025,34.05324666676437
16.9449,34.0699166667643
16.4131,34.08659666676447
16.9879,34.103276666764636
16.6459,34.11996666676458
17.243,34.13661666676449
15.5302,34.15327666676463
16.7153,34.16994666676456
16.5162,34.18660666676471
16.87,34.203286666764875
16.631,34.21999666676484
16.8811,34.23668666676478
17.2538,34.253366666764954
16.6014,34.27001666676486
16.7681,34.286696666765025
16.388,34.30341666676523
16.5153,34.32008666676516
16.9249,34.33678666676534
16.2538,34.35346666676551
16.7511,34.37015666676545
17.3578,34.3868466667654
16.5665,34.40348666676553
16.3961,34.420166666765695
16.9637,34.43687666676566
16.5241,34.45353666676581
16.8242,34.47020666676573
16.5586,34.486886666765905
16.6402,34.50354666676605
16.6096,34.520216666765975
16.9197,34.53690666676592
16.873,34.55355666676583
16.9195,34.57026666676579
16.5596,34.586936666765716
16.5608,34.60358666676562
17.2007,34.62028666676581
15.0426,34.63693666676571
16.9788,34.65360666676564
17.0534,34.6703166667656
16.4709,34.68699666676577
17.1425,34.70368666676572
16.4946,34.72039666676568
16.5809,34.737046666765586
16.455,34.75372666676575
16.6627,34.77039666676568
17.0572,34.78707666676585
17.3115,34.80375666676601
16.9679,34.820436666766184
15.0126,34.83708666676609
16.8325,34.853766666766255
16.8896,34.87041666676616
16.9691,34.88707666676631
16.5904,34.90376666676626
16.9641,34.92048666676646
16.6655,34.93720666676666
16.2681,34.953856666766576
16.9158,34.97056666676654
16.4921,34.9872466667667
17.4204,35.00392666676687
16.8283,35.0205966667668
16.9046,35.037296666766984
16.3666,35.05395666676713
17.1559,35.070626666767055
16.0126,35.087266666767185
15.8672,35.10394666676736
16.6369,35.12065666676732
18.1746,35.13731666676747
14.8738,35.15399666676763
17.0165,35.1707066667676
16.6739,35.18739666676754
16.4647,35.20405666676769
16.6414,35.22074666676763
16.8712,35.2374266667678
16.819,35.25412666676799
16.8019,35.270796666767914
16.6358,35.287486666767855
17.0007,35.3041766667678
15.9636,35.32086666676775
16.7815,35.337516666767655
17.5765,35.35421666676784
16.598,35.370896666768004
16.5982,35.38756666676793
16.8858,35.404266666768116
16.6033,35.42092666676827
16.8597,35.43760666676844
16.4032,35.45426666676858
16.746,35.47093666676851
16.5001,35.487606666768436
17.1274,35.504316666768396
16.2574,35.52097666676855
16.7247,35.537646666768474
16.7013,35.55432666676864
16.6161,35.57098666676879
16.9613,35.58769666676875
16.556,35.60436666676868
16.8398,35.62104666676885
16.7707,35.63774666676903
15.6589,35.6544266667692
17.0868,35.671116666769144
16.4715,35.687806666769085
16.4601,35.704486666769256
17.1151,35.72116666676942
16.6211,35.73785666676937
16.9417,35.754506666769274
17.1077,35.7711766667692
15.7977,35.787876666769385
16.572,35.80452666676929
17.1071,35.8212466667695
16.3812,35.83790666676965
16.8101,35.854576666769574
16.7014,35.871266666769515
17.0128,35.887976666769475
16.4798,35.9046466667694
16.7643,35.92135666676937
16.9888,35.938036666769534
16.5335,35.954676666769664
17.0345,35.971386666769625
17.0942,35.98805666676955
16.8617,36.00473666676972
16.3836,36.02141666676989
16.0604,36.03811666677007
16.5942,36.05478666677
16.2819,36.07147666676995
15.7666,36.08812666676985
16.5856,36.10480666677002
16.7366,36.121496666769964
18.4779,36.13814666676987
15.0259,36.154796666769776
16.901,36.17145666676993
16.5287,36.188126666769854
16.2737,36.20477666676976
16.704,36.221436666769904
16.7107,36.238096666770055
16.5426,36.254756666770206
16.7477,36.27142666677013
16.68,36.28809666677006
16.6776,36.30477666677022
16.7812,36.32145666677039
16.6181,36.33813666677056
17.2828,36.35484666677052
16.7318,36.37155666677049
16.2961,36.38823666677065
16.8226,36.40493666677084
16.9403,36.42166666677082
16.7152,36.438386666771024
17.468,36.45510666677123
17.4618,36.47178666677139
16.3344,36.488466666771565
17.2541,36.50516666677175
15.3343,36.521816666771656
17.0575,36.53847666677181
16.4414,36.55515666677197
17.0964,36.57184666677192
15.7821,36.588496666771825
16.7342,36.605176666771996
16.2064,36.621816666772126
17.6944,36.63853666677233
16.129,36.655216666772496
17.0007,36.67188666677242
16.3958,36.68857666677236
17.0957,36.705276666772555
16.4351,36.72197666677274
17.5243,36.738626666772646
17.3324,36.75533666677261
16.7025,36.77200666677253
16.092,36.7886866667727
16.827,36.80532666677283
16.4255,36.822006666773
15.2751,36.838706666773184
16.3808,36.85539666677313
16.7592,36.87204666677304
16.3378,36.88870666677319
17.4645,36.90542666677339
16.3967,36.92208666677354
16.8321,36.93876666677371
16.4023,36.955446666773874
18.0319,36.97216666677408
16.474,36.98884666677424
16.8108,37.005526666774415
16.9783,37.022186666774566
17.0344,37.03888666677475
16.2896,37.05557666677469
17.0938,37.07221666677482
16.6906,37.08889666677499
16.462,37.1055466667749
16.8465,37.122246666775084
17.4303,37.138886666775214
14.9057,37.1555866667754
16.7334,37.172236666775305
15.9661,37.18894666677527
16.5182,37.20559666677518
17.1326,37.22228666677512
16.0831,37.23896666677529
17.2188,37.25565666677523
16.3807,37.2723366667754
16.6762,37.28899666677555
17.0496,37.30567666677572
16.5782,37.32232666677562
17.2086,37.33903666677559
16.4861,37.355716666775756
16.7161,37.372426666775716
16.4725,37.38908666677587
17.4595,37.40580666677607
15.9998,37.422466666776224
16.9906,37.439176666776184
16.491,37.45587666677637
16.4686,37.47255666677654
16.5878,37.489236666776705
17.1509,37.505876666776835
16.5074,37.522536666776986
16.3917,37.53919666677714
16.7639,37.5558766667773
15.8385,37.57252666677721
17.1509,37.58922666677739
16.2857,37.60586666677752
16.9556,37.622546666777694
16.8094,37.639236666777634
16.0308,37.655916666777806
17.3318,37.67262666677777
16.714,37.68932666677795
16.7834,37.70604666677816
16.2973,37.72272666677833
17.7548,37.739396666778255
16.6363,37.756066666778175
16.7437,37.77276666677837
16.4502,37.78941666677827
16.779,37.80608666677819
16.8828,37.82277666677814
16.6713,37.839446666778066
16.6003,37.85611666677799
16.9147,37.87278666677792
16.1564,37.889466666778084
15.9741,37.906176666778045
16.5319,37.92287666677823
16.5176,37.93956666677818
17.4309,37.95624666677834
17.0586,37.97294666677853
16.3231,37.98963666677847
16.6484,38.00628666677838
16.8102,38.02297666677833
17.2609,38.03964666677825
16.9077,38.05634666677844
16.6409,38.0730266667786
16.4082,38.08966666677873
16.554,38.106326666778884
15.2276,38.12301666677883
18.1535,38.139676666778975
15.2051,38.156336666779126
17.1291,38.173046666779086
17.3043,38.189736666779034
17.0183,38.206396666779185
17.2183,38.223086666779125
16.7301,38.23973666677903
14.7129,38.2564166667792
17.1267,38.27311666677939
16.4317,38.28979666677956
17.091,38.3064866667795
17.2145,38.32316666677967
15.7248,38.339816666779576
16.8324,38.35645666677971
16.4826,38.37312666677963
17.7145,38.38978666677978
16.4276,38.406476666779724
16.5345,38.42314666677965
17.017,38.439826666779815
16.5779,38.45652666678
16.5146,38.47318666678015
17.0747,38.48990666678036
16.3697,38.506596666780304
16.6745,38.52327666678047
16.84,38.539966666780415
16.527,38.55662666678056
16.8964,38.57331666678051
16.4667,38.59000666678045
16.9157,38.60668666678062
16.4162,38.62334666678077
17.1793,38.64002666678093
16.6174,38.656666666781064
16.8664,38.673376666781024
15.2169,38.69004666678095
16.7184,38.70672666678112
16.7206,38.72340666678129
17.403,38.74006666678144
16.4015,38.7567466667816
17.4283,38.77340666678175
16.6767,38.79007666678168
16.7722,38.806776666781865
16.5058,38.823456666782036
16.5869,38.84010666678194
16.6358,38.85678666678211
16.8608,38.87345666678203
16.5013,38.8901366667822
17.1297,38.90681666678237
16.514,38.923516666782554
16.433,38.940196666782725
16.7089,38.95687666678289
16.6067,38.973546666782816
16.0026,38.99021666678274
16.9827,39.00691666678293
16.3757,39.02359666678309
17.0259,39.04030666678306
16.8007,39.057006666783245
16.2513,39.07368666678341
16.6723,39.090336666783315
16.8362,39.10701666678349
16.9865,39.12373666678369
17.4671,39.14043666678388
15.3578,39.15713666678406
16.7203,39.17378666678397
16.5976,39.190496666783936
16.4535,39.20715666678408
17.1032,39.22381666678423
16.904,39.24048666678416
16.7708,39.25721666678414
16.2515,39.2738966667843
16.9897,39.29056666678423
16.541,39.30722666678438
16.556,39.32389666678431
17.0158,39.34061666678451
16.4968,39.35727666678466
16.841,39.373986666784624
15.8955,39.39066666678479
16.6809,39.407356666784736
17.2832,39.42400666678464
16.6516,39.44070666678483
17.0804,39.45735666678473
18.3257,39.47404666678468
16.6826,39.49073666678462
16.4918,39.50737666678475
16.6672,39.52404666678468
16.8965,39.540696666784584
14.915,39.557376666784755
16.6442,39.57405666678492
16.9486,39.59074666678487
16.6539,39.607416666784786
17.0558,39.62409666678496
17.0853,39.6407866667849
15.128,39.657456666784825
16.545,39.674136666784996
16.6982,39.690826666784936
17.3318,39.70749666678486
16.7888,39.72416666678479
16.8446,39.74085666678474
16.0243,39.75750666678464
16.832,39.77417666678456
17.2408,39.79088666678453
16.2655,39.80752666678466
17.5647,39.824226666784845
16.1227,39.84090666678501
16.041,39.8576066667852
16.4017,39.874286666785366
17.0004,39.89096666678554
16.5428,39.90763666678546
16.7877,39.924326666785404
16.5757,39.94099666678533
17.426,39.95768666678527
16.8318,39.97440666678548
16.0565,39.99105666678538
17.6576,40.00776666678535
15.5492,40.02441666678526
17.0523,40.04113666678546
16.3821,40.05783666678565
16.9154,40.07454666678561
16.6492,40.09120666678576
16.952,40.107876666785685
17.0335,40.12454666678561
16.311,40.14118666678574
17.0596,40.15786666678591
15.4312,40.17451666678581
16.9179,40.19120666678576
16.9985,40.20784666678589
16.8158,40.22453666678583
16.5805,40.24117666678596
16.812,40.257896666786166
16.5329,40.27459666678635
16.9548,40.29127666678652
16.6768,40.30799666678673
16.3936,40.32467666678689
16.4334,40.34138666678686
16.4076,40.35805666678678
16.9512,40.37475666678697
16.3972,40.39140666678688
17.709,40.40808666678704
16.3765,40.424766666787214
15.5577,40.44143666678713
17.0219,40.45810666678706
16.7854,40.47479666678701
17.4097,40.49151666678721
16.689,40.50816666678712
16.7434,40.52484666678728
16.3066,40.54151666678721
16.9939,40.558236666787415
16.7523,40.574946666787376
16.6034,40.59162666678755
16.8671,40.60832666678773
16.8106,40.62498666678788
16.7847,40.64163666678779
16.4155,40.65827666678792
17.0014,40.67498666678788
16.6863,40.69169666678784
16.2739,40.70835666678799
17.1529,40.725036666788164
16.4087,40.74170666678808
16.5858,40.758356666787996
16.4682,40.7750066667879
17.1452,40.79168666678807
17.3576,40.808376666788014
16.2325,40.825066666787954
16.6297,40.84171666678786
16.7162,40.85836666678777
15.7222,40.875056666787714
15.9028,40.891696666787844
16.584,40.908356666787995
16.8213,40.92502666678792
16.6525,40.94171666678786
16.4948,40.95839666678803
16.7178,40.97504666678794
16.9953,40.991716666787866
17.0206,41.00841666678805
16.5576,41.025096666788215
16.7062,41.04178666678816
16.5267,41.05846666678833
16.5875,41.0751466667885
16.7477,41.09183666678844
17.0352,41.108546666788406
16.4541,41.125236666788346
16.4399,41.14190666678827
17.4793,41.15858666678844
15.6097,41.17524666678859
16.7109,41.191916666788515
16.9421,41.20860666678846
16.9988,41.22530666678865
16.401,41.24198666678881
17.4299,41.258686666788996
16.5153,41.27532666678913
16.8793,41.292016666789074
16.9757,41.308746666789055
16.9964,41.32542666678922
15.4136,41.342146666789425
16.647,41.35883666678937
18.0493,41.37552666678931
16.8475,41.392206666789484
16.0671,41.40888666678965
15.7079,41.425576666789595
16.5651,41.442286666789556
16.7387,41.45894666678971
16.6986,41.47562666678987
16.3542,41.4922966667898
17.9555,41.50895666678995
17.1712,41.52566666678991
16.5554,41.54234666679008
16.2052,41.559006666790225
16.8032,41.57569666679017
16.7995,41.59234666679008
16.8335,41.60902666679025
16.7301,41.625706666790414
15.3707,41.642346666790544
16.4584,41.65904666679073
16.6655,41.67570666679088
16.9056,41.69237666679081
16.4765,41.70901666679094
17.1173,41.7257266667909
16.517,41.74238666679105
17.8117,41.75907666679099
16.4421,41.77573666679114
16.9845,41.79242666679109
16.5659,41.80913666679105
15.8356,41.82583666679123
16.4848,41.842516666791404
16.4455,41.85916666679131
16.9036,41.875846666791475
16.8223,41.8925166667914
18.7626,41.90923666679161
14.4023,41.92594666679157
17.2558,41.942656666791535
17.0662,41.959326666791455
16.5494,41.97597666679137
17.0098,41.99265666679153
16.497,42.00932666679146
16.1951,42.02603666679142
16.4488,42.04274666679138
16.9285,42.05941666679131
17.7853,42.076086666791234
16.7231,42.092746666791385
16.9141,42.10939666679129
17.0885,42.12608666679123
16.463,42.1427666667914
17.555,42.15941666679131
15.3766,42.176106666791256
15.1616,42.192796666791196
16.5312,42.20946666679112
16.6956,42.22616666679131
16.4229,42.24282666679146
17.1353,42.2595166667914
16.8655,42.27621666679159
15.937,42.292876666791734
17.0376,42.309576666791926
16.629,42.32627666679211
16.5412,42.34294666679204
16.7829,42.35961666679196
16.8245,42.37627666679211
17.0064,42.392946666792035
16.3992,42.4096266667922
16.7311,42.42627666679211
16.9754,42.44292666679202
17.0718,42.45963666679198
16.4431,42.47629666679213
16.5445,42.49294666679204
16.6618,42.50963666679198
16.6564,42.52628666679188
16.6424,42.542966666792054
16.8431,42.55964666679222
16.3693,42.576316666792145
17.0155,42.59301666679233
16.4179,42.6096966667925
17.0012,42.62636666679243
16.4605,42.643036666792355
16.8123,42.659746666792316
16.422,42.67641666679224
16.9879,42.69311666679243
16.3627,42.70979666679259
16.9882,42.72647666679276
16.5851,42.7431666667927
16.272,42.759846666792875
17.0826,42.77654666679306
15.8479,42.79320666679321
16.9147,42.80989666679315
17.3916,42.8265566667933
16.8503,42.84324666679325
16.7614,42.85993666679319
16.579,42.876636666793374
16.3832,42.89328666679328
17.0308,42.90998666679347
16.6355,42.926666666793636
17.0327,42.94333666679356
16.5418,42.96001666679373
17.2443,42.976686666793654
16.6519,42.99335666679358
17.0354,43.010056666793766
16.4663,43.02670666679367
16.8604,43.04339666679362
16.3493,43.06008666679356
17.0238,43.07676666679373
16.5095,43.09341666679364
16.6935,43.11008666679356
16.6009,43.12676666679373
16.7329,43.143456666793675
16.1802,43.16013666679384
15.3793,43.176786666793745
16.5315,43.19346666679392
16.9124,43.210136666793844
16.5254,43.22683666679403
17.3525,43.243486666793935
16.9039,43.26018666679412
16.6254,43.276886666794304
16.6349,43.29355666679423
16.3443,43.3102666667942
16.6615,43.32695666679414
16.6623,43.343646666794086
16.4255,43.36032666679425
16.6637,43.3769866667944
17.9189,43.393666666794566
18.3817,43.410376666794534
16.2931,43.42707666679472
15.7389,43.44373666679487
15.2937,43.46045666679507
16.2413,43.4770966667952
16.9296,43.493786666795145
16.7311,43.51045666679507
16.6833,43.52715666679526
16.6652,43.543826666795184
16.4289,43.56047666679509
16.6645,43.577126666794996
16.9498,43.59378666679515
17.4643,43.61050666679535
16.5735,43.6271666667955
16.5597,43.64384666679567
15.7849,43.66050666679582
16.6849,43.67718666679598
17.0077,43.693866666796154
16.9645,43.71056666679634
16.413,43.7272466667965
17.6959,43.743926666796675
16.6792,43.76058666679682
16.678,43.77723666679673
16.6563,43.793896666796876
16.603,43.81058666679682
16.682,43.82725666679675
16.5884,43.843936666796914
17.1872,43.86062666679686
16.239,43.87729666679679
16.8833,43.89400666679675
15.5521,43.910676666796675
16.8501,43.927386666796636
16.3581,43.94405666679656
17.0408,43.96076666679652
16.5468,43.97743666679645
16.7433,43.99412666679639
16.7712,44.01080666679656
17.1576,44.02744666679669
16.9959,44.04415666679665
16.6024,44.060836666796824
16.6483,44.077526666796764
16.8771,44.09421666679671
16.3323,44.11088666679664
16.8169,44.127556666796565
16.5229,44.14423666679673
17.5939,44.16091666679689
15.7325,44.177596666797065
16.5445,44.194286666797005
15.9737,44.210926666797135
17.4485,44.22760666679731
17.0437,44.24428666679747
16.5166,44.2609566667974
16.6128,44.277646666797345
17.5622,44.29432666679751
15.4299,44.31101666679746
15.89,44.32769666679762
16.7382,44.34438666679757
16.8792,44.36109666679753
16.114,44.3777766667977
17.285,44.39442666679761
18.1404,44.41110666679777
16.5186,44.42775666679768
16.7911,44.44443666679785
16.529,44.46109666679799
17.1588,44.477796666798184
16.4111,44.494486666798124
16.6021,44.51115666679805
17.0562,44.52782666679798
16.854,44.54451666679792
15.3136,44.56119666679809
17.0028,44.57790666679805
15.6734,44.59461666679801
16.9389,44.61129666679818
17.6612,44.62798666679812
16.6338,44.644636666798036
16.7294,44.661306666797955
15.124,44.67800666679815
16.6167,44.69466666679829
16.9365,44.71136666679848
16.4552,44.72804666679865
16.6275,44.74469666679855
16.6144,44.761336666798684
16.9348,44.77803666679887
16.5368,44.79469666679902
17.5392,44.81138666679897
16.6814,44.82806666679913
16.8542,44.8447466667993
16.4723,44.86141666679922
16.9571,44.87807666679937
16.0282,44.89479666679958
16.665,44.911466666799505
16.7678,44.928176666799466
16.1051,44.94482666679937
16.6285,44.96151666679932
16.7111,44.978186666799246
17.342,44.99488666679943
17.0352,45.01155666679936
16.1416,45.02823666679952
16.8162,45.04493666679971
17.903,45.061606666799634
16.3644,45.07829666679958
16.485,45.09494666679949
17.2465,45.11164666679967
16.6292,45.12835666679963
16.4967,45.14504666679958
16.5155,45.16170666679973
15.1047,45.178366666799874
17.0143,45.195046666800046
17.2339,45.21172666680021
16.3638,45.22838666680036
16.4174,45.24505666680029
16.9691,45.26176666680025
16.5479,45.2784266668004
17.3586,45.29511666680034
16.7375,45.31182666680031
16.8923,45.32850666680047
16.7349,45.34518666680064
16.4332,45.36186666680081
16.9133,45.37854666680098
15.3905,45.39523666680092
16.6141,45.411926666800866
16.6663,45.42857666680077
16.9155,45.44527666680096
16.3461,45.46191666680109
16.9525,45.47857666680124
17.1217,45.495296666801444
16.3469,45.511986666801384
17.1981,45.528666666801556
16.7499,45.545336666801475
16.489,45.561996666801626
16.8039,45.57869666680181
16.6294,45.59538666680176
16.5931,45.61204666680191
16.4647,45.62875666680187
16.3749,45.645436666802034
17.3338,45.66210666680196
16.1068,45.67877666680189
16.7038,45.69545666680206
16.739,45.7121166668022
16.651,45.72878666680213
17.2553,45.7454666668023
15.6722,45.76213666680222
16.9481,45.77881666680239
16.9536,45.795496666802556
17.2776,45.81215666680271
16.8936,45.82880666680261
16.8581,45.84551666680258
16.7554,45.86222666680254
17.4256,45.8789366668025
16.524,45.89565666680271
16.3695,45.91231666680286
16.6707,45.92899666680302
16.7432,45.945676666803195
16.5915,45.962316666803325
16.421,45.97898666680325
17.0519,45.99568666680344
16.5448,46.01233666680334
16.9092,46.02901666680351
16.368,46.04565666680364
16.8327,46.062326666803564
15.4513,46.079036666803525
16.3997,46.095716666803696
16.5972,46.11238666680362
17.0567,46.129096666803584
16.5265,46.14581666680379
18.5844,46.16247666680394
14.5554,46.179156666804104
16.7036,46.19580666680401
16.9254,46.21251666680398
16.4716,46.22919666680414
17.385,46.24584666680405
16.9474,46.262546666804234
16.9896,46.27924666680442
16.7544,46.295936666804366
16.4481,46.312576666804496
16.8027,46.32924666680442
17.0118,46.34595666680438
16.3456,46.362636666804555
16.4929,46.3792966668047
17.1833,46.395986666804646
16.7999,46.41268666680483
16.1575,46.42934666680498
16.7957,46.446026666805146
16.4544,46.462666666805276
17.1292,46.479376666805244
16.1965,46.49605666680541
16.4356,46.512726666805335
16.0505,46.5294066668055
16.5946,46.546076666805426
16.6675,46.56272666680533
17.0046,46.57938666680548
16.7243,46.59606666680565
16.7791,46.6127266668058
16.7074,46.62942666680598
16.627,46.6460766668059
16.5596,46.66275666680606
16.8046,46.67941666680621
16.9269,46.6961166668064
16.5348,46.71281666680658
17.44,46.72952666680654
16.2511,46.74619666680647
16.9115,46.762896666806654
16.5622,46.77960666680662
17.0431,46.79630666680681
16.2457,46.81299666680675
16.6554,46.82967666680692
16.7068,46.84635666680708
16.8679,46.86301666680723
17.1589,46.87971666680742
15.9076,46.89635666680755
16.8913,46.91306666680752
15.7361,46.92972666680766
16.6775,46.946376666807566
17.3991,46.96305666680774
16.1818,46.97974666680768
16.323,46.99642666680785
16.6626,47.013096666807776
16.8922,47.0297666668077
16.456,47.04641666680761
16.9833,47.063116666807794
17.0263,47.079756666807924
16.0975,47.09643666680809
16.9911,47.11311666680826
16.9482,47.129766666808166
16.6723,47.14642666680832
17.1472,47.16310666680848
15.7478,47.17982666680869
16.528,47.19650666680886
16.9538,47.21320666680904
16.47,47.22985666680895
16.9865,47.24656666680891
16.7734,47.26327666680887
16.4448,47.27997666680906
17.0113,47.29668666680902
16.5959,47.313396666808984
16.3664,47.33006666680891
16.6697,47.34672666680906
16.5087,47.363406666809226
17.669,47.3800866668094
17.8466,47.39677666680934
16.816,47.41343666680949
16.7572,47.43007666680962
16.6509,47.446746666809545
17.0359,47.46342666680971
15.6066,47.480076666809616
14.9699,47.49675666680979
16.8472,47.513426666809714
16.7282,47.5301266668099
16.294,47.546776666809805
17.739,47.56347666680999
15.7987,47.58015666681016
16.9854,47.59686666681012
16.4773,47.61355666681006
16.4612,47.63019666681019
16.6907,47.646876666810364
16.7289,47.66355666681053
17.1508,47.680266666810496
16.3198,47.69692666681064
16.5865,47.71360666681081
16.6425,47.73025666681072
17.0699,47.7469566668109
16.737,47.76364666681085
16.3984,47.78030666681099
17.5277,47.79701666681096
17.2339,47.813716666811146
16.3122,47.83040666681109
16.8081,47.847046666811224
16.8449,47.86372666681139
16.6131,47.88040666681155
16.9864,47.89711666681152
16.4705,47.913766666811426
16.7788,47.93043666681135
16.6219,47.947146666811314
16.416,47.963806666811465
16.7173,47.98046666681161
16.673,47.997136666811535
16.9825,48.01382666681148
16.61,48.03053666681144
16.2334,48.047216666811615
16.9364,48.06389666681178
16.3882,48.080586666811726
16.6436,48.09723666681163
17.0446,48.113896666811776
16.6867,48.13057666681195
16.535,48.14725666681211
17.3656,48.16394666681206
14.7261,48.180616666811986
16.6077,48.19727666681213
16.3942,48.213946666812056
16.6398,48.23059666681196
17.1423,48.24726666681189
16.9294,48.263966666812074
16.4238,48.280636666812
17.2272,48.297336666812186
16.3983,48.31403666681238
16.2964,48.330706666812304
17.4608,48.34740666681249
16.5325,48.364076666812416
16.5365,48.38075666681258
17.1151,48.39746666681254
16.4629,48.414166666812726
17.049,48.43082666681288
17.0067,48.44753666681284
16.5472,48.464206666812764
16.4603,48.480866666812915
16.9326,48.4975666668131
16.3226,48.51422666681325
16.9171,48.530926666813436
17.0539,48.54762666681362
15.088,48.56429666681355
16.4879,48.5809566668137
16.5396,48.597646666813645
17.2737,48.614336666813585
16.5836,48.63102666681353
16.4173,48.6477066668137
17.0724,48.66440666681388
16.5669,48.68110666681407
16.5032,48.69776666681422
16.7103,48.714436666814144
16.6465,48.731096666814295
16.5208,48.74777666681446
17.1737,48.76446666681441
16.5286,48.78110666681454
17.0012,48.79774666681467
17.3508,48.81445666681463
16.2603,48.83111666681478
16.4626,48.84777666681493
17.0164,48.86448666681489
16.9057,48.88119666681485
16.7159,48.89791666681506
16.1338,48.91459666681523
16.9991,48.93127666681539
16.6125,48.94797666681558
16.7098,48.964666666815525
16.2052,48.98133666681545
17.0217,48.99800666681537
16.5328,49.01468666681554
16.9491,49.03137666681548
16.5563,49.048026666815396
16.5503,49.0646766668153
16.673,49.081356666815466
17.282,49.09801666681562
16.5172,49.11466666681552
16.9313,49.13133666681545
16.4833,49.147986666815356
16.8308,49.16465666681528
15.6473,49.18133666681545
16.8973,49.19797666681558
16.9111,49.21468666681554
16.9917,49.231356666815465
16.16,49.248036666815636
16.7167,49.26470666681556
16.9957,49.28142666681577
16.4187,49.29812666681595
17.0329,49.314836666815914
16.4525,49.33151666681608
17.7883,49.348226666816046
16.8045,49.36493666681601
14.9919,49.38161666681618
16.5751,49.39829666681634
17.7385,49.4150066668163
16.4081,49.431686666816475
16.6393,49.44833666681638
16.8789,49.46500666681631
16.6698,49.48168666681647
16.5813,49.49836666681664
18.0512,49.51501666681655
16.9856,49.531686666816476
16.7309,49.548356666816396
16.1735,49.56503666681657
16.8235,49.5816766668167
16.7166,49.59836666681664
16.8347,49.615076666816606
15.7769,49.631766666816546
16.2841,49.64841666681645
16.6978,49.66509666681662
15.2468,49.68177666681679
16.8692,49.69845666681696
16.4754,49.7151166668171
16.6635,49.731796666817274
16.8856,49.74851666681748
16.4475,49.76518666681741
16.5637,49.78183666681731
16.9281,49.79851666681748
16.7937,49.81519666681765
16.659,49.83187666681781
17.4799,49.84859666681802
16.6862,49.865286666817966
16.1951,49.881956666817885
16.9475,49.89866666681785
17.6608,49.91531666681776
16.9582,49.932036666817964
16.3521,49.94871666681813
16.7019,49.965386666818056
16.8103,49.98206666681823
16.3965,49.99873666681815
16.0882,50.01536666681804
16.5855,50.032016666817945
16.7558,50.04869666681811
16.4766,50.065366666818036
16.989,50.08203666681796
17.0173,50.09867666681809
16.6623,50.11535666681826
16.9565,50.13205666681845
16.4762,50.148736666818614
16.5206,50.16542666681856
15.4938,50.182106666818726
17.1014,50.19880666681891
16.8825,50.215526666819116
16.6876,50.23218666681927
17.6524,50.24886666681943
16.7571,50.2655766668194
14.9774,50.282246666819326
16.9723,50.29892666681949
16.5446,50.31563666681945
16.6419,50.33231666681962
16.8303,50.34902666681958
16.6796,50.365706666819754
16.629,50.382346666819885
16.7162,50.39902666682005
17.0003,50.415716666819996
16.554,50.4323666668199
16.8458,50.44907666681986
16.4336,50.465736666820014
17.8659,50.48241666682018
16.4756,50.49909666682035
16.7136,50.515746666820256
16.8556,50.53241666682018
16.651,50.54912666682014
15.7701,50.56581666682008
16.8241,50.582496666820255
16.5618,50.59916666682018
17.077,50.615846666820346
16.3606,50.63251666682027
17.0012,50.6491866668202
16.4356,50.665866666820364
16.0238,50.682546666820535
16.8958,50.69921666682046
16.5842,50.71586666682037
16.6417,50.73252666682051
17.531,50.74921666682046
17.6161,50.76594666682044
16.153,50.782596666820346
15.5941,50.79930666682031
16.7433,50.815996666820254
16.1489,50.83266666682018
16.9349,50.84937666682014
16.6269,50.86603666682029
16.9714,50.88274666682025
16.1125,50.8994366668202
18.3468,50.916136666820385
16.1133,50.93278666682029
16.2076,50.949466666820456
16.5987,50.966106666820586
17.0676,50.98278666682076
16.3442,50.99946666682092
17.4735,51.01615666682087
16.531,51.032876666821075
16.5554,51.04952666682098
16.5038,51.06619666682091
17.0514,51.08285666682106
16.6817,51.09955666682124
16.4707,51.11623666682141
16.7476,51.132926666821355
17.3657,51.14960666682152
17.3132,51.16628666682169
15.6428,51.18292666682182
17.1855,51.199606666821985
15.6941,51.21629666682193
16.8067,51.23300666682189
16.6523,51.24969666682184
16.9224,51.266356666821984
16.8717,51.28305666682217
16.4308,51.299726666822096
17.0246,51.31641666682204
16.3703,51.33309666682221
16.7618,51.349786666822155
16.8103,51.366476666822095
16.301,51.383136666822246
16.6766,51.39978666682215
16.0941,51.41646666682232
16.5898,51.43314666682249
16.5309,51.44980666682264
17.5736,51.46653666682262
16.399,51.483186666822526
16.4687,51.4998666668227
16.8429,51.51654666682286
16.663,51.53318666682299
16.6791,51.54987666682294
16.5885,51.566556666823104
17.1197,51.58320666682301
16.7132,51.59988666682318
16.6332,51.616566666823346
17.0811,51.6332266668235
16.3793,51.64988666682365
15.7446,51.66656666682381
16.4608,51.68323666682374
16.9168,51.69993666682392
16.7861,51.71663666682411
16.4113,51.733306666824035
16.6091,51.749986666824206
16.7539,51.76664666682435
17.5812,51.783346666824535
17.3455,51.80001666682446
16.3468,51.81669666682463
16.6886,51.83338666682457
16.8877,51.85009666682454
16.5721,51.86676666682446
15.3381,51.883416666824374
16.701,51.900106666824314
16.8694,51.916816666824275
17.0062,51.93352666682424
16.5318,51.950186666824386
16.7722,51.96685666682431
16.4849,51.983536666824484
16.9036,52.000226666824425
17.1197,52.016866666824555
16.0885,52.03353666682448
16.391,52.05022666682443
16.9584,52.066946666824634
16.0612,52.08359666682454
16.7573,52.100256666824684
16.7463,52.116936666824856
17.2284,52.13363666682504
16.4364,52.15031666682521
17.6218,52.166976666825356
15.3655,52.18367666682554
17.1989,52.200396666825746
16.6183,52.21707666682592
17.1586,52.233746666825844
16.4177,52.25042666682601
16.6241,52.26710666682618
17.0382,52.283786666826344
16.3199,52.30043666682625
16.9953,52.31714666682621
16.6345,52.33381666682614
16.7177,52.350506666826085
16.4182,52.367146666826216
16.377,52.3838466668264
16.8725,52.40049666682631
16.6765,52.41720666682627
16.5909,52.433896666826215
17.211,52.45056666682614
16.8626,52.46725666682608
16.6881,52.48392666682601
16.7588,52.500616666825955
16.3606,52.517276666826106
17.7717,52.53397666682629
16.4747,52.5506266668262
16.1993,52.56730666682636
15.9016,52.58397666682629
16.921,52.600666666826235
16.1089,52.617376666826196
16.6833,52.63406666682614
16.5035,52.65072666682629
16.9394,52.66740666682646
16.9984,52.684126666826664
16.1898,52.70077666682657
17.6528,52.717456666826735
16.6455,52.73414666682668
16.9422,52.75079666682659
16.5629,52.767446666826494
15.3064,52.784106666826645
17.4014,52.80080666682683
16.9551,52.81749666682677
16.7443,52.83420666682674
16.789,52.85083666682662
16.9891,52.867546666826584
16.7451,52.88425666682655
16.5349,52.90092666682648
15.3017,52.91760666682664
17.0567,52.93428666682681
16.583,52.950986666827
16.8203,52.96762666682713
17.1147,52.98433666682709
16.4058,53.00100666682702
17.1611,53.01768666682718
15.6175,53.03433666682709
17.2394,53.05101666682726
16.4701,53.0677066668272
16.6209,53.08438666682737
17.6173,53.10109666682733
16.9883,53.11774666682724
17.0009,53.13442666682741
16.5964,53.151056666827294
16.1778,53.167716666827445
15.7838,53.184426666827406
16.6105,53.20114666682761
17.239,53.21779666682752
17.0836,53.23445666682767
16.5667,53.25114666682761
17.0017,53.26782666682778
16.4601,53.284506666827944
16.9349,53.301206666828136
16.56,53.3178866668283
17.1155,53.33459666682826
16.2362,53.35126666682819
16.5817,53.36790666682832
16.8553,53.384626666828524
16.4861,53.401306666828695
16.9408,53.418016666828656
16.4767,53.43466666682856
17.126,53.4513566668285
16.8224,53.46801666682865
14.7314,53.484696666828825
16.7028,53.501336666828955
17.6142,53.51801666682912
16.4477,53.53469666682929
17.1599,53.551356666829435
16.336,53.56805666682963
16.589,53.58469666682976
16.9698,53.60140666682972
16.3602,53.618076666829644
16.6596,53.63475666682981
16.7169,53.651446666829756
16.6687,53.66812666682992
16.2667,53.68481666682987
16.4685,53.70150666682981
16.4719,53.71816666682996
16.7515,53.734836666829885
16.7429,53.75151666683005
17.0963,53.76819666683022
17.5082,53.784896666830406
18.0578,53.80158666683035
16.8958,53.81827666683029
16.6005,53.834956666830465
16.9928,53.851626666830384
16.3412,53.86829666683031
17.0216,53.884996666830496
17.1343,53.90166666683042
15.879,53.918346666830594
15.7718,53.9349966668305
15.1651,53.95168666683044
16.9589,53.96836666683061
16.662,53.98505666683055
17.0784,54.00177666683076
16.3754,54.018466666830705
17.2929,54.03514666683087
16.8224,54.05182666683104
16.7348,54.068506666831205
17.0032,54.08521666683117
16.571,54.10192666683113
16.5252,54.11856666683126
16.9822,54.135256666831204
16.6742,54.15194666683115
16.3633,54.16859666683106
17.343,54.18524666683096
14.6688,54.20191666683089
16.735,54.218596666831054
16.6642,54.235286666831
16.8155,54.251966666831166
16.478,54.26863666683109
16.6476,54.28532666683104
16.6384,54.301976666830946
16.7687,54.31862666683085
16.5093,54.33529666683078
17.2383,54.35200666683074
16.5835,54.36869666683069
16.939,54.38537666683085
17.2198,54.40208666683082
16.1569,54.41872666683095
16.3516,54.43541666683089
16.6669,54.45212666683085
16.3444,54.4688166668308
16.953,54.48551666683098
16.5073,54.50219666683115
16.6098,54.51884666683106
16.5426,54.535516666830986
17.1039,54.55219666683115
16.3395,54.56883666683128
17.0514,54.585556666831486
17.3137,54.60223666683165
16.523,54.6188966668318
17.9693,54.63560666683176
16.447,54.652256666831676
14.733,54.66893666683184
17.0172,54.685636666832025
16.498,54.70232666683197
17.5672,54.71901666683191
16.7376,54.73570666683186
15.4777,54.752356666831766
16.979,54.76900666683167
17.2866,54.78566666683182
16.8886,54.80232666683197
16.5805,54.81900666683214
16.6123,54.835696666832085
16.6378,54.85235666683223
17.3544,54.8690366668324
16.603,54.88570666683233
15.6893,54.90240666683251
16.6308,54.919086666832676
16.8415,54.935796666832644
16.8403,54.952506666832605
17.0773,54.96917666683253
17.3544,54.985856666832696
16.9419,55.00254666683264
16.6233,55.01924666683283
16.3153,55.03592666683299
16.9692,55.052606666833164
16.4535,55.069266666833315
16.9848,55.08594666683348
16.5602,55.10258666683361
16.8771,55.119256666833536
16.5546,55.1359366668337
16.7937,55.15261666683387
16.3738,55.16927666683402
16.9217,55.18595666683419
16.2463,55.20263666683435
15.367,55.219286666834265
16.9773,55.23598666683445
17.0009,55.252706666834655
16.3332,55.269396666834595
16.9491,55.28606666683452
16.5862,55.30273666683445
16.9344,55.31941666683461
16.8902,55.33612666683458
16.467,55.35277666683449
17.2328,55.36947666683467
16.9723,55.38618666683463
16.7386,55.40283666683454
16.8669,55.419506666834465
14.5983,55.43618666683464
16.7507,55.452856666834556
16.7702,55.46953666683473
17.7886,55.48623666683491
16.3645,55.50288666683482
17.165,55.51956666683499
16.6855,55.536226666835134
16.8015,55.55289666683506
16.5176,55.56956666683499
16.9604,55.586236666834914
16.4068,55.60290666683484
16.7043,55.619586666835005
16.7487,55.636266666835176
16.8101,55.65294666683534
16.5396,55.66961666683527
15.7293,55.68633666683547
16.267,55.7030066668354
16.8104,55.71966666683554
16.9791,55.73638666683575
16.2125,55.7530466668359
16.8656,55.76975666683586
16.7843,55.78645666683605
16.6789,55.80316666683601
17.1925,55.819826666836164
21.8024,55.83650666683633
12.0044,55.853156666836234
16.3508,55.869836666836406
16.9728,55.88655666683661
16.4208,55.90320666683652
16.6347,55.91988666683668
16.5677,55.93653666683659
17.053,55.95321666683676
16.886,55.969886666836686
16.6574,55.98656666683685
16.5842,56.0032566668368
15.5451,56.01993666683696
16.6838,56.036616666837126
16.5803,56.05324666683702
16.6657,56.06992666683718
17.0424,56.08663666683715
16.8145,56.10334666683711
16.8045,56.12000666683726
16.8607,56.13670666683745
16.6293,56.15341666683741
17.0982,56.17009666683758
17.4604,56.18680666683754
15.0916,56.203486666837705
16.9172,56.22019666683767
16.2804,56.23688666683761
16.7655,56.25355666683754
16.418,56.270206666837446
17.1094,56.28692666683765
16.5757,56.30359666683758
16.4467,56.320246666837484
16.6328,56.33692666683765
16.6958,56.35356666683778
17.7323,56.37026666683797
16.755,56.386926666838114
16.7667,56.40361666683806
16.2097,56.42026666683797
15.7184,56.43694666683813
17.7827,56.45358666683826
17.0965,56.47025666683819
16.109,56.486926666838116
16.2011,56.5036266668383
16.3204,56.52030666683847
16.9245,56.53698666683864
16.3957,56.55366666683881
16.9174,56.57034666683897
17.5824,56.58704666683916
16.9306,56.603736666839104
16.3997,56.62043666683929
16.7675,56.637106666839216
16.355,56.65379666683916
16.9145,56.67046666683908
16.5134,56.687146666839254
16.7741,56.70379666683916
16.7916,56.720496666839345
16.538,56.737156666839496
16.6118,56.75381666683965
16.6434,56.77048666683957
16.8554,56.78716666683974
16.4652,56.80382666683989
17.1321,56.820526666840074
16.3482,56.837186666840225
15.7518,56.853896666840186
16.5015,56.870606666840146
16.8884,56.8872666668403
16.932,56.90394666684046
16.7479,56.92065666684043
17.1146,56.937356666840614
16.9045,56.954046666840554
16.3202,56.9707366668405
16.9231,56.98742666684045
16.5035,57.00410666684061
16.7522,57.02078666684078
16.3403,57.03744666684093
16.8583,57.05414666684111
16.9172,57.07085666684108
16.4363,57.08750666684099
15.8138,57.10416666684113
16.7554,57.120816666841044
16.6763,57.13749666684121
16.78,57.15413666684134
17.4866,57.170856666841544
16.526,57.18750666684145
16.802,57.20417666684138
16.1866,57.22085666684154
16.8979,57.23752666684147
16.9065,57.25420666684164
16.3725,57.2709166668416
16.435,57.28758666684153
16.797,57.30428666684171
16.5254,57.32097666684166
16.6487,57.337606666841545
16.9885,57.354316666841505
16.3816,57.37099666684168
17.7244,57.387666666841604
15.8898,57.40434666684177
16.4632,57.42102666684193
16.6377,57.43766666684206
17.4546,57.454396666842044
16.4544,57.47104666684196
16.9327,57.48774666684214
16.6475,57.50443666684208
16.7607,57.52107666684221
16.9268,57.53778666684218
16.629,57.5544566668421
15.4364,57.57113666684227
16.4101,57.587816666842436
17.7667,57.6045266668424
16.7715,57.62118666684255
16.3453,57.637876666842494
17.2362,57.6545266668424
16.3833,57.67120666684257
15.9961,57.68792666684277
16.4046,57.70458666684292
17.1646,57.72129666684288
16.468,57.73797666684305
16.4312,57.75465666684322
16.8316,57.77133666684339
16.6333,57.78801666684355
16.4987,57.80468666684348
17.2041,57.82137666684343
16.4994,57.83805666684359
18.4121,57.85472666684352
16.6722,57.871396666843445
16.4233,57.88804666684335
14.9856,57.90468666684348
16.601,57.92135666684341
16.7174,57.93801666684356
17.4178,57.954666666843465
16.8082,57.97134666684363
16.4483,57.988016666843556
17.0472,58.00471666684374
17.4579,58.02138666684367
17.3616,58.038076666843615
16.8078,58.054746666843535
17.205,58.07146666684374
16.785,58.08817666684371
16.4186,58.10486666684365
16.4393,58.12154666684382
14.3113,58.138226666843984
16.692,58.154936666843945
16.4406,58.171616666844116
17.1201,58.18827666684427
18.1533,58.20498666684423
14.5618,58.22166666684439
16.5646,58.23830666684452
17.0006,58.254986666844694
16.3768,58.27164666684484
17.1534,58.28834666684503
17.1784,58.30505666684499
16.6312,58.32172666684492
16.9348,58.338396666844844
16.4467,58.35507666684501
17.0099,58.37173666684516
16.4153,58.38841666684532
17.1121,58.40512666684529
16.3805,58.42179666684521
16.7809,58.43850666684518
16.6173,58.45518666684534
16.1487,58.47183666684525
17.0274,58.488526666845196
16.6108,58.505216666845136
16.4582,58.521906666845084
16.8428,58.53859666684503
17.0837,58.55528666684497
16.4427,58.57194666684512
16.931,58.58863666684506
16.4932,58.60530666684499
16.6548,58.62196666684514
16.475,58.638646666845304
17.5511,58.65531666684523
16.4249,58.67196666684514
16.619,58.68863666684506
17.0288,58.70530666684499
16.3628,58.72196666684514
17.0059,58.738666666845326
16.4814,58.75531666684523
16.6265,58.77198666684516
16.4926,58.78866666684532
16.2804,58.80538666684553
16.6354,58.822056666845455
16.3755,58.83873666684563
16.8901,58.85544666684559
16.502,58.87210666684574
31.0395,58.88879666684568
11.9792,58.90545666684583
9.2707,58.92214666684577
15.4554,58.93882666684594
16.064,58.955506666846105
16.5555,58.972146666846236
16.8886,58.98881666684616
16.7845,59.00551666684635
16.5626,59.02216666684625
17.0035,59.03888666684646
16.2725,59.05556666684663
17.7602,59.072246666846794
16.7355,59.08891666684672
17.2109,59.10560666684667
16.1042,59.12228666684683
16.7023,59.13898666684702
15.1934,59.155656666846944
16.6288,59.17234666684689
16.5936,59.18905666684685
17.5469,59.20569666684698
15.8158,59.222376666847154
16.9035,59.23907666684734
16.4813,59.2557566668475
16.947,59.27244666684745
16.405,59.28911666684738
17.4973,59.30579666684754
16.6986,59.3225066668475
16.2881,59.33915666684741
17.713,59.35580666684732
16.9147,59.372486666847486
16.6999,59.38916666684765
15.1579,59.4058266668478
16.0984,59.42250666684797
17.0618,59.43918666684814
16.5518,59.45588666684832
16.6096,59.47254666684847
16.5246,59.489206666848624
16.9493,59.505916666848584
16.6773,59.52261666684877
16.3894,59.53929666684894
17.3363,59.5560066668489
16.6881,59.57267666684883
18.2644,59.589396666849034
15.1931,59.60604666684894
16.5316,59.622746666849125
16.148,59.639426666849296
17.3743,59.65613666684926
16.3825,59.67278666684916
16.8737,59.6894766668491
16.3984,59.706156666849274
17.0337,59.7228266668492
16.5762,59.73953666684916
16.4372,59.75617666684929
16.6186,59.772856666849464
16.6885,59.789496666849594
16.6252,59.80616666684951
17.8241,59.82281666684942
16.5004,59.83949666684959
15.7665,59.85616666684952
16.4321,59.872836666849444
16.9458,59.889506666849364
16.7411,59.90615666684928
16.4555,59.92283666684944
16.9389,59.9395466668494
16.5473,59.956246666849594
16.4758,59.97292666684976
16.8804,59.98963666684972
16.8282,60.00632666684967
16.8123,60.02298666684982
16.6111,60.03967666684976
16.7695,60.05635666684993
17.5101,60.07304666684987
16.837,60.089746666850054
16.3701,60.106386666850184
15.6745,60.12307666685013
16.2999,60.139756666850296
16.9279,60.15642666685022
16.7649,60.17312666685041
17.135,60.189836666850375
18.087,60.20651666685054
15.4519,60.22318666685047
15.7634,60.23985666685039
16.5782,60.256516666850544
16.8485,60.273206666850484
16.9955,60.289886666850656
16.4071,60.30656666685082
16.7516,60.32322666685097
16.6521,60.33987666685088
17.3803,60.35656666685082
16.5667,60.37326666685101
16.6816,60.38994666685117
16.8041,60.406656666851134
16.4174,60.42334666685108
16.6464,60.44001666685101
16.6475,60.456666666850914
16.978,60.4733666668511
16.3963,60.490036666851026
17.5292,60.50674666685099
16.4581,60.52338666685112
16.8327,60.54006666685129
16.3943,60.55673666685121
16.983,60.57341666685138
16.536,60.590096666851544
16.7081,60.60681666685175
16.9454,60.62351666685194
14.9889,60.64016666685185
17.0148,60.65687666685181
16.4985,60.673526666851714
16.9277,60.690236666851675
16.41,60.7069066668516
17.5274,60.72361666685156
16.6098,60.74028666685149
17.3767,60.756956666851416
18.7424,60.77362666685134
15.7576,60.79030666685151
14.0938,60.806996666851454
16.8769,60.8236866668514
16.7211,60.840366666851565
16.5896,60.85701666685147
16.7074,60.87367666685162
16.9919,60.89035666685179
16.6246,60.90703666685196
17.2961,60.923706666851885
16.9802,60.94038666685205
16.613,60.9570466668522
17.5436,60.973766666852406
16.5829,60.99041666685231
16.6652,61.00712666685227
16.6874,61.02381666685222
16.727,61.04052666685218
16.2711,61.05717666685209
16.9538,61.07384666685201
16.7142,61.09052666685218
16.6186,61.107176666852084
16.5303,61.12386666685203
16.6678,61.14050666685216
17.5612,61.15719666685211
15.9455,61.173846666852015
16.6958,61.19050666685216
16.1433,61.20715666685207
15.3803,61.22386666685203
16.4144,61.24053666685196
16.8765,61.2572266668519
17.1029,61.27390666685207
16.2511,61.290606666852256
16.8176,61.30728666685242
16.6319,61.32397666685237
17.0343,61.34068666685233
16.2787,61.3573666668525
17.6246,61.374066666852684
16.1265,61.39071666685259
18.368,61.40740666685253
16.3428,61.42409666685248
14.618,61.44077666685264
16.8636,61.45743666685279
16.7063,61.474116666852964
16.9621,61.49079666685313
16.404,61.507446666853035
16.8972,61.524156666853
16.8667,61.54084666685294
17.0396,61.557526666853114
16.7275,61.574216666853054
16.876,61.590906666853
16.269,61.607586666853166
17.1327,61.62428666685335
16.2109,61.64096666685352
16.7393,61.65761666685343
16.5937,61.67429666685359
16.6522,61.6909466668535
16.9691,61.70759666685341
16.7647,61.72431666685362
16.694,61.74100666685356
16.3142,61.757656666853464
17.3837,61.774366666853425
16.5264,61.791026666853575
16.7336,61.80770666685375
16.7957,61.82440666685393
16.3902,61.84107666685386
17.1129,61.85778666685382
16.3776,61.874466666853984
17.2696,61.89113666685391
16.5845,61.90781666685408
16.2164,61.924496666854246
16.9042,61.94117666685442
16.2869,61.95785666685458
16.2686,61.97457666685479
16.5281,61.99125666685496
16.9657,62.00793666685512
17.0313,62.02461666685529
16.4734,62.04129666685546
16.6891,62.05795666685561
16.5953,62.07462666685553
16.6058,62.09132666685572
16.6627,62.10797666685563
16.5466,62.12463666685578
16.8808,62.14127666685591
16.9715,62.15795666685607
16.4458,62.17464666685602
17.2021,62.191296666855926
17.8032,62.20797666685609
15.7862,62.224676666856276
16.4212,62.24132666685618
16.5779,62.25798666685633
16.7332,62.274666666856504
16.6556,62.291356666856444
17.0038,62.30805666685663
16.3056,62.324706666856535
15.4959,62.34137666685646
16.5885,62.35805666685663
17.2062,62.37474666685657
17.4484,62.391386666856704
16.6653,62.408066666856875
17.1197,62.42478666685708
16.4735,62.441486666857266
16.5674,62.45816666685743
16.8121,62.4748466668576
16.4529,62.491526666857766
15.3685,62.50820666685794
17.0073,62.52490666685812
16.6193,62.54159666685807
16.7587,62.55831666685827
16.7481,62.57503666685847
17.2583,62.591696666858624
16.5046,62.608356666858775
17.0352,62.62505666685896
16.41,62.64171666685911
17.1301,62.65840666685905
16.6666,62.67508666685922
16.6826,62.69173666685913
16.7271,62.70839666685928
17.133,62.7250666668592
16.2304,62.74172666685935
16.5481,62.7583866668595
16.76,62.775066666859665
17.0613,62.79175666685961
16.2197,62.80842666685954
16.8845,62.8251066668597
16.4181,62.841786666859875
15.936,62.85850666686008
16.4593,62.875206666860265
16.5643,62.891866666860416
17.2863,62.90854666686058
16.0363,62.925226666860745
18.0286,62.94192666686094
16.997,62.95857666686084
14.965,62.97526666686078
17.523,62.99197666686075
16.516,63.008696666860956
16.8087,63.02534666686086
17.6919,63.042006666861006
16.834,63.05867666686093
16.599,63.075336666861084
16.7437,63.09201666686125
17.7441,63.10871666686144
16.5143,63.12538666686136
16.9433,63.14207666686131
16.5173,63.15872666686121
16.5721,63.17536666686134
16.5373,63.19203666686127
15.6937,63.208736666861455
15.1404,63.225416666861626
16.6933,63.24210666686157
16.6126,63.25878666686174
16.9712,63.27545666686166
17.5701,63.29217666686186
16.217,63.30884666686179
16.669,63.32552666686196
16.9042,63.342226666862146
16.3602,63.35890666686231
16.7694,63.37555666686222
17.1761,63.392246666862164
16.842,63.40891666686209
16.7868,63.42562666686205
16.3233,63.44227666686196
15.5385,63.45891666686209
17.4455,63.475606666862035
16.7375,63.49227666686196
16.6581,63.50892666686187
15.8136,63.52560666686203
17.3868,63.54231666686199
17.0881,63.55898666686192
16.4362,63.575706666862125
16.3845,63.59237666686205
16.703,63.60907666686224
17.2305,63.625766666862184
17.21,63.642456666862124
16.46,63.659156666862316
16.5741,63.67583666686248
16.4207,63.69252666686243
16.865,63.70918666686257
16.6806,63.72586666686274
16.6986,63.74250666686287
16.7354,63.759166666863024
16.9157,63.77584666686319
17.1398,63.792536666863136
14.5834,63.80918666686304
17.0166,63.825866666863206
16.6651,63.84257666686317
16.3913,63.85925666686334
16.7938,63.8759366668635
17.3069,63.89264666686347
16.5474,63.909326666863635
17.0604,63.92602666686382
16.4499,63.942676666863726
18.0333,63.95937666686392
16.2971,63.9760766668641
15.2236,63.992736666864246
17.4648,64.00938666686416
16.9552,64.02606666686432
16.9364,64.04276666686451
16.8162,64.05945666686445
16.6506,64.07615666686465
16.3011,64.09280666686455
16.7035,64.10948666686471
16.6686,64.12612666686485
16.8987,64.14280666686501
16.4515,64.15948666686518
16.9339,64.17619666686514
16.465,64.19287666686532
16.5803,64.20952666686522
15.1259,64.22616666686535
16.6311,64.24281666686525
16.8221,64.2595066668652
16.5352,64.27618666686537
16.9581,64.29289666686533
16.7216,64.3095766668655
16.4366,64.32625666686566
16.6071,64.34291666686582
17.0952,64.35962666686578
17.0638,64.37631666686572
16.9619,64.3930166668659
17.2715,64.40972666686586
16.4901,64.42641666686582
16.3443,64.44313666686602
16.3123,64.45979666686617
16.9132,64.47647666686633
16.5033,64.4931566668665
17.2458,64.50982666686643
16.6167,64.52649666686635
16.3744,64.54316666686628
16.5348,64.55982666686643
16.8511,64.57649666686635
16.8306,64.59319666686655
16.198,64.60983666686667
16.92,64.62651666686683
16.9253,64.64317666686699
16.552,64.65987666686718
16.3962,64.67655666686734
16.9671,64.6932366668675
16.4397,64.70991666686767
17.024,64.72663666686788
16.347,64.74330666686781
16.5598,64.75994666686793
16.9842,64.77665666686791
16.3871,64.79332666686783
16.9793,64.81002666686801
16.6849,64.82669666686793
16.3244,64.84337666686811
16.8661,64.86004666686803
15.8642,64.8767266668682
16.8385,64.89339666686813
16.8607,64.91007666686829
16.7217,64.92675666686846
16.5953,64.9433966668686
17.5344,64.96007666686876
16.9354,64.9767366668689
16.7187,64.99342666686886
16.6026,65.01012666686904
16.5987,65.02678666686919
16.9422,65.04348666686937
16.3423,65.06013666686928
17.2262,65.07683666686947
16.6151,65.09354666686943
16.3736,65.11023666686937
16.5849,65.12691666686953
16.6506,65.14359666686971
16.9492,65.16028666686965
16.7735,65.17697666686959
16.176,65.19365666686976
15.4335,65.21031666686991
18.3557,65.22699666687008
15.102,65.24365666687022
16.8047,65.26032666687016
16.5531,65.27699666687008
16.9745,65.29369666687026
16.3194,65.31037666687044
17.0927,65.32701666687056
16.5636,65.34366666687048
17.0136,65.36036666687066
16.7022,65.37706666687085
16.9601,65.39373666687077
16.9156,65.41043666687095
16.5007,65.42709666687111
15.6898,65.44377666687127
16.8454,65.46045666687144
16.5133,65.4771366668716
16.7145,65.49381666687178
16.8972,65.51049666687194
16.4885,65.52715666687209
16.8601,65.54381666687225
17.5064,65.5605266668722
16.7342,65.57719666687213
16.3672,65.59387666687229
17.9573,65.61058666687227
16.611,65.62723666687216
17.1399,65.6439266668721
16.1765,65.66060666687228
16.9562,65.67731666687224
16.5059,65.69399666687241
16.477,65.71066666687233
17.2946,65.72733666687226
16.0704,65.7439966668724
16.7037,65.76067666687257
16.797,65.77733666687273
17.0522,65.79404666687269
16.2958,65.81070666687283
16.8757,65.82738666687301
16.6889,65.84407666687295
16.3176,65.86077666687314
15.2241,65.87749666687334
16.3508,65.89415666687349
17.0853,65.91083666687365
16.5309,65.92751666687383
16.7083,65.94419666687399
17.2321,65.96085666687414
16.5592,65.97754666687409
16.7379,65.99423666687403
17.0766,66.01087666687415
16.5033,66.02756666687411
15.8899,66.04420666687423
16.7667,66.06091666687419
17.1603,66.07759666687437
17.0984,66.09430666687433
16.9481,66.1109866668745
16.8332,66.12768666687468
16.5124,66.1443566668746
16.3662,66.16102666687453
17.0185,66.17769666687445
16.9126,66.19434666687437
15.7023,66.21102666687453
17.2629,66.22767666687444
16.7744,66.24434666687436
15.251,66.26099666687428
17.3037,66.27767666687444
16.0883,66.29433666687459
16.6286,66.31101666687475
17.2032,66.32769666687493
16.6623,66.34438666687487
16.979,66.36105666687479
17.0028,66.37776666687475
16.36,66.39444666687493
17.0074,66.41116666687513
16.4017,66.42783666687505
16.7629,66.44451666687522
16.5455,66.46117666687537
17.0166,66.47787666687556
16.3444,66.49455666687572
16.3082,66.51125666687591
16.2488,66.52793666687607
17.3606,66.544606666876
16.6651,66.56130666687619
17.5496,66.57799666687613
16.7915,66.59471666687634
16.7425,66.6114266668763
16.6712,66.62815666687628
16.4887,66.64482666687621
16.5948,66.66149666687613
16.5727,66.67815666687628
16.8557,66.69486666687625
16.4792,66.7115266668764
16.8395,66.72818666687654
16.8481,66.7448466668767
16.7877,66.76150666687684
16.3373,66.77814666687698
16.5479,66.7947866668771
16.8523,66.81145666687702
16.5555,66.82814666687698
16.3503,66.84484666687716
17.0153,66.86149666687706
17.5805,66.87820666687703
16.3659,66.89489666687697
15.4243,66.91159666687716
16.5318,66.9282866668771
16.8418,66.94499666687706
16.3921,66.96167666687724
17.375,66.97837666687742
16.3214,66.99505666687759
17.0851,67.01173666687775
17.4713,67.02842666687769
16.8397,67.04509666687763
16.582,67.06176666687755
16.8731,67.0784266668777
16.5142,67.0950766668776
16.8507,67.11175666687777
16.6438,67.12844666687772
16.726,67.14512666687789
14.6097,67.16180666687805
17.1817,67.17848666687821
16.544,67.1951866668784
16.3306,67.21183666687831
17.8123,67.22851666687848
15.5383,67.24516666687839
16.6694,67.26184666687855
16.8479,67.27849666687847
16.5416,67.29516666687839
17.0147,67.31184666687855
17.6889,67.32852666687872
16.3163,67.34517666687863
16.9544,67.3618566668788
16.387,67.37854666687875
16.7337,67.39522666687891
17.6023,67.41190666687908
16.2531,67.42858666687924
16.8017,67.44528666687943
16.5375,67.46195666687936
16.8768,67.47863666687952
16.4222,67.49531666687969
16.8528,67.51199666687985
16.5057,67.52864666687977
16.9126,67.54535666687973
15.2682,67.56204666687967
16.9911,67.57876666687987
16.3247,67.59544666688005
17.8502,67.61213666687999
16.2439,67.62882666687993
16.0496,67.6455066668801
16.3856,67.66218666688027
16.926,67.67890666688048
16.5458,67.69558666688064
17.3819,67.71227666688058
16.183,67.72893666688073
17.0091,67.74560666688066
16.6046,67.76230666688085
16.2819,67.77895666688076
17.0931,67.79565666688094
17.3648,67.81230666688084
16.9035,67.8290166668808
16.3974,67.84565666688094
16.8563,67.8623366668811
16.8288,67.87899666688125
16.3442,67.8956866668812
17.0564,67.91236666688137
16.3598,67.92902666688151
16.8872,67.9457266668817
16.5375,67.96239666688163
16.9988,67.97911666688184
16.2867,67.99575666688196
17.1398,68.01245666688214
16.1474,68.02912666688208
15.4213,68.04578666688222
16.8939,68.06247666688216
16.7435,68.0791466668821
17.6095,68.09585666688206
16.5565,68.11252666688198
16.4769,68.12918666688213
16.6494,68.14582666688226
16.852,68.16253666688222
16.6045,68.1792166668824
16.1858,68.19590666688234
17.0164,68.2125866668825
17.4175,68.22924666688266
14.8214,68.2459066668828
17.2194,68.26259666688274
16.8423,68.2793066668827
16.469,68.29599666688266
17.2917,68.31270666688262
16.7761,68.32938666688278
16.6777,68.34607666688272
16.4065,68.36276666688268
16.6578,68.3794366668826
16.7208,68.39612666688254
16.665,68.4128066668827
16.8245,68.42946666688286
16.7965,68.44610666688298
16.3763,68.46277666688292
16.6654,68.47942666688282
16.9349,68.496106666883
16.5891,68.51276666688314
16.4703,68.52942666688328
17.3225,68.54611666688324
16.8934,68.56278666688316
16.5334,68.57948666688334
15.9108,68.5961666668835
16.1379,68.61283666688344
17.1743,68.62955666688364
16.3257,68.64623666688381
17.3515,68.66292666688375
17.0152,68.67961666688369
16.016,68.69634666688367
16.2284,68.7130166668836
17.8659,68.72974666688359
16.6168,68.74640666688373
16.8463,68.76308666688391
16.3181,68.77976666688407
16.9559,68.79643666688399
16.4896,68.81311666688416
16.9716,68.82979666688433
16.3531,68.8464766668845
15.7173,68.86311666688462
17.573,68.87980666688458
16.9552,68.89645666688448
15.9204,68.91315666688466
16.0989,68.92980666688457
16.4948,68.94648666688474
17.9691,68.96317666688468
16.2444,68.97985666688486
17.611,68.99652666688478
16.7857,69.01321666688472
16.933,69.02992666688468
15.9526,69.04660666688486
17.1614,69.0632966668848
16.3905,69.07996666688472
16.5497,69.0966466668849
17.8235,69.1133666668851
16.3948,69.13000666688522
16.7746,69.14670666688541
16.3692,69.16336666688557
16.7497,69.18001666688546
16.2607,69.1966566668856
14.9887,69.21332666688552
17.7133,69.22997666688543
15.7736,69.24664666688535
16.6176,69.26332666688552
17.0577,69.28000666688568
16.2659,69.29668666688586
16.7493,69.313346666886
16.9876,69.33001666688592
17.1005,69.34671666688612
16.7287,69.36339666688629
16.7351,69.38009666688647
16.8776,69.39679666688666
16.6064,69.41349666688684
17.1122,69.43019666688703
16.226,69.44683666688717
15.5818,69.46350666688708
16.699,69.480176666887
16.9115,69.49688666688698
16.9273,69.51356666688714
16.2603,69.53025666688708
16.6323,69.54691666688724
17.1247,69.56360666688718
17.376,69.58030666688737
16.1499,69.59696666688751
17.0611,69.61367666688747
16.5036,69.63037666688766
16.4578,69.64705666688783
15.8807,69.66369666688796
17.4194,69.68038666688791
16.4358,69.69705666688783
16.8548,69.713736666888
16.3471,69.73038666688791
16.4489,69.74702666688803
17.0745,69.7637066668882
16.6031,69.78038666688838
16.6877,69.79707666688832
17.1943,69.81376666688826
16.6508,69.83045666688821
16.0479,69.84709666688833
16.6814,69.86378666688827
16.5731,69.88047666688823
16.8033,69.89715666688839
16.4822,69.91383666688856
16.8157,69.93051666688872
16.694,69.94716666688863
16.6963,69.96383666688855
16.671,69.98051666688872
16.7886,69.9971966668889
17.8429,70.0139166668891
16.18,70.03058666688902
16.6487,70.04725666688896
16.8004,70.06392666688888
17.2325,70.08063666688884
16.2258,70.09733666688902
18.401,70.11405666688923
15.2581,70.13071666688937
15.6945,70.14741666688957
16.4977,70.16408666688949
16.7773,70.1807366668894
16.818,70.19741666688957
16.7582,70.21412666688953
16.6776,70.23082666688971
17.3852,70.24746666688985
15.8391,70.26412666689
17,70.28079666688991
16.4747,70.29748666688987
16.6974,70.31415666688979
17.5326,70.33083666688995
16.5928,70.34751666689012
16.9264,70.36422666689009
16.5675,70.38088666689023
17.529,70.39758666689042
16.6914,70.41426666689058
16.5192,70.43096666689077
16.4376,70.44762666689093
16.9256,70.46432666689111
16.4518,70.48098666689125
16.6522,70.49766666689142
16.4922,70.51433666689135
15.2996,70.53098666689125
16.7268,70.54765666689119
16.7196,70.5643266668911
16.7721,70.58100666689128
17.1239,70.59770666689147
16.2344,70.61437666689139
16.8098,70.6310266668913
16.6916,70.64771666689124
16.6252,70.6643966668914
17.0271,70.68110666689137
16.4021,70.69778666689153
16.6638,70.71445666689146
16.6957,70.73110666689136
16.782,70.74780666689156
16.5551,70.76444666689169
16.9896,70.78115666689165
16.8547,70.79784666689159
16.575,70.81451666689152
17.0049,70.83122666689148
15.8011,70.8478766668914
16.749,70.86455666689156
16.9666,70.88127666689176
16.674,70.8979666668917
17.0836,70.91466666689189
16.7955,70.93133666689182
16.8727,70.94800666689174
16.6754,70.96468666689191
16.5296,70.98137666689185
16.6699,70.99802666689176
16.928,71.01473666689172
16.5348,71.03140666689166
16.7708,71.04805666689155
16.4618,71.06472666689149
16.8044,71.08137666689139
16.9333,71.09808666689135
16.4305,71.1147466668915
16.9597,71.13145666689147
20.9561,71.14816666689143
11.0614,71.16484666689159
16.5773,71.1814966668915
