2.01726649608463,15.2778,2.04914649575949,15.8499,1.0,15.2778,1.0,8.508767,3.017933
2.03435679618269,18.618,2.06648379564285,16.0248,2.0,16.9479,1.0,-28.86187,1.059933
2.04914649575949,15.8972,2.08235189504921,16.6915,2.0,16.59767,1.0,16.37587,0.005466
2.06648379564285,17.4665,2.10027599520981,17.2499,2.0,16.81487,1.0,15.29603,-0.513801
2.08235189504921,15.7935,2.11657979525626,17.5141,2.0,16.6106,1.0,16.3523,-0.605868
2.10027599520981,16.5518,2.13300879485905,15.0135,2.0,16.6008,1.0,16.90397,-0.533935
2.11657979525626,15.5634,2.14862289465964,16.7768,2.0,16.4526,1.0,16.98714,-1.105002
2.13300879485905,18.3609,2.16605909541249,16.2511,2.0,16.69114,1.0,16.9117,-0.155069
2.14862289465964,14.9078,2.18278649449348,16.6309,2.0,16.49299,1.0,17.45677,-0.833436
2.16605909541249,18.5977,2.19934219494462,18.1577,2.0,16.70346,1.0,16.41584,0.165297
2.18278649449348,16.4684,2.21615749411285,15.5071,2.0,16.68209,1.0,16.3428,0.11293
2.19934219494462,17.0037,2.23215119354427,16.8019,2.0,16.70889,1.0,16.10807,-0.501937
2.21615749411285,16.2704,2.24879529327154,15.5816,2.0,16.67516,1.0,16.17144,-0.085804
2.23215119354427,16.3024,2.26502669416368,17.4296,2.0,16.64853,1.0,16.6797,0.242033
2.24879529327154,16.663,2.28283539414406,17.7609,2.0,16.6495,1.0,-52.56023,-0.824234
2.26502669416368,16.9402,2.30029229447246,16.3047,2.0,16.66767,1.0,7.406667,-0.313301
2.28283539414406,15.1052,2.31628199480474,17.4251,2.0,16.57576,1.0,9.711834,0.337232
2.30029229447246,18.3528,2.3330048955977,15.4669,2.0,16.67448,1.0,12.3899,0.785265
2.31628199480474,16.6988,2.35067339614034,17.619,2.0,16.67576,1.0,10.40257,-0.146102
2.3330048955977,16.8314,2.36608039587736,16.4825,2.0,16.68354,1.0,9.334535,-0.912269
2.35067339614034,16.8823,2.38264609500766,15.4174,2.0,16.69301,1.0,9.021102,0.286464
2.36608039587736,16.4263,2.39936249516904,17.9323,2.0,16.68089,1.0,9.817369,-0.193103
2.38264609500766,16.9826,2.41719069518149,16.7175,2.0,16.694,1.0,11.10384,-0.54657
2.39936249516904,15.6993,2.43213849514723,15.8511,2.0,16.65256,1.0,9.733403,-0.463037
2.41719069518149,17.1866,2.44941539503634,16.2247,2.0,16.67392,1.0,11.63827,-0.136604
2.43213849514723,16.9356,2.46602919511497,17.6187,2.0,16.68398,1.0,10.81384,0.636829
2.44941539503634,17.1593,2.48259619437158,15.545,2.0,16.70159,1.0,11.9185,-0.793538
2.46602919511497,15.9443,2.49918359518051,18.0053,2.0,16.67454,1.0,10.07337,0.002995
2.48259619437158,17.2243,2.51614179462194,15.5601,2.0,16.6935,1.0,8.805038,-0.234172
2.49918359518051,15.9892,2.53260339424014,17.8418,2.0,16.67002,1.0,10.7956,-0.963239
2.51614179462194,17.7717,2.54969159513712,15.6429,2.0,16.70556,1.0,9.665072,0.920594
2.53260339424014,16.239,2.56597709469497,17.3806,2.0,16.69098,1.0,11.63844,0.411227
2.54969159513712,16.5367,2.58303259499371,17.5138,2.0,16.68631,1.0,11.06591,0.14876
2.56597709469497,16.4732,2.59947439469397,14.9879,2.0,16.68004,1.0,10.36427,-0.325607
2.58303259499371,16.4582,2.61628269404173,18.0198,2.0,16.6737,1.0,9.57104,-0.506774
2.59947439469397,17.1102,2.63262989372015,16.7617,2.0,16.68583,1.0,9.372207,-0.433341
2.61628269404173,16.0778,2.64896419458091,14.7749,2.0,16.66939,1.0,11.75167,-0.322308
2.63262989372015,16.5565,2.66630129516125,18.35,2.0,16.66642,1.0,10.73574,-0.605975
2.64896419458091,17.3517,2.68297449499369,15.5138,2.0,16.68399,1.0,10.50001,-0.299242
2.66630129516125,16.8399,2.70017609559,18.449,2.0,16.68789,1.0,10.42717,-0.360609
2.68297449499369,16.469,2.71641079522669,16.5673,2.0,16.68255,1.0,12.12964,-1.626876
2.70017609559,16.9368,2.73268729448318,14.6858,2.0,16.6886,1.0,9.889909,0.070257
2.71641079522669,15.8397,2.74976239539683,18.4271,2.0,16.66886,1.0,9.957676,-0.08601
2.73268729448318,16.8935,2.76765949465334,18.1415,2.0,16.67397,1.0,13.23754,-0.052677
2.74976239539683,16.6585,2.78373129479587,14.4596,2.0,16.67362,1.0,10.12591,0.061956
2.76765949465334,16.37,2.79936349391937,16.6895,2.0,16.66702,1.0,10.24618,-0.448811
2.78373129479587,17.4535,2.81612459383905,17.4361,2.0,16.68376,1.0,10.03364,-0.577678
2.79936349391937,15.6321,2.83234009332955,14.655,2.0,16.66185,1.0,9.773311,-0.561645
2.81612459383905,17.1436,2.84919609315693,17.9347,2.0,16.67168,1.0,11.89448,-0.564712
2.83234009332955,17.083,2.8656603936106,15.3258,2.0,16.67991,1.0,10.73155,0.117921
2.84919609315693,17.2421,2.88263889402151,18.1449,2.0,16.69093,1.0,10.12291,-1.006946
2.8656603936106,16.7829,2.89983099326491,16.0118,2.0,16.6927,1.0,10.44388,0.074887
2.88263889402151,15.8718,2.91587159410119,17.2489,2.0,16.67721,1.0,9.946346,0.17332
2.89983099326491,17.1903,2.93292869441211,15.7977,2.0,16.68671,1.0,12.35221,-0.586647
2.91587159410119,16.4831,2.9503391943872,18.3835,2.0,16.68301,1.0,9.64368,0.031386
2.93292869441211,16.7148,2.9663018938154,14.9478,2.0,16.68358,1.0,9.699247,0.325619
2.9503391943872,16.109,2.98264269344509,17.4122,2.0,16.6735,1.0,10.58351,0.328452
2.9663018938154,16.8391,2.99946309253573,15.9213,2.0,16.67635,1.0,10.20608,-0.026515
2.98264269344509,16.8442,3.01623659208417,18.0266,2.0,16.6792,1.0,11.13315,0.030618
2.99946309253573,17.4773,3.033496491611,15.9881,2.0,16.6925,1.0,9.738215,-0.953449
3.01623659208417,15.9365,3.05002519115806,17.7592,2.0,16.6801,1.0,11.46638,-0.585416
3.033496491611,16.7744,3.06602049060166,14.6954,2.0,16.68163,1.0,9.884249,-1.021983
3.05002519115806,16.0638,3.08429278992116,19.5823,2.0,16.67182,1.0,10.84032,-0.16795
3.06602049060166,17.0439,3.0994720896706,13.7784,2.0,16.67763,1.0,10.82778,-0.599917
3.08429278992116,16.4861,3.11662029009312,18.5255,2.0,16.67469,1.0,10.83185,-0.898684
3.0994720896706,16.599,3.13270389009267,16.1482,2.0,16.67354,1.0,11.61022,-0.721651
3.11662029009312,16.5366,3.15133589040488,18.487,2.0,16.6715,1.0,10.73438,-0.192918
3.13270389009267,17.3712,3.16644939035177,13.8575,2.0,16.68179,1.0,10.64685,0.312715
3.15133589040488,16.3656,3.18315199017525,17.8179,2.0,16.6772,1.0,10.84142,-0.590752
3.16644939035177,17.2563,3.20050038956106,16.2906,2.0,16.68547,1.0,10.15779,-0.128119
3.18315199017525,16.1333,3.21603098977357,16.7293,2.0,16.6777,1.0,9.890852,-0.442586
3.20050038956106,16.7442,3.23342339042574,16.262,2.0,16.67862,1.0,10.27452,-0.430953
3.21603098977357,16.7081,3.25040819030255,18.2774,2.0,16.67903,1.0,11.72929,-0.56172
3.23342339042574,16.7948,3.26629559043795,14.5374,2.0,16.68059,1.0,10.43495,-0.084987
3.25040819030255,16.6106,3.28298359084874,17.7085,2.0,16.67966,1.0,10.62462,-0.571354
3.26629559043795,16.9059,3.30006828997284,15.8968,2.0,16.68263,1.0,10.29189,-0.313721
3.28298359084874,15.6034,3.31715489085764,18.276,2.0,16.66862,1.0,8.704554,-0.363488
3.30006828997284,18.1046,3.3330742912367,14.746,2.0,16.68703,1.0,11.98422,-0.342555
3.31715489085764,15.9185,3.35056699160486,18.8556,2.0,16.6773,1.0,10.42859,0.170078
3.3330742912367,16.4934,3.36700149159878,15.1479,2.0,16.675,1.0,10.40396,-0.490089
3.35056699160486,17.2601,3.38405659142882,18.6308,2.0,16.68222,1.0,10.63412,0.270544
3.36700149159878,17.3693,3.40044059138745,14.9899,2.0,16.6906,1.0,9.748689,-0.808123
3.38405659142882,16.5507,3.41612719092518,16.642,2.0,16.68892,1.0,12.04696,-0.12449
3.40044059138745,16.5909,3.43328709062189,16.1388,2.0,16.68775,1.0,9.745923,1.753643
3.41612719092518,16.1291,3.45045838970691,18.3123,2.0,16.68118,1.0,12.28759,-0.361824
3.43328709062189,17.3693,3.46633108984679,14.654,2.0,16.68918,1.0,10.32186,-0.062891
3.45045838970691,16.0404,3.48334648925811,18.1778,2.0,16.68172,1.0,7.693724,0.596842
3.46633108984679,16.7087,3.50053408835083,16.4236,2.0,16.68203,1.0,10.53969,-0.337625
3.48334648925811,16.754,3.51718368846923,17.393,2.0,16.68284,1.0,8.251858,0.838208
3.50053408835083,17.1397,3.53450998757035,16.1587,2.0,16.68791,1.0,10.89303,-0.454359
3.51718368846923,17.1945,3.55077108833939,17.4438,2.0,16.69348,1.0,10.02309,1.543174
3.53450998757035,16.419,3.56718558911234,15.1532,2.0,16.6905,1.0,8.548559,1.302307
3.55077108833939,15.2217,3.58427699003369,18.3156,2.0,16.6747,1.0,12.00133,0.59734
3.56718558911234,17.5753,3.60033699031919,14.8353,2.0,16.68428,1.0,8.649693,-0.735527
3.58427699003369,15.4682,3.61702068988234,18.024,2.0,16.67148,1.0,8.18726,-0.997994
3.60033699031919,17.4083,3.63448239024729,16.4203,2.0,16.67916,1.0,9.349427,0.238539
3.61702068988234,16.2386,3.65055839065462,17.3641,2.0,16.67462,1.0,10.90389,-0.199528
3.63448239024729,17.6189,3.66739709023386,15.4998,2.0,16.68425,1.0,12.63996,-0.328595
3.65055839065462,15.7364,3.68256849050522,16.1908,2.0,16.67468,1.0,9.972328,0.358838
3.66739709023386,17.1594,3.70035559125245,16.6275,2.0,16.67953,1.0,10.15889,-0.965829
3.68256849050522,16.0379,3.71728539094329,17.9918,2.0,16.67317,1.0,10.37286,-0.270096
3.70035559125245,17.4507,3.73372559063137,15.289,2.0,16.6808,1.0,10.99073,-0.703063
3.71728539094329,16.2715,3.75115399062634,18.8799,2.0,16.67682,1.0,10.5615,0.27297
3.73372559063137,16.784,3.76731649041176,14.8033,2.0,16.67785,1.0,11.64536,-0.344497
3.75115399062634,16.3963,3.78431039117277,18.2793,2.0,16.67517,1.0,11.09193,-0.354164
3.76731649041176,18.0833,3.80020229145885,14.5624,2.0,16.68846,1.0,9.697897,-0.126231
3.78431039117277,15.8504,3.81740329228342,18.6701,2.0,16.68062,1.0,10.53176,0.371702
3.80020229145885,16.3876,3.83419019170105,17.235,2.0,16.67791,1.0,10.39533,0.436235
3.81740329228342,16.3689,3.85168299078941,15.9949,2.0,16.67508,1.0,10.1919,-0.732932
3.83419019170105,16.3244,3.86759299039841,16.8997,2.0,16.67189,1.0,11.20757,0.301001
3.85168299078941,17.3452,3.88449949026108,15.4948,2.0,16.67795,1.0,9.579832,0.074234
3.86759299039841,16.1533,3.90026769042015,15.8181,2.0,16.67327,1.0,10.5547,-0.475533
3.88449949026108,18.4422,3.9172880910337,18.1938,2.0,16.68892,1.0,11.34377,1.6767
3.90026769042015,15.8265,3.93401469103992,17.0287,2.0,16.68136,1.0,10.30873,0.033033
3.9172880910337,16.7357,3.95045569166541,14.88,2.0,16.68183,1.0,10.3808,-0.437234
3.93401469103992,16.9941,3.96756599098444,18.4335,2.0,16.68452,1.0,8.021667,-0.020701
3.95045569166541,16.6084,3.98365019075572,16.2156,2.0,16.68387,1.0,16.21713,-0.499101
3.96756599098444,16.3109,4.00106419064105,16.1352,2.0,16.68071,1.0,16.7744,-0.132901
3.98365019075572,16.565,4.01704399101436,17.1662,2.0,16.67974,1.0,10.3145,-0.846267
4.00106419064105,16.4506,4.03514229133725,16.878,2.0,16.67783,1.0,11.4045,0.256858
4.01704399101436,16.5163,4.05065259151161,16.6754,2.0,16.67649,1.0,11.97677,-0.043242
4.03514229133725,17.0347,4.06821829080582,16.511,2.0,16.67943,1.0,12.10024,-0.207842
4.05065259151161,16.9577,4.08541169017553,18.1061,2.0,16.68169,1.0,11.46064,-1.103342
4.06821829080582,18.0391,4.10094019025564,14.9428,2.0,16.69264,1.0,10.54284,-0.354379
4.08541169017553,16.6249,4.1182060893625,17.9494,2.0,16.6921,1.0,11.98404,-0.063267
4.10094019025564,17.4712,4.13476358912885,15.3914,2.0,16.69828,1.0,11.89368,-0.237927
4.1182060893625,16.5647,4.15135418996215,17.5981,2.0,16.69723,1.0,12.14347,-0.135217
4.15135418996215,17.9355,4.16797509044409,17.0052,2.0,16.7069,1.0,12.21483,-0.842908
4.15135418996215,15.2718,4.18500059098005,15.6022,1.0,16.69578,1.0,10.73872,-0.849969
4.16797509044409,16.9977,4.2025764901191,18.4687,2.0,16.6981,1.0,11.94401,-1.280504
4.18500059098005,16.677,4.21768599003553,15.3592,2.0,16.69794,1.0,11.81507,-0.128804
4.2025764901191,15.9882,4.23417259007692,15.3691,2.0,16.69256,1.0,12.8982,0.668828
4.21768599003553,16.3162,4.25145149044693,18.741,2.0,16.68973,1.0,12.1143,0.07667
4.23417259007692,16.0481,4.26861299015582,15.6925,2.0,16.68494,1.0,11.01927,0.120587
4.25145149044693,16.3871,4.28476729057729,16.2191,2.0,16.68274,1.0,11.29513,-0.204376
4.26861299015582,17.1194,4.30025689024478,16.6973,2.0,16.68595,1.0,10.52271,-0.156921
4.28476729057729,16.4578,4.31742199044675,15.7796,2.0,16.68428,1.0,11.73708,-0.27513
4.30025689024478,16.9289,4.33451628964394,18.7304,2.0,16.68606,1.0,10.80202,-0.242116
4.31742199044675,16.3676,4.35161138977855,16.7973,2.0,16.68377,1.0,11.01143,0.88878
4.33451628964394,16.8063,4.36808439064771,15.1854,2.0,16.68464,1.0,12.27792,-1.020978
4.35161138977855,15.0819,4.38602569047362,19.2629,2.0,16.67327,1.0,11.03922,-0.203398
4.36808439064771,18.2454,4.401387790218,15.2125,2.0,16.68435,1.0,10.97688,-0.303482
4.38602569047362,17.6445,4.41827549040318,15.8259,2.0,16.69106,1.0,11.7998,-0.42587
4.401387790218,14.8329,4.43455309048295,17.5068,2.0,16.67816,1.0,12.26208,-0.479212
4.41827549040318,17.4109,4.45109309069812,15.2977,2.0,16.68321,1.0,11.34337,-0.251012
4.43455309048295,16.352,4.46844969131052,18.789,2.0,16.68094,1.0,12.47631,-0.456235
4.45109309069812,17.5598,4.48608989082277,16.3543,2.0,16.68692,1.0,11.16141,-0.087196
4.46844969131052,15.8594,4.50067729037255,16.1193,2.0,16.68133,1.0,12.26984,-0.447577
4.48608989082277,16.6642,4.51839359011501,16.0518,2.0,16.68121,1.0,11.1358,-0.070083
4.50067729037255,16.3601,4.53440138977021,17.3372,2.0,16.67907,1.0,12.18828,-0.343821
4.51839359011501,17.0016,4.55239809025079,16.5365,2.0,16.68121,1.0,11.49098,-0.180821
4.53440138977021,15.8985,4.56825628969818,17.4484,2.0,16.67606,1.0,10.64912,-0.572946
4.55239809025079,19.114,4.58439888898283,14.6372,2.0,16.69199,1.0,12.34022,-0.923337
4.56825628969818,15.0728,4.60104038845748,17.9405,2.0,16.68148,1.0,11.00165,-0.256558
4.58439888898283,16.8433,4.61815988924354,16.1954,2.0,16.68252,1.0,10.91194,-0.27235
4.60104038845748,15.8724,4.63459148909897,17.6295,2.0,16.67733,1.0,12.80906,0.28496
4.61815988924354,17.1985,4.65143248904496,16.2818,2.0,16.68065,1.0,11.14185,-0.149591
4.63459148909897,15.8505,4.66799258906394,16.5432,2.0,16.67539,1.0,12.31914,-0.529695
4.65143248904496,16.9582,4.68623018916696,17.5663,2.0,16.67717,1.0,10.55109,-0.173757
4.66799258906394,16.9661,4.70124148949981,16.5424,2.0,16.67898,1.0,10.6663,1.052375
4.68623018916696,16.5741,4.71843899041414,15.1726,2.0,16.67833,1.0,12.65946,0.430851
4.70124148949981,16.8157,4.73531559109688,19.0309,2.0,16.67917,1.0,10.90343,-0.610872
4.71843899041414,16.9123,4.75101029127836,13.8492,2.0,16.68061,1.0,9.430049,-0.525929
4.73531559109688,16.3031,4.76849579066038,18.6459,2.0,16.6783,1.0,11.64617,-0.946076
4.75101029127836,16.8525,4.78514339029789,15.3284,2.0,16.67936,1.0,11.63923,-0.789455
4.76849579066038,16.2591,4.80177039094269,18.2948,2.0,16.67683,1.0,10.86418,-1.040161
4.78514339029789,17.3761,4.81835809163749,14.8363,2.0,16.68102,1.0,12.88465,-0.67599
4.80177039094269,15.9542,4.83604209125042,19.093,2.0,16.67669,1.0,11.62696,-0.223488
4.81835809163749,17.431,4.85140329133719,14.1748,2.0,16.68115,1.0,12.99729,-0.866897
4.83604209125042,16.3762,4.86835429165512,18.4142,2.0,16.67936,1.0,11.54019,-0.534008
4.85140329133719,16.5005,4.88486869167536,15.1622,2.0,16.67831,1.0,12.2088,0.203883
4.86835429165512,16.721,4.90256339218467,19.1457,2.0,16.67856,1.0,11.64501,-0.484493
4.88486869167536,16.8419,4.91801319178194,13.8242,2.0,16.6795,1.0,12.52862,-0.801389
4.90256339218467,16.5415,4.93477209191769,18.0651,2.0,16.67871,1.0,10.83389,-0.68274
4.91801319178194,16.8378,4.95245659258217,16.1879,2.0,16.67962,1.0,12.56289,-0.586636
4.93477209191769,16.4665,4.96814519260079,17.4634,2.0,16.67841,1.0,11.82404,-0.003634
4.95245659258217,16.8354,4.98443719279021,14.5881,2.0,16.6793,1.0,12.58334,-0.241438
4.96814519260079,16.4705,5.00173099245876,18.9554,2.0,16.67812,1.0,11.24153,-0.906863
4.98443719279021,16.964,5.01802999246866,14.6496,2.0,16.67972,1.0,11.94124,0.742118
5.00173099245876,16.3974,5.03484299313277,18.5147,2.0,16.67815,1.0,10.86416,-0.758714
5.01802999246866,17.7458,5.050980492495,14.5468,2.0,16.68405,1.0,12.84588,-0.2416
5.03484299313277,16.7025,5.07037709187716,20.7009,2.0,16.68415,1.0,9.932014,-0.879039
5.050980492495,16.6038,5.08584779221565,13.9733,2.0,16.68371,1.0,12.838,1.055766
5.07037709187716,16.1876,5.10154919233173,17.2152,2.0,16.68102,1.0,10.97834,-0.496619
5.08584779221565,16.6591,5.11932609323412,18.1043,2.0,16.6809,1.0,11.50043,-0.468421
5.10154919233173,16.7517,5.13499979395419,14.0231,2.0,16.68128,1.0,9.697919,0.202204
5.11932609323412,16.9239,5.15174019429833,17.9851,2.0,16.68258,1.0,12.52232,-0.983194
5.13499979395419,16.5906,5.16898239497095,15.8706,2.0,16.68209,1.0,11.3883,-0.248216
5.15174019429833,16.406,5.18500429484993,17.0349,2.0,16.68063,1.0,11.77799,0.074058
5.16898239497095,16.9555,5.20159349497408,15.6468,2.0,16.68207,1.0,11.72812,-0.755532
5.18500429484993,16.6709,5.21828299481422,17.6908,2.0,16.68201,1.0,12.14714,-0.694489
5.20159349497408,17.0249,5.23512469511479,15.8451,2.0,16.6838,1.0,10.54603,-0.313223
5.21828299481422,15.9577,5.25269069429487,19.0803,2.0,16.68004,1.0,12.69499,0.104659
5.23512469511479,17.1447,5.26933749485761,15.0182,2.0,16.68243,1.0,11.66602,-0.693869
5.25269069429487,15.5275,5.28525249566883,17.254,2.0,16.67651,1.0,12.44174,0.174031
5.26933749485761,16.952,5.30233249533921,17.4374,2.0,16.67792,1.0,10.84897,-0.12207
5.28525249566883,16.5448,5.31993629503995,15.8829,2.0,16.67724,1.0,12.78667,0.282406
5.30233249533921,16.6879,5.3350516948849,16.4255,2.0,16.67729,1.0,10.60117,-0.027297
5.31993629503995,16.6299,5.3523631952703,16.3216,2.0,16.67706,1.0,12.14009,-1.115415
5.3350516948849,17.0443,5.36820189468563,17.0434,2.0,16.67889,1.0,10.1971,-0.634966
5.3523631952703,16.7239,5.3853620942682,15.8211,2.0,16.67912,1.0,11.89911,-0.040744
5.36820189468563,16.6416,5.40241689421237,17.8995,2.0,16.67893,1.0,11.93787,-0.889724
5.3853620942682,16.3711,5.41916519403458,15.6799,2.0,16.67741,1.0,12.49124,-0.559846
5.40241689421237,17.0915,5.43591639399529,16.9274,2.0,16.67944,1.0,10.86492,-0.051675
5.41916519403458,17.9117,5.45226489380002,17.1538,2.0,16.68546,1.0,12.89755,-0.088413
5.43591639399529,17.578,5.46890579350293,17.4988,2.0,16.68979,1.0,11.39688,0.608773
5.45226489380002,14.7255,5.48582509346306,15.1577,2.0,16.6803,1.0,11.66031,0.123692
5.46890579350293,16.2528,5.50201649405062,17.806,2.0,16.67824,1.0,10.95393,-0.161905
5.48582509346306,16.912,5.51818739436567,15.6681,2.0,16.67936,1.0,11.49041,0.257291
5.50201649405062,16.095,5.53498819470406,15.5863,2.0,16.67658,1.0,10.7345,-0.385994
5.51818739436567,16.6164,5.55308799445629,19.6344,2.0,16.67629,1.0,12.26061,-0.349078
5.53498819470406,17.571,5.56927689537406,14.819,2.0,16.68051,1.0,10.61789,0.422763
5.55308799445629,15.9484,5.58605019561946,16.7556,2.0,16.67708,1.0,12.46638,-0.198354
5.56927689537406,17.4291,5.60333459638059,18.818,2.0,16.68059,1.0,11.11744,-0.017007
5.58605019561946,16.6004,5.61911429651082,14.5669,2.0,16.68022,1.0,11.37185,-1.484785
5.61911429651082,30.9055,5.63604719564319,16.6621,2.0,16.74608,0.0,10.69091,-0.429411
5.63604719564319,12.6515,5.65291979536414,17.9977,1.0,16.72721,0.0,11.87208,-0.164284
5.63604719564319,8.733,5.66936989501119,15.3638,1.0,16.69054,1.0,12.35761,-0.42358
5.65291979536414,14.4087,5.68590979464352,17.8408,2.0,16.68012,1.0,12.40718,0.346998
5.66936989501119,16.0329,5.70233919471502,16.5524,2.0,16.67718,1.0,11.09408,-0.167054
5.68590979464352,17.035,5.71778829488903,13.7842,2.0,16.67879,1.0,12.4857,0.149575
5.70233919471502,14.4871,5.73593999538571,19.5739,2.0,16.66892,1.0,10.27835,-0.61788
5.71778829488903,18.9198,5.75333149451762,16.1552,2.0,16.67901,1.0,12.15563,-0.122003
5.73593999538571,16.5181,5.76922899391502,17.3283,2.0,16.6783,1.0,10.56048,0.002687
5.75333149451762,16.972,5.78599769342691,15.3312,2.0,16.6796,1.0,12.6842,0.761312
5.76922899391502,17.2057,5.80429799389094,19.4241,2.0,16.68193,1.0,10.68631,0.024425
5.78599769342691,16.9159,5.81949309352785,13.9805,2.0,16.68296,1.0,10.12639,0.256072
5.80429799389094,16.6566,5.83612069394439,18.0746,2.0,16.68284,1.0,10.80037,-0.671796
5.81949309352785,15.2018,5.85236019361764,14.8901,2.0,16.67638,1.0,10.58433,-0.327519
5.83612069394439,16.1826,5.86960089299828,18.6556,2.0,16.67423,1.0,11.7625,-0.268576
5.85236019361764,17.1102,5.88656199257821,15.4935,2.0,16.67612,1.0,12.63532,-0.564906
5.86960089299828,16.3931,5.90193509217352,16.7801,2.0,16.6749,1.0,11.11578,-0.134928
5.88656199257821,16.856,5.91960479225963,16.1991,2.0,16.67567,1.0,10.77481,-0.695499
5.90193509217352,17.1724,5.93607039283961,18.004,2.0,16.6778,1.0,12.58523,0.04129
5.91960479225963,16.4147,5.95257449243218,14.9372,2.0,16.67668,1.0,10.8314,-0.672548
5.93607039283961,16.614,5.96930089313537,18.2094,2.0,16.67641,1.0,11.29601,0.751323
5.95257449243218,16.632,5.9862221935764,15.6206,2.0,16.67623,1.0,11.84355,-0.396071
5.96930089313537,16.39,6.00248579401523,17.5851,2.0,16.67502,1.0,11.35308,0.522599
5.9862221935764,16.7226,6.02006989438087,16.4087,2.0,16.67522,1.0,11.15377,0.976507
6.00248579401523,16.8724,6.03611129429191,17.3122,2.0,16.67604,1.0,11.1561,-0.195632
6.02006989438087,17.0297,6.05287159513682,15.3935,2.0,16.67751,1.0,11.32879,-0.510729
6.03611129429191,16.0663,6.06932429503649,17.8289,2.0,16.67499,1.0,9.911332,-0.788109
6.05287159513682,17.1582,6.08615169581026,15.2371,2.0,16.67697,1.0,11.65853,0.082162
6.06932429503649,16.2765,6.10346249584109,18.8621,2.0,16.67533,1.0,10.41021,-0.740341
6.08615169581026,16.6508,6.12073999550194,17.1719,2.0,16.67523,1.0,11.71994,-0.686019
6.10346249584109,15.1246,6.13615289516747,13.8804,2.0,16.66893,1.0,10.82694,1.223181
6.12073999550194,18.4349,6.15333209559321,18.7754,2.0,16.67608,1.0,10.51752,-0.949158
6.13615289516747,17.0563,6.16910589486361,14.2469,2.0,16.67761,1.0,11.61462,-0.55222
6.15333209559321,16.9344,6.18591859564185,18.1413,2.0,16.67864,1.0,9.844158,0.033747
6.16910589486361,17.4051,6.20339399576187,16.1714,2.0,16.68155,1.0,11.17792,0.486903
6.18591859564185,15.5079,6.21916569583118,17.2257,2.0,16.67687,1.0,12.50135,-0.471635
6.20339399576187,16.9973,6.23702869564295,16.4391,2.0,16.67814,1.0,10.4424,-1.197684
6.21916569583118,16.3924,6.25276959501207,17.1698,2.0,16.67702,1.0,11.43713,-0.712367
6.23702869564295,17.4983,6.27061649411917,16.5101,2.0,16.68025,1.0,11.90328,-0.298523
6.25276959501207,16.8957,6.28637939319015,17.0773,2.0,16.68109,1.0,11.88787,0.065612
6.27061649411917,16.1815,6.30233109369874,14.6494,2.0,16.67914,1.0,12.80062,-0.075128
6.28637939319015,16.1027,6.31929629296064,17.8872,2.0,16.6769,1.0,10.74829,1.144199
6.30233109369874,17.3448,6.33644809387624,16.2425,2.0,16.67949,1.0,10.63963,-0.180446
6.31929629296064,16.1373,6.35191119369119,16.5839,2.0,16.67739,1.0,12.1297,0.022395
6.33644809387624,16.5218,6.37033269461244,17.1618,2.0,16.6768,1.0,9.551746,-0.35216
6.35191119369119,16.5661,6.38621249515563,16.8872,2.0,16.67637,1.0,11.02781,-0.498168
6.37033269461244,17.5073,6.40330719482154,16.033,2.0,16.67954,1.0,11.87766,0.172592
6.38621249515563,16.1331,6.42034939397126,18.1855,2.0,16.67747,1.0,11.05827,1.103373
6.40330719482154,17.9203,6.43596439436078,14.4257,2.0,16.68217,1.0,12.44641,-0.998954
6.42034939397126,15.7672,6.45231239497662,17.4814,2.0,16.67872,1.0,10.34183,0.008334
6.43596439436078,17.3521,6.46919019520283,15.9376,2.0,16.68125,1.0,10.67055,-0.626538
6.45231239497662,15.8704,6.48642519488931,18.5402,2.0,16.67822,1.0,11.23007,0.692655
6.46919019520283,16.8909,6.50331529416144,15.662,2.0,16.67901,1.0,11.86134,-0.168803
6.48642519488931,15.9459,6.51913649402559,15.5539,2.0,16.67628,1.0,11.20275,-0.671095
6.50331529416144,18.0886,6.53834369406104,19.2683,2.0,16.68151,1.0,11.3456,-0.688473
6.51913649402559,15.808,6.5530742937699,14.7604,2.0,16.67829,1.0,10.58679,-0.265595
6.53834369406104,16.7602,6.57126929331571,18.179,2.0,16.67859,1.0,12.63457,-0.554624
6.5530742937699,17.4286,6.58648419287056,16.753,2.0,16.68134,1.0,11.37329,-0.381873
6.57126929331571,16.5428,6.60290289204568,14.9839,2.0,16.68083,1.0,11.82912,-0.519167
6.58648419287056,16.0736,6.62176279257983,18.7835,2.0,16.67863,1.0,10.90647,1.07226
6.60290289204568,17.0811,6.6370834922418,16.9642,2.0,16.68008,1.0,11.25517,-0.593619
6.62176279257983,17.1546,6.65435939189047,15.6852,2.0,16.6818,1.0,11.43844,-0.094446
6.6370834922418,15.6398,6.66993559151888,17.0645,2.0,16.67805,1.0,10.55062,0.115479
6.65435939189047,16.9097,6.68602109141648,14.6453,2.0,16.67888,1.0,10.68505,-0.908027
6.66993559151888,17.0539,6.70424149185419,19.7207,2.0,16.68022,1.0,12.19632,-0.100831
6.68602109141648,16.6094,6.71901189163327,13.1017,2.0,16.67997,1.0,9.836627,-0.101591
6.70424149185419,16.8222,6.73718329146504,19.6749,2.0,16.68047,1.0,12.65503,-0.097019
6.71901189163327,17.278,6.75338459201157,14.8778,2.0,16.68258,1.0,10.70939,-0.224234
6.73718329146504,16.794,6.76991329155862,17.8158,2.0,16.68298,1.0,12.06072,0.740877
6.75338459201157,15.3676,6.78618299216032,14.8869,2.0,16.67836,1.0,10.44403,-0.596075
6.76991329155862,16.3684,6.80283049307764,17.8755,2.0,16.67727,1.0,12.28662,-0.272733
6.78618299216032,17.8465,6.81977909244597,15.646,2.0,16.68135,1.0,9.873275,-0.460345
6.80283049307764,15.6737,6.83609299175441,17.7991,2.0,16.67785,1.0,12.38283,0.563894
6.81977909244597,17.2782,6.85272019170225,16.7698,2.0,16.67993,1.0,10.64415,-0.666011
6.83609299175441,16.8932,6.87037169188261,16.1645,2.0,16.68066,1.0,12.16421,-0.579823
6.85272019170225,16.6924,6.88622959144413,17.0453,2.0,16.6807,1.0,9.694811,0.429156
6.87037169188261,17.0991,6.9032780919224,17.2772,2.0,16.68214,1.0,12.54712,-0.592054
6.88622959144413,15.9476,6.91925519146025,14.4201,2.0,16.67963,1.0,11.16534,-0.949151
6.9032780919224,16.6314,6.93713999167085,19.1761,2.0,16.67946,1.0,11.65795,-0.364875
6.91925519146025,17.1617,6.95287729240954,15.8263,2.0,16.6811,1.0,10.87285,-0.723096
6.93713999167085,16.6566,6.97045009210706,16.2165,2.0,16.68102,1.0,12.96647,-0.628748
6.95287729240954,16.4887,6.98707839287817,18.2021,2.0,16.68037,1.0,10.6855,-1.130799
6.97045009210706,16.7427,7.00401409342885,17.0193,2.0,16.68058,1.0,12.72105,1.572949
6.98707839287817,16.7073,7.02039809338748,14.789,2.0,16.68067,1.0,10.8885,0.343936
7.00401409342885,16.4954,7.03731839358807,18.2974,2.0,16.68005,1.0,13.03045,-0.639181
7.02039809338748,16.6733,7.05366899445653,15.0273,2.0,16.68003,1.0,9.008864,0.455821
7.03731839358807,16.8666,7.07111439481378,18.4355,2.0,16.68065,1.0,11.72028,-0.539558
7.05366899445653,16.3448,7.08708249405026,16.5251,2.0,16.67954,1.0,11.18228,-0.459035
7.07111439481378,16.7984,7.10351259447634,14.8218,2.0,16.67993,1.0,9.756258,-0.037122
7.08708249405026,16.5593,7.12049479410052,18.3267,2.0,16.67953,1.0,12.42113,-0.625748
7.10351259447634,16.9162,7.13638989441097,14.5827,2.0,16.68031,1.0,11.11452,-0.628921
7.12049479410052,16.7464,7.15358639508486,17.0762,2.0,16.68052,1.0,11.93055,-0.622536
7.13638989441097,18.3575,7.17083929479122,18.7868,2.0,16.68597,1.0,11.57692,-0.506337
7.15358639508486,14.6682,7.18706869520247,14.6902,2.0,16.67944,1.0,12.61224,0.385325
7.17083929479122,16.0103,7.20379309542477,16.7222,2.0,16.67728,1.0,11.60614,0.338391
7.18706869520247,16.8927,7.2205334957689,18.4151,2.0,16.67797,1.0,12.44308,-0.38662
7.20379309542477,17.1544,7.23706419579685,14.9845,2.0,16.6795,1.0,10.04111,-0.085436
7.2205334957689,16.8458,7.25450499542058,19.0588,2.0,16.68003,1.0,11.70682,0.892023
7.23706419579685,17.1316,7.27028009481728,14.1962,2.0,16.68147,1.0,11.12754,-0.706371
7.25450499542058,16.3637,7.28710609488189,18.3333,2.0,16.68046,1.0,10.36828,-0.017027
7.27028009481728,16.0231,7.30339149571955,14.6545,2.0,16.67838,1.0,11.16627,-0.88972
7.28710609488189,17.153,7.32088679634035,19.0578,2.0,16.67988,1.0,11.41683,-0.382536
7.30339149571955,15.8551,7.33725369721651,16.0535,2.0,16.67728,1.0,11.77292,-0.020867
7.32088679634035,17.2288,7.35297979786992,14.4117,2.0,16.67901,1.0,11.40654,0.022119
7.33725369721651,15.8248,7.37117999792099,19.6271,2.0,16.67634,1.0,12.26757,0.164275
7.35297979786992,18.6069,7.38731159828603,16.0282,2.0,16.68236,1.0,11.04668,-0.18868
7.37117999792099,16.6452,7.40351409837604,14.9873,2.0,16.68224,1.0,12.04972,-0.211068
7.38731159828603,15.4782,7.42015649750829,17.574,2.0,16.67851,1.0,11.80858,-0.033867
7.40351409837604,18.2189,7.43744269758463,16.2558,2.0,16.68327,1.0,11.34237,-0.51111
7.42015649750829,16.5896,7.45418219827116,17.8178,2.0,16.68298,1.0,10.52417,-1.021172
7.43744269758463,16.9624,7.47028589807451,15.0552,2.0,16.68384,1.0,12.04891,-0.855051
7.45418219827116,16.138,7.48716959729791,18.1696,2.0,16.68217,1.0,10.91857,0.523055
7.47028589807451,16.8931,7.50486719794571,18.1464,2.0,16.68281,1.0,11.93015,-0.035259
7.48716959729791,14.9032,7.52019529789686,13.5577,2.0,16.6774,1.0,13.02425,0.146364
7.50486719794571,18.1418,7.53769799880683,18.9561,2.0,16.68184,1.0,10.06496,0.725273
7.52019529789686,16.998,7.55468089878559,15.5497,2.0,16.68279,1.0,11.92764,-0.181545
7.53769799880683,16.8741,7.57051529921591,17.3557,2.0,16.68337,1.0,11.85233,0.026337
7.55468089878559,16.2844,7.58702889829874,14.9913,2.0,16.68217,1.0,9.712345,0.171661
7.57051529921591,16.4865,7.60510149784386,18.051,2.0,16.68159,1.0,11.82156,-0.079675
7.58702889829874,15.7907,7.62255429849029,17.4689,2.0,16.67893,1.0,11.91334,-0.225192
7.60510149784386,17.2277,7.63753089867532,16.2107,2.0,16.68056,1.0,10.60468,-0.422167
7.62255429849029,16.7438,7.65358949825168,15.03,2.0,16.68075,1.0,11.92159,-1.617061
7.63753089867532,16.6275,7.67040849849582,18.503,2.0,16.68059,1.0,10.76037,-0.144783
7.65358949825168,15.8086,7.68740479834378,15.2648,2.0,16.67802,1.0,10.88896,0.533302
7.67040849849582,16.709,7.70356949791312,17.5285,2.0,16.67811,1.0,13.77798,-0.270895
7.68740479834378,17.0606,7.72131399810314,17.7639,2.0,16.67923,1.0,10.8779,-0.187197
7.70356949791312,14.4422,7.73725049756467,15.7835,2.0,16.67269,1.0,11.403,1.459073
7.72131399810314,18.5451,7.7542173974216,15.8528,2.0,16.67815,1.0,10.7535,-0.202888
7.73725049756467,15.5342,7.77137029729784,19.0108,2.0,16.67482,1.0,12.10723,-0.081333
7.7542173974216,18.4255,7.78717539645731,13.8751,2.0,16.6799,1.0,9.357888,-0.530111
7.77137029729784,15.9653,7.80435479618609,18.5243,2.0,16.67783,1.0,12.07133,0.046858
7.78717539645731,17.5249,7.81984939612448,13.835,2.0,16.68027,1.0,10.66771,0.26604
7.80435479618609,15.584,7.8371885959059,18.7655,2.0,16.67712,1.0,12.45664,-0.982458
7.81984939612448,17.7003,7.85400539636612,15.477,2.0,16.68005,1.0,10.47576,-0.005433
7.8371885959059,16.3531,7.87098799645901,18.4695,2.0,16.67912,1.0,11.65506,-0.230331
7.85400539636612,17.3904,7.88713649660349,14.6326,2.0,16.68115,1.0,11.55293,-0.32461
7.87098799645901,15.8759,7.90609339624643,20.7935,2.0,16.67886,1.0,12.03493,-0.359223
7.88713649660349,16.5082,7.92039269581437,14.3053,2.0,16.67838,1.0,10.70651,-0.106249
7.90609339624643,14.8477,7.93834549561143,16.3484,2.0,16.6732,1.0,12.44712,-0.465472
7.92039269581437,19.2089,7.95400509610772,16.6751,2.0,16.68035,1.0,10.91325,0.406206
7.93834549561143,16.5968,7.97158819623291,18.2118,2.0,16.68011,1.0,11.97117,-0.218938
7.95400509610772,16.0262,7.98756249621511,14.395,2.0,16.67828,1.0,11.05769,-0.110649
7.97158819623291,15.1821,8.00499269552529,18.3816,2.0,16.6741,1.0,11.31964,-0.343734
7.98756249621511,18.3493,8.02073319628835,14.6737,2.0,16.67877,1.0,10.69045,-0.256708
8.00499269552529,16.8358,8.03751599602401,18.354,2.0,16.6792,1.0,11.97673,0.419359
8.02073319628835,16.6321,8.05450329557061,15.3247,2.0,16.67907,1.0,10.82191,0.981226
8.03751599602401,16.6394,8.07199679501355,19.1001,2.0,16.67896,1.0,12.26594,-0.272803
8.05450329557061,17.5932,8.08718759473413,13.6819,2.0,16.68148,1.0,10.07477,0.267918
8.07199679501355,15.9183,8.10409439448267,18.3553,2.0,16.67938,1.0,9.560803,-0.649294
8.08718759473413,16.7857,8.12082729395479,15.2709,2.0,16.67968,1.0,12.37348,-0.523437
8.10409439448267,16.1838,8.13842309359461,19.0123,2.0,16.67832,1.0,10.27389,0.246814
8.12082729395479,17.0547,8.1560579938814,16.4775,2.0,16.67935,1.0,12.71054,-0.620359
8.13842309359461,16.6016,8.17112109344453,16.3905,2.0,16.67914,1.0,11.24809,0.566196
8.1560579938814,17.0785,8.18714989256114,14.5843,2.0,16.68022,1.0,11.75816,-0.349719
8.17112109344453,15.8984,8.20396519172937,18.1125,2.0,16.6781,1.0,11.2087,0.754632
8.18714989256114,16.8431,8.22067529242486,15.5035,2.0,16.67855,1.0,11.44802,-0.147162
8.20396519172937,16.6673,8.23937029298395,20.0111,2.0,16.67852,1.0,10.95507,-0.866804
8.22067529242486,17.0544,8.25496019329876,14.1466,2.0,16.67953,1.0,11.12616,-0.613703
8.23937029298395,16.0081,8.27080339286476,16.9702,2.0,16.67773,1.0,10.7311,-0.173491
8.25496019329876,17.4066,8.28785749245435,15.698,2.0,16.67968,1.0,12.7622,-1.314685
8.27080339286476,16.8679,8.30493809189647,18.7453,2.0,16.68018,1.0,11.55219,0.426319
8.28785749245435,16.8828,8.32137269247323,14.9286,2.0,16.68071,1.0,11.98718,-0.367853
8.30493809189647,16.076,8.33802119176835,17.7742,2.0,16.67911,1.0,12.08168,0.030904
8.32137269247323,16.6102,8.35432039108127,16.5106,2.0,16.67893,1.0,11.59725,0.417238
8.33802119176835,17.415,8.37118629086763,15.5759,2.0,16.68087,1.0,11.3897,-0.686335
8.35432039108127,15.8345,8.38798759039491,18.3248,2.0,16.67865,1.0,12.03596,-1.035356
8.37118629086763,16.9152,8.40458389092237,16.5509,2.0,16.67927,1.0,10.53004,-0.811808
8.38798759039491,16.7315,8.42073809076101,14.451,2.0,16.6794,1.0,12.78706,-0.257123
8.40458389092237,16.2372,8.43718469049782,17.5609,2.0,16.67825,1.0,11.98551,-0.019732
8.42073809076101,17.3045,8.45595019031316,19.3114,2.0,16.67988,1.0,12.72792,-0.881716
8.43718469049782,16.5911,8.47137209028006,13.7925,2.0,16.67965,1.0,10.86263,0.69247
8.45595019031316,16.5606,8.48938369005919,18.9936,2.0,16.67934,1.0,11.88022,-0.377521
8.47137209028006,17.1269,8.5047266902402,15.9719,2.0,16.68049,1.0,13.01033,-0.040113
8.48938369005919,16.0678,8.52109338995069,14.6428,2.0,16.67892,1.0,10.41862,-0.318352
8.5047266902402,16.6819,8.53834338951856,18.7426,2.0,16.67893,1.0,12.33831,-0.509986
8.52109338995069,16.7008,8.55514698941261,17.0638,2.0,16.67898,1.0,10.84125,0.285788
8.53834338951856,16.1835,8.57159949000925,14.8519,2.0,16.67772,1.0,10.76739,0.284804
8.55514698941261,16.9318,8.58816008921713,18.1711,2.0,16.67837,1.0,12.46381,0.843307
8.57159949000925,16.8806,8.60505269002169,15.4276,2.0,16.67888,1.0,10.3613,-0.211042
8.58816008921713,16.392,8.62134799081832,17.4338,2.0,16.67815,1.0,10.07709,-0.817121
8.60505269002169,17.4624,8.63807858992368,17.023,2.0,16.68013,1.0,11.07334,0.705261
8.62134799081832,16.3902,8.65423428919166,14.7731,2.0,16.6794,1.0,10.68702,-1.189605
8.63807858992368,17.2659,8.6712710885331,18.7517,2.0,16.68088,1.0,12.72394,0.341624
8.65423428919166,16.8771,8.68850258830935,16.6575,2.0,16.68137,1.0,9.681205,-0.193058
8.6712710885331,15.9485,8.70509688835591,15.2558,2.0,16.67954,1.0,13.26368,-0.322633
8.68850258830935,16.0903,8.72260498907417,18.942,2.0,16.67807,1.0,10.26656,-0.754392
8.70509688835591,17.4538,8.73800118919462,13.908,2.0,16.68,1.0,12.07383,-0.819967
8.72260498907417,16.7278,8.75750978942961,19.4836,2.0,16.68011,1.0,10.93509,-0.524116
8.73800118919462,16.7477,8.77181858941913,15.9913,2.0,16.68028,1.0,12.72927,-0.870567
8.75750978942961,16.1726,8.7894023898989,16.1116,2.0,16.67903,1.0,11.53362,-0.936095
8.77181858941913,16.9601,8.80507159046829,16.9092,2.0,16.67972,1.0,12.57037,0.037542
8.7894023898989,18.0314,8.82143059000373,14.901,2.0,16.68304,1.0,11.44709,-0.778162
8.80507159046829,15.1839,8.83795348927379,17.9741,2.0,16.67937,1.0,11.35856,-0.443198
8.82143059000373,17.3457,8.8551142886281,15.7329,2.0,16.681,1.0,11.87836,-1.076528
8.83795348927379,16.0352,8.87179898843169,18.1653,2.0,16.67942,1.0,11.5137,0.090407
8.8551142886281,17.3667,8.88866648823023,15.3942,2.0,16.68109,1.0,10.91763,-0.856393
8.87179898843169,15.9499,8.90499188750982,17.6683,2.0,16.67932,1.0,13.18109,0.07609
8.88866648823023,16.9482,8.92254188843071,16.2084,2.0,16.67997,1.0,10.68149,-0.02878
8.90499188750982,16.5347,8.93819458782673,16.8478,2.0,16.67962,1.0,11.53801,0.151141
8.92254188843071,17.1677,8.95590678788722,16.4727,2.0,16.6808,1.0,12.00358,-0.078527
8.93819458782673,16.155,8.97127958759665,16.7684,2.0,16.67953,1.0,10.47786,0.170122
8.95590678788722,17.4405,8.988167187199,15.7048,2.0,16.68136,1.0,10.14143,-0.175706
8.97127958759665,16.1336,9.00624788738787,19.6266,2.0,16.68005,1.0,12.03478,0.572348
8.988167187199,16.7066,9.02167688775808,13.6246,2.0,16.68011,1.0,10.41641,-0.07929
9.00624788738787,16.4874,9.03819678816944,17.8815,2.0,16.67965,1.0,12.07125,-0.383819
9.02167688775808,17.0887,9.05606828909367,16.6052,2.0,16.68062,1.0,10.31689,-0.050552
9.03819678816944,15.7637,9.07211518939584,17.4561,2.0,16.67845,1.0,10.47032,-0.843859
9.05606828909367,17.4979,9.08789979014546,14.2748,2.0,16.68039,1.0,12.33305,-0.736881
9.07211518939584,16.4157,9.10534269083291,18.8832,2.0,16.67976,1.0,10.68506,0.228052
9.08789979014546,17.0922,9.12173459026963,16.7091,2.0,16.68073,1.0,12.78708,-0.217985
9.10534269083291,14.6218,9.13788968976587,14.4843,2.0,16.6759,1.0,12.39545,-0.171763
9.12173459026963,18.6337,9.15517908986658,18.762,2.0,16.68048,1.0,10.28648,-0.106834
9.13788968976587,16.5499,9.1723426906392,15.795,2.0,16.68018,1.0,12.27726,-0.253832
9.15517908986658,17.0099,9.18800709117204,17.1981,2.0,16.68095,1.0,12.23193,0.473939
9.1723426906392,16.5347,9.20523169171065,16.6769,2.0,16.68061,1.0,10.49513,-0.437228
9.18800709117204,17.223,9.22250089142472,16.2594,2.0,16.68187,1.0,12.19216,-0.329387
9.20523169171065,14.4159,9.23795899096876,16.4424,2.0,16.67662,1.0,9.811628,-0.654865
9.22250089142472,18.7715,9.25632649008185,17.3686,2.0,16.68146,1.0,12.30289,0.193559
9.23795899096876,14.8648,9.27195238973945,17.0323,2.0,16.67727,1.0,10.64657,-0.157623
9.25632649008185,18.2815,9.28837428893894,14.8651,2.0,16.68096,1.0,12.67484,-1.066834
9.27195238973945,15.0245,9.3046634895727,16.337,2.0,16.67716,1.0,10.29142,0.387225
9.28837428893894,17.8549,9.32287518959492,19.6937,2.0,16.67986,1.0,10.91943,-0.113231
9.3046634895727,16.7315,9.33938269037753,15.0528,2.0,16.67998,1.0,13.18768,-0.608271
9.32287518959492,17.8871,9.35502169001848,16.8771,2.0,16.68273,1.0,10.23593,-0.653284
9.33938269037753,15.5175,9.37197548989207,16.0208,2.0,16.68008,1.0,10.89467,-0.043251
9.35502169001848,17.5208,9.3896008906886,18.8287,2.0,16.68198,1.0,12.58338,-0.04693
9.37197548989207,15.6319,9.40606069099158,15.2895,2.0,16.67961,1.0,11.69635,-0.570066
9.3896008906886,17.3085,9.42301219049841,17.9487,2.0,16.68103,1.0,12.12553,-0.369032
9.40606069099158,16.9799,9.43934428971261,14.9468,2.0,16.6817,1.0,10.98457,0.601358
9.42301219049841,16.5706,9.45506269019097,17.0884,2.0,16.68145,1.0,12.62173,-0.685042
9.43934428971261,16.3004,9.4719062903896,15.4414,2.0,16.6806,1.0,11.13124,0.13792
9.45506269019097,17.1515,9.48843949008733,17.7227,2.0,16.68165,1.0,9.658042,0.443627
9.4719062903896,16.5399,9.50625089090317,16.8521,2.0,16.68133,1.0,12.79038,-0.448142
9.48843949008733,14.9806,9.52222979161888,15.7953,2.0,16.67755,1.0,10.51317,-0.618513
9.50625089090317,17.6794,9.53941429127008,18.7274,2.0,16.67977,1.0,11.65134,-0.535998
9.52222979161888,16.8838,9.55591869074851,14.9712,2.0,16.68022,1.0,10.97691,1.551176
9.53941429127008,17.0706,9.57262069080025,18.235,2.0,16.68109,1.0,12.6655,-0.175583
9.55591869074851,16.2355,9.58906629029661,14.9485,2.0,16.6801,1.0,11.29772,-0.77663
9.57262069080025,16.9166,9.60635848995298,18.5601,2.0,16.68063,1.0,10.50998,-0.627719
9.58906629029661,17.5124,9.62273489031941,15.2961,2.0,16.68245,1.0,10.97883,-0.348536
9.60635848995298,16.2409,9.64017178956419,17.197,2.0,16.68148,1.0,12.63282,-0.828844
9.62273489031941,16.7118,9.65591938886791,15.7471,2.0,16.68155,1.0,10.80514,0.191726
9.64017178956419,16.5737,9.67246468830854,17.8709,2.0,16.68131,1.0,12.22264,-0.554863
9.65591938886791,16.6295,9.68916358891875,15.716,2.0,16.6812,1.0,11.37057,-0.229011
9.67246468830854,16.9555,9.70600038859993,17.683,2.0,16.6818,1.0,10.28146,0.223167
9.68916358891875,16.0864,9.72275268938392,17.1612,2.0,16.68051,1.0,11.17771,-0.59043
9.70600038859993,14.8129,9.73952548857778,15.1886,2.0,16.67646,1.0,12.00063,-0.141262
9.72275268938392,18.9246,9.75628998782486,18.0329,2.0,16.68132,1.0,9.66733,-1.296735
9.73952548857778,16.2606,9.77299188729376,15.4895,2.0,16.68041,1.0,12.47536,-0.671057
9.75628998782486,17.2064,9.79017228726298,18.3956,2.0,16.68155,1.0,10.62854,-0.454711
9.77299188729376,16.1214,9.80616378691047,16.2325,2.0,16.68034,1.0,13.47556,-0.217231
9.79017228726298,17.0322,9.82273328769952,15.7502,2.0,16.6811,1.0,11.38511,-0.722278
9.80616378691047,16.0511,9.83873578812927,16.7402,2.0,16.67975,1.0,12.58903,1.535963
9.82273328769952,16.9227,9.85614168737084,16.0567,2.0,16.68027,1.0,10.79898,-0.856512
9.83873578812927,16.9113,9.87412728648633,19.2974,2.0,16.68076,1.0,12.85074,0.412484
9.85614168737084,17.2593,9.88920358661562,13.6336,2.0,16.68199,1.0,8.731212,-0.583863
9.87412728648633,15.9037,9.90648598689586,18.9117,2.0,16.68034,1.0,11.09512,0.285325
9.88920358661562,17.2648,9.92374588642269,15.6561,2.0,16.68158,1.0,11.43616,-0.478255
9.90648598689586,16.294,9.93940778728575,17.6271,2.0,16.68076,1.0,11.43898,0.380744
9.93940778728575,30.5435,9.95727498736233,16.0037,2.0,16.70994,0.0,9.906655,-0.586823
9.95727498736233,12.7548,9.97263808734715,15.3692,1.0,16.70163,0.0,12.18936,-0.498527
9.95727498736233,5.9163,9.99003198742867,19.1543,1.0,16.67902,1.0,10.48422,-0.1995
9.97263808734715,16.378,10.0062075871974,14.4995,2.0,16.67839,1.0,12.50933,0.610336
9.99003198742867,17.5012,10.0228281877935,17.977,2.0,16.68011,1.0,10.8343,-0.815846
10.0062075871974,16.8941,10.039275387302,16.6987,2.0,16.68056,1.0,12.19226,-0.628031
10.0228281877935,16.3205,10.0571862868965,16.3168,2.0,16.67981,1.0,9.771346,-0.602908
10.039275387302,16.0891,10.0733318869025,17.3269,2.0,16.67858,1.0,12.77283,0.30477
10.0571862868965,16.976,10.0891515873373,14.4866,2.0,16.6792,1.0,11.09541,1.292223
10.0733318869025,16.4443,10.106745487079,19.2084,2.0,16.67871,1.0,12.50623,-0.296313
10.0891515873373,16.4415,10.1235641874373,15.1343,2.0,16.67822,1.0,10.17088,-1.009731
10.106745487079,16.994,10.1396437883377,17.5073,2.0,16.67887,1.0,10.37141,-0.895136
10.1235641874373,17.1371,10.15597518906,16.7218,2.0,16.67981,1.0,10.65983,-0.800686
10.1396437883377,15.8447,10.1725058890879,14.7856,2.0,16.6781,1.0,12.75974,1.201994
10.15597518906,17.3736,10.1895395889878,18.5018,2.0,16.67952,1.0,11.32389,0.123166
10.1725058890879,16.8888,10.2060350887477,16.8073,2.0,16.67995,1.0,12.49891,-0.691666
10.1895395889878,16.1338,10.2226248886436,14.8788,2.0,16.67884,1.0,9.166134,-0.341642
10.2060350887477,16.6584,10.2397173885256,18.5452,2.0,16.6788,1.0,11.70067,0.051281
10.2226248886436,16.7381,10.2573346886784,16.0729,2.0,16.67892,1.0,11.40294,-0.225533
10.2397173885256,16.4806,10.2731436882168,17.1459,2.0,16.67852,1.0,12.39342,-0.252147
10.2573346886784,16.9967,10.289190787822,14.6242,2.0,16.67916,1.0,10.32633,-0.612979
10.2731436882168,15.8836,10.3061657883227,18.3535,2.0,16.67756,1.0,12.07655,-0.385549
10.289190787822,17.4596,10.323796087876,16.3324,2.0,16.67913,1.0,10.98548,-0.300697
10.3061657883227,16.8527,10.3395256884396,16.7455,2.0,16.67948,1.0,11.15635,-0.416064
10.323796087876,17.0201,10.3561190888286,15.6175,2.0,16.68016,1.0,12.2596,-0.969468
10.3395256884396,15.9703,10.3742443881929,19.6993,2.0,16.67874,1.0,10.61266,-1.09782
10.3561190888286,17.4841,10.3894827878103,13.6874,2.0,16.68035,1.0,10.74117,0.883001
10.3742443881929,17.1425,10.4059867886826,17.9749,2.0,16.68127,1.0,12.97432,-0.418348
10.3894827878103,16.204,10.4235307881609,16.0882,2.0,16.68032,1.0,12.0896,0.958611
10.4059867886826,16.4163,10.4395721880719,16.9724,2.0,16.6798,1.0,9.460148,-0.370684
10.4235307881609,17.455,10.4560419889167,15.4476,2.0,16.68133,1.0,12.35329,-0.643604
10.4395721880719,15.9756,10.4744247896597,19.836,2.0,16.67994,1.0,10.04038,-0.066431
10.4560419889167,17.0232,10.4896990898997,13.7783,2.0,16.68061,1.0,10.7466,-0.016414
10.4744247896597,16.3371,10.5060785897076,17.6965,2.0,16.67994,1.0,12.78623,-0.165533
10.4896990898997,17.2187,10.5237861890346,16.4335,2.0,16.681,1.0,10.71961,-0.257499
10.5060785897076,15.9073,10.5400609895587,17.4997,2.0,16.67948,1.0,10.33593,-0.117478
10.5237861890346,17.2551,10.5561747904867,14.9208,2.0,16.6806,1.0,12.1651,-0.521031
10.5400609895587,15.942,10.5729421898723,18.113,2.0,16.67916,1.0,10.67098,-0.412664
10.5561747904867,17.076,10.5898024905473,15.5599,2.0,16.67994,1.0,11.92573,-0.920367
10.5729421898723,16.7896,10.6062907911837,18.001,2.0,16.68015,1.0,11.17176,-0.562843
10.5898024905473,15.6733,10.6259025912732,18.1021,2.0,16.67819,1.0,10.82847,-0.126011
10.6062907911837,15.7903,10.6403790917248,15.9267,2.0,16.67647,1.0,12.74094,-0.157047
10.6259025912732,18.6584,10.6563581917435,14.5198,2.0,16.68031,1.0,10.65911,0.696586
10.6403790917248,16.9868,10.67447909154,19.5575,2.0,16.6809,1.0,10.68825,-0.60401
10.6563581917435,15.5124,10.6902266908437,14.3859,2.0,16.67865,1.0,12.11731,0.811575
10.67447909154,16.9011,10.7062003910542,17.4946,2.0,16.67908,1.0,9.85361,-0.207807
10.6902266908437,16.151,10.724200591445,16.4593,2.0,16.67806,1.0,12.62543,0.770464
10.7062003910542,18.2269,10.7404288910329,17.7234,2.0,16.68103,1.0,9.826407,-0.236057
10.724200591445,15.6195,10.7570805903524,15.2247,2.0,16.679,1.0,10.51204,-0.619599
10.7404288910329,16.6693,10.7733380906284,17.4629,2.0,16.67898,1.0,11.08416,-0.690367
10.7570805903524,16.2557,10.7904684897512,15.8104,2.0,16.67817,1.0,10.8552,-0.255064
10.7733380906284,16.7136,10.8062212895602,17.4482,2.0,16.67824,1.0,12.63857,-0.201486
10.7904684897512,17.0497,10.8239664901048,16.1154,2.0,16.67895,1.0,11.34286,-0.09508
10.8062212895602,15.2462,10.839632190764,17.2008,2.0,16.67623,1.0,12.29209,-0.385099
10.8239664901048,18.3356,10.8571677915752,15.9675,2.0,16.67937,1.0,10.80378,0.420331
10.839632190764,17.2001,10.8728925921023,17.083,2.0,16.68035,1.0,12.0923,-0.650288
10.8571677915752,16.1466,10.8919854927808,17.7599,2.0,16.67935,1.0,11.10287,0.406317
10.8728925921023,15.0893,10.9072254924104,16.1992,2.0,16.67636,1.0,11.57659,-0.854614
10.8919854927808,18.2369,10.9232566924766,14.887,2.0,16.67929,1.0,11.40868,-0.64647
10.9072254924104,14.8623,10.9407443916425,19.1734,2.0,16.67588,1.0,11.62061,0.717984
10.9232566924766,18.8128,10.9574420908466,14.9847,2.0,16.67988,1.0,11.52667,-0.527225
10.9407443916425,16.5806,10.9746990902349,18.9156,2.0,16.67969,1.0,12.51052,-0.651975
10.9574420908466,16.0062,10.9899498904124,13.6197,2.0,16.67844,1.0,9.561125,0.528203
10.9746990902349,16.5295,11.0062346896157,18.243,2.0,16.67816,1.0,12.62167,-0.095546
10.9899498904124,16.7874,11.0254217898473,17.6099,2.0,16.67836,1.0,11.4195,-0.983832
11.0062346896157,15.5105,11.041063289158,16.9983,2.0,16.6762,1.0,11.49355,-0.312194
11.0254217898473,18.3019,11.0560786891729,13.2852,2.0,16.67921,1.0,10.71543,-0.572127
11.041063289158,16.5988,11.074330188334,20.1709,2.0,16.67906,1.0,13.12469,-1.114627
11.0560786891729,15.9798,11.0903688874096,14.1425,2.0,16.67777,1.0,10.92123,-0.456812
11.074330188334,17.2234,11.1070622876287,17.9735,2.0,16.67877,1.0,10.88323,0.035509
11.0903688874096,16.8845,11.124395288527,16.0441,2.0,16.67915,1.0,13.08931,-0.988239
11.1070622876287,16.3375,11.1400736887008,17.1117,2.0,16.67853,1.0,11.00299,-0.509047
11.124395288527,17.2016,11.1579063888639,16.4295,2.0,16.67948,1.0,11.88864,0.149487
11.1400736887008,16.4813,11.1739813890308,17.6356,2.0,16.67912,1.0,11.37385,-1.084134
11.1579063888639,16.3398,11.1902016885579,14.6382,2.0,16.6785,1.0,11.38021,0.571107
11.1739813890308,16.9936,11.2069982886314,18.541,2.0,16.67907,1.0,11.79943,-0.446966
11.1902016885579,17.1466,11.2235971894115,14.9966,2.0,16.67992,1.0,12.03539,-0.709927
11.2069982886314,16.7482,11.2402868885547,18.3448,2.0,16.68005,1.0,11.34837,-1.071389
11.2235971894115,15.8087,11.2572174891829,15.1684,2.0,16.67847,1.0,10.99763,0.469254
11.2402868885547,16.7339,11.2738244887441,18.3485,2.0,16.67857,1.0,12.81289,0.234379
11.2572174891829,16.3491,11.2909058891237,15.4503,2.0,16.67798,1.0,13.15715,-0.753246
11.2738244887441,17.6018,11.3084468897432,17.5097,2.0,16.67964,1.0,10.13892,-0.501722
11.2909058891237,15.8197,11.3228845894337,14.4134,2.0,16.67809,1.0,11.77355,0.445595
11.3084468897432,16.932,11.3416927885264,20.2968,2.0,16.67855,1.0,11.57642,0.251888
11.3228845894337,18.0086,11.3571772882715,15.545,2.0,16.68093,1.0,12.2326,0.388661
11.3416927885264,15.6311,11.3733420884237,14.7973,2.0,16.67905,1.0,10.08151,0.132461
11.3571772882715,16.8237,11.3902731882408,18.1403,2.0,16.67931,1.0,11.47944,-0.834289
11.3733420884237,16.8719,11.4072752883658,17.227,2.0,16.67966,1.0,10.20634,-0.693085
11.4072752883658,29.8542,11.424479288049,15.5279,2.0,16.70306,0.0,11.95079,-0.787234
11.424479288049,13.6571,11.4408855875954,17.9684,1.0,16.69765,0.0,11.54088,0.307133
11.424479288049,9.0127,11.4580504884943,15.5394,1.0,16.68405,1.0,12.78593,-0.426112
11.4408855875954,14.0376,11.4736568881199,16.9833,2.0,16.67938,1.0,11.74207,0.119417
11.4580504884943,16.1145,11.491405188106,17.8498,2.0,16.67838,1.0,11.56751,-0.081007
11.4736568881199,16.6586,11.5069883884862,14.1274,2.0,16.67835,1.0,12.45018,-0.044394
11.491405188106,15.3377,11.5242139892653,18.597,2.0,16.67599,1.0,10.40761,-0.247298
11.5069883884862,18.5101,11.5407533897087,15.1087,2.0,16.67921,1.0,12.12109,0.299477
11.5242139892653,16.888,11.5569246904925,17.4807,2.0,16.67957,1.0,10.5637,0.021324
11.5407533897087,16.7429,11.5742619903758,17.6659,2.0,16.67968,1.0,12.29782,-0.17716
11.5569246904925,15.9683,11.5905917910859,14.6897,2.0,16.67844,1.0,10.39118,-0.141911
11.5742619903758,15.4251,11.6071933908388,18.0847,2.0,16.67626,1.0,11.80696,-0.359426
11.5905917910859,18.428,11.6243036901578,15.8095,2.0,16.67931,1.0,11.29091,-0.254628
11.6071933908388,16.8697,11.6409551901743,18.1626,2.0,16.67964,1.0,12.22843,-0.124427
11.6243036901578,16.3293,11.6570296892896,14.4414,2.0,16.67903,1.0,11.03853,-0.108934
11.6409551901743,16.7082,11.6736814891919,18.0872,2.0,16.67908,1.0,12.00163,0.047201
11.6570296892896,16.7986,11.6910407887772,15.8899,2.0,16.67929,1.0,11.00223,0.070781
11.6736814891919,17.4478,11.7090154895559,19.5264,2.0,16.68061,1.0,10.5128,0.130967
11.6910407887772,15.6948,11.7246721899137,14.1174,2.0,16.67891,1.0,12.00922,0.643122
11.7090154895559,16.062,11.7408806895837,17.6063,2.0,16.67785,1.0,10.63053,-0.076121
11.7246721899137,17.4434,11.7569731893018,14.6925,2.0,16.67917,1.0,11.85458,-0.158517
11.7408806895837,15.95,11.7758781900629,20.5721,2.0,16.67792,1.0,10.13822,-0.868267
11.7569731893018,17.2203,11.7913058903068,13.7772,2.0,16.67885,1.0,10.58232,-0.143735
11.7758781900629,14.6766,11.8072663899511,17.3578,2.0,16.67543,1.0,11.51737,1.175505
11.7913058903068,18.7485,11.8236785903573,15.0498,2.0,16.67896,1.0,11.45763,-0.501183
11.8072663899511,17.5533,11.8410457912832,18.9044,2.0,16.68045,1.0,12.08399,0.175178
11.8236785903573,15.8454,11.8571365904063,14.5376,2.0,16.67903,1.0,9.466483,0.756403
11.8410457912832,16.4518,11.8744165897369,18.6714,2.0,16.67864,1.0,12.51822,-0.292654
11.8571365904063,17.1357,11.8901540897787,14.2599,2.0,16.67942,1.0,10.2843,0.875089
11.8744165897369,14.816,11.9082975890487,19.5114,2.0,16.67627,1.0,11.31245,-0.384053
11.8901540897787,18.6471,11.9242659881711,14.6387,2.0,16.67959,1.0,10.36101,0.297025
11.9082975890487,15.998,11.9411801882088,18.4064,2.0,16.67845,1.0,11.06775,-0.186267
11.9242659881711,16.5259,11.9581649880856,15.4526,2.0,16.67819,1.0,12.38437,-0.275077
11.9411801882088,16.7071,11.9741086885333,17.3747,2.0,16.67824,1.0,9.902567,-0.507033
11.9581649880856,17.1672,11.9908385891467,15.2893,2.0,16.67906,1.0,12.08818,0.71116
11.9741086885333,15.8391,12.0070272888988,17.8836,2.0,16.67765,1.0,10.78813,0.192179
11.9908385891467,17.1094,12.024402089417,16.3177,2.0,16.67837,1.0,10.77134,-0.647618
12.0070272888988,15.1859,12.0411416888237,17.8996,2.0,16.67589,1.0,11.13042,0.16797
12.024402089417,18.6028,12.0572328884155,14.4207,2.0,16.67909,1.0,10.48572,0.383647
12.0411416888237,14.7495,12.0741040892899,17.9737,2.0,16.67589,1.0,12.68103,-0.211226
12.0572328884155,18.3189,12.0925579890609,17.1841,2.0,16.67861,1.0,10.14505,-0.552039
12.0741040892899,15.0408,12.1085685882717,16.0842,2.0,16.6759,1.0,11.69813,-0.676441
12.0925579890609,18.8735,12.1241875886917,16.8667,2.0,16.67953,1.0,10.86884,-0.343565
12.1085685882717,15.6754,12.1411501895636,15.6545,2.0,16.67788,1.0,10.82414,-0.540417
12.1241875886917,18.5824,12.1585461888462,19.0118,2.0,16.68101,1.0,12.72167,-0.602256
12.1411501895636,15.42,12.175599489361,15.6124,2.0,16.67894,1.0,10.89262,-0.225654
12.1585461888462,16.7433,12.1919881887734,17.8478,2.0,16.67904,1.0,10.76996,0.722328
12.175599489361,16.274,12.2083532884717,14.8773,2.0,16.67838,1.0,12.57295,-0.159789
12.1919881887734,15.4184,12.2237066887319,16.8979,2.0,16.67632,1.0,10.70397,-0.783048
12.2237066887319,32.6143,12.2406089883298,15.4481,2.0,16.70236,0.0,11.31229,-0.481803
12.2406089883298,12.4864,12.2579578887671,18.4912,1.0,16.69548,0.0,10.84215,0.482368
12.2406089883298,8.5639,12.275219488889,16.0417,1.0,16.68224,1.0,12.9008,-0.526309
12.2579578887671,14.9931,12.2909501884133,16.8052,2.0,16.67949,1.0,11.22293,-0.623669
12.275219488889,17.2953,12.3094144891948,17.3634,2.0,16.68049,1.0,11.57171,0.846091
12.2909501884133,16.5413,12.3243319895118,15.9436,2.0,16.68027,1.0,11.50687,-0.586257
12.3094144891948,16.1865,12.3408621903509,15.5204,2.0,16.67947,1.0,12.57181,-0.755125
12.3243319895118,17.2856,12.358995590359,22.4742,2.0,16.68045,1.0,9.550157,0.141255
12.3408621903509,16.8203,12.375203890726,12.2108,2.0,16.68067,1.0,12.54912,-0.582941
12.358995590359,16.8375,12.3913268912584,17.1211,2.0,16.68093,1.0,11.25074,-0.759372
12.375203890726,16.1492,12.4088507909328,18.1338,2.0,16.68007,1.0,11.84604,0.957692
12.3913268912584,14.8147,12.4240538906306,14.2441,2.0,16.67708,1.0,11.55547,-0.429621
12.4088507909328,18.4791,12.4424623902887,17.3689,2.0,16.67996,1.0,12.79021,-0.768258
12.4240538906306,15.3194,12.4582243897021,17.1054,2.0,16.67779,1.0,9.630421,0.265947
12.4424623902887,17.6683,12.4743263889104,14.8244,2.0,16.67937,1.0,12.53636,-0.142531
12.4582243897021,17.0469,12.491044189781,17.6347,2.0,16.67996,1.0,11.49705,-0.710936
12.4743263889104,16.6774,12.5083198901266,16.639,2.0,16.67995,1.0,11.76513,-0.671898
12.491044189781,17.0518,12.524711990729,17.3915,2.0,16.68054,1.0,10.94554,-0.460434
12.5083198901266,15.7938,12.5430015902966,17.0069,2.0,16.67914,1.0,12.707,-0.666983
12.524711990729,17.1401,12.5580145902932,16.3133,2.0,16.67987,1.0,11.27333,0.400423
12.5430015902966,16.2729,12.5762888900936,16.8483,2.0,16.67922,1.0,12.38858,0.09875
12.5580145902932,16.7801,12.5911005903035,15.9485,2.0,16.67938,1.0,11.06538,-0.689257
12.5762888900936,16.9197,12.6079321894795,15.8706,2.0,16.67976,1.0,9.64135,0.838644
12.5911005903035,16.7815,12.6260203886777,19.4993,2.0,16.67992,1.0,10.39226,-0.170703
12.6079321894795,16.4331,12.6415401883423,14.1055,2.0,16.67953,1.0,12.55456,-0.814878
12.6260203886777,17.5851,12.65898658894,19.9926,2.0,16.68096,1.0,9.675003,0.497161
12.6415401883423,15.8596,12.6741216890514,15.2154,2.0,16.67967,1.0,11.97148,0.041833
12.65898658894,15.8657,12.6911574881524,18.4745,2.0,16.67839,1.0,11.15354,0.038034
12.6741216890514,18.4312,12.70820148848,15.6038,2.0,16.68113,1.0,11.37717,-0.377946
12.6911574881524,15.5302,12.7247215881944,17.8757,2.0,16.67934,1.0,10.33107,0.08808
12.7247215881944,21.1312,12.7428817879409,18.0289,2.0,16.68627,1.0,11.78805,-0.860261
12.7247215881944,10.6532,12.7582926880568,15.9555,1.0,16.67689,1.0,11.00152,0.254393
12.7428817879409,20.2362,12.7738583879545,13.9349,2.0,16.68242,1.0,11.87186,-0.78864
12.7918701870367,37.5977,12.8078936869279,36.1855,2.0,16.71484,0.0,11.09951,0.025991
12.8078936869279,14.9174,12.8259290875867,16.6783,1.0,16.71206,2.0,11.66604,-0.909861
12.8078936869279,0.5088,12.8419477874413,16.8604,1.0,16.68702,2.0,11.14091,-0.432208
12.8078936869279,11.5547,12.8579974872991,15.9547,2.0,16.6791,2.0,11.85626,0.103434
12.8419477874413,25.0777,12.8760566869751,17.4681,3.0,16.69204,2.0,11.45121,-0.565752
12.8579974872991,17.7954,12.8915594872087,15.5321,2.0,16.69373,1.0,10.36997,0.228765
12.8760566869751,23.7796,12.9086034875363,18.1495,2.0,16.70462,2.0,10.84925,0.295988
12.8760566869751,1.2687,12.9251386877149,17.0817,2.0,16.68094,2.0,12.64133,0.837096
12.9086034875363,24.339,12.9411662872881,13.3351,3.0,16.69267,2.0,10.14511,-0.553842
12.9251386877149,11.9362,12.9587105866522,18.1626,2.0,16.6854,2.0,11.8415,-1.008303
12.9251386877149,12.5338,12.9757484868169,17.2058,2.0,16.67906,2.0,9.602742,-0.336367
12.9411662872881,18.4675,12.9924073871225,32.7425,3.0,16.68179,1.0,12.6654,0.500032
12.9757484868169,29.6057,13.0178722869605,11.5327,3.0,16.70146,3.0,11.09677,-1.201174
12.9924073871225,17.0188,13.0333535866812,13.8269,2.0,16.70194,3.0,10.16517,0.383768
12.9924073871225,8.8288,13.0499056866392,16.8395,2.0,16.68999,3.0,9.844374,-0.292102
13.0178722869605,12.1143,13.0659209871665,15.7325,3.0,16.68306,2.0,13.24293,-0.237675
13.0333535866812,12.9458,13.0834378870204,16.3288,3.0,16.67741,2.0,9.750602,0.409474
13.0499056866392,24.466,13.1004663864151,18.0925,3.0,16.68917,2.0,12.28977,-0.608751
13.0659209871665,14.1841,13.116148586385,14.9398,3.0,16.68539,2.0,10.99143,0.558068
13.0834378870204,20.9565,13.1330385869369,17.6202,3.0,16.69183,2.0,11.63025,-0.078851
13.1004663864151,18.4333,13.149592586793,15.3896,3.0,16.69444,2.0,11.19643,-0.503652
13.116148586385,11.5918,13.1683969860896,18.8705,3.0,16.68678,2.0,11.44865,-0.374926
13.1330385869369,15.0764,13.1848647864535,18.2342,3.0,16.68437,2.0,10.49045,-0.431849
13.149592586793,16.4731,13.2001741863787,13.4297,3.0,16.68405,3.0,12.53503,-0.510695
13.1683969860896,25.7285,13.217228487134,19.3433,3.0,16.69757,2.0,10.67195,-0.201866
13.1848647864535,5.8319,13.2327357875183,13.8285,3.0,16.68135,2.0,12.35789,-0.283837
13.217228487134,27.8648,13.2509180875495,18.6992,3.0,16.69802,2.0,10.68827,0.126286
13.217228487134,11.6474,13.2658049874008,14.9423,2.0,16.6905,2.0,12.20134,-0.457153
13.2327357875183,20.7755,13.2838315870613,18.78,3.0,16.69658,3.0,10.52711,-1.260848
13.2658049874008,20.9536,13.2998753879219,14.5563,3.0,16.70289,3.0,11.75935,0.821602
13.2658049874008,1.1696,13.3169049881399,17.5986,2.0,16.67988,2.0,10.92855,-0.414327
13.2838315870613,17.0834,13.3334295880049,15.537,3.0,16.68048,2.0,13.1968,-0.829182
13.2998753879219,19.9326,13.3504260871559,17.6582,3.0,16.68528,2.0,9.577227,-0.591794
13.3169049881399,18.6252,13.3670048862696,17.1291,3.0,16.68814,2.0,10.71168,-0.264549
13.3504260871559,21.7633,13.3853467870504,18.454,3.0,16.69562,3.0,12.59469,0.257096
13.3504260871559,12.0602,13.400582686998,15.1998,2.0,16.6888,3.0,11.13445,-0.06126
13.3670048862696,11.0315,13.4184432877228,17.185,3.0,16.68049,3.0,10.5875,0.428587
13.3853467870504,17.3798,13.4351180875674,17.2429,3.0,16.68152,3.0,11.76476,-0.638291
13.400582686998,13.817,13.4504392873496,14.4299,3.0,16.67732,3.0,10.49521,0.420828
13.4184432877228,17.0268,13.4676972869784,18.0153,3.0,16.67783,2.0,11.63819,-0.687319
13.4351180875674,18.2975,13.4832317866385,15.5601,3.0,16.6802,2.0,11.32917,-0.130809
13.4504392873496,24.8593,13.5012739859521,16.9691,3.0,16.69212,2.0,10.15962,-0.301217
13.4676972869784,13.132,13.5173051860183,17.0046,3.0,16.68694,2.0,12.71111,-0.747991
13.4832317866385,14.5493,13.5338447857648,16.7022,3.0,16.68383,3.0,10.79042,-0.131075
13.5012739859521,18.6802,13.5499480850995,16.8634,3.0,16.68673,2.0,12.36489,-0.491718
13.5173051860183,10.6904,13.5669875852764,16.1396,3.0,16.67804,1.0,11.55667,-0.553477
13.5499480850995,41.6303,13.5835307855159,14.696,3.0,16.71415,1.0,10.57462,-0.147083
13.5669875852764,16.2413,13.600599585101,19.1895,2.0,16.71346,1.0,12.55988,-0.149919
13.5835307855159,15.3982,13.6175516843796,13.6046,2.0,16.71157,1.0,11.15568,-0.749648
13.600599585101,14.7642,13.6340882852674,18.1336,2.0,16.70876,1.0,12.03072,-0.776328
13.6340882852674,32.7485,13.6506300847977,15.6703,2.0,16.73184,0.0,10.54455,-0.145814
13.6506300847977,14.3569,13.6677070856094,18.4936,1.0,16.72843,0.0,12.78473,1.196175
13.6677070856094,15.695,13.6842107847333,16.3598,1.0,16.72695,1.0,11.37441,0.209561
13.6677070856094,5.6097,13.7012201845646,15.6354,1.0,16.71102,3.0,12.16743,-0.303193
13.6677070856094,1.8925,13.7172360848635,17.2053,2.0,16.68982,3.0,9.317239,-0.906061
13.6842107847333,9.398,13.7347347848117,20.5891,3.0,16.6794,3.0,11.88079,1.32672
13.7012201845646,15.6756,13.7512328848243,11.2601,3.0,16.67797,3.0,10.95286,0.095074
13.7172360848635,16.7625,13.7670859843493,17.4014,3.0,16.67809,2.0,12.94088,-0.655855
13.7347347848117,16.1863,13.7836014851928,16.0924,3.0,16.67739,3.0,9.044926,-0.853716
13.7512328848243,25.3996,13.8006144855171,16.8394,3.0,16.68978,3.0,11.94736,-0.225664
13.7670859843493,8.2679,13.8176932856441,19.3904,3.0,16.67783,3.0,11.26482,-0.758594
13.7836014851928,16.8641,13.834178686142,14.7963,3.0,16.6781,3.0,12.89786,-0.190739
13.8006144855171,15.5138,13.8507537860423,17.2205,3.0,16.67645,3.0,10.66979,-1.135757
13.8176932856441,18.8285,13.8675749860704,16.1335,3.0,16.67949,3.0,12.81514,0.321572
13.834178686142,16.7554,13.8840398862958,18.7705,3.0,16.6796,3.0,10.81996,-0.413922
13.8507537860423,16.4277,13.901257686317,15.9256,3.0,16.67924,3.0,13.23913,-0.154769
13.8675749860704,16.4581,13.9181170854717,17.8147,3.0,16.67893,3.0,10.40382,0.153141
13.8840398862958,17.4697,13.9361913856119,16.0791,3.0,16.68004,3.0,12.44887,-0.546098
13.901257686317,16.861,13.9512391854078,16.9208,3.0,16.6803,3.0,10.71926,-0.541456
13.9181170854717,16.4795,13.968397686258,14.7093,3.0,16.68002,3.0,11.9477,-1.068209
13.9361913856119,15.7013,13.9852099865675,18.2674,3.0,16.67865,3.0,11.24916,-0.372683
13.9512391854078,17.599,14.0009812861681,13.2419,3.0,16.67993,3.0,12.64151,-0.28187
13.968397686258,16.7579,14.0180854853243,19.1137,3.0,16.68004,2.0,11.43218,-0.855063
13.9852099865675,15.3824,14.034096185118,14.099,3.0,16.67823,3.0,11.78287,-0.671751
14.0009812861681,17.8375,14.0510470848531,18.9506,3.0,16.67985,2.0,10.56886,-0.379163
14.0180854853243,16.2698,14.0676252841949,14.4485,3.0,16.67928,3.0,12.83015,0.388636
14.034096185118,17.1254,14.0859604850411,20.5518,3.0,16.6799,2.0,11.53376,-0.635297
14.0510470848531,15.8523,14.1011127848178,13.0939,3.0,16.67875,3.0,11.02846,-0.374273
14.0676252841949,17.2684,14.1185058839619,19.2302,3.0,16.67956,2.0,11.6252,0.326013
14.0859604850411,16.5555,14.1340533839539,13.6756,3.0,16.67939,3.0,11.43447,0.738673
14.1011127848178,16.8594,14.1508240839466,18.4267,3.0,16.67964,2.0,12.46549,0.454428
14.1185058839619,16.6438,14.1697468841448,18.4147,3.0,16.67959,3.0,10.12593,0.140147
14.1340533839539,16.8419,14.1860315846279,16.9174,3.0,16.67982,3.0,11.19997,-1.220672
14.1508240839466,14.379,14.2006981847808,14.528,3.0,16.67665,3.0,10.02755,-0.985491
14.1697468841448,19.5783,14.2179606845602,17.9896,3.0,16.68064,3.0,11.83057,-0.356453
14.1860315846279,14.613,14.2340704845265,16.4341,3.0,16.6778,3.0,11.60159,0.271207
14.2006981847808,16.0637,14.2510146843269,15.5049,3.0,16.67696,3.0,12.85745,-0.656887
14.2179606845602,18.2079,14.2692867843434,19.2043,3.0,16.67905,3.0,11.05319,1.10102
14.2340704845265,15.8779,14.2859709849581,15.4423,3.0,16.67796,3.0,11.69449,-0.719648
14.2510146843269,17.723,14.3012151848525,16.6455,3.0,16.67938,3.0,11.56798,-0.812817
14.2692867843434,16.2934,14.3185592852533,15.9006,3.0,16.67886,3.0,10.88355,0.644435
14.2859709849581,17.6287,14.3345872852951,17.6025,3.0,16.68015,3.0,11.62402,0.163361
14.3012151848525,16.0984,14.3519912846386,16.1023,3.0,16.67936,3.0,12.78526,-0.461565
14.3185592852533,17.2502,14.3681633844972,17.4562,3.0,16.68013,3.0,6.974839,0.416164
14.3345872852951,16.0689,14.3847558852285,15.2122,3.0,16.67931,3.0,11.45436,-1.070513
14.3519912846386,17.496,14.4025511853397,19.1774,3.0,16.68041,3.0,11.01834,0.686722
14.3681633844972,15.5579,14.4183439854532,14.2668,3.0,16.6789,3.0,9.561513,-0.210166
14.3847558852285,17.1442,14.4343836847693,17.5658,3.0,16.67952,3.0,12.00438,-0.764836
14.4025511853397,16.346,14.4511214848608,14.5251,3.0,16.67907,3.0,11.31287,-0.759493
14.4183439854532,17.1751,14.4693121854216,20.2227,3.0,16.67974,2.0,10.88494,-0.141846
14.4343836847693,15.3146,14.48491868563,14.4278,3.0,16.67791,3.0,12.74279,-0.42559
14.4511214848608,18.5317,14.5013910848647,17.744,3.0,16.68039,3.0,11.78815,1.151174
14.4693121854216,14.5107,14.5182238854468,15.4255,3.0,16.67749,3.0,11.82159,-0.487693
14.48491868563,17.7657,14.536077786237,19.1001,3.0,16.67894,3.0,11.11723,1.081484
14.5013910848647,16.4095,14.5512028858066,13.7982,3.0,16.67858,3.0,10.78819,-0.838098
14.5182238854468,17.1891,14.5689675863832,19.4807,3.0,16.67926,2.0,11.15732,-0.636659
14.536077786237,16.6545,14.584966186434,14.392,3.0,16.67923,3.0,10.991,0.75862
14.5512028858066,16.663,14.6015294864774,17.7853,3.0,16.67921,2.0,11.72116,-0.383013
14.5689675863832,16.2833,14.6182362865657,15.5703,3.0,16.67868,3.0,12.53238,0.355232
14.584966186434,17.6584,14.6341783870012,16.9593,3.0,16.67998,3.0,9.712413,-1.169236
14.6015294864774,16.2676,14.6513274870813,15.0612,3.0,16.67944,3.0,12.28947,-0.81943
14.6182362865657,16.7551,14.6684626862407,19.3728,3.0,16.67954,2.0,8.961636,-0.459762
14.6341783870012,15.5883,14.6851044856012,14.2297,3.0,16.6781,3.0,10.42603,-0.620499
14.6513274870813,18.1943,14.7023664861917,20.0277,3.0,16.6801,2.0,8.633062,-0.26177
14.6684626862407,14.3924,14.7181924860924,14.0926,3.0,16.67708,3.0,9.707999,-0.408659
14.6851044856012,19.9089,14.7361437864602,19.2142,3.0,16.68133,3.0,8.51927,-1.540174
14.7023664861917,14.8217,14.7513157865033,12.9295,3.0,16.67889,3.0,7.170059,-0.200389
14.7181924860924,16.9312,14.7683413857594,19.6432,3.0,16.67922,2.0,7.893774,-0.846304
14.7361437864602,16.4049,14.7850921852514,15.3392,3.0,16.67886,3.0,10.64139,0.49298
14.7513157865033,17.277,14.8020588858053,17.3318,3.0,16.67965,3.0,16.5058,-0.157816
14.7683413857594,14.6919,14.8204752849415,17.747,3.0,16.67705,3.0,7.83082,-0.806453
14.7850921852514,18.2776,14.8353710845113,15.6004,3.0,16.67914,3.0,7.830816,0.532313
14.8020588858053,15.2821,14.853563984856,17.6463,3.0,16.67731,3.0,7.664953,-0.641121
14.8204752849415,18.492,14.8701804857701,17.4681,3.0,16.67968,3.0,8.404187,-0.281065
14.8353710845113,14.7937,14.8868572860956,15.8794,3.0,16.67723,3.0,7.628721,-0.452737
14.853563984856,18.4169,14.902341186069,16.4564,3.0,16.67948,3.0,8.779165,-1.105136
14.8701804857701,15.6315,14.9197115851566,16.3407,3.0,16.67813,3.0,7.312137,-0.232896
14.8868572860956,17.7961,14.9347454849631,15.5832,3.0,16.67957,3.0,6.928736,0.114317
14.902341186069,15.4207,14.9529249854386,17.6551,3.0,16.67794,3.0,10.2741,-0.04167
14.9197115851566,18.263,14.9684768849984,16.5956,3.0,16.67999,3.0,8.788183,-0.25926
14.9347454849631,14.1254,14.9878085842356,18.1077,3.0,16.6767,3.0,8.26017,-0.392166
14.9529249854386,18.5616,15.0023294845596,14.4227,3.0,16.67912,3.0,-7.785037,-1.050972
14.9684768849984,15.3021,15.0182237839326,16.6049,3.0,16.67735,3.0,5.14176,-0.223343
14.9878085842356,18.0549,15.0366356847808,17.6651,3.0,16.67912,3.0,8.141066,0.129564
15.0023294845596,16.6976,15.0512308850884,16.2041,3.0,16.67915,3.0,7.977372,-0.875961
15.0182237839326,15.5272,15.0701459851116,17.1617,3.0,16.67767,3.0,8.936443,-0.699105
15.0366356847808,18.4149,15.0859695859253,17.7023,3.0,16.6799,3.0,9.290936,-0.835288
15.0512308850884,16.5296,15.1012598862872,12.8002,3.0,16.6797,3.0,7.894361,0.517844
15.0701459851116,16.8113,15.118252585642,19.4427,3.0,16.67987,2.0,9.649205,0.335692
15.0859695859253,16.227,15.13640388567,16.641,3.0,16.67929,3.0,8.718188,-0.302862
15.1012598862872,17.0366,15.1523872865364,17.0006,3.0,16.67975,3.0,10.00536,0.045584
15.118252585642,16.7823,15.1680427873507,16.9927,3.0,16.67988,3.0,7.825708,-1.133937
15.13640388567,16.141,15.1860907869413,16.6314,3.0,16.67919,3.0,6.274162,-0.269142
15.1523872865364,15.7627,15.2019858872518,16.4285,3.0,16.67803,3.0,9.524216,-1.441117
15.1680427873507,18.0609,15.2183682871982,14.1475,3.0,16.67978,3.0,6.872037,-0.091295
15.1860907869413,14.6549,15.2359000863507,19.5855,3.0,16.67722,2.0,9.740142,-0.73017
15.2019858872518,16.9383,15.2520284866914,14.8963,3.0,16.67755,3.0,7.738017,-0.381245
15.2183682871982,18.6748,15.2686192868277,17.9111,3.0,16.68007,2.0,9.481195,-0.553224
15.2359000863507,16.0051,15.2847130866721,13.5199,3.0,16.67922,3.0,7.38297,-0.691564
15.2520284866914,17.0058,15.3023819858208,19.5239,3.0,16.67963,2.0,9.506145,-0.349579
15.2686192868277,16.3978,15.3205463858321,17.3902,3.0,16.67928,3.0,8.594324,0.48923
15.2847130866721,17.668,15.3361806860194,15.5628,3.0,16.68052,3.0,9.735164,-0.156686
15.3023819858208,14.5838,15.3534730868414,18.8788,3.0,16.67789,3.0,8.781979,0.190392
15.3205463858321,18.5535,15.3692135876045,14.3801,3.0,16.68024,3.0,8.33647,1.029759
15.3361806860194,16.1467,15.3849519873038,16.4182,3.0,16.67957,3.0,6.564686,-1.102438
15.3534730868414,16.5858,15.4037706879899,17.9333,3.0,16.67945,3.0,8.036908,0.252165
15.3692135876045,17.0344,15.4184027882293,13.8153,3.0,16.6799,3.0,7.536141,-0.915855
15.3849519873038,14.7461,15.4360177880153,20.2326,3.0,16.67749,2.0,6.973938,0.436907
15.4037706879899,17.6656,15.4533358877525,16.983,3.0,16.67872,3.0,9.222735,-0.211624
15.4184027882293,17.4972,15.4693581881002,14.7137,3.0,16.67974,3.0,7.901355,-0.377562
15.4360177880153,16.0353,15.4850790882483,17.0661,3.0,16.67893,3.0,9.029793,-0.9372
15.4533358877525,16.487,15.5021524885669,15.078,3.0,16.6787,3.0,8.745924,-0.567238
15.4693581881002,17.199,15.5189646882936,18.8614,3.0,16.67934,2.0,8.416062,-0.767787
15.4850790882483,15.946,15.5362656889483,15.9668,3.0,16.67843,3.0,8.3921,-0.444052
15.5021524885669,17.8849,15.5531580885872,17.8782,3.0,16.67993,3.0,8.207338,-0.138019
15.5189646882936,15.9671,15.569322087802,15.1606,3.0,16.67904,3.0,8.774187,-0.34948
15.5362656889483,17.1944,15.5852517886087,16.4909,3.0,16.67968,3.0,10.79965,-0.528941
15.5531580885872,16.2851,15.6036503883079,17.5123,3.0,16.6792,3.0,8.328019,-0.236481
15.569322087802,16.6952,15.6191913885996,16.3903,3.0,16.67921,3.0,11.42898,-0.451226
15.5852517886087,14.8964,15.6375708887354,17.6173,3.0,16.67702,3.0,10.00444,-0.098628
15.6036503883079,18.4295,15.6522337887436,15.4729,3.0,16.67917,3.0,11.07128,-0.763098
15.6191913885996,15.3788,15.6717681884766,18.8951,3.0,16.67758,3.0,9.307426,0.075212
15.6375708887354,18.1481,15.6862840885296,15.0108,3.0,16.67938,3.0,9.606828,-0.092178
15.6522337887436,14.8479,15.7062815884128,19.084,3.0,16.67714,3.0,10.6395,-0.891768
15.6717681884766,17.9773,15.719279688783,14.0004,3.0,16.67873,3.0,10.11269,-1.055402
15.6862840885296,16.4282,15.7360418895259,17.4314,3.0,16.67842,3.0,6.202778,-0.7086
15.7062815884128,17.6673,15.7528418889269,15.1107,3.0,16.67963,3.0,11.62157,-0.323051
15.719279688783,14.1002,15.7692757891491,18.2388,3.0,16.67649,3.0,10.9143,-0.512642
15.7360418895259,18.409,15.7869617892429,16.0323,3.0,16.67859,3.0,11.5009,-0.63804
15.7528418889269,16.9262,15.8043568888679,18.9876,3.0,16.6789,3.0,11.33235,-0.532583
15.7692757891491,17.0098,15.8200141889974,13.9972,3.0,16.6793,3.0,8.627742,-0.741015
15.7869617892429,16.2822,15.8374255886301,18.8371,3.0,16.67882,3.0,10.50644,-0.309557
15.8043568888679,17.17,15.8520407890901,12.2548,3.0,16.67941,3.0,9.973683,-0.083753
15.8200141889974,15.8992,15.8692801883444,19.649,3.0,16.67847,2.0,10.50142,1.273332
15.8374255886301,17.1002,15.8852279884741,13.6963,3.0,16.67898,3.0,8.408057,-0.303214
15.8520407890901,17.2312,15.9024982890114,19.6998,3.0,16.67964,2.0,9.186853,0.214654
15.8692801883444,16.5931,15.9194335890934,14.6238,3.0,16.67954,3.0,8.052468,0.350514
15.8852279884741,16.964,15.9363275887445,18.3778,3.0,16.67988,2.0,8.654614,-0.566319
15.9024982890114,16.7563,15.9551112884656,17.9489,3.0,16.67997,3.0,8.411446,-0.151852
15.9194335890934,16.758,15.9703461881727,17.1314,3.0,16.68007,3.0,10.38379,-0.791528
15.9363275887445,14.9832,15.9861016888171,13.9193,3.0,16.67803,3.0,8.795719,-0.506804
15.9551112884656,18.3534,16.0026309881359,18.1051,3.0,16.68004,3.0,12.21325,-0.620152
15.9703461881727,16.3513,16.0200257878751,15.8354,3.0,16.67964,3.0,9.802128,1.0336
15.9861016888171,16.3184,16.0362465884537,17.7126,3.0,16.67921,3.0,12.3831,-0.510293
16.0026309881359,16.758,16.0523417890072,13.9438,3.0,16.67931,3.0,10.10395,0.218414
16.0200257878751,17.2417,16.0690648891032,18.7173,3.0,16.67998,2.0,12.3425,-0.907778
16.0362465884537,16.5011,16.0861216895282,14.6484,3.0,16.67976,2.0,8.468493,-0.82617
16.0523417890072,16.9318,16.1029636897147,19.2006,3.0,16.68006,2.0,12.05729,-0.219324
16.0690648891032,16.9541,16.1202233899385,15.1592,3.0,16.68039,3.0,9.505978,0.991841
16.0861216895282,17.3891,16.1362005900592,17.9658,3.0,16.68123,2.0,12.51077,-1.000461
16.1029636897147,16.0907,16.153383590281,16.0465,3.0,16.68053,3.0,10.76042,-0.420223
16.1202233899385,16.9975,16.1692309901118,16.9886,3.0,16.6809,3.0,9.024159,-0.985677
16.1362005900592,15.2591,16.1857997905463,14.6404,3.0,16.67923,3.0,8.787461,-0.785038
16.153383590281,16.9354,16.202604290098,18.3889,3.0,16.67953,2.0,10.93552,0.839278
16.1692309901118,16.5311,16.2192305903882,14.8282,3.0,16.67935,2.0,9.632177,0.805119
16.1857997905463,18.0986,16.2362624909729,18.6859,3.0,16.68102,2.0,9.877738,-0.572731
16.202604290098,17.7238,16.2536265905946,15.68,3.0,16.68225,2.0,11.05282,0.109109
16.2192305903882,15.235,16.2693187911063,17.2215,3.0,16.68055,2.0,8.528981,-0.545625
16.2362624909729,18.5274,16.2863163910806,15.551,3.0,16.68271,2.0,9.766931,0.164968
16.2536265905946,15.9251,16.3026548903435,17.8364,3.0,16.68183,2.0,9.800891,-0.361542
16.2693187911063,16.9541,16.3206491898745,16.4713,3.0,16.68214,2.0,10.58092,-0.440838
16.2863163910806,15.9035,16.3364019896835,17.0379,3.0,16.68123,2.0,9.657532,0.694039
16.3026548903435,16.0377,16.3525928892195,14.7759,3.0,16.68048,2.0,10.23704,-0.202635
16.3206491898745,18.3434,16.3693186882883,18.2123,3.0,16.68242,2.0,9.457038,-0.869575
16.3364019896835,15.1442,16.3867070879787,16.0756,3.0,16.68063,2.0,10.92716,-0.801983
16.3525928892195,16.6608,16.4018096877262,16.6067,3.0,16.68061,2.0,8.428835,0.606309
16.3693186882883,16.368,16.4217883879319,18.7286,3.0,16.68025,3.0,10.84157,-0.41838
16.3867070879787,17.8379,16.4359813882038,15.6874,3.0,16.68159,2.0,9.955983,-0.575823
16.4018096877262,12.6905,16.4528480889276,15.1452,3.0,16.67696,2.0,12.10869,-0.371007
16.4217883879319,22.2346,16.4701772881672,18.5901,3.0,16.6834,2.0,8.56338,0.724129
16.4359813882038,13.9072,16.4879802884534,16.4233,3.0,16.68019,2.0,10.81552,-0.780902
16.4528480889276,17.3163,16.5029405886307,16.6792,3.0,16.68092,2.0,9.748907,0.309967
16.4701772881672,16.8981,16.5198400886729,16.8368,3.0,16.68117,2.0,11.00527,-0.348617
16.4879802884534,18.057,16.5365821877494,15.1622,3.0,16.68276,2.0,8.585402,-0.509401
16.5029405886307,15.0313,16.5529802879319,17.9286,3.0,16.68086,2.0,11.44143,-0.471938
16.5198400886729,18.4411,16.5702426871285,15.7094,3.0,16.68288,2.0,8.662917,-1.185175
16.5365821877494,15.1056,16.5862879874185,17.6962,3.0,16.68107,2.0,10.9469,-0.727471
16.5529802879319,17.851,16.603065286763,16.806,3.0,16.68241,2.0,9.843338,-0.274367
16.5702426871285,15.6918,16.6210783859715,16.3679,3.0,16.68128,2.0,10.95457,-0.302049
16.5862879874185,16.0963,16.6371265864,17.4586,3.0,16.68061,2.0,10.67267,0.295169
16.603065286763,16.8563,16.65371608641,15.0295,3.0,16.68081,2.0,12.29167,-0.570022
16.6210783859715,17.9368,16.6707505872473,18.8948,3.0,16.68224,2.0,9.594349,0.637956
16.6371265864,17.6081,16.6863062875345,13.8391,3.0,16.6833,2.0,12.04293,-0.837906
16.65371608641,14.7558,16.7028037877753,18.0816,3.0,16.6811,2.0,8.693322,-0.472668
16.6707505872473,18.8021,16.7217682870105,17.1794,3.0,16.68352,2.0,11.28144,-0.386415
16.6863062875345,13.5208,16.7362163867801,15.9779,3.0,16.67992,2.0,8.745606,-0.102951
16.7028037877753,17.0699,16.7532935868949,15.6658,3.0,16.68036,2.0,12.49277,0.206734
16.7217682870105,18.7945,16.769623387605,18.0889,3.0,16.68276,2.0,9.529315,-0.169744
16.7362163867801,14.3548,16.7866921871901,15.2899,3.0,16.68012,2.0,10.87015,-0.201769
16.7532935868949,17.3408,16.8035165872425,16.977,3.0,16.68087,2.0,10.21667,1.273447
16.769623387605,18.3154,16.8199277874082,18.3465,3.0,16.68272,2.0,9.146244,-0.429878
16.7866921871901,14.7878,16.8367168866098,14.7763,3.0,16.68058,2.0,10.22707,0.049749
16.8035165872425,16.8602,16.8534905873239,18.3013,3.0,16.68078,2.0,9.260653,-0.822296
16.8199277874082,18.3218,16.8697663880885,14.7347,3.0,16.68263,2.0,8.470878,-0.851789
16.8367168866098,15.2841,16.8863073885441,17.9587,3.0,16.68106,2.0,9.270851,-0.796285
16.8534905873239,18.2582,16.9037006888539,16.0942,3.0,16.68283,2.0,9.491396,-0.48001
16.8697663880885,14.6931,16.9209501892328,18.7574,3.0,16.6806,2.0,9.832389,0.428237
16.8863073885441,17.8684,16.9361434895545,13.6366,3.0,16.68193,2.0,10.92828,-0.081987
16.9037006888539,16.5325,16.9549626894295,20.0828,3.0,16.68176,2.0,9.95051,-0.885935
16.9209501892328,18.2784,16.9715503901243,15.2012,3.0,16.68355,2.0,10.03176,-0.846206
16.9361434895545,13.7387,16.9874683897942,17.5508,3.0,16.68026,2.0,8.606087,-1.107901
16.9549626894295,19.8247,17.0038397889584,14.8751,3.0,16.68377,2.0,10.86283,1.113496
16.9715503901243,15.6849,17.0217686891556,18.7048,3.0,16.68265,2.0,10.93481,0.252925
16.9874683897942,15.6072,17.0372740887105,16.0741,3.0,16.68145,2.0,9.952301,-1.115268
17.0038397889584,16.62,17.0537933893502,15.1005,3.0,16.68139,2.0,10.427,-0.820861
17.0217686891556,16.3157,17.0712424889207,18.8933,3.0,16.68098,2.0,9.945875,0.63956
17.0372740887105,18.424,17.0865825889632,14.1536,3.0,16.68291,2.0,8.922768,-0.067634
17.0537933893502,16.3319,17.1043451884761,18.9142,3.0,16.68253,2.0,12.80456,-1.080865
17.0712424889207,17.8576,17.1203929884359,14.4915,3.0,16.68383,2.0,10.03884,0.305651
17.0865825889632,14.2831,17.1370394891128,18.675,3.0,16.68117,2.0,10.07893,-0.49307
17.1043451884761,19.0067,17.1560665899888,17.2002,3.0,16.68374,2.0,9.754565,-0.784421
17.1203929884359,14.1071,17.170320790261,16.0096,3.0,16.6809,2.0,9.441449,0.075428
17.1370394891128,18.5595,17.187079090625,15.2224,3.0,16.68297,2.0,9.48917,-0.491293
17.1560665899888,17.4508,17.2042731903493,18.7071,3.0,16.68381,2.0,9.738921,-0.570814
17.170320790261,16.1144,17.2224245909601,16.3485,3.0,16.68319,2.0,12.27007,-1.155692
17.187079090625,15.1645,17.2369742905721,16.0459,3.0,16.68152,2.0,9.362693,-0.17027
17.2042731903493,18.8727,17.2545021912083,16.2001,3.0,16.68392,2.0,11.14531,-0.265159
17.2224245909601,16.4028,17.270249591209,17.2762,3.0,16.68361,2.0,9.915092,0.269801
17.2369742905721,15.6385,17.2870198907331,15.0598,3.0,16.68247,2.0,13.07907,0.894529
17.2545021912083,16.3684,17.3049424914643,19.5719,3.0,16.68213,2.0,10.22936,-0.057726
17.270249591209,17.1152,17.3207853911445,14.1255,3.0,16.6826,2.0,9.520099,-1.001224
17.2870198907331,15.3511,17.3370501911268,17.8192,3.0,16.68115,2.0,10.63557,-0.747311
17.3049424914643,19.3096,17.3547396911308,16.552,3.0,16.68401,2.0,8.437226,-0.907228
17.3207853911445,14.6691,17.3712583919987,18.3742,3.0,16.68182,2.0,10.73812,0.017155
17.3370501911268,17.3073,17.3874514913186,14.1543,3.0,16.6825,2.0,10.99811,0.67602
17.3547396911308,16.8077,17.4046694906428,18.6998,3.0,16.68263,2.0,9.742628,0.011723
17.3712583919987,17.7613,17.4211988905445,15.0777,3.0,16.68381,2.0,12.60765,-0.961018
17.3874514913186,14.8805,17.4371740901843,17.5986,3.0,16.68185,2.0,9.05308,-0.558652
17.4046694906428,18.4502,17.4538894901052,14.9784,3.0,16.68377,2.0,8.740777,-0.492586
17.4211988905445,15.2817,17.4705913895741,18.2931,3.0,16.68225,2.0,10.71002,0.205069
17.4371740901843,17.1716,17.4872428895906,14.9443,3.0,16.68278,2.0,10.32325,0.430088
17.4538894901052,15.304,17.5059230895713,20.4052,3.0,16.68129,2.0,11.93309,-0.087907
17.4705913895741,16.496,17.5205729892477,13.0535,3.0,16.68109,2.0,9.748531,-0.844921
17.4872428895906,16.9225,17.5372582888231,18.1967,3.0,16.68135,2.0,10.46151,-0.632645
17.5059230895713,19.5521,17.5541227879003,15.3426,3.0,16.68444,2.0,9.263707,-0.260419
17.5205729892477,13.8334,17.571131487377,18.5243,3.0,16.68137,2.0,10.78412,-0.1304
17.5372582888231,17.9119,17.5872608879581,14.3818,3.0,16.68269,2.0,10.97005,-0.569381
17.5541227879003,15.5963,17.6044085873291,19.2807,3.0,16.68153,2.0,10.13742,0.703677
17.571131487377,16.7217,17.6212629871443,15.1075,3.0,16.68157,2.0,10.4246,0.102148
17.5872608879581,16.4381,17.6380920866504,19.3055,3.0,16.68131,2.0,9.486581,1.656524
17.6044085873291,18.3307,17.6544658867642,13.7606,3.0,16.68307,3.0,10.69232,-0.244304
17.6212629871443,15.8794,17.6712001869455,18.4384,3.0,16.68222,2.0,8.474552,-0.145994
17.6380920866504,15.1017,17.6884367866442,15.4419,3.0,16.68053,2.0,10.14448,-0.057189
17.6544658867642,17.9298,17.704656987451,17.7611,3.0,16.68186,2.0,7.741104,-0.280385
17.6712001869455,18.001,17.7224375875667,16.1529,3.0,16.68327,2.0,10.41649,0.735818
17.6884367866442,15.9324,17.7369732875377,16.1436,3.0,16.68247,2.0,9.662789,1.397902
17.704656987451,17.3727,17.7545512877405,16.1206,3.0,16.6832,2.0,11.23258,0.408092
17.7224375875667,16.4157,17.7713896874338,18.3738,3.0,16.68292,2.0,9.673282,1.154824
17.7369732875377,15.9775,17.7881274875253,15.093,3.0,16.68217,2.0,10.3212,-0.931852
17.7545512877405,16.4022,17.8040844872594,17.6941,3.0,16.68187,2.0,8.010508,-0.367428
17.7713896874338,18.1373,17.8218854870647,16.1725,3.0,16.68341,2.0,10.69458,-1.091166
17.7881274875253,15.3493,17.8380549866706,17.8756,3.0,16.682,2.0,8.535752,-0.498304
17.8040844872594,15.7513,17.8552223872393,15.6703,3.0,16.68102,2.0,12.96153,-0.231975
17.8218854870647,17.9101,17.8713901881129,17.944,3.0,16.68232,2.0,9.991166,-0.042146
17.8380549866706,15.7021,17.8881620876491,14.7579,3.0,16.68128,2.0,12.9774,0.232021
17.8552223872393,17.4366,17.9040854871273,17.3984,3.0,16.68208,2.0,9.954975,0.619484
17.8713901881129,16.6718,17.9229519870132,17.23,3.0,16.68207,2.0,12.01255,-0.30136
17.8881620876491,16.2553,17.9381464868784,16.6133,3.0,16.68162,2.0,10.31408,-0.465673
17.9040854871273,15.7431,17.9547857865691,15.1826,3.0,16.68063,2.0,9.043716,0.29512
17.9229519870132,18.9972,17.9721275866032,18.9655,3.0,16.68306,2.0,8.59106,-0.166456
17.9381464868784,14.7666,17.987158886157,13.3853,3.0,16.68106,2.0,11.35427,-0.85652
17.9547857865691,17.0011,18.0050473855808,17.9898,3.0,16.68139,2.0,9.92708,-0.728884
17.9721275866032,17.1844,18.020691585727,17.3482,3.0,16.68192,2.0,10.77306,-0.375772
17.987158886157,15.1332,18.0390621861443,16.8092,3.0,16.6803,2.0,9.74092,-0.19456
18.0050473855808,17.7006,18.0552312852815,17.7266,3.0,16.68136,2.0,12.47868,0.379911
18.020691585727,17.359,18.0736033851281,16.6423,3.0,16.68207,2.0,10.43807,-0.327418
18.0390621861443,17.2523,18.0875902855769,14.2047,3.0,16.68266,2.0,12.47726,0.171657
18.0552312852815,15.8926,18.1045027850196,18.4163,3.0,16.68184,2.0,9.952389,-0.65447
18.0736033851281,18.3871,18.1206321856007,14.394,3.0,16.68361,2.0,11.47572,-0.754122
18.0875902855769,13.1463,18.1384248854592,19.1992,3.0,16.67994,2.0,10.18704,-0.618374
18.1045027850196,19.3794,18.1540496852249,14.1972,3.0,16.68274,2.0,10.82157,-0.707796
18.1206321856007,14.2471,18.1720081847161,19.6244,3.0,16.68022,2.0,10.51162,-0.385143
18.1384248854592,19.375,18.1894895844162,15.923,3.0,16.68301,2.0,12.55467,0.300908
18.1540496852249,13.964,18.206195583567,18.2538,3.0,16.6802,2.0,10.8451,-0.657106
18.1720081847161,19.9798,18.2221410833299,16.3326,3.0,16.6836,2.0,12.69534,-0.393833
18.1894895844162,15.3931,18.2395563833416,15.5223,3.0,16.68227,2.0,10.69409,-0.713478
18.206195583567,16.8421,18.2535730833188,15.4896,3.0,16.68244,2.0,11.69901,0.579387
18.2221410833299,18.0219,18.272356682457,17.2913,3.0,16.68381,2.0,11.15773,-0.313097
18.2395563833416,15.7977,18.288247182034,17.3687,3.0,16.6829,2.0,12.28478,-0.80922
18.2535730833188,15.2021,18.3057716814801,16.0295,3.0,16.68138,2.0,11.12991,-0.740452
18.272356682457,17.4945,18.3217236818746,17.7538,3.0,16.68222,2.0,11.3409,-0.130561
18.288247182034,15.6091,18.3380531826988,14.5068,3.0,16.68112,2.0,10.99152,-1.634807
18.3057716814801,17.8024,18.3561695823446,19.6739,3.0,16.68226,2.0,12.89775,0.157929
18.3217236818746,15.64,18.3732204819098,15.5668,3.0,16.6812,2.0,11.36506,-0.817535
18.3380531826988,16.6324,18.3884846819565,16.7993,3.0,16.68115,2.0,11.96281,-0.620931
18.3561695823446,17.5552,18.4060977818444,17.5665,3.0,16.68204,2.0,12.04037,0.021882
18.3732204819098,17.7095,18.4212355818599,15.3017,3.0,16.68309,3.0,9.991035,-0.58554
18.3884846819565,14.8685,18.4388217814267,17.3725,3.0,16.68124,2.0,10.98443,-0.624412
18.4060977818444,13.1813,18.4551394805312,14.8045,3.0,16.67768,2.0,12.52332,-0.419869
18.4212355818599,21.3261,18.4721727799624,19.5397,3.0,16.68241,2.0,10.60704,-0.340526
18.4388217814267,15.9157,18.4883687794209,13.6802,3.0,16.68163,3.0,10.87371,-0.637306
18.4551394805312,16.4087,18.5049125794321,18.2429,3.0,16.68135,2.0,10.87087,-0.064575
18.4721727799624,13.7244,18.5218215789646,15.3703,3.0,16.67835,2.0,10.71493,-0.705086
18.4883687794209,19.4165,18.5391246788204,19.4662,3.0,16.68113,2.0,12.23681,-0.605462
18.5049125794321,18.1767,18.5563384797424,15.1324,3.0,16.68264,3.0,10.99098,-1.110669
18.5218215789646,15.0346,18.5719480793923,16.7348,3.0,16.68097,2.0,11.96279,0.144523
18.5391246788204,14.3067,18.5881998799741,14.777,3.0,16.67858,2.0,10.94886,0.057782
18.5563384797424,20.5235,18.6064564790577,20.0427,3.0,16.68245,2.0,10.82537,0.343885
18.5719480793923,16.9512,18.6225907783955,16.3359,3.0,16.68272,3.0,11.14718,-0.731917
18.5881998799741,14.5982,18.638452578336,15.3723,3.0,16.68063,2.0,10.36822,-0.970932
18.6064564790577,14.2617,18.6549623776227,17.104,3.0,16.6782,2.0,12.02442,-0.568253
18.6225907783955,22.117,18.6727665774524,17.748,3.0,16.68366,2.0,9.802917,-0.877516
18.638452578336,13.796,18.6906821783632,16.0632,3.0,16.68076,3.0,12.65633,-0.509676
18.6549623776227,18.5824,18.7064697779715,17.4042,3.0,16.68266,2.0,11.24675,-0.8561
18.6727665774524,11.7939,18.7217704784125,13.5597,3.0,16.67777,2.0,10.75752,-0.483671
18.6906821783632,22.094,18.7382300775498,18.1602,3.0,16.68319,2.0,11.46038,-0.346889
18.7064697779715,17.2879,18.7559361774474,17.6131,3.0,16.68379,2.0,12.4702,-0.613168
18.7217704784125,13.8826,18.7726495768875,17.5098,3.0,16.681,3.0,11.06177,-0.52495
18.7382300775498,17.977,18.7886703778058,14.6703,3.0,16.68229,3.0,12.45699,-0.39218
18.7559361774474,13.0569,18.8063019774854,18.8753,3.0,16.67868,3.0,12.16067,-0.823237
18.7726495768875,16.7598,18.8224370777607,14.0687,3.0,16.67876,3.0,10.49585,-0.983166
18.7886703778058,16.7525,18.8379980782047,17.0586,3.0,16.67883,2.0,12.40308,-0.250562
18.8063019774854,16.6786,18.8560450775549,16.5056,3.0,16.67883,2.0,10.78824,0.300211
18.8224370777607,19.4027,18.8719376781955,18.1495,3.0,16.68153,2.0,12.73287,-1.136749
18.8379980782047,17.3173,18.8898072773591,15.4579,3.0,16.68216,3.0,11.45976,0.959905
18.8560450775549,16.3557,18.9060833780095,17.7495,3.0,16.68184,2.0,12.04259,0.861249
18.8719376781955,13.9877,18.9223906779662,14.7488,3.0,16.67917,2.0,9.968049,-0.064816
18.8898072773591,19.7386,18.9392487788573,18.5561,3.0,16.6822,2.0,13.0216,-0.213367
18.9060833780095,17.8783,18.9562829779461,17.0259,3.0,16.68338,2.0,9.612551,1.022479
18.9223906779662,14.5711,18.973668278195,15.8933,3.0,16.6813,2.0,11.09792,-0.1027
18.9392487788573,18.6542,18.988247978501,16.1103,3.0,16.68324,2.0,10.23067,-0.307679
18.9562829779461,15.3829,19.0064279781654,16.7253,3.0,16.68196,2.0,12.03732,0.442307
18.973668278195,17.3054,19.0217374777421,16.8673,3.0,16.68257,2.0,10.0157,-0.904318
18.988247978501,16.1098,19.0393724786118,16.2167,3.0,16.68201,2.0,10.62948,0.212756
19.0064279781654,17.1006,19.0560454791412,17.9137,3.0,16.68242,2.0,12.20659,-0.443414
19.0217374777421,16.618,19.0723333796486,15.647,3.0,16.68236,2.0,9.996418,-0.483054
19.0393724786118,16.5636,19.0887926789001,17.0376,3.0,16.68224,3.0,12.52354,1.90425
19.0560454791412,17.2895,19.1061768783256,15.8626,3.0,16.68284,2.0,10.30161,-0.538717
19.0723333796486,13.5279,19.1218681791797,17.2236,3.0,16.67975,2.0,12.49685,-0.51383
19.0887926789001,19.2122,19.1391325788572,15.644,3.0,16.68222,2.0,10.49965,0.027684
19.1061768783256,16.2579,19.1563167786226,19.3002,3.0,16.68181,2.0,9.985017,1.501567
19.1218681791797,16.9652,19.1717019788921,13.4523,3.0,16.68209,3.0,10.66123,-0.657356
19.1391325788572,15.8672,19.1890652794391,18.2123,3.0,16.68129,2.0,12.12282,0.21153
19.1563167786226,13.879,19.2060806788504,18.8632,3.0,16.67857,3.0,10.09663,-0.70134
19.1717019788921,17.8514,19.2226237785071,13.879,3.0,16.67971,3.0,10.43766,-0.650166
19.1890652794391,16.0196,19.2396610789001,18.6595,3.0,16.67907,2.0,11.07347,0.610735
19.2060806788504,16.3163,19.2565829791129,15.3971,3.0,16.67871,2.0,11.55694,-0.220411
19.2226237785071,19.7548,19.2718203794211,16.8277,3.0,16.6817,2.0,10.96197,-0.656823
19.2396610789001,18.3261,19.2898063790053,16.3302,3.0,16.68329,2.0,12.58727,0.35496
19.2565829791129,15.4177,19.3064469788224,18.248,3.0,16.68206,2.0,9.694411,0.088062
19.2718203794211,16.5819,19.3226348794997,14.4014,3.0,16.68197,2.0,12.25572,-0.297672
19.2898063790053,16.7479,19.3394873794168,18.3128,3.0,16.68203,2.0,11.11554,0.194323
19.3064469788224,17.6987,19.3565503787249,15.5848,3.0,16.68301,2.0,11.21824,0.086274
19.3226348794997,15.2405,19.3724690787494,17.4808,3.0,16.68162,2.0,9.549372,-0.635091
19.3394873794168,17.6847,19.3889009784907,14.9068,3.0,16.68259,2.0,12.08738,-0.571839
19.3565503787249,16.15,19.4062497783452,19.5631,3.0,16.68207,2.0,10.06623,-0.588416
19.3724690787494,17.1651,19.4218150787055,13.3695,3.0,16.68254,3.0,11.64739,-0.618604
19.3889009784907,15.3492,19.4392424784601,19.096,3.0,16.68126,2.0,10.75894,1.379008
19.4062497783452,13.4174,19.4574169777334,16.5446,3.0,16.67813,2.0,12.46462,-0.63574
19.4218150787055,19.4268,19.4722847780213,16.5719,3.0,16.68076,2.0,10.851,-0.681178
19.4392424784601,18.819,19.4892697772011,15.3379,3.0,16.68281,2.0,12.59099,-0.461351
19.4574169777334,16.8252,19.5064875772223,19.5411,3.0,16.68294,2.0,8.86464,-0.139145
19.4722847780213,16.1879,19.5228694779798,14.305,3.0,16.68247,3.0,12.49878,-0.687174
19.4892697772011,15.5287,19.5404054773971,19.2781,3.0,16.68137,2.0,10.98205,-0.248646
19.5064875772223,13.5581,19.5568102775142,14.3143,3.0,16.67839,3.0,12.32374,-0.058957
19.5228694779798,20.018,19.572528176941,17.3097,3.0,16.68157,2.0,10.47967,0.090168
19.5404054773971,13.9457,19.5895285764709,15.2772,3.0,16.67897,2.0,12.78255,-0.211262
19.5568102775142,19.9926,19.6063365759328,18.5789,3.0,16.68212,2.0,10.17966,-0.173192
19.572528176941,17.0703,19.6254713768139,17.4279,3.0,16.68249,2.0,11.75833,0.337646
19.5895285764709,15.4568,19.6397125767544,15.8664,3.0,16.68133,2.0,9.130662,-0.07182
19.6063365759328,16.8041,19.6578541761264,16.7459,3.0,16.68144,2.0,12.05399,1.010712
19.6254713768139,19.1281,19.6729267761111,16.5199,3.0,16.68376,2.0,10.29625,-1.113889
19.6397125767544,14.1984,19.6910384763032,16.5122,3.0,16.68141,2.0,11.54032,-0.232106
19.6578541761264,18.4725,19.7071385756135,17.5478,3.0,16.6831,2.0,10.45969,-0.074475
19.6729267761111,14.7886,19.7226479751989,15.5985,3.0,16.68131,2.0,10.99249,-0.019047
19.6910384763032,18.2119,19.7405327754095,16.2604,3.0,16.68276,2.0,11.52971,-0.74136
19.7071385756135,15.7543,19.7556693749502,16.6336,3.0,16.68188,2.0,12.09307,-1.130062
19.7226479751989,17.3525,19.7732693748549,18.0854,3.0,16.68251,2.0,10.39995,-0.137982
19.7405327754095,16.0586,19.7897168742493,16.2968,3.0,16.68192,2.0,11.99386,0.364802
19.7556693749502,15.3254,19.8067430751398,17.4413,3.0,16.68065,2.0,10.97996,-0.163581
19.7732693748549,19.2518,19.824182475917,16.8893,3.0,16.68307,2.0,11.49008,-0.082659
19.7897168742493,15.1077,19.8414562763646,15.5854,3.0,16.68159,2.0,10.2948,-0.827926
19.8067430751398,18.3829,19.8562717763707,16.3353,3.0,16.68318,2.0,11.30608,-0.177345
19.824182475917,15.8439,19.8752057766542,17.4565,3.0,16.6824,2.0,10.02966,-0.131179
19.8414562763646,17.0107,19.8904549768195,16.82,3.0,16.6827,2.0,11.97063,-0.167342
19.8562717763707,14.8868,19.9076326759532,16.5902,3.0,16.68102,2.0,11.25204,0.497502
19.8752057766542,18.9542,19.9235254758969,14.8855,3.0,16.68315,3.0,10.70578,-1.163189
19.8904549768195,17.0053,19.9391348762438,17.4207,3.0,16.68345,2.0,10.77374,0.042095
19.9076326759532,12.4929,19.9567186767235,15.8544,3.0,16.67954,2.0,12.2744,-0.994405
19.9235254758969,18.8838,19.9730723770335,18.2332,3.0,16.68159,2.0,9.987689,0.692931
19.9391348762438,17.3962,19.991431276314,16.4269,3.0,16.68226,2.0,13.28821,0.188462
19.9567186767235,15.6968,20.0072159757838,18.3922,3.0,16.68134,2.0,11.9784,0.245099
19.9730723770335,18.3302,20.0234526759014,13.8094,3.0,16.68287,3.0,11.29237,-0.827742
19.991431276314,16.5901,20.0393539750949,17.4669,3.0,16.68279,2.0,11.18494,-0.584254
20.0072159757838,13.0207,20.0566648757085,15.6637,3.0,16.67939,2.0,10.1377,-1.139597
20.0234526759014,19.5016,20.0735492752865,18.2763,3.0,16.68201,2.0,10.18104,-0.082037
20.0393539750949,16.5737,20.0904669752344,15.4933,3.0,16.68191,2.0,12.66005,-1.147356
20.0566648757085,16.3852,20.1066202754155,17.7984,3.0,16.68163,2.0,10.922,0.158438
20.0735492752865,17.9783,20.1229514749721,14.6525,3.0,16.68283,2.0,13.21414,0.962241
20.0904669752344,16.0125,20.1401102757081,18.7121,3.0,16.68221,2.0,10.71616,0.973739
20.1066202754155,17.2377,20.1572626763955,15.5831,3.0,16.68272,2.0,13.20536,0.239568
20.1229514749721,14.9695,20.1726678768173,16.9824,3.0,16.68115,2.0,10.25956,0.945632
20.1401102757081,18.4437,20.1899764770642,15.5748,3.0,16.68277,2.0,11.02226,-1.688582
20.1572626763955,15.8764,20.2063341764733,18.0707,3.0,16.68203,2.0,9.448532,0.412215
20.1726678768173,16.647,20.2239697771147,16.0223,3.0,16.68199,2.0,9.799068,-0.379768
20.1899764770642,15.8638,20.2404859764501,18.177,3.0,16.68124,2.0,10.96378,-1.139085
20.2063341764733,17.6847,20.2589781759307,18.3168,3.0,16.68216,2.0,12.15479,-0.270803
20.2239697771147,16.4424,20.2735427757725,15.2602,3.0,16.68194,2.0,11.54227,-0.584368
20.2404859764501,16.4037,20.2901026764885,14.6442,3.0,16.68169,2.0,10.85738,0.810032
20.2589781759307,19.9484,20.3082004757598,19.7428,3.0,16.68468,2.0,11.513,-0.387218
20.2735427757725,13.3447,20.3256981754676,15.8746,3.0,16.68163,3.0,10.43907,-0.24696
20.2901026764885,16.9612,20.340406675823,16.0785,3.0,16.68188,2.0,12.61647,0.690151
20.3082004757598,13.2054,20.3576994752511,15.7045,3.0,16.67871,2.0,9.620218,-0.85883
20.3256981754676,22.3789,20.3733701752499,17.2659,3.0,16.6839,2.0,10.73886,0.049889
20.340406675823,14.2326,20.3912377757952,16.2266,3.0,16.68167,2.0,10.62285,-0.311716
20.3576994752511,17.4271,20.4074587756768,17.8603,3.0,16.68235,2.0,9.73173,0.045058
20.3733701752499,15.5147,20.4243381759152,15.3979,3.0,16.68129,2.0,11.10961,-0.434396
20.3912377757952,18.107,20.4399669757113,17.119,3.0,16.68258,2.0,10.41992,-0.57625
20.4074587756768,17.2423,20.4580115759745,16.3626,3.0,16.68309,2.0,12.29854,-0.351875
20.4243381759152,15.9288,20.4741070764139,17.6592,3.0,16.68241,2.0,9.433396,0.265488
20.4399669757113,16.9886,20.4900701763108,14.5971,3.0,16.68268,2.0,12.43645,0.723211
20.4580115759745,16.6519,20.5075022755191,19.264,3.0,16.68266,2.0,10.87187,-0.275866
20.4741070764139,17.1606,20.5236232755706,14.5963,3.0,16.68309,2.0,12.18721,-0.723319
20.4900701763108,15.1769,20.5404952755198,18.4107,3.0,16.68173,2.0,9.395989,0.817858
20.5075022755191,18.4178,20.5570350764319,14.543,3.0,16.68329,2.0,10.94647,0.309663
20.5236232755706,14.755,20.574520076625,19.0188,3.0,16.68156,2.0,10.89382,-0.483832
20.5404952755198,16.7181,20.5924538774416,16.5612,3.0,16.68159,2.0,12.80204,-0.700488
20.5570350764319,16.9779,20.6070260778069,15.9467,3.0,16.68186,2.0,9.431637,0.414453
20.574520076625,16.9911,20.6231365781277,14.4312,3.0,16.68213,2.0,9.778132,-0.223918
20.5924538774416,18.3303,20.6412829775363,20.0901,3.0,16.68361,2.0,11.09189,0.771011
20.6070260778069,15.8609,20.6571332775056,13.9316,3.0,16.68288,2.0,10.66295,-0.634676
20.6231365781277,14.7242,20.6737321782857,18.4703,3.0,16.68112,2.0,9.592618,-0.814167
20.6412829775363,19.6835,20.6902629788965,14.8481,3.0,16.68381,2.0,10.21669,0.222237
20.6571332775056,14.1537,20.7072711791843,18.6069,3.0,16.68155,2.0,9.489376,0.26276
20.6737321782857,16.6734,20.7244604788721,15.5638,3.0,16.68154,2.0,12.61327,-0.392998
20.6902629788965,16.6913,20.7403145786375,17.4221,3.0,16.68155,2.0,11.13576,0.532171
20.7072711791843,18.7072,20.7582699786872,16.5811,3.0,16.68335,2.0,10.19734,-0.01766
20.7244604788721,15.5385,20.7742769792676,17.6228,3.0,16.68233,2.0,9.369098,-1.117491
20.7403145786375,16.964,20.7926685791463,16.4095,3.0,16.68258,2.0,11.37923,0.225176
20.7582699786872,16.5375,20.8074395786971,17.5799,3.0,16.68246,2.0,9.18446,-0.586187
20.7742769792676,17.326,20.8236721791327,13.4657,3.0,16.68303,3.0,11.79499,0.583538
20.7926685791463,17.0246,20.8407929800451,18.7058,3.0,16.68333,2.0,11.42162,0.213763
20.8074395786971,11.634,20.8591052796692,17.0247,3.0,16.67885,2.0,11.59649,-0.145235
20.8236721791327,19.6024,20.8739853799343,16.2905,3.0,16.68144,2.0,10.12876,-0.016314
20.8407929800451,16.8061,20.8921004794538,16.5964,3.0,16.68155,2.0,11.34994,0.34419
20.8591052796692,18.8114,20.9072168795392,16.7105,3.0,16.68344,2.0,10.28794,1.09975
20.8739853799343,14.4886,20.9275100799277,20.0974,3.0,16.6815,2.0,12.22531,-1.06361
20.8921004794538,18.5335,20.9407081799582,13.2496,3.0,16.68313,3.0,10.34371,0.409817
20.9072168795392,14.7732,20.9595027798787,17.4363,3.0,16.68145,2.0,10.00155,-0.938293
20.9275100799277,15.9321,20.9739799797535,14.3417,3.0,16.68079,2.0,10.79861,0.020386
20.9407081799582,17.4034,20.9913795795292,19.806,3.0,16.68142,2.0,11.36388,-0.014372
20.9595027798787,19.1635,21.0069277798757,13.0244,3.0,16.68361,3.0,11.32089,-0.349213
20.9739799797535,14.1764,21.0259986789897,20.831,3.0,16.6814,2.0,11.13691,-0.619765
20.9913795795292,14.3798,21.0417027780786,14.2263,3.0,16.67938,3.0,11.60297,0.145683
21.0069277798757,18.8258,21.0582710774615,17.9741,3.0,16.68126,2.0,10.37871,-0.904042
21.0259986789897,14.3843,21.0758892772719,16.0,3.0,16.67925,3.0,11.40946,-0.276053
21.0417027780786,20.1217,21.0911191776395,16.1874,3.0,16.68227,2.0,11.04772,0.17876
21.0582710774615,12.0736,21.1097252778709,17.7349,3.0,16.67823,2.0,11.87594,-1.113907
21.0758892772719,22.139,21.1242740778252,14.5285,3.0,16.68301,2.0,11.32695,-0.423474
21.0911191776395,14.4266,21.1413962775841,19.6393,3.0,16.68104,2.0,12.37434,-0.08594
21.1097252778709,18.9881,21.1585272783414,14.4458,3.0,16.68305,3.0,9.740607,-0.238355
21.1242740778252,14.8857,21.1739437785,17.0583,3.0,16.68148,2.0,12.96797,0.11423
21.1413962775841,14.0275,21.1912374775857,15.6067,3.0,16.67917,2.0,11.43344,0.401335
21.1585272783414,19.8777,21.2082917783409,19.558,3.0,16.68196,2.0,9.250755,-1.085552
21.1739437785,17.3578,21.2242456786335,13.4465,3.0,16.68254,3.0,12.04467,0.226585
21.1912374775857,15.3904,21.2421101778746,20.574,3.0,16.68142,2.0,10.07016,0.172219
21.2082917783409,14.2609,21.2586974781007,14.1321,3.0,16.67932,3.0,11.36835,-0.336111
21.2242456786335,18.7509,21.2741670785472,17.0255,3.0,16.68111,2.0,11.21721,-0.162921
21.2421101778746,15.2683,21.2910216776654,15.0901,3.0,16.67989,2.0,11.57138,0.218558
21.2586974781007,19.2066,21.3076094770804,18.3767,3.0,16.68208,2.0,10.00661,-0.539928
21.2741670785472,17.6732,21.3242463776842,16.8602,3.0,16.68294,2.0,12.28702,-0.772802
21.2910216776654,14.6827,21.3423837767914,16.1925,3.0,16.68121,2.0,10.65804,-0.08824
21.3076094770804,16.5717,21.3580903774127,17.3406,3.0,16.68111,2.0,11.75533,-1.232069
21.3242463776842,18.3348,21.3741418765858,14.4892,3.0,16.68254,2.0,10.957,-0.482698
21.3423837767914,16.5264,21.3914505774155,18.7835,3.0,16.68241,2.0,12.73364,0.99614
21.3580903774127,17.2804,21.4083422766998,15.2993,3.0,16.68292,2.0,9.853369,-0.796068
21.3741418765858,14.8112,21.4240210773423,17.0719,3.0,16.68131,2.0,13.1585,-0.512712
21.3914505774155,18.4772,21.4414579765871,16.0137,3.0,16.68286,2.0,10.74436,0.019117
21.4083422766998,15.7425,21.4588417774066,19.1102,3.0,16.68205,2.0,10.88317,-0.286676
21.4240210773423,16.7843,21.4756420766935,15.1267,3.0,16.68213,3.0,10.99621,0.585231
21.4414579765871,16.1104,21.4907826762646,15.159,3.0,16.68164,2.0,12.34048,0.29136
21.4588417774066,12.8004,21.5069818757474,18.0071,3.0,16.67831,2.0,9.477576,-0.611011
21.4756420766935,21.3322,21.5261220764369,17.7108,3.0,16.6823,2.0,11.85267,-0.335631
21.4907826762646,15.2675,21.5412581767887,16.3427,3.0,16.68109,2.0,9.25484,-0.22492
21.5069818757474,15.7484,21.5568617768586,13.9955,3.0,16.68029,2.0,11.61841,0.635754
21.5261220764369,19.3215,21.5747079774737,19.3804,3.0,16.68255,2.0,10.99773,-0.202089
21.5412581767887,16.8726,21.5923419781029,16.1702,3.0,16.68271,2.0,12.40652,-0.368948
21.5568617768586,14.0182,21.6080862786621,17.1457,3.0,16.68044,2.0,10.50095,-0.351956
21.5747079774737,19.4259,21.6242418792099,14.6391,3.0,16.68278,2.0,9.763489,-0.498957
21.5923419781029,15.9627,21.6410178784281,18.3359,3.0,16.68217,2.0,10.57295,0.537031
21.6080862786621,17.5362,21.6580741778016,15.4564,3.0,16.68289,2.0,10.51746,-0.716625
21.6242418792099,14.3443,21.6753694768995,19.678,3.0,16.6809,2.0,10.67356,0.567394
21.6410178784281,18.6637,21.6913355775177,13.6248,3.0,16.68259,3.0,10.85237,-1.035918
21.6580741778016,14.9595,21.70848027803,18.8349,3.0,16.68113,2.0,9.985025,-0.120443
21.6753694768995,14.6814,21.7246614787728,16.7197,3.0,16.67943,2.0,11.06351,-0.333794
21.6913355775177,18.8241,21.7421435788274,16.9984,3.0,16.68125,2.0,11.49522,-0.045159
21.70848027803,17.0875,21.7603519782424,17.3841,3.0,16.68159,3.0,11.53594,0.754654
21.7246614787728,18.4301,21.775196977891,16.29,3.0,16.68307,3.0,10.13219,-0.509527
21.7421435788274,13.4186,21.7915264787152,15.5077,3.0,16.68031,3.0,10.51836,-0.493023
21.7603519782424,17.0349,21.8086769795045,17.7854,3.0,16.68061,3.0,9.761046,-0.164926
21.775196977891,14.8461,21.8244666801766,13.6723,3.0,16.67906,3.0,9.553827,0.27435
21.7915264787152,16.6841,21.8414944810793,18.6103,3.0,16.67907,2.0,10.66082,0.751303
21.8086769795045,16.5949,21.8585995817557,15.447,3.0,16.679,2.0,11.00433,0.028261
21.8244666801766,19.2414,21.8766663810238,20.6939,3.0,16.68115,2.0,10.23395,-1.023981
21.8414944810793,18.3998,21.8921933807433,13.0609,3.0,16.6826,3.0,10.0895,-0.196675
21.8585995817557,15.728,21.9080537799746,17.2094,3.0,16.6818,2.0,10.18214,-0.516934
21.8766663810238,14.9622,21.9262584801763,16.9652,3.0,16.68035,2.0,11.98218,1.172423
21.8921933807433,18.7004,21.9413588801399,17.0685,3.0,16.68205,2.0,11.24148,0.268249
21.9080537799746,16.8447,21.9589391807094,15.5667,3.0,16.68218,2.0,12.06313,-0.220545
21.9262584801763,17.4348,21.9747914811596,17.635,3.0,16.68282,2.0,10.51268,-0.900339
21.9413588801399,16.2804,21.9922834811732,15.531,3.0,16.68248,2.0,10.77075,-0.320146
21.9589391807094,16.0067,22.0083423806354,17.6248,3.0,16.68191,2.0,9.054145,-0.079753
21.9747914811596,17.2508,22.0267553804442,16.8363,3.0,16.68239,2.0,11.92934,0.112414
21.9922834811732,16.2998,22.0413954807445,16.1452,3.0,16.68207,2.0,11.14795,-0.433116
22.0083423806354,15.6909,22.0600781803951,17.1266,3.0,16.68124,2.0,12.16415,-0.775828
22.0267553804442,18.711,22.0757232801989,17.5187,3.0,16.68293,2.0,10.57499,-0.300752
22.0413954807445,14.2806,22.0917675802484,14.3183,3.0,16.68093,2.0,11.75972,0.176202
22.0600781803951,18.736,22.1081827795133,18.0122,3.0,16.68264,2.0,10.64403,-1.104666
22.0757232801989,15.6596,22.126232479699,16.4993,3.0,16.68179,2.0,12.67415,-0.440892
22.0917675802484,16.5709,22.1418030792847,17.2141,3.0,16.6817,2.0,10.6451,-0.831286
22.1081827795133,17.458,22.1584559800103,14.8273,3.0,16.68234,2.0,11.74627,0.14407
22.126232479699,16.9567,22.176611979492,20.0979,3.0,16.68257,2.0,11.44579,-0.028293
22.1418030792847,16.9033,22.1920259790495,13.5799,3.0,16.68275,2.0,12.56249,0.239863
22.1584559800103,15.0,22.2086251797155,18.4623,3.0,16.68136,2.0,11.16433,-0.272826
22.176611979492,18.5969,22.226292478852,17.3512,3.0,16.68295,2.0,11.82009,-0.427901
22.1920259790495,15.2742,22.2422394780442,16.0671,3.0,16.68178,3.0,10.33104,1.002274
22.2086251797155,17.6028,22.2608509780839,16.8251,3.0,16.68254,2.0,8.702326,0.159263
22.226292478852,12.553,22.2756031779572,16.4924,3.0,16.67913,2.0,10.1198,-0.252948
22.2422394780442,19.5259,22.2942311773077,18.608,3.0,16.68148,3.0,12.16763,0.440049
22.2608509780839,18.8551,22.3099150778726,14.1555,3.0,16.68327,3.0,9.101437,-0.569123
22.2756031779572,10.4559,22.3258266774938,18.0935,3.0,16.67815,2.0,9.908348,0.622627
22.2942311773077,18.6276,22.3417776776478,13.6313,3.0,16.67975,3.0,10.51335,0.163338
22.3099150778726,20.0304,22.3585223769769,18.3603,3.0,16.6825,2.0,11.49212,0.339155
22.3258266774938,12.9438,22.374862276949,16.7257,3.0,16.67943,2.0,10.90647,-0.718135
22.3417776776478,18.8154,22.3915613768622,16.0576,3.0,16.68119,2.0,11.35846,0.657758
22.3585223769769,16.771,22.4106209771708,18.3592,3.0,16.68126,2.0,10.18355,0.066774
22.374862276949,18.0531,22.4263055780903,17.5985,3.0,16.68238,3.0,11.47153,-0.661982
22.3915613768622,14.7277,22.44189377781,13.0788,3.0,16.68078,3.0,11.03324,0.11413
22.4106209771708,14.1389,22.4590552775189,19.8915,3.0,16.67871,2.0,11.35623,-0.447699
22.4263055780903,18.3134,22.4764412781224,14.6741,3.0,16.68004,3.0,10.37838,-0.365893
22.44189377781,18.2114,22.4934745775536,19.5766,3.0,16.68129,2.0,12.46657,-0.40375
22.4590552775189,14.489,22.5087694777176,12.9018,3.0,16.6795,3.0,9.884399,0.35286
22.4764412781224,19.9442,22.5261869775131,18.6744,3.0,16.68216,2.0,11.97279,1.564104
22.4934745775536,14.5485,22.543173677288,16.8109,3.0,16.68043,2.0,10.24305,-0.51073
22.5261869775131,30.5069,22.5594987766817,14.9203,3.0,16.69168,2.0,12.37994,-1.062144
22.5261869775131,11.8691,22.5754846772179,18.6118,2.0,16.68776,2.0,10.0467,0.40858
22.543173677288,11.1582,22.5935893775895,15.5361,3.0,16.68326,3.0,10.17073,-0.430641
22.5594987766817,14.7601,22.6095957783982,18.4114,3.0,16.6817,2.0,10.90534,-0.51455
22.5754846772179,13.7703,22.6261185789481,14.8346,3.0,16.67934,3.0,13.15922,-0.679596
22.5935893775895,20.499,22.6428267797455,18.7991,3.0,16.68244,3.0,9.749241,-0.322334
22.6095957783982,13.3427,22.6601467793807,14.5978,3.0,16.67973,3.0,12.50335,0.191519
22.6261185789481,15.7449,22.6763864802197,18.2147,3.0,16.67898,2.0,10.7128,-0.667235
22.6428267797455,17.4041,22.6930146804079,17.4256,3.0,16.67956,3.0,12.54833,0.617331
22.6601467793807,19.9124,22.7090181810781,15.3373,3.0,16.68217,3.0,10.62128,-0.052053
22.6763864802197,12.4332,22.7267430806533,17.1881,3.0,16.67874,3.0,11.74294,1.590492
22.6930146804079,17.7035,22.7425484815612,14.2485,3.0,16.67957,2.0,11.00277,-0.278335
22.7090181810781,14.7577,22.7591085815802,18.0633,3.0,16.67802,2.0,11.10495,-0.741485
22.7267430806533,23.2758,22.7773227812722,17.332,3.0,16.68333,3.0,10.16161,-0.264035
22.7425484815612,14.7868,22.7931728819385,15.1112,3.0,16.68181,3.0,10.44034,-0.228677
22.7591085815802,11.8057,22.8098941827193,19.0398,3.0,16.67789,2.0,9.533085,-0.44213
22.7773227812722,17.6328,22.8268444826826,14.6489,3.0,16.67866,3.0,12.75274,-0.550867
22.7931728819385,20.857,22.8419231828302,16.7893,3.0,16.68201,2.0,10.72688,-0.569364
22.8098941827193,13.5255,22.8593994826078,15.6047,3.0,16.67948,2.0,10.38473,1.555003
22.8268444826826,20.2797,22.8762377817184,18.7893,3.0,16.68236,2.0,10.77697,-0.478983
22.8419231828302,16.5702,22.8948313817382,17.8315,3.0,16.68227,2.0,10.86396,0.031531
22.8593994826078,15.7835,22.9096828820184,15.7979,3.0,16.68155,3.0,10.8365,-0.544392
22.8762377817184,16.7043,22.9255605814978,15.6084,3.0,16.68157,3.0,7.415683,0.1713
22.8948313817382,14.1685,22.9430305818096,16.0365,3.0,16.67957,2.0,10.85107,-0.94498
22.9096828820184,15.0398,22.9593817824498,19.4323,3.0,16.67826,2.0,10.09779,1.44714
22.9255605814978,22.0995,22.976711682044,14.022,3.0,16.68258,3.0,12.4405,-1.12601
22.9430305818096,15.4907,22.9917124817148,16.4265,3.0,16.68163,2.0,9.31028,0.36444
22.9593817824498,13.6996,23.0088879810646,15.7308,3.0,16.67926,2.0,12.97036,-0.310091
22.976711682044,20.3536,23.0266825808212,20.2084,3.0,16.68218,2.0,8.81421,-0.147122
22.9917124817148,16.259,23.0430945800617,14.0464,3.0,16.68184,3.0,11.27186,0.265669
23.0088879810646,15.6102,23.059021580033,17.4684,3.0,16.68099,2.0,9.973991,-0.332168
23.0266825808212,15.2857,23.0759149799123,15.3458,3.0,16.67988,2.0,10.65032,0.083981
23.0430945800617,19.0215,23.0936925793067,20.3033,3.0,16.68174,2.0,11.15003,0.529512
23.059021580033,17.6438,23.1090770792216,12.9109,3.0,16.6825,3.0,10.09787,-0.740257
23.0759149799123,15.1418,23.1266976799816,19.4154,3.0,16.68128,2.0,12.25222,-0.095812
23.0936925793067,15.1311,23.1417741803452,13.2624,3.0,16.68006,2.0,9.288388,0.234544
23.1090770792216,18.1648,23.1608793800697,21.542,3.0,16.68123,2.0,11.52656,-0.475573
23.1266976799816,19.5003,23.1763317799196,13.1826,3.0,16.68346,3.0,11.14811,0.70671
23.1417741803452,12.9849,23.1919179800898,17.6925,3.0,16.68054,2.0,12.22716,0.59522
23.1608793800697,16.5148,23.2095238808542,16.0868,3.0,16.68041,3.0,9.344373,-0.59437
23.1763317799196,18.0486,23.2272868808359,18.5117,3.0,16.68148,3.0,12.58249,-0.464149
23.1919179800898,13.8569,23.2418735809624,14.8121,3.0,16.67926,3.0,8.68308,-0.526787
23.2095238808542,17.428,23.2604461815208,18.5964,3.0,16.67985,2.0,11.22867,-0.559794
23.2272868808359,15.5436,23.2764223814011,16.1624,3.0,16.67896,3.0,10.88865,0.884093
23.2418735809624,20.3973,23.2934162821621,16.4937,3.0,16.68188,2.0,12.48519,-0.084448
23.2604461815208,12.9313,23.3126318827271,18.9393,3.0,16.67893,2.0,10.78719,-0.720054
23.2764223814011,21.8308,23.3275102823973,16.1995,3.0,16.68298,3.0,10.60861,-0.106575
23.2934162821621,14.8013,23.3433512821794,13.3877,3.0,16.6815,3.0,11.10215,0.105816
23.3126318827271,14.8194,23.3587182825431,17.0469,3.0,16.68004,2.0,10.44115,-0.889739
23.3275102823973,16.9998,23.3760296823457,16.0321,3.0,16.68029,2.0,12.63647,-0.156485
23.3433512821794,18.6936,23.3933823825791,19.2491,3.0,16.68187,2.0,10.53488,0.557681
23.3587182825431,16.665,23.4097398826852,13.9527,3.0,16.68185,3.0,11.91914,-0.775134
23.3760296823457,15.8508,23.427278782241,19.8867,3.0,16.6812,2.0,11.52818,-0.851349
23.3933823825791,14.2073,23.4438532823697,14.3305,3.0,16.67928,3.0,12.19832,-1.341252
23.4097398826852,19.4193,23.4602109817788,18.8321,3.0,16.68141,2.0,9.762434,-0.758943
23.427278782241,14.4422,23.4760147826746,13.1334,3.0,16.67967,3.0,11.31905,-0.416236
23.4438532823697,19.7745,23.4935310827568,20.3765,3.0,16.68208,2.0,12.83825,-1.495287
23.4602109817788,13.8711,23.510235783644,13.9492,3.0,16.67989,3.0,11.50864,-0.395
23.4760147826746,18.3149,23.5262310830876,17.6027,3.0,16.68116,2.0,10.48604,0.60886
23.4935310827568,15.0006,23.5426737824455,14.9252,3.0,16.67986,2.0,10.82369,-0.33162
23.510235783644,19.3718,23.5591769823804,18.2304,3.0,16.68194,2.0,13.5142,-0.866687
23.5262310830876,17.817,23.5770169822499,16.1517,3.0,16.68282,2.0,10.81204,-0.725081
23.5426737824455,14.6662,23.5928247822449,17.2811,3.0,16.68126,2.0,11.32692,-0.361586
23.5591769823804,18.7253,23.6106549827382,16.6179,3.0,16.68284,2.0,10.86259,0.218624
23.5770169822499,15.5975,23.6272519836202,18.5883,3.0,16.682,2.0,12.90888,-0.500907
23.5928247822449,17.4637,23.6436399845406,14.1066,3.0,16.68261,3.0,11.25089,-0.025238
23.6106549827382,16.1622,23.6600712845102,18.7583,3.0,16.68221,2.0,12.48038,-0.550786
23.6272519836202,13.6463,23.6758295847103,13.2752,3.0,16.67986,3.0,9.478107,0.305522
23.6436399845406,19.3185,23.6940326848999,21.222,3.0,16.6819,2.0,12.53764,-0.20459
23.6600712845102,13.3394,23.711482684128,14.5923,3.0,16.67932,3.0,10.38229,-0.095602
23.6758295847103,18.7713,23.7263864837587,16.5062,3.0,16.68093,2.0,10.31418,-0.421166
23.6940326848999,15.8626,23.7431122828275,15.1533,3.0,16.6803,2.0,10.02439,0.041766
23.711482684128,19.9385,23.7603651825339,20.1171,3.0,16.68281,2.0,9.315202,-0.854631
23.7263864837587,16.9916,23.7770536821336,14.8944,3.0,16.68304,3.0,9.702766,-0.513928
23.7431122828275,14.8528,23.7937379814684,18.4418,3.0,16.68164,3.0,10.87473,-0.084782
23.7603651825339,14.1382,23.8101294822991,13.3434,3.0,16.67969,3.0,9.775831,1.287319
23.7770536821336,15.7959,23.8270796816796,18.8865,3.0,16.67901,2.0,12.78363,0.145966
23.7937379814684,17.8516,23.8439186811447,15.013,3.0,16.67991,2.0,10.85318,-0.636187
23.8101294822991,18.9686,23.8614390809089,20.4123,3.0,16.68166,2.0,12.09028,0.849365
23.8270796816796,18.5673,23.8774594813585,13.0565,3.0,16.6831,3.0,8.078134,-0.743519
23.8439186811447,15.1965,23.8936498817056,17.8707,3.0,16.68197,2.0,11.69779,0.191366
23.8614390809089,15.1097,23.910360282287,16.982,3.0,16.68077,2.0,11.17764,-0.739212
23.8774594813585,18.5067,23.9273341819644,16.8701,3.0,16.68216,2.0,10.88782,0.110275
23.8936498817056,16.1515,23.9465461820364,17.7183,3.0,16.68176,3.0,10.50283,-0.442713
23.910360282287,18.6462,23.9627245813608,18.9329,3.0,16.68325,2.0,11.62761,-0.284382
23.9273341819644,10.6229,23.9762675818056,10.6419,3.0,16.67864,3.0,10.66932,-0.753524
23.9465461820364,23.2534,23.9930375814438,18.3119,3.0,16.68364,2.0,11.82031,1.253242
23.9627245813608,14.0265,24.0102588813752,17.6788,3.0,16.68162,2.0,10.88458,0.159309
23.9762675818056,16.2204,24.0270318817347,14.5943,3.0,16.68127,2.0,10.73152,-0.474834
23.9930375814438,16.6987,24.0440624821931,19.2664,3.0,16.68128,2.0,11.27246,-0.696627
24.0102588813752,19.0172,24.0606114827096,14.4785,3.0,16.68305,2.0,10.82959,0.595873
24.0270318817347,14.7891,24.076255582273,17.8035,3.0,16.68162,2.0,9.987134,-0.502272
24.0440624821931,19.2332,24.0940878819674,15.6217,3.0,16.68355,2.0,12.34973,-0.480544
24.0606114827096,13.992,24.1099940817803,15.9237,3.0,16.68151,2.0,11.02583,0.918001
24.076255582273,18.0361,24.1269901823252,18.4224,3.0,16.68254,2.0,11.20367,-0.330561
24.0940878819674,15.883,24.1429668813944,14.6199,3.0,16.68193,2.0,10.67274,-0.401507
24.1099940817803,16.1383,24.1601459812373,18.8206,3.0,16.68152,2.0,12.5369,0.625311
24.1269901823252,18.0513,24.1768960803747,14.8632,3.0,16.68256,2.0,9.108561,-0.172524
24.1429668813944,15.0028,24.1930926796049,17.7287,3.0,16.68129,2.0,12.21601,0.200841
24.1601459812373,18.8204,24.2103908788413,15.6993,3.0,16.6829,2.0,10.43799,-0.150941
24.1768960803747,14.6695,24.2271051779389,18.9216,3.0,16.68139,2.0,9.764824,0.133612
24.1930926796049,17.4509,24.2444448787719,15.1779,3.0,16.68197,3.0,10.37986,0.788761
24.2103908788413,16.1546,24.2601690795273,17.1995,3.0,16.68157,2.0,10.24514,0.07241
24.2271051779389,13.2749,24.2787235789001,17.1727,3.0,16.67901,2.0,10.42359,-0.714524
24.2444448787719,20.7778,24.2933526793495,16.1296,3.0,16.68209,2.0,8.494439,-0.645258
24.2601690795273,15.4246,24.3130366792902,19.118,3.0,16.68114,3.0,11.01949,-0.973544
24.2787235789001,18.6862,24.3269588788971,12.9241,3.0,16.68265,3.0,9.610224,-0.922304
24.2933526793495,10.2399,24.344532978721,20.1739,3.0,16.67782,2.0,12.65556,-0.473688
24.3130366792902,19.4813,24.3616732778028,14.902,3.0,16.67992,3.0,10.97734,0.405306
24.3269588788971,18.5271,24.3773614773527,17.0777,3.0,16.6813,2.0,10.9335,-0.675235
24.344532978721,14.9306,24.394417877309,17.4364,3.0,16.67999,2.0,11.56529,-0.204176
24.3616732778028,19.7501,24.4100963780656,15.3178,3.0,16.68229,3.0,9.883694,0.494121
24.3773614773527,15.5125,24.4281534785405,16.1959,3.0,16.68141,2.0,8.961735,0.851718
24.394417877309,14.1318,24.4443546785042,18.2313,3.0,16.67951,2.0,12.55778,-0.547508
24.4100963780656,18.9309,24.4609091794118,14.5156,3.0,16.68119,2.0,9.350679,0.191666
24.4281534785405,17.6479,24.4771938798949,16.2868,3.0,16.68191,2.0,11.35738,0.55239
24.4443546785042,16.4449,24.4945186795667,19.5059,3.0,16.68173,2.0,8.478608,0.169034
24.4609091794118,16.4176,24.5110297789797,14.3929,3.0,16.68154,3.0,12.25643,-0.56943
24.4771938798949,16.4307,24.5283245788887,19.6476,3.0,16.68135,2.0,10.27691,0.832928
24.4945186795667,14.0368,24.544312578626,13.6797,3.0,16.67939,3.0,10.16077,0.168286
24.5110297789797,19.8328,24.5619327789173,20.1677,3.0,16.68173,2.0,11.92403,0.024953
24.5283245788887,14.3073,24.5766268791631,12.1805,3.0,16.67997,3.0,9.986272,0.033277
24.544312578626,18.9894,24.5944767789915,19.9185,3.0,16.68168,2.0,11.12791,0.688215
24.5619327789173,14.3599,24.610397179611,14.0268,3.0,16.67996,3.0,9.399147,0.266553
24.5766268791631,18.048,24.6269651791081,17.9846,3.0,16.68097,2.0,11.24422,0.181809
24.5944767789915,14.5492,24.6448031784967,16.172,3.0,16.6794,2.0,9.125885,-0.497462
24.610397179611,19.2724,24.6610259776935,17.6572,3.0,16.68131,2.0,11.20705,0.544816
24.6269651791081,16.088,24.6788945784792,16.382,3.0,16.68087,2.0,9.673491,-0.267906
24.6448031784967,18.2583,24.6960126785561,18.6869,3.0,16.68204,2.0,8.927662,-0.49914
24.6610259776935,15.9257,24.7135668778792,16.0978,3.0,16.68148,3.0,10.27118,-0.546229
24.6788945784792,18.2752,24.7270063776523,13.3367,3.0,16.68265,2.0,9.759606,0.257315
24.6960126785561,12.4105,24.7444104775786,19.9278,3.0,16.67951,2.0,12.20384,0.251259
24.7135668778792,21.7694,24.7602883782238,13.4917,3.0,16.68325,3.0,10.81313,0.531381
24.7270063776523,13.6851,24.7772308774292,18.6155,3.0,16.68105,2.0,10.16368,-1.029997
24.7444104775786,14.1475,24.7959783766419,16.9213,3.0,16.67919,2.0,11.72674,-0.18256
24.7602883782238,19.1572,24.8120611775666,18.5748,3.0,16.68101,2.0,9.367419,-0.016833
24.7772308774292,18.9581,24.827426277101,12.8864,3.0,16.68267,3.0,11.3991,0.218113
24.7959783766419,16.6278,24.8446082770824,19.7082,3.0,16.68263,2.0,11.29316,-0.000452
24.8120611775666,13.3857,24.8618678767234,15.6474,3.0,16.68022,3.0,12.38023,-0.797608
24.827426277101,18.1309,24.8782517760992,17.9628,3.0,16.68128,3.0,10.26929,0.042336
24.8446082770824,13.8703,24.8942666761577,13.7285,3.0,16.67923,3.0,9.116252,-0.336243
24.8618678767234,18.7908,24.9111084770411,19.2781,3.0,16.68077,2.0,9.994108,0.256301
24.8782517760992,15.4014,24.9268535766751,13.5646,3.0,16.67984,3.0,11.06456,-1.353155
24.8942666761577,18.801,24.9447474759072,19.129,3.0,16.68138,2.0,11.71404,-0.884234
24.9111084770411,13.7937,24.9611321762204,14.8723,3.0,16.67928,2.0,8.955799,0.229724
24.9268535766751,19.2962,24.978706676513,19.8916,3.0,16.68118,2.0,11.61845,-0.04146
24.9447474759072,18.9739,24.9961434770375,14.9191,3.0,16.68285,3.0,11.88103,-0.797544
24.9611321762204,15.0606,25.0112070767209,16.8298,3.0,16.68167,2.0,12.82638,-0.588985
24.978706676513,14.4406,25.0282688764855,15.3435,3.0,16.68004,2.0,9.30006,0.503012
24.9961434770375,20.3355,25.0443294765428,18.1396,3.0,16.6827,2.0,11.93344,-0.790645
25.0112070767209,16.4576,25.0616010772064,15.2693,3.0,16.68254,3.0,11.14688,0.125698
25.0282688764855,15.8969,25.0773965762928,17.2782,3.0,16.68197,2.0,12.48489,-1.413232
25.0443294765428,14.2606,25.096392176114,17.6284,3.0,16.68021,2.0,8.862645,0.966911
25.0616010772064,19.0437,25.1106559764594,15.7307,3.0,16.68192,2.0,12.6326,-0.267896
25.0773965762928,16.9159,25.1284236758947,16.1593,3.0,16.68209,2.0,9.897832,-1.356003
25.096392176114,17.8473,25.1446658764035,18.1917,3.0,16.68293,2.0,13.32859,-0.497364
25.1106559764594,15.4599,25.1626478768885,17.2322,3.0,16.68205,3.0,8.459596,0.638786
25.1284236758947,16.6288,25.1775808772072,15.5621,3.0,16.68201,3.0,11.9595,-1.398171
25.1446658764035,12.5022,25.1942638764158,14.7261,3.0,16.679,2.0,10.94706,0.450772
25.1626478768885,17.1973,25.2114968756214,19.5202,3.0,16.67937,2.0,11.53961,-0.263762
25.1775808772072,20.8728,25.2287831762806,15.0814,3.0,16.68239,3.0,9.709371,0.112104
25.1942638764158,15.131,25.2463472755626,19.9539,3.0,16.68127,2.0,11.58153,0.625229
25.2114968756214,13.6432,25.2628038758412,14.0599,3.0,16.67909,3.0,9.660562,0.775587
25.2287831762806,20.9052,25.278058975935,17.5256,3.0,16.68213,2.0,10.1777,-0.063605
25.2463472755626,14.5785,25.2962725758553,16.0226,3.0,16.68062,3.0,10.37247,-1.398797
25.2628038758412,19.3599,25.3106643762439,16.1848,3.0,16.68254,2.0,8.111713,-0.786363
25.278058975935,12.2196,25.3282281756401,16.0793,3.0,16.67934,2.0,8.591205,-0.064916
25.2962725758553,21.4784,25.344715975225,17.9038,3.0,16.68278,2.0,11.8825,-0.411591
25.3106643762439,15.3795,25.3616570755839,15.297,3.0,16.68184,2.0,11.52096,0.465034
25.3282281756401,16.6113,25.3789893761277,18.9616,3.0,16.68179,2.0,12.17122,0.355568
25.344715975225,17.5005,25.3958665765822,15.1785,3.0,16.68238,3.0,9.595991,0.050802
25.3616570755839,15.906,25.4117167759687,17.711,3.0,16.68182,2.0,12.32947,-0.820587
25.3789893761277,12.8817,25.4300418756902,16.4834,3.0,16.67911,3.0,9.124032,0.014724
25.3958665765822,20.9994,25.4454525755718,16.9499,3.0,16.68219,2.0,11.4705,0.035269
25.4117167759687,11.7899,25.463245975785,17.0925,3.0,16.67871,3.0,9.322787,-0.649286
25.4300418756902,22.3118,25.4788801753893,16.4345,3.0,16.68272,3.0,12.87558,-0.908129
25.4454525755718,11.1051,25.4961937749758,15.6431,3.0,16.67875,3.0,9.174031,-1.066052
25.463245975785,17.3734,25.5119273746386,17.4173,3.0,16.67924,2.0,11.91059,0.072187
25.4788801753893,16.2625,25.5289438748732,17.7156,3.0,16.67895,3.0,10.98713,-0.757156
25.4961937749758,21.8357,25.5460166754201,14.7047,3.0,16.68261,3.0,12.74755,0.37284
25.5119273746386,13.9529,25.5618370762095,17.5317,3.0,16.68067,2.0,11.19761,0.277432
25.5289438748732,15.467,25.578374476172,14.9776,3.0,16.67981,2.0,11.73066,-0.096231
25.5460166754201,20.0316,25.5964163755998,20.5008,3.0,16.68219,2.0,11.12996,-0.261694
25.5618370762095,17.5471,25.6123271761462,13.2487,3.0,16.6828,3.0,11.19157,-1.165717
25.578374476172,14.9424,25.6279836753383,17.2377,3.0,16.68157,2.0,9.284631,0.31646
25.5964163755998,15.4628,25.6462930748239,16.763,3.0,16.6807,2.0,11.86249,1.107856
25.6123271761462,18.5176,25.6617370750755,16.9538,3.0,16.682,2.0,9.779417,-0.669348
25.6279836753383,17.2602,25.6784272752702,15.1844,3.0,16.68241,2.0,13.18804,-0.660256
25.6462930748239,16.7775,25.6968093756586,20.7582,3.0,16.68248,2.0,8.642144,-0.060401
25.6617370750755,16.8948,25.7126973755658,13.4816,3.0,16.68263,3.0,10.73475,-0.122691
25.6784272752702,14.9239,25.7280739760026,15.4074,3.0,16.68139,2.0,10.91066,-0.086704
25.6968093756586,15.8325,25.7463686754927,20.8605,3.0,16.68079,2.0,12.4431,-0.329415
25.7126973755658,18.4176,25.7619834756479,13.1303,3.0,16.68201,3.0,9.001091,-0.047026
25.7280739760026,15.6456,25.7791047757491,19.6413,3.0,16.68129,2.0,10.7869,0.093812
25.7463686754927,15.5799,25.795975276269,14.5429,3.0,16.68051,3.0,9.024415,0.907109
25.7619834756479,18.5046,25.8120456757024,17.883,3.0,16.68179,2.0,12.36673,0.267842
25.7791047757491,13.9364,25.8301417762414,16.9627,3.0,16.67986,3.0,10.15899,-0.272725
25.795975276269,19.9034,25.8463777760044,17.2986,3.0,16.68213,2.0,11.83199,-0.189085
25.8120456757024,12.7536,25.8621307751164,13.6536,3.0,16.67937,3.0,8.096058,0.061059
25.8301417762414,22.4713,25.8799783745781,19.9401,3.0,16.68343,2.0,11.72583,0.677919
25.8463777760044,11.8114,25.8946857750416,12.5871,3.0,16.68002,3.0,10.53598,2.135779
25.8621307751164,19.2234,25.9123949743807,19.71,3.0,16.6818,2.0,10.23434,-1.030941
25.8799783745781,14.1976,25.9285867735744,14.4098,3.0,16.68006,3.0,10.04368,-0.962561
25.8946857750416,18.1924,25.9449035730213,17.6826,3.0,16.68112,2.0,9.001721,-0.387831
25.9123949743807,14.2567,25.9631124734879,16.7704,3.0,16.67943,2.0,6.750141,-0.353414
25.9285867735744,20.0069,25.9793887734413,18.4165,3.0,16.68175,2.0,12.79756,0.044732
25.9449035730213,17.1551,25.9955466743559,14.0802,3.0,16.68208,3.0,11.16343,-0.098888
25.9631124734879,17.2358,26.0125802736729,18.3547,3.0,16.68246,2.0,10.16691,-1.117439
25.9793887734413,12.7408,26.0301849730313,17.1904,3.0,16.67972,3.0,12.25917,0.025246
25.9955466743559,19.6477,26.0464990735054,17.0041,3.0,16.68178,3.0,9.668188,-0.741593
26.0125802736729,12.2241,26.0622346736491,16.5096,3.0,16.67868,3.0,11.87924,-0.456928
26.0301849730313,17.6077,26.0781004745513,13.5432,3.0,16.67933,3.0,10.75245,-1.148653
26.0464990735054,16.5794,26.0948459748179,18.3753,3.0,16.67926,2.0,11.81809,-0.730011
26.0622346736491,19.4649,26.1128993742168,17.3112,3.0,16.68119,2.0,12.57633,-0.562603
26.0781004745513,16.1535,26.1297608744353,17.5242,3.0,16.68083,3.0,10.83365,-1.056506
26.0948459748179,18.5452,26.1453068740666,15.7764,3.0,16.68212,3.0,12.89991,-0.421494
26.1128993742168,12.655,26.1620224732906,16.2687,3.0,16.67933,2.0,10.7566,-0.39536
26.1297608744353,16.5916,26.1812603734434,18.5557,3.0,16.67927,2.0,12.58221,0.266227
26.1453068740666,21.1463,26.196766173467,16.5575,3.0,16.68236,3.0,11.53269,-0.691886
26.1620224732906,14.8498,26.2121216738597,15.3367,3.0,16.68109,3.0,12.51946,-0.376773
26.1812603734434,14.4437,26.2296325741336,17.1769,3.0,16.67955,2.0,10.27407,-0.876018
26.196766173467,16.4504,26.2483012741432,17.7757,3.0,16.67939,3.0,11.77739,0.443658
26.2121216738597,21.2607,26.2616415740922,14.1864,3.0,16.68255,3.0,11.25877,-0.596463
26.2296325741336,11.5414,26.2789261741564,15.9043,3.0,16.67901,2.0,10.76892,0.216216
26.2483012741432,18.1707,26.2964894743636,19.9201,3.0,16.68003,2.0,11.31554,0.716222
26.2616415740922,19.7337,26.312887375243,13.9362,3.0,16.68213,3.0,8.877663,-0.276772
26.2789261741564,15.8766,26.3295622756705,18.2522,3.0,16.68158,2.0,12.63778,0.116343
26.2964894743636,14.761,26.3461009757593,15.1559,3.0,16.68026,2.0,9.138878,-0.89647
26.312887375243,19.0676,26.3617233755067,17.08,3.0,16.6819,2.0,10.92097,0.481417
26.3295622756705,18.3709,26.3793839747086,15.9639,3.0,16.68306,2.0,10.52386,0.004027
26.3461009757593,14.8736,26.3962561739609,19.1643,3.0,16.68182,2.0,9.75947,-0.121982
26.3617233755067,17.292,26.4119367739186,13.5117,3.0,16.68224,3.0,11.12958,-0.552015
26.3793839747086,15.872,26.4288413738832,18.34,3.0,16.68168,2.0,11.61837,0.112549
26.3962561739609,13.9617,26.4458938734606,15.4982,3.0,16.67982,2.0,10.06118,-0.054539
26.4119367739186,18.6523,26.4637717725709,20.6723,3.0,16.68117,2.0,12.23462,0.547473
26.4288413738832,18.6197,26.4797343732789,13.1342,3.0,16.68249,3.0,12.63075,-0.128594
26.4458938734606,15.4053,26.4962349729612,19.0279,3.0,16.68162,2.0,9.800639,0.808539
26.4637717725709,15.3736,26.5128513732925,14.1501,3.0,16.68073,3.0,12.09173,-1.22122
26.4797343732789,18.269,26.5298485727981,18.8244,3.0,16.68181,2.0,9.119194,0.032221
26.4962349729612,13.6597,26.545116272755,15.3753,3.0,16.67975,3.0,12.12476,-0.776175
26.5128513732925,19.5333,26.5627127727494,18.165,3.0,16.6817,2.0,8.62702,-0.851371
26.5298485727981,12.9032,26.5793672734872,14.9811,3.0,16.67912,3.0,13.13158,0.253919
26.545116272755,20.9265,26.5964801730588,18.7862,3.0,16.68201,3.0,9.884175,-0.190153
26.5627127727494,11.7601,26.6129934722558,14.137,3.0,16.67867,3.0,12.54527,-0.495588
26.5793672734872,17.618,26.6290501719341,18.559,3.0,16.67931,2.0,11.23978,1.372734
26.5964801730588,17.7635,26.6451550712809,13.468,3.0,16.68004,3.0,11.75295,0.738925
26.6129934722558,19.3002,26.6630806708708,19.4542,3.0,16.68182,2.0,10.77529,-0.926284
26.6290501719341,13.7492,26.6792774712667,16.552,3.0,16.67983,2.0,11.07607,-0.216833
26.6451550712809,18.4735,26.69630637113,17.058,3.0,16.68105,2.0,9.068075,-1.000522
26.6630806708708,18.016,26.7154593719169,18.2337,3.0,16.68195,3.0,9.651584,-0.749711
26.6792774712667,18.0539,26.7290691714734,14.4605,3.0,16.68288,3.0,12.99383,1.306084
26.69630637113,10.7916,26.7462694719434,15.4047,3.0,16.6789,2.0,9.746722,0.71911
26.7154593719169,18.8316,26.7626907713711,19.2163,3.0,16.68035,2.0,12.93951,-0.600312
26.7290691714734,18.5765,26.7791494708508,13.9511,3.0,16.68163,3.0,11.00172,-0.089934
26.7462694719434,16.8671,26.7962261717767,19.4646,3.0,16.68175,2.0,10.76649,0.464537
26.7626907713711,13.7453,26.8129684720188,15.2362,3.0,16.67978,3.0,8.868612,0.183267
26.7791494708508,19.73,26.8293641712517,16.9921,3.0,16.68183,2.0,12.66663,-0.47607
26.7962261717767,13.6352,26.8472281713039,17.1781,3.0,16.67978,2.0,9.633263,-0.413207
26.8129684720188,20.5722,26.8626147713512,16.2978,3.0,16.6824,3.0,10.66683,-1.399787
26.8293641712517,16.7575,26.8793014716357,16.3302,3.0,16.68245,2.0,9.38477,-0.075267
26.8472281713039,12.3367,26.8959089722484,14.8555,3.0,16.67953,2.0,12.33771,-0.424651
26.8626147713512,19.6096,26.9115753713995,17.3989,3.0,16.6815,2.0,9.738187,0.500397
26.8793014716357,18.4328,26.9294106718153,16.0693,3.0,16.68267,2.0,12.84957,1.271752
26.8959089722484,14.5693,26.946195172146,19.7762,3.0,16.68125,2.0,10.40245,-0.356093
26.9115753713995,17.8386,26.9634336717427,14.5699,3.0,16.68203,3.0,12.214,0.058909
26.9294106718153,15.6948,26.9792660716921,18.3422,3.0,16.68137,2.0,9.004048,-0.611526
26.946195172146,13.965,26.9958691708744,14.0637,3.0,16.67955,3.0,10.77229,-0.011138
26.9634336717427,20.5441,27.0144450701773,20.3154,3.0,16.68213,2.0,10.61799,-0.90175
26.9792660716921,12.4409,27.0290657700971,16.9008,3.0,16.6793,3.0,11.96563,1.411528
26.9958691708744,19.9921,27.0456715701148,12.9251,3.0,16.68151,3.0,10.50174,-1.020664
27.0144450701773,13.3413,27.0629490697756,19.5327,3.0,16.67928,2.0,11.91235,0.128103
27.0290657700971,17.4172,27.0791131695732,13.2433,3.0,16.67978,3.0,11.31537,-0.362947
27.0456715701148,19.1464,27.0973698692396,19.3696,3.0,16.68142,2.0,10.36926,0.838355
27.0629490697756,14.3543,27.1135063683614,17.0226,3.0,16.67987,3.0,11.3228,-0.893617
27.0791131695732,19.0201,27.1302437679842,17.7395,3.0,16.68143,3.0,11.85495,-0.753989
27.0973698692396,13.5665,27.1462645689026,13.2415,3.0,16.67936,3.0,10.33584,-0.26588
27.1135063683614,16.1691,27.1636098688468,20.3881,3.0,16.67902,2.0,9.783417,0.343829
27.1302437679842,18.7315,27.1794708697125,12.9291,3.0,16.68038,3.0,10.90299,1.190438
27.1462645689026,18.7745,27.1972055705264,19.8527,3.0,16.68177,2.0,12.86758,0.960021
27.1636098688468,14.2402,27.2139371698722,14.8189,3.0,16.68015,3.0,10.01937,-0.423096
27.1794708697125,19.0777,27.2300376696512,18.2577,3.0,16.68174,2.0,11.61706,1.105065
27.1972055705264,14.1367,27.2463976694271,13.9368,3.0,16.68005,3.0,8.345879,-1.172274
27.2139371698722,19.9815,27.263674669899,19.8801,3.0,16.68224,2.0,10.9655,-0.303451
27.2300376696512,13.2655,27.2803962705657,14.1374,3.0,16.67998,3.0,10.12224,-0.451495
27.2463976694271,19.5787,27.2960338713601,17.2235,3.0,16.68189,2.0,10.77807,-0.170289
27.263674669899,14.0082,27.3131214706227,15.3275,3.0,16.68013,2.0,11.27665,0.369832
27.2803962705657,20.0694,27.3305150708184,17.3438,3.0,16.68237,2.0,11.8812,-1.08538
27.2960338713601,16.5574,27.345911771059,17.2657,3.0,16.68228,2.0,10.66229,-0.222792
27.3131214706227,15.7929,27.3639677707106,16.4027,3.0,16.6817,2.0,12.05117,-0.126498
27.3305150708184,17.0938,27.3801306709647,18.7235,3.0,16.68197,2.0,9.76318,0.199396
27.345911771059,16.9551,27.3972455710173,14.4888,3.0,16.68215,3.0,11.27269,-0.223053
27.3639677707106,16.7145,27.4136092718691,17.9325,3.0,16.68217,2.0,10.2335,0.197404
27.3801306709647,13.2172,27.4300924725831,17.3267,3.0,16.67989,3.0,10.4374,-0.696443
27.3972455710173,19.8942,27.4458388723433,13.2186,3.0,16.682,3.0,10.16325,-0.09599
27.4136092718691,11.7815,27.463088773191,18.8331,3.0,16.67879,2.0,9.755896,0.235338
27.4300924725831,18.053,27.4801135733724,15.4783,3.0,16.67969,2.0,9.997543,0.624727
27.4458388723433,18.7514,27.4970520734787,19.0821,3.0,16.68105,2.0,11.04259,-0.232284
27.463088773191,17.019,27.5129975732416,13.6686,3.0,16.68127,3.0,10.29826,-0.32367
27.4801135733724,16.871,27.5301682725549,18.7138,3.0,16.68139,2.0,9.263873,0.978131
27.4970520734787,14.2521,27.5479875728488,16.3221,3.0,16.6798,3.0,11.23968,0.206526
27.5129975732416,18.9308,27.5661265719682,18.3894,3.0,16.68127,2.0,10.39147,-0.824279
27.5301682725549,12.687,27.5803344715387,16.3169,3.0,16.67866,3.0,12.10227,0.800618
27.5479875728488,22.3909,27.5961681716144,13.5353,3.0,16.68239,3.0,8.278474,-0.417194
27.5479875728488,11.0891,27.6128862723708,18.2824,3.0,16.67874,2.0,11.70878,-0.426073
27.5803344715387,17.719,27.6295976731926,15.0407,4.0,16.67942,2.0,11.15358,1.260598
27.5961681716144,19.1223,27.6469613723457,18.8717,3.0,16.68102,2.0,11.07339,0.489007
27.6128862723708,18.6113,27.6641695722938,18.4346,3.0,16.68227,3.0,10.80437,-0.829484
27.6295976731926,14.8022,27.6803962718695,13.4659,3.0,16.68105,3.0,12.3032,0.686902
27.6469613723457,12.9041,27.6969120725989,18.8314,3.0,16.67859,2.0,8.227993,-0.264709
27.6641695722938,19.2392,27.7136632725596,14.755,3.0,16.68026,3.0,11.42688,0.15868
27.6803962718695,18.9664,27.731318872422,17.5162,3.0,16.68174,2.0,12.7027,0.340215
27.6969120725989,16.0544,27.7471944727004,17.3634,3.0,16.68133,2.0,8.523809,-0.27145
27.7136632725596,17.0462,27.764183472842,15.4918,3.0,16.68157,2.0,12.07312,0.926277
27.731318872422,17.354,27.7804959733039,17.715,3.0,16.68201,2.0,9.115385,0.703904
27.7471944727004,17.546,27.7985168732703,16.5762,3.0,16.68257,2.0,11.25215,-0.244815
27.764183472842,15.5973,27.8138096733019,16.8242,3.0,16.68186,2.0,10.05052,0.968766
27.7804959733039,27.4526,27.8304611733183,15.0605,3.0,16.68884,2.0,9.767796,-1.031096
27.7985168732703,11.4816,27.8471965724602,18.4377,3.0,16.68547,2.0,9.165015,-0.002358
27.8138096733019,12.2614,27.8662215722725,17.4032,3.0,16.68261,3.0,12.19143,-0.496384
27.8304611733183,14.955,27.8813188718632,17.3032,3.0,16.68149,2.0,8.937196,-0.86241
27.8471965724602,12.504,27.897470572032,14.0176,3.0,16.67879,3.0,13.02586,0.623043
27.8662215722725,22.9942,27.9131225729361,16.9588,3.0,16.68287,2.0,9.996884,0.238967
27.8813188718632,10.9055,27.93044297304,15.8238,3.0,16.67914,2.0,12.26481,-0.272952
27.897470572032,20.8646,27.946916972287,18.1593,3.0,16.68184,2.0,11.26546,0.108329
27.9131225729361,17.0472,27.9629995720461,14.8793,3.0,16.68208,2.0,11.17803,-0.477656
27.93044297304,15.5699,27.9804858723655,18.7699,3.0,16.68136,2.0,9.443852,0.630814
27.946916972287,18.0012,27.9969199718907,14.8538,3.0,16.68221,2.0,12.04247,-0.308047
27.9629995720461,15.1177,28.0149728721008,20.3749,3.0,16.6812,2.0,10.37176,-1.07574
27.9804858723655,18.6721,28.0304026724771,13.0754,3.0,16.68248,3.0,9.861486,-1.052233
27.9969199718907,15.0642,28.0470893727615,18.3284,3.0,16.68144,2.0,9.534347,0.26144
28.0149728721008,14.7242,28.0647231722251,18.5485,3.0,16.68019,3.0,9.70734,0.470909
28.0304026724771,18.5331,28.0804007714614,14.5137,3.0,16.68138,3.0,12.85073,-0.641862
28.0470893727615,12.4904,28.1002025706694,19.0455,3.0,16.67869,3.0,11.15146,-0.557133
28.0647231722251,18.8927,28.1172866700217,17.5444,3.0,16.68011,3.0,10.52049,1.087709
28.0804007714614,14.1029,28.1307852696627,12.2631,3.0,16.67846,3.0,9.677162,0.708761
28.1002025706694,19.8002,28.1468549687415,18.4489,3.0,16.68045,2.0,10.58173,-0.546229
28.1002025706694,14.8986,28.1650359686464,15.9367,3.0,16.67932,3.0,11.00099,0.275881
28.1307852696627,20.3615,28.1808088682592,18.3123,4.0,16.68167,2.0,9.124939,0.424474
28.1468549687415,12.7813,28.1973237674683,14.2534,3.0,16.67918,3.0,9.242129,-1.074859
28.1650359686464,21.5066,28.2152197677642,19.258,3.0,16.68226,2.0,10.58622,-0.459392
28.1808088682592,12.7007,28.2308405674994,15.7566,3.0,16.67972,3.0,10.08843,0.422275
28.1973237674683,19.497,28.2486396674067,17.6327,3.0,16.68151,2.0,8.999859,0.133414
28.2152197677642,13.4971,28.2637116676196,15.0843,3.0,16.67949,3.0,11.48849,0.114653
28.2308405674994,21.6949,28.2814881680533,16.1089,3.0,16.68268,2.0,12.26612,-0.127146
28.2486396674067,11.6455,28.2972568674013,17.456,3.0,16.67948,2.0,9.028586,-1.107204
28.2637116676196,21.2337,28.3162412671372,18.487,3.0,16.68237,2.0,11.77245,-0.095022
28.2814881680533,15.9756,28.3324196664616,17.3004,3.0,16.68192,3.0,10.20265,0.053343
28.2972568674013,17.5108,28.347371166572,12.6626,3.0,16.68245,3.0,11.7317,-0.930877
28.3162412671372,13.6018,28.3637866657227,18.9508,3.0,16.68049,2.0,11.35312,-0.723997
28.3324196664616,16.9032,28.3818935658783,15.6632,3.0,16.68063,3.0,12.08076,-0.350466
28.347371166572,18.2055,28.3987542651594,18.8342,3.0,16.6816,2.0,9.589877,0.889041
28.3637866657227,13.446,28.4152483660728,17.1339,3.0,16.67955,3.0,12.757,0.134712
28.3818935658783,21.3509,28.4307174663991,12.8427,3.0,16.68251,3.0,11.09517,-0.013817
28.3987542651594,12.067,28.4487619660795,19.9468,3.0,16.67959,2.0,12.28626,-0.11267
28.4152483660728,17.6137,28.4653984662145,16.8811,3.0,16.68018,3.0,8.294388,0.133977
28.4307174663991,18.7099,28.4806974660605,13.202,3.0,16.68146,3.0,11.84222,-1.222448
28.4487619660795,13.8755,28.4985637664795,19.3845,3.0,16.67969,2.0,9.49767,-0.288773
28.4653984662145,17.5779,28.5154635664076,15.3156,3.0,16.68026,3.0,12.02392,-0.322842
28.4806974660605,18.5333,28.5313562657684,15.9291,3.0,16.68142,2.0,9.881348,0.104652
28.4985637664795,13.3529,28.5472755655646,17.8637,3.0,16.67933,2.0,11.18627,-0.08299
28.5154635664076,20.7689,28.564443865791,15.0757,3.0,16.6819,3.0,9.699542,-0.805932
28.5313562657684,16.6353,28.5813582651317,16.9806,3.0,16.68187,2.0,11.39375,-1.298363
28.5472755655646,12.5351,28.5973131656647,17.9108,3.0,16.67927,2.0,9.29479,-0.043394
28.564443865791,20.1604,28.6144570652395,15.1461,3.0,16.68145,2.0,11.83833,-0.50524
28.5813582651317,17.2486,28.6315775644034,19.4663,3.0,16.68181,2.0,9.961363,-0.135989
28.5973131656647,17.3525,28.6476324647665,13.7354,3.0,16.68223,3.0,13.17479,0.429915
28.6144570652395,15.5622,28.6641697641462,18.0373,3.0,16.68153,2.0,10.40564,-0.721435
28.6315775644034,14.3365,28.68201296404,17.519,3.0,16.68006,2.0,10.53739,-0.211985
28.6476324647665,19.221,28.6988829635084,17.2116,3.0,16.68165,3.0,10.15668,-0.461914
28.6641697641462,17.644,28.7145942635834,15.8712,3.0,16.68225,3.0,8.606635,-0.693789
28.68201296404,12.5729,28.7315628640354,17.817,3.0,16.67968,3.0,10.82098,-0.296264
28.6988829635084,16.0746,28.74888776429,14.7081,3.0,16.6793,3.0,12.10601,-0.232043
28.7145942635834,15.8881,28.7674624640495,19.645,3.0,16.67881,2.0,9.566489,-0.522322
28.7315628640354,18.5362,28.7818384636194,13.4915,3.0,16.67997,3.0,12.29906,0.647981
28.74888776429,20.4297,28.7989462632686,19.1735,3.0,16.68231,2.0,9.510743,-0.636648
28.7674624640495,12.8932,28.8149880636483,13.9762,3.0,16.67994,3.0,10.95462,-0.626077
28.7818384636194,20.4292,28.8310037627816,17.8811,3.0,16.68228,2.0,10.64562,-0.690872
28.7989462632686,13.4038,28.8478341624141,14.8703,3.0,16.68024,3.0,10.14775,-1.704142
28.8149880636483,19.5729,28.8655850626528,17.7829,3.0,16.68204,2.0,10.52798,-0.594295
28.8310037627816,11.7794,28.8815619628876,18.4736,3.0,16.67899,2.0,10.88247,-0.476123
28.8478341624141,20.784,28.898270463571,14.1955,3.0,16.68154,3.0,12.71204,0.095026
28.8655850626528,17.5375,28.9143084641546,16.1081,3.0,16.68207,2.0,11.9868,-0.753425
28.8815619628876,13.2932,28.9306372646242,16.3734,3.0,16.67997,2.0,12.60802,-0.841726
28.898270463571,19.3586,28.9475206639618,18.0837,3.0,16.68163,2.0,9.506174,0.995873
28.9143084641546,16.1124,28.966274863109,18.4249,3.0,16.68128,2.0,11.62092,-0.986611
28.9306372646242,16.304,28.980944163166,15.1907,3.0,16.68105,3.0,9.953926,-1.111187
28.9475206639618,18.1813,28.9990900633857,18.942,3.0,16.68197,2.0,12.57443,-0.515363
28.966274863109,13.1407,29.0145699633285,13.1414,3.0,16.67978,3.0,8.935211,-0.997733
28.980944163166,18.6704,29.0319111635908,19.5692,3.0,16.68101,2.0,8.706487,0.502297
28.9990900633857,15.5423,29.0489585632458,14.887,3.0,16.68031,3.0,12.46646,0.034841
29.0145699633285,18.553,29.0662114629522,17.2707,3.0,16.68147,2.0,9.616433,0.101924
29.0319111635908,14.3165,29.0810534628108,16.249,3.0,16.68001,2.0,13.0584,-0.590356
29.0489585632458,20.1254,29.0986330630258,16.9448,3.0,16.68213,2.0,10.36526,0.102264
29.0662114629522,17.0646,29.1151696639135,16.7597,3.0,16.68237,3.0,10.02068,-0.719386
29.0810534628108,16.2441,29.1307165641338,16.1216,3.0,16.6821,3.0,8.961756,0.311964
29.0986330630258,12.3117,29.1480388641357,15.8263,3.0,16.67941,2.0,12.40584,0.35841
29.1151696639135,16.4233,29.1649122647941,19.0174,3.0,16.67925,2.0,8.693186,-0.188244
29.1307165641338,21.2224,29.1807564646006,13.8503,3.0,16.68204,3.0,12.44954,-0.552523
29.1480388641357,15.8841,29.1986423637718,19.1788,3.0,16.68155,2.0,9.27279,-0.020502
29.1649122647941,13.6654,29.2177063636482,18.52,3.0,16.6797,3.0,11.13844,0.120569
29.1807564646006,19.1179,29.2316270638257,12.9323,3.0,16.6812,3.0,9.556223,-0.95636
29.1986423637718,13.2593,29.2486884631217,19.1741,3.0,16.6791,2.0,12.306,-0.520626
29.2177063636482,17.9415,29.2647285629064,13.716,3.0,16.67987,3.0,9.101131,0.181991
29.2316270638257,19.5426,29.2817818634212,19.6335,3.0,16.68163,2.0,11.64946,-1.091706
29.2486884631217,13.8487,29.2980711627752,13.7236,3.0,16.67989,3.0,11.10533,0.248825
29.2647285629064,19.0446,29.3162636626512,19.5101,3.0,16.68134,2.0,12.46451,-0.236823
29.2817818634212,14.3801,29.3307368624955,14.6395,3.0,16.67993,3.0,11.80201,0.166985
29.2980711627752,19.1118,29.3484427630901,16.9805,3.0,16.68142,2.0,11.21447,-0.139007
29.3162636626512,13.4607,29.3653749637306,18.7073,3.0,16.67945,3.0,11.49792,-0.288293
29.3307368624955,20.6824,29.3819812629372,14.2016,3.0,16.68189,3.0,9.450215,-1.22948
29.3484427630901,12.3045,29.3997256625444,20.0683,3.0,16.67922,2.0,11.64691,-0.648967
29.3653749637306,17.6797,29.4148699622601,13.5936,3.0,16.67983,3.0,10.38969,-0.318413
29.3819812629372,19.7077,29.4321663621813,19.3697,3.0,16.68168,3.0,9.74308,-0.06268
29.3997256625444,15.0461,29.4489761628211,14.0699,3.0,16.68068,3.0,13.20867,-0.811582
29.4148699622601,14.6445,29.4667278621346,20.0502,3.0,16.67944,2.0,11.05301,-0.305484
29.4321663621813,18.2743,29.4827939625829,13.6425,3.0,16.68041,3.0,12.25878,-0.833147
29.4489761628211,19.1949,29.4988221619278,18.364,3.0,16.68194,2.0,9.853682,1.32299
29.4667278621346,13.0385,29.516696261242,15.5306,3.0,16.67973,3.0,12.87048,-0.172353
29.4827939625829,20.578,29.5314005613327,16.1465,3.0,16.68209,2.0,10.83125,-1.038675
29.4988221619278,13.3031,29.5490879621357,18.6537,3.0,16.68004,2.0,11.19101,-0.985197
29.516696261242,20.5329,29.5663694627583,16.1747,3.0,16.68238,3.0,9.480453,-0.950112
29.5314005613327,14.6521,29.5817766627297,15.768,3.0,16.68115,3.0,9.834975,-0.285484
29.5490879621357,15.0895,29.5986074628308,15.1582,3.0,16.68019,2.0,12.9886,0.257025
29.5663694627583,16.6234,29.6160795623437,19.5158,3.0,16.68015,2.0,11.37971,-0.202331
29.5817766627297,20.0772,29.6333454614505,15.3483,3.0,16.68221,3.0,13.02978,-0.337287
29.5986074628308,15.7753,29.6481386618689,16.7378,3.0,16.68166,2.0,10.83377,-0.290321
29.6160795623437,13.8827,29.6649631625041,15.0171,3.0,16.67997,3.0,9.077731,0.673045
29.6333454614505,21.034,29.6825441634282,19.4313,3.0,16.6826,2.0,12.29649,-0.121125
29.6481386618689,10.7178,29.6987213632092,14.99,3.0,16.679,3.0,10.14322,0.147168
29.6649631625041,20.4638,29.7160996636376,18.8904,3.0,16.68128,3.0,12.07135,-0.199299
29.6825441634282,14.3405,29.733063663356,14.5222,3.0,16.67987,3.0,11.23882,-0.380163
29.6987213632092,16.1617,29.7488552639261,17.3612,3.0,16.67956,2.0,10.55493,-0.293698
29.7160996636376,17.8644,29.7665322637185,15.9933,3.0,16.68027,2.0,11.7488,-0.288865
29.733063663356,20.0067,29.7824190640822,17.4386,3.0,16.68227,2.0,10.71416,-0.234672
29.7488552639261,15.2187,29.8003627648577,18.8859,3.0,16.68139,3.0,10.8289,0.185434
29.7665322637185,18.0423,29.8162526646629,13.6582,3.0,16.68221,3.0,10.68937,0.51414
29.7824190640822,11.2976,29.832671363838,18.0425,3.0,16.67897,2.0,12.31227,0.002996
29.8003627648577,19.6834,29.8492427645251,16.7649,3.0,16.68078,3.0,10.55107,-1.017648
29.8162526646629,18.7918,29.864567364566,13.3689,3.0,16.68204,2.0,9.83036,-0.386488
29.832671363838,12.0816,29.882138765417,20.0589,3.0,16.67929,2.0,9.201904,-0.592464
29.8492427645251,22.7974,29.8987176651135,14.3713,3.0,16.68295,3.0,11.86625,-1.202324
29.864567364566,13.3358,29.9159282660112,19.0711,3.0,16.68095,2.0,11.58899,-0.389133
29.882138765417,14.5094,29.9331945655867,16.284,3.0,16.67965,3.0,12.45096,-0.617036
29.8987176651135,19.8014,29.948950865306,17.1158,3.0,16.68152,3.0,10.96992,0.734582
29.9159282660112,13.8742,29.9665787657723,15.1847,3.0,16.67984,3.0,12.77503,-0.517306
29.9331945655867,16.2276,29.9818710656837,16.8856,3.0,16.67957,2.0,10.68224,-0.568094
29.948950865306,17.3221,30.0011934665963,19.4933,3.0,16.67995,3.0,12.51682,0.411015
29.9665787657723,20.6375,30.0160351665691,14.155,3.0,16.68231,3.0,8.818606,-0.562893
29.9818710656837,10.572,30.0327142672613,17.5617,3.0,16.67867,3.0,12.42699,0.598048
30.0011934665963,19.0308,30.0490566669032,17.2661,3.0,16.68007,3.0,10.77448,1.470393
30.0160351665691,14.9198,30.0663375677541,14.3954,3.0,16.67902,3.0,8.905793,-0.275324
30.0327142672613,17.2696,30.0818507680669,16.9689,3.0,16.67937,2.0,11.07215,-0.849341
30.0490566669032,17.8254,30.0986094688997,15.2131,3.0,16.68006,2.0,8.708407,0.60968
30.0663375677541,20.3951,30.1161539694294,19.4054,3.0,16.68226,2.0,7.822324,-0.293899
30.0818507680669,17.069,30.1334545696154,17.8725,3.0,16.68249,3.0,12.25484,-0.468519
30.0986094688997,14.7558,30.1502359705046,14.2215,3.0,16.68135,3.0,10.48542,0.765461
30.1161539694294,13.0068,30.1663298709318,18.6238,3.0,16.67917,2.0,11.2285,-0.289927
30.1334545696154,18.9849,30.1821566717699,13.6629,3.0,16.68054,3.0,9.598019,0.797485
30.1502359705046,19.2218,30.1991646708921,18.3443,3.0,16.68204,2.0,12.02684,-0.789091
30.1663298709318,11.7783,30.2163299703971,18.5663,3.0,16.67914,3.0,9.448727,0.310833
30.1821566717699,21.0159,30.232483570464,13.4015,3.0,16.68171,3.0,10.37212,-0.574336
30.1991646708921,11.9724,30.2493079705164,19.4423,3.0,16.67892,2.0,9.420291,1.707744
30.2163299703971,19.2969,30.2659848714247,14.0204,3.0,16.68047,3.0,11.01617,1.179351
30.232483570464,18.9129,30.281680370681,15.566,3.0,16.68179,2.0,11.58944,-0.536683
30.2493079705164,13.9696,30.3017070712522,21.5874,3.0,16.68019,2.0,10.81706,-0.809217
30.2659848714247,19.5527,30.3159997714683,12.784,3.0,16.68188,3.0,9.009749,0.625631
30.281680370681,15.4703,30.3334567723796,17.4321,3.0,16.68117,2.0,8.392983,0.790979
30.281680370681,12.8935,30.3490570727736,18.0901,3.0,16.67893,2.0,12.41052,0.60099
30.3159997714683,21.3068,30.3658641725779,14.4688,4.0,16.68166,3.0,10.14147,-0.608789
30.3334567723796,17.7359,30.3850819729269,20.8531,3.0,16.68228,2.0,11.15712,0.746532
30.3490570727736,12.626,30.3994985725731,15.3981,3.0,16.67989,3.0,9.00411,0.723342
30.3658641725779,20.1103,30.4159677717835,13.5348,3.0,16.68191,3.0,8.553189,-0.677714
30.3850819729269,12.4998,30.4330690726638,19.5027,3.0,16.67945,2.0,12.38987,0.44923
30.3994985725731,18.0216,30.4492956735194,13.9544,3.0,16.68024,3.0,9.124358,-0.907498
30.4159677717835,19.3346,30.4659932740033,18.5774,3.0,16.6818,2.0,8.924614,-0.048026
30.4330690726638,13.7577,30.4828150738031,17.7016,3.0,16.68008,3.0,12.40517,-0.822828
30.4492956735194,19.5689,30.4990796744823,13.4302,3.0,16.68178,3.0,9.699998,-0.331894
30.4659932740033,12.1249,30.5161740742624,17.2051,3.0,16.67911,2.0,11.07203,-0.08356
30.4828150738031,18.333,30.5335909742862,17.4849,3.0,16.68008,2.0,11.81673,-0.831813
30.4990796744823,18.8116,30.5510810744017,20.1579,3.0,16.68132,2.0,10.63559,-0.306822
30.5161740742624,17.294,30.5669469740242,13.5068,3.0,16.68168,3.0,12.23856,0.083249
30.5335909742862,17.8872,30.5832115747035,18.6518,3.0,16.68239,2.0,11.94031,-0.551509
30.5510810744017,14.0221,30.6001543737948,14.4014,3.0,16.68083,3.0,10.70752,-0.698567
30.5669469740242,19.0967,30.6170516740531,18.9902,3.0,16.68224,2.0,12.25675,0.512084
30.5832115747035,13.3568,30.6330969743431,13.6909,3.0,16.6803,3.0,9.464309,0.649403
30.6001543737948,19.8113,30.6489858739078,17.5854,3.0,16.68213,2.0,12.41087,-0.3064
30.6170516740531,13.2736,30.6660377737135,15.2717,3.0,16.68014,2.0,11.05352,-0.032909
30.6330969743431,19.8503,30.6832738742232,20.0266,3.0,16.68199,2.0,10.2174,0.628123
30.6489858739078,17.3187,30.6998562738299,13.9257,3.0,16.68236,3.0,9.6846,1.102455
30.6660377737135,15.6341,30.7161606736481,17.7011,3.0,16.68175,2.0,10.49451,0.20411
30.6832738742232,14.1342,30.7325016744435,16.3833,3.0,16.68027,2.0,9.356777,0.606665
30.6998562738299,19.6972,30.7509720735252,18.48,3.0,16.68202,2.0,11.33014,-0.064875
30.7161606736481,15.359,30.7657405734062,14.6557,3.0,16.68125,3.0,8.36989,-0.622715
30.7325016744435,18.5778,30.7829802725464,15.8388,3.0,16.68235,2.0,11.55453,-0.494006
30.7509720735252,11.6951,30.8000585716218,19.4366,3.0,16.67946,2.0,9.062575,0.539703
30.7657405734062,21.3151,30.8156314715743,13.3471,3.0,16.68215,3.0,11.76602,-0.165239
30.7829802725464,15.6155,30.8324028719217,19.125,3.0,16.68153,2.0,10.56911,-0.136009
30.8000585716218,14.1649,30.8502816725522,15.4337,3.0,16.68007,3.0,12.3816,-0.778379
30.8156314715743,18.237,30.8670962732285,19.1098,3.0,16.68097,2.0,11.27214,-1.098411
30.8324028719217,13.9914,30.8833163734525,13.7909,3.0,16.67942,3.0,9.481909,-0.87029
30.8502816725522,20.9637,30.9000708740205,19.0728,3.0,16.68189,2.0,11.96578,1.086865
30.8670962732285,13.729,30.9158122744411,13.4164,3.0,16.68019,3.0,12.53891,-0.834418
30.8833163734525,19.1821,30.9320026747882,17.6343,3.0,16.68163,2.0,12.85629,0.605199
30.9000708740205,14.0876,30.950252475217,16.681,3.0,16.68014,2.0,11.45193,-0.605411
30.9158122744411,18.3092,30.96718387492,19.3238,3.0,16.68108,2.0,9.702318,0.043679
30.9320026747882,17.9514,30.983082074672,13.622,3.0,16.68181,3.0,11.1987,0.407672
30.950252475217,16.5983,31.0001741740853,19.6627,3.0,16.68176,2.0,8.931811,0.962465
30.96718387492,14.0886,31.0159132741392,13.2667,3.0,16.68027,3.0,12.47042,-0.858168
30.983082074672,18.8217,31.0329538732767,18.5332,3.0,16.6815,2.0,9.583528,-0.036736
31.0001741740853,14.3049,31.0503910724074,15.9896,3.0,16.68013,2.0,11.37484,-0.094143
31.0159132741392,18.4154,31.0662051718682,17.152,3.0,16.68113,2.0,10.78767,-1.225493
31.0329538732767,18.4889,31.0842017717659,17.4246,3.0,16.68217,2.0,11.22794,-0.571543
31.0503910724074,16.1422,31.1005954723805,17.8768,3.0,16.68186,3.0,10.95974,-0.387487
31.0662051718682,16.9903,31.1171744726598,15.1868,3.0,16.68204,3.0,10.87879,-1.250987
31.0842017717659,12.9328,31.1330156717449,17.186,3.0,16.67989,3.0,11.43224,-0.067987
31.1005954723805,17.4365,31.150088172406,14.6056,3.0,16.68032,3.0,12.29419,0.724415
31.1171744726598,14.9164,31.1675434727222,20.0529,3.0,16.67931,2.0,9.958687,-0.426257
31.1330156717449,17.4986,31.1829450726509,12.9767,3.0,16.67978,3.0,12.78869,-0.040529
31.150088172406,19.525,31.201113672927,20.473,3.0,16.6814,2.0,10.28438,-0.64112
31.1675434727222,14.9059,31.2161027733237,12.5271,3.0,16.68039,3.0,8.463257,-0.308511
31.1829450726509,18.3362,31.2379107736051,22.0264,3.0,16.68134,2.0,12.20453,-0.678642
31.201113672927,15.244,31.2501554740593,14.7795,3.0,16.68052,3.0,9.71332,0.855927
31.2161027733237,17.8165,31.2658214746043,13.0453,3.0,16.68116,3.0,12.68461,-1.395823
31.2161027733237,15.0075,31.2828051755205,19.1304,3.0,16.68021,2.0,9.724442,-0.315973
31.2501554740593,16.3937,31.3002287754789,15.3817,4.0,16.68004,3.0,12.68087,-0.131096
31.2658214746043,18.5609,31.3171168761328,18.2894,3.0,16.68112,2.0,9.854823,-0.204329
31.2828051755205,13.2215,31.3332784762606,17.1274,3.0,16.67915,3.0,11.88747,0.851838
31.3002287754789,21.2812,31.3503056755289,15.6985,3.0,16.68177,3.0,11.5814,-0.608644
31.3171168761328,12.0844,31.3670136751607,17.7524,3.0,16.67915,2.0,9.565029,0.005013
31.3332784762606,17.7534,31.3834652742371,14.1517,3.0,16.67976,3.0,12.04166,0.0871
31.3503056755289,20.8649,31.4001915743575,18.3855,3.0,16.68214,2.0,8.655544,1.008087
31.3670136751607,13.0575,31.417105874978,17.8296,3.0,16.68008,3.0,11.73969,0.541759
31.3834652742371,18.9949,31.4339269744232,14.3682,3.0,16.6814,3.0,9.0461,-0.112569
31.4001915743575,12.4262,31.4503372749314,18.6941,3.0,16.67898,2.0,11.66341,1.015887
31.417105874978,18.3318,31.4662470752373,13.7522,3.0,16.67992,3.0,8.295441,-0.897157
31.4339269744232,20.1594,31.4829579750076,18.4283,3.0,16.68189,2.0,11.33207,0.104762
31.4503372749314,13.0082,31.502253674902,19.5868,3.0,16.67981,3.0,9.650613,0.683076
31.4662470752373,19.2913,31.5192613741383,16.1169,3.0,16.68129,3.0,10.79976,-0.562276
31.4829579750076,12.2043,31.5328097743914,12.507,3.0,16.67875,3.0,11.33534,-0.370628
31.502253674902,19.1836,31.549904874526,18.9933,3.0,16.68017,2.0,9.365224,0.426565
31.5192613741383,16.0059,31.5699153738096,18.4678,3.0,16.67979,3.0,9.870176,0.955197
31.5328097743914,19.0679,31.5835147742182,13.3399,3.0,16.68114,3.0,10.77883,-0.883471
31.549904874526,12.9867,31.6006834749132,19.0706,3.0,16.67905,2.0,12.31553,-0.728368
31.5699153738096,18.9329,31.6174003742635,14.744,3.0,16.68032,3.0,9.475403,0.125535
31.5835147742182,18.7956,31.6340461745858,18.6431,3.0,16.68152,2.0,10.80277,-0.379734
31.6006834749132,14.0766,31.6501535754651,13.8658,3.0,16.68005,3.0,10.75007,0.286809
31.6174003742635,20.1343,31.6672941762954,18.6873,3.0,16.682,2.0,12.41416,0.552439
31.6340461745858,13.0154,31.6843999754637,17.8154,3.0,16.67993,3.0,9.659134,-0.290631
31.6501535754651,19.5014,31.7006288748235,14.1006,3.0,16.68152,3.0,11.34859,-0.953003
31.6672941762954,12.4626,31.7167232744396,17.7138,3.0,16.67915,2.0,9.140461,-0.061394
31.6843999754637,18.439,31.7356106750667,17.8555,3.0,16.68014,3.0,11.29713,1.133031
31.7006288748235,19.4984,31.7506533749402,15.9353,3.0,16.68172,3.0,10.621,0.357852
31.7167232744396,11.5053,31.7673870753497,16.8802,3.0,16.67881,3.0,11.31629,0.101073
31.7356106750667,18.3468,31.7864185757935,17.3481,3.0,16.67975,2.0,10.55227,-0.012714
31.7506533749402,15.5432,31.8006458757445,16.8207,3.0,16.67911,3.0,8.337248,-1.308601
31.7673870753497,22.4025,31.8173394752666,14.3405,3.0,16.68232,3.0,11.36683,-0.464654
31.7673870753497,10.9512,31.8334810761735,17.6418,3.0,16.67911,2.0,10.00691,-0.582503
31.8006458757445,18.3233,31.8497555768117,14.738,4.0,16.68003,2.0,9.922101,-0.032952
31.8173394752666,19.482,31.8675466766581,19.7563,3.0,16.6816,2.0,13.24295,0.49691
31.8334810761735,17.5245,31.8833621768281,13.7456,3.0,16.68207,3.0,9.859703,-0.393158
31.8497555768117,15.0253,31.9013658771291,19.5594,3.0,16.68114,2.0,12.16815,0.547491
31.8675466766581,14.6523,31.9172083763406,15.5769,3.0,16.68001,3.0,9.77769,-0.82206
31.8833621768281,19.2507,31.9336717771366,17.6021,3.0,16.68144,3.0,10.17346,0.610371
31.9013658771291,13.1806,31.9511868776754,14.8979,3.0,16.67949,3.0,9.738209,-0.0253
31.9172083763406,15.5726,31.9669837774709,17.8537,3.0,16.67887,2.0,11.23316,0.000378
31.9336717771366,18.4361,31.9839970776811,15.9429,3.0,16.67985,3.0,11.02973,-0.342896
31.9511868776754,20.4094,32.0012273779139,18.4232,3.0,16.68193,3.0,8.2191,0.250448
31.9669837774709,12.03,32.0166602777317,13.1732,3.0,16.67934,3.0,10.74492,-0.917408
31.9839970776811,16.7686,32.0341301774606,19.321,3.0,16.67939,2.0,9.863296,-0.843072
32.0012273779139,18.0708,32.0510174771771,17.938,3.0,16.68016,3.0,9.276452,0.013334
32.0166602777317,18.5398,32.0673159779981,13.8094,3.0,16.6812,3.0,11.56621,0.641765
32.0341301774606,13.0654,32.0846143784001,19.77,3.0,16.67919,2.0,11.27777,0.625428
32.0510174771771,18.4202,32.1019492791966,14.6138,3.0,16.68015,3.0,12.74997,0.106091
32.0673159779981,18.9454,32.1176232798025,15.6815,3.0,16.68141,2.0,10.02003,-0.726047
32.0846143784001,14.8285,32.1341724796221,19.5691,3.0,16.68039,2.0,8.829172,-0.372685
32.1019492791966,20.0378,32.1516742790118,14.3374,3.0,16.68225,3.0,11.29211,0.111796
32.1176232798025,15.5124,32.1683653788641,18.8291,3.0,16.6816,2.0,9.343047,-0.416472
32.1341724796221,13.6244,32.1842706790194,13.8193,3.0,16.6799,3.0,12.36308,-0.27184
32.1516742790118,20.6384,32.2008170792833,18.6794,3.0,16.6821,2.0,10.697,-0.287625
32.1683653788641,13.217,32.2176963789389,14.6654,3.0,16.68018,3.0,8.809472,-1.25221
32.1842706790194,19.4508,32.2338074790314,16.1814,3.0,16.68171,2.0,12.09274,0.696009
32.2008170792833,13.1771,32.2506439788267,19.3485,3.0,16.67977,2.0,9.326025,-0.314824
32.2176963789389,20.1497,32.2682275781408,15.2884,3.0,16.68169,3.0,11.99111,0.464143
32.2338074790314,15.8931,32.2842276776209,15.9272,3.0,16.68126,2.0,13.10699,-0.594417
32.2506439788267,14.1286,32.3010472776368,18.5795,3.0,16.67985,2.0,8.197124,-0.47451
32.2682275781408,20.7208,32.3185943784192,15.8723,3.0,16.68208,2.0,12.09456,0.538397
32.2842276776209,15.59,32.3342494787648,17.5015,3.0,16.68147,2.0,11.34332,-0.230755
32.3010472776368,18.1114,32.3515264792368,15.2668,3.0,16.68226,2.0,9.92491,-0.466096
32.3185943784192,16.4622,32.3673112792894,15.6576,3.0,16.68214,2.0,12.1444,0.013563
32.3342494787648,15.9277,32.384370979853,17.301,3.0,16.68172,2.0,7.970355,-0.45422
32.3515264792368,16.8252,32.4008604800329,19.0853,3.0,16.6818,2.0,9.250096,-0.423503
32.3673112792894,16.0084,32.4174224799499,13.7362,3.0,16.68143,3.0,12.40094,-0.27651
32.384370979853,17.0194,32.4343618797138,19.2139,3.0,16.68162,2.0,9.57472,-0.709286
32.4008604800329,13.779,32.4515869794413,14.9115,3.0,16.68003,3.0,12.3051,-0.326862
32.4174224799499,19.231,32.4691602801904,19.9289,3.0,16.68143,2.0,10.40321,0.439814
32.4343618797138,13.5725,32.4853985803202,14.1278,3.0,16.67972,3.0,9.381186,-0.025668
32.4515869794413,20.5588,32.5013567795977,18.2554,3.0,16.68185,2.0,12.63576,0.4473
32.4691602801904,14.5329,32.5182285802439,14.6404,3.0,16.68067,3.0,12.11199,0.023968
32.4853985803202,19.4431,32.5340474797413,17.479,3.0,16.68218,2.0,11.30857,0.284466
32.5013567795977,12.3634,32.5522801792249,16.5864,3.0,16.67982,2.0,7.8306,0.459664
32.5182285802439,20.7787,32.5685133794323,17.5576,3.0,16.68206,2.0,11.00533,-0.132177
32.5340474797413,15.1519,32.5864410800859,17.3072,3.0,16.68122,3.0,9.031534,-0.927318
32.5522801792249,18.5178,32.6011652797461,15.423,3.0,16.68223,3.0,11.31194,-0.565207
32.5685133794323,11.5421,32.618474079296,18.0672,3.0,16.67942,3.0,9.002577,0.003133
32.5864410800859,17.4663,32.6361247785389,16.7226,3.0,16.67985,3.0,11.98982,-0.100434
32.6011652797461,15.4465,32.6516398787498,15.7102,3.0,16.67918,3.0,11.08491,-0.473701
32.618474079296,18.6855,32.6676738783717,16.8087,3.0,16.68027,3.0,12.50227,-0.814922
32.6361247785389,15.4602,32.6860133782029,17.6962,3.0,16.67961,3.0,9.152234,1.014025
32.6516398787498,15.8055,32.7012414783239,15.2189,3.0,16.67913,3.0,11.9121,-0.917535
32.6676738783717,17.9155,32.718365477398,15.4734,3.0,16.6798,2.0,10.89102,-0.371995
32.6860133782029,16.3934,32.7342704776675,18.2372,3.0,16.67965,2.0,11.18948,0.025357
32.7012414783239,21.2821,32.751444676891,14.9565,3.0,16.68215,3.0,9.385135,-1.082315
32.718365477398,16.2706,32.7685871776193,18.6551,3.0,16.68193,2.0,11.4131,-0.958487
32.7342704776675,12.517,32.7851818781346,16.2643,3.0,16.67966,3.0,12.25674,0.161196
32.751444676891,20.2322,32.8016708772629,14.9253,3.0,16.68159,2.0,9.498015,0.340379
32.7685871776193,12.7793,32.8188772778958,19.5618,3.0,16.67948,2.0,12.83439,-0.121109
32.7851818781346,22.2443,32.8353151772171,14.1964,3.0,16.68249,3.0,10.3861,-0.044697
32.8016708772629,14.7759,32.8514468763024,16.0444,3.0,16.68146,2.0,11.63702,-0.967133
32.8188772778958,14.29,32.8688545767218,20.1528,3.0,16.68016,2.0,9.204409,-1.475469
32.8353151772171,19.9024,32.8843291765079,12.8679,3.0,16.68191,3.0,12.0973,0.089555
32.8514468763024,15.737,32.9009138764814,18.8036,3.0,16.6814,2.0,9.701133,0.339947
32.8688545767218,14.964,32.9188374755904,15.7842,3.0,16.68047,3.0,12.96837,-0.445219
32.8843291765079,18.4145,32.9347907761112,18.1226,3.0,16.6814,2.0,12.00924,-0.051985
32.9009138764814,12.9814,32.9523267755285,15.2536,3.0,16.67941,3.0,12.01895,-0.973417
32.9188374755904,21.5768,32.9684972753748,17.891,3.0,16.68205,2.0,9.369619,-0.611549
32.9347907761112,12.6762,32.9850552761927,17.2413,3.0,16.67989,3.0,12.43248,0.143021
32.9523267755285,20.8326,33.001893975772,14.4731,3.0,16.68213,3.0,9.445017,-0.712348
32.9684972753748,11.5272,33.0176259754226,17.2283,3.0,16.67935,2.0,12.86315,0.556794
32.9850552761927,17.9053,33.0351805752143,18.7116,3.0,16.68001,2.0,11.00808,0.214509
33.001893975772,19.9089,33.0526930755004,14.863,3.0,16.68175,3.0,11.70435,0.191891
33.0176259754226,15.1881,33.0683497758582,17.8326,3.0,16.68095,2.0,11.23141,-0.640617
33.0351805752143,15.2284,33.0854145763442,14.8656,3.0,16.68016,3.0,10.48639,-0.240494
33.0526930755004,20.6953,33.1015359768644,17.8111,3.0,16.68232,2.0,9.289409,0.557429
33.0683497758582,12.2061,33.1180498776957,16.6496,3.0,16.67992,3.0,10.78342,-0.753661
33.0854145763442,20.2202,33.1360029773787,18.3658,3.0,16.68182,3.0,10.27769,0.734949
33.1015359768644,11.5465,33.152499477379,14.1679,3.0,16.67906,3.0,12.35727,-0.961666
33.1180498776957,16.6481,33.168990877457,18.3603,3.0,16.67905,2.0,8.980661,0.507819
33.1360029773787,19.2954,33.1849124776199,14.2736,3.0,16.68045,3.0,12.68925,-0.26639
33.152499477379,19.6774,33.2019786769524,16.8743,3.0,16.68205,2.0,8.891266,-1.267035
33.168990877457,12.2669,33.219132876955,19.6862,3.0,16.67969,2.0,13.05148,-0.98248
33.1849124776199,20.3091,33.2354584774002,13.833,3.0,16.68163,3.0,7.70379,-0.192226
33.2019786769524,16.5554,33.2506584776565,15.333,3.0,16.68156,2.0,9.601835,-0.034272
33.219132876955,14.7231,33.2686111768708,20.1745,3.0,16.68052,2.0,13.24068,-0.531622
33.2354584774002,18.8052,33.2852443763986,14.5492,3.0,16.68165,3.0,10.78423,-0.202283
33.2506584776565,15.2436,33.3014882756397,18.1452,3.0,16.68089,2.0,12.08717,-0.179344
33.2686111768708,14.9237,33.3186481753364,15.107,3.0,16.67995,3.0,10.47412,-0.405225
33.2852443763986,19.6851,33.3359888745472,17.1259,3.0,16.68155,2.0,10.02578,-0.323506
33.3014882756397,13.0035,33.3517194753513,18.2383,3.0,16.67959,2.0,10.97744,-0.100787
33.3186481753364,20.6364,33.3691144762561,14.9318,3.0,16.6817,3.0,9.933525,0.016195
33.3359888745472,16.5619,33.3849284769967,15.9296,3.0,16.68163,2.0,12.46211,-0.315923
33.3517194753513,13.5057,33.4030280774459,20.3565,3.0,16.67994,2.0,10.75869,-1.073332
33.3691144762561,19.5862,33.4179166778922,12.5335,3.0,16.68149,3.0,9.607605,-1.038541
33.3849284769967,16.3241,33.4378313776106,21.5505,3.0,16.6813,2.0,11.92412,0.267305
33.4030280774459,14.9878,33.4524193778634,13.0258,3.0,16.6804,3.0,9.906432,0.013934
33.4179166778922,18.5989,33.4681460782886,15.7629,3.0,16.68142,2.0,12.83004,-1.235256
33.4179166778922,12.4591,33.4847825784236,19.3764,3.0,16.67918,2.0,11.083,-0.814746
33.4524193778634,21.4596,33.5023384783417,15.249,4.0,16.68171,3.0,8.181966,0.833201
33.4681460782886,15.9584,33.5187275782228,16.287,3.0,16.68133,2.0,8.746556,-0.579624
33.4847825784236,13.4909,33.5352609790862,16.2801,3.0,16.67964,2.0,12.91335,-0.098149
33.5023384783417,20.5938,33.5533394794911,20.4415,3.0,16.68171,2.0,10.5971,-0.151699
33.5187275782228,16.3839,33.5695657785982,13.5584,3.0,16.68155,3.0,8.820624,-0.036049
33.5352609790862,17.0342,33.5847615785897,16.8177,3.0,16.68174,2.0,12.15685,-0.63858
33.5533394794911,14.6925,33.6024806778878,16.1556,3.0,16.68069,2.0,9.765999,-0.210411
33.5695657785982,19.5453,33.6190756782889,18.558,3.0,16.6822,2.0,11.70475,0.230343
33.5847615785897,16.212,33.6388046778738,19.5542,3.0,16.68196,3.0,9.74488,-0.244192
33.6024806778878,16.5014,33.6526164775714,12.1063,3.0,16.68186,3.0,12.55581,-0.811627
33.6190756782889,12.1739,33.6697049783543,18.9303,3.0,16.67948,2.0,10.55056,-0.551139
33.6190756782889,17.0098,33.685377378948,15.368,3.0,16.67966,3.0,9.415692,-0.250087
33.6526164775714,20.8975,33.7022819789127,15.4772,4.0,16.68188,2.0,11.99643,-0.178298
33.6697049783543,12.7093,33.7191777797416,18.8624,3.0,16.67979,2.0,10.96364,0.683891
33.685377378948,21.697,33.7378749800846,17.8427,3.0,16.68243,3.0,9.793087,-0.348017
33.7022819789127,15.3663,33.7534295804799,17.5999,3.0,16.68173,3.0,10.5325,-0.369546
33.7191777797416,12.3426,33.768271480687,11.9873,3.0,16.67945,3.0,10.33371,-0.820375
33.7378749800846,18.394,33.7850996805355,16.4536,3.0,16.68035,2.0,9.671817,-1.228972
33.7534295804799,15.1335,33.8023308804259,19.711,3.0,16.67954,2.0,9.525246,-0.21884
33.768271480687,19.9424,33.8191493796185,14.2145,3.0,16.68126,3.0,11.86728,-0.964149
33.7850996805355,17.1959,33.8363029798493,19.4525,3.0,16.68152,2.0,10.90647,0.353842
33.8023308804259,13.9088,33.8523326804861,14.0805,3.0,16.68007,3.0,12.84724,-0.481248
33.8191493796185,19.99,33.8689267812297,18.7095,3.0,16.68181,2.0,9.777249,-0.715521
33.8363029798493,13.7204,33.8862727815285,15.1748,3.0,16.68025,3.0,12.71136,0.114926
33.8523326804861,19.6999,33.9027798818424,18.8354,3.0,16.68184,2.0,9.833348,-0.740727
33.8689267812297,13.0457,33.9191134823486,13.8709,3.0,16.67993,3.0,10.93682,-0.434467
33.8862727815285,20.8531,33.9362867819145,18.9564,3.0,16.68212,2.0,10.01497,0.098743
33.9027798818424,13.1629,33.9523930819705,16.9907,3.0,16.68027,3.0,11.78183,-1.119621
33.9191134823486,19.5859,33.9691818812862,14.5718,3.0,16.68179,3.0,10.62687,-0.333085
33.9362867819145,12.0182,33.9851648816839,17.5479,3.0,16.67936,2.0,11.35996,-0.156674
33.9523930819705,18.2123,34.001809081994,17.2724,3.0,16.68016,3.0,9.614321,-0.516529
33.9691818812862,19.6278,34.019993881695,16.7117,3.0,16.6817,3.0,13.13358,0.033616
33.9851648816839,11.5927,34.037856082432,16.5926,3.0,16.67904,3.0,10.48537,0.725431
34.001809081994,18.2513,34.0539909815416,18.0519,3.0,16.67986,3.0,9.228329,-0.257354
34.019993881695,16.2573,34.0689655812457,13.3032,3.0,16.67964,3.0,12.10218,-0.346
34.019993881695,15.4231,34.0870307805017,20.2873,3.0,16.67899,2.0,9.013069,0.417895
34.0539909815416,18.2862,34.1021151803434,12.9262,4.0,16.67982,3.0,11.07875,0.46759
34.0689655812457,20.1349,34.1187395807356,18.22,3.0,16.68162,2.0,12.08,-0.344489
34.0870307805017,12.7018,34.1350605804473,16.6597,3.0,16.67955,3.0,9.193805,-0.466068
34.1021151803434,20.4681,34.1520215813071,14.8585,3.0,16.68152,2.0,11.53601,-0.279142
34.1187395807356,11.7985,34.1711796820164,20.3261,3.0,16.67898,2.0,9.393189,-0.794216
34.1350605804473,22.6606,34.1860338822007,14.435,3.0,16.68209,3.0,12.24937,-0.689206
34.1520215813071,15.0168,34.2050696816295,18.2178,3.0,16.68122,2.0,10.25104,0.200747
34.1520215813071,12.253,34.2190927816555,16.3791,3.0,16.67893,3.0,12.26842,-0.4186
34.1860338822007,22.5118,34.2383169820532,16.7621,4.0,16.68195,3.0,12.77421,-0.332475
34.1860338822007,11.3413,34.2542388821021,17.071,3.0,16.67919,3.0,10.08445,0.531152
34.2190927816555,18.1799,34.2690228819847,13.6744,4.0,16.67996,3.0,11.4855,-0.495409
34.2190927816555,13.417,34.2863229811192,19.1825,3.0,16.67827,2.0,12.25298,0.018552
34.2542388821021,18.9414,34.3035219814628,17.0787,4.0,16.67944,3.0,10.34945,-0.825872
34.2690228819847,20.4112,34.3194898813963,15.8757,3.0,16.68137,3.0,11.15301,-0.423175
34.2863229811192,13.8809,34.3359230812639,17.316,3.0,16.67993,3.0,10.33995,-0.623008
34.3035219814628,15.6901,34.3523296806961,13.9146,3.0,16.67941,3.0,11.75627,-0.806834
34.3194898813963,16.437,34.3691757805645,18.429,3.0,16.67929,2.0,12.78107,-0.45276
34.3359230812639,18.047,34.3861780799925,17.7733,3.0,16.68,3.0,12.16181,0.055319
34.3523296806961,19.1368,34.4025061801076,14.114,3.0,16.68126,3.0,9.758234,0.943398
34.3691757805645,12.4125,34.419318979606,18.5786,3.0,16.67906,2.0,12.70356,0.493929
34.3861780799925,18.4051,34.4360399805009,14.687,3.0,16.67995,3.0,10.17518,-0.20914
34.4025061801076,19.3984,34.4551293812692,19.0624,3.0,16.68135,2.0,11.9405,-0.019359
34.419318979606,13.5795,34.4711837805808,18.1337,3.0,16.67975,3.0,8.693371,-0.888478
34.4360399805009,20.1909,34.4857631810009,14.8172,3.0,16.68156,3.0,11.24564,-0.904338
34.4360399805009,11.9154,34.5031629800797,15.2317,3.0,16.67911,3.0,9.672759,0.216738
34.4711837805808,18.382,34.5202751792967,19.3238,4.0,16.67999,2.0,11.71078,-0.169283
34.4857631810009,15.8199,34.5362233798951,13.7174,3.0,16.67954,3.0,10.91664,-0.500933
34.5031629800797,21.044,34.5535099804401,19.4912,3.0,16.68179,2.0,11.01566,0.115689
34.5202751792967,13.541,34.570044580847,14.2482,3.0,16.68017,3.0,10.13398,1.067418
34.5362233798951,19.5733,34.5859340801835,18.1758,3.0,16.68166,2.0,9.512133,-0.123989
34.5535099804401,13.7766,34.6033697798848,15.4924,3.0,16.68017,3.0,10.76491,-0.69322
34.570044580847,19.8786,34.6192765794694,15.585,3.0,16.68181,2.0,9.379382,0.897277
34.5859340801835,12.4444,34.6360058803111,18.9651,3.0,16.67964,2.0,9.336389,-0.495271
34.6033697798848,20.6266,34.6542779803276,17.6696,3.0,16.68166,3.0,10.30112,-0.066419
34.6192765794694,16.133,34.6702235806733,14.2891,3.0,16.68138,3.0,10.18052,-0.839468
34.6360058803111,13.7171,34.6861372813582,18.4059,3.0,16.67986,2.0,9.163671,-0.349732
34.6542779803276,16.1611,34.7029663808644,14.4119,3.0,16.6796,3.0,10.62532,0.104104
34.6702235806733,21.1701,34.7203243803233,18.9086,3.0,16.68189,2.0,11.83327,0.026928
34.6861372813582,12.6793,34.7387798801064,18.082,3.0,16.67985,3.0,10.27923,-0.161748
34.7029663808644,20.0536,34.7554260808975,15.3565,3.0,16.68157,3.0,12.0023,0.33336
34.7203243803233,12.5741,34.7699902812019,17.1144,3.0,16.67947,3.0,10.02767,0.113396
34.7203243803233,16.1806,34.7862989818677,13.8014,3.0,16.67922,3.0,10.44425,-0.385668
34.7387798801064,16.5865,34.8035190822557,17.1568,4.0,16.67917,2.0,12.20814,0.163924
34.7699902812019,17.1412,34.8201866829768,18.7354,4.0,16.67941,2.0,9.322704,-0.910845
34.7862989818677,20.6615,34.838734083809,17.2802,3.0,16.68143,3.0,11.80527,-1.022814
34.8035190822557,17.0679,34.8532002838328,13.9774,3.0,16.68163,3.0,12.45168,0.218278
34.8201866829768,12.6733,34.8722817832604,20.0133,3.0,16.67959,2.0,8.972445,-0.50073
34.838734083809,17.0797,34.88672688324,14.0832,3.0,16.67979,3.0,12.78431,0.35798
34.8532002838328,19.1803,34.9035927830264,18.3645,3.0,16.68106,2.0,10.66342,-0.15801
34.8722817832604,13.2606,34.9206023821607,14.7357,3.0,16.67933,3.0,11.55663,-0.263961
34.88672688324,21.8041,34.9369386816397,18.0366,3.0,16.68193,2.0,10.11702,-0.108272
34.9035927830264,13.0073,34.9531379817054,16.9194,3.0,16.68007,3.0,11.54141,-1.018483
34.9206023821607,20.4033,34.9711945811287,16.5293,3.0,16.68195,3.0,10.33326,-0.354432
34.9369386816397,11.8422,34.987296381034,16.6811,3.0,16.6795,3.0,9.773572,0.653903
34.9531379817054,17.5143,35.0038750814274,16.9948,3.0,16.67992,3.0,11.97898,-0.389162
34.9711945811287,16.2055,35.019510881044,15.7579,3.0,16.67968,3.0,11.43703,-0.00478
34.987296381034,16.0452,35.0362456804141,14.7818,3.0,16.67936,3.0,9.396997,-0.552998
35.0038750814274,17.3197,35.052880580537,19.0483,3.0,16.67969,2.0,11.22086,-0.724062
35.019510881044,16.6924,35.0712306806818,17.7429,3.0,16.67969,3.0,10.07078,0.534691
35.0362456804141,20.1025,35.0872737811878,14.2469,3.0,16.68142,3.0,11.8842,0.335742
35.052880580537,13.5154,35.1028676815331,17.2354,3.0,16.67982,2.0,10.75336,0.199793
35.052880580537,14.317,35.1205597817898,18.5265,3.0,16.67863,3.0,10.78481,-0.553998
35.0872737811878,22.9636,35.1374753825366,14.3501,4.0,16.6818,3.0,9.099358,-0.201289
35.1028676815331,11.1216,35.1527486825362,17.6589,3.0,16.679,2.0,11.61331,0.249878
35.1205597817898,19.4218,35.1699288832024,15.018,3.0,16.68038,3.0,9.933598,-0.06974
35.1374753825366,19.359,35.1889057839289,18.741,3.0,16.68173,2.0,12.33849,-1.573958
35.1527486825362,12.2264,35.2037629839033,16.8976,3.0,16.67949,3.0,12.14692,-0.311611
35.1699288832024,20.5343,35.2202459834516,16.6655,3.0,16.68143,3.0,9.14444,-0.394859
35.1699288832024,11.9862,35.2376271840185,17.0311,3.0,16.67906,3.0,11.99746,-0.878307
35.2037629839033,17.3938,35.2535564843565,16.2753,4.0,16.67942,3.0,13.33951,-0.340297
35.2202459834516,17.7355,35.2704442851245,14.5794,3.0,16.67995,3.0,9.862559,0.378413
35.2376271840185,15.8583,35.2872423846275,19.3605,3.0,16.67954,2.0,11.99281,-0.607185
35.2535564843565,17.6586,35.3035888839513,13.9491,3.0,16.68003,3.0,10.5291,0.125971
35.2704442851245,20.054,35.3205496836454,18.8064,3.0,16.68172,2.0,12.10039,-0.780273
35.2872423846275,13.5658,35.3392861839384,17.8087,3.0,16.68016,3.0,11.66529,0.664337
35.3035888839513,19.6469,35.3541347840801,15.6523,3.0,16.68165,3.0,10.10053,-1.153763
35.3205496836454,12.4695,35.3707670839503,17.4054,3.0,16.67954,3.0,11.85507,0.511637
35.3392861839384,18.3823,35.3874433832243,15.8385,3.0,16.68039,3.0,12.59986,-0.064741
35.3541347840801,14.6592,35.4042410841212,17.0909,3.0,16.67938,3.0,8.926663,-0.927919
35.3707670839503,18.6502,35.421986383386,16.776,3.0,16.68037,3.0,13.08006,-0.973133
35.3874433832243,14.5395,35.437361783348,16.1404,3.0,16.6793,3.0,8.203541,-0.106173
35.4042410841212,17.6734,35.454049683176,17.3063,3.0,16.67979,3.0,11.86252,-0.399213
35.421986383386,16.7093,35.4727073824033,16.9156,3.0,16.67981,3.0,12.78183,-0.538426
35.437361783348,15.9789,35.4875705819577,14.8991,3.0,16.67946,3.0,10.07977,0.846319
35.454049683176,18.2136,35.5038621816784,15.5175,3.0,16.68022,3.0,11.51491,0.388029
35.454049683176,14.6554,35.5204653814435,18.7189,3.0,16.67921,2.0,11.91023,-1.098761
35.4875705819577,17.0442,35.5372280813754,14.6815,4.0,16.6794,3.0,12.31148,-0.061365
35.5038621816784,21.2924,35.5538974814117,16.7911,3.0,16.68169,2.0,8.547871,-0.14852
35.5204653814435,13.1592,35.5706755816936,19.1454,3.0,16.67994,2.0,11.67116,1.459999
35.5372280813754,20.0646,35.5872360821813,14.1476,3.0,16.68162,3.0,11.53757,0.032544
35.5538974814117,16.5333,35.6046036817133,19.0393,3.0,16.68155,2.0,12.06922,0.444589
35.5706755816936,14.0694,35.6208908818662,16.7187,3.0,16.68025,3.0,10.1867,-0.568497
35.5872360821813,19.1468,35.6379278823733,14.7952,3.0,16.68148,3.0,7.309656,-0.358983
35.6046036817133,13.2689,35.6536348816007,17.9545,3.0,16.67978,2.0,11.88831,-0.124511
35.6208908818662,17.4487,35.6708216816187,15.2549,3.0,16.68016,3.0,9.633497,0.041336
35.6379278823733,20.2449,35.686744581908,18.0397,3.0,16.68193,2.0,10.94968,0.700682
35.6536348816007,12.2715,35.7042756825686,15.7359,3.0,16.67975,3.0,12.15581,-1.061059
35.6708216816187,20.5645,35.721147082746,17.9413,3.0,16.68167,2.0,9.968964,-1.0279
35.686744581908,12.8653,35.7379505820572,17.5473,3.0,16.67978,3.0,8.808018,-0.367355
35.7042756825686,20.9468,35.7539192829281,13.6237,3.0,16.68189,3.0,7.884959,-0.279525
35.721147082746,11.9675,35.7706357836723,19.0328,3.0,16.67956,2.0,12.5841,0.226505
35.7379505820572,18.2278,35.7873314842582,15.0999,3.0,16.68033,3.0,12.81205,-0.422149
35.7539192829281,18.9777,35.8040800839663,15.961,3.0,16.68146,3.0,9.778525,-0.517503
35.7706357836723,12.384,35.8206680845469,18.6958,3.0,16.67934,2.0,12.24839,0.146465
35.7873314842582,17.7559,35.8380604851991,15.2484,3.0,16.67987,3.0,9.473149,-0.032467
35.8040800839663,20.2816,35.8558433856815,19.2488,3.0,16.68165,2.0,12.0751,-0.367742
35.8206680845469,13.0899,35.8713462855667,14.0558,3.0,16.67988,3.0,10.04354,0.068983
35.8380604851991,20.663,35.8872489854693,17.6382,3.0,16.68184,2.0,11.55217,-0.437374
35.8380604851991,10.8467,35.9037034846842,17.2112,3.0,16.67896,3.0,9.392842,-0.331832
35.8713462855667,22.7505,35.920892784372,15.0282,4.0,16.68196,3.0,12.20732,-1.04649
35.8872489854693,11.2634,35.9373236838728,16.3318,3.0,16.67929,2.0,9.927074,-1.056732
35.9037034846842,17.6133,35.9541810844094,19.2432,3.0,16.67975,2.0,9.615532,0.401007
35.920892784372,20.1855,35.9712776839733,15.6954,3.0,16.68147,3.0,11.72649,0.266966
35.9373236838728,16.6556,35.9877283833921,17.041,3.0,16.68146,3.0,10.85773,-0.196321
35.9541810844094,13.8636,36.0044233836234,16.505,3.0,16.68007,3.0,10.26339,-0.643944
35.9712776839733,15.7309,36.020887684077,17.1851,3.0,16.67961,3.0,10.23333,0.633533
35.9877283833921,16.2931,36.0399135835469,16.6093,3.0,16.67942,3.0,10.32332,-0.840619
36.0044233836234,16.4421,36.0557221826166,18.8283,3.0,16.6793,3.0,8.948744,-0.906871
36.020887684077,17.8509,36.0705614825711,12.0069,3.0,16.67988,3.0,12.28847,-1.248355
36.020887684077,15.2731,36.0873845824972,18.4111,3.0,16.67919,2.0,8.717919,-1.002039
36.0557221826166,20.2489,36.1039880821481,17.3168,4.0,16.68093,3.0,12.47447,0.379971
36.0705614825711,17.6756,36.1214683828875,15.1734,3.0,16.68142,3.0,10.93106,-0.327458
36.0873845824972,12.227,36.1375343827531,15.9262,3.0,16.67924,2.0,10.95014,1.190613
36.1039880821481,18.161,36.1538572823629,19.0467,3.0,16.67997,2.0,12.77543,-0.613072
36.1214683828875,20.3849,36.1710976818576,15.9894,3.0,16.68178,3.0,9.126758,0.590166
36.1375343827531,15.8304,36.1873315824196,17.1266,3.0,16.68136,3.0,11.36669,0.255492
36.1538572823629,13.3605,36.2047597831115,15.5501,3.0,16.67974,3.0,9.834872,-0.723952
36.1710976818576,16.3619,36.2213959833607,18.1581,3.0,16.67958,2.0,10.13073,-0.107996
36.1873315824196,17.0983,36.2382922833785,15.961,3.0,16.67979,3.0,10.05431,0.410677
36.2047597831115,21.7123,36.253971084021,16.9469,3.0,16.68224,3.0,9.666152,-0.315138
36.2213959833607,12.1552,36.2725432841107,16.2234,3.0,16.68004,3.0,12.6717,-0.543328
36.2382922833785,16.6031,36.287444784306,14.9121,3.0,16.68,2.0,10.16592,-0.828724
36.253971084021,16.1151,36.3036262849346,18.4281,3.0,16.67972,2.0,9.773338,-0.66012
36.2725432841107,22.0289,36.3206517854705,14.942,3.0,16.68233,3.0,10.56943,-0.382883
36.287444784306,14.543,36.337409186177,18.2939,3.0,16.68129,2.0,9.937524,-0.653535
36.3036262849346,13.1141,36.35480958689,18.246,3.0,16.67955,3.0,12.70832,-0.558987
36.3206517854705,20.295,36.3708774866536,13.5249,3.0,16.68131,3.0,10.95648,-0.514442
36.337409186177,11.8168,36.388377786614,19.352,3.0,16.67895,2.0,9.863035,1.031803
36.35480958689,19.5786,36.4049803866073,16.5049,3.0,16.68036,3.0,12.43159,0.088992
36.3708774866536,19.1459,36.4216736862436,17.7179,3.0,16.68155,3.0,10.52994,-0.820194
36.388377786614,12.6063,36.4383341865614,17.4887,3.0,16.67957,3.0,12.5285,-0.107938
36.4049803866073,16.6456,36.4560638861731,16.5195,3.0,16.67956,3.0,10.14431,0.317918
36.4216736862436,18.0769,36.4711697865278,12.7865,3.0,16.68023,3.0,8.691594,-0.461755
36.4383341865614,16.2491,36.4880209863186,17.6294,3.0,16.68003,2.0,10.55054,0.190572
36.4560638861731,17.4728,36.5062192864716,18.8529,3.0,16.68041,2.0,12.00238,0.044504
36.4711697865278,18.7546,36.5220034867525,15.7529,3.0,16.68141,3.0,9.363955,-0.764864
36.4880209863186,15.3054,36.538169587031,14.8035,3.0,16.68075,3.0,12.32513,-0.004101
36.4880209863186,12.8215,36.5563686862588,18.128,3.0,16.67888,2.0,9.515496,-0.771138
36.5062192864716,15.777,36.5727422870696,17.8567,4.0,16.67845,3.0,11.95256,-0.727095
36.538169587031,22.9584,36.588653087616,16.5495,4.0,16.68148,3.0,10.4517,0.830744
36.538169587031,11.4717,36.6040392871946,13.2459,3.0,16.67896,3.0,11.64234,0.103949
36.5727422870696,19.3391,36.6219651866704,17.9724,4.0,16.68025,2.0,12.7395,-0.646846
36.588653087616,15.4907,36.6399077866226,19.3519,3.0,16.67967,2.0,10.45056,-0.499592
36.6040392871946,19.6325,36.655195186846,13.9762,3.0,16.6811,3.0,9.463151,0.189262
36.6219651866704,17.848,36.6710856864229,15.8142,3.0,16.68166,2.0,11.85705,0.49059
36.6219651866704,11.2808,36.6888094870374,20.1034,3.0,16.67906,2.0,10.12649,0.896272
36.655195186846,22.2361,36.7052594879642,13.9828,4.0,16.68173,3.0,12.39324,-0.189199
36.6710856864229,15.7966,36.7208128878847,15.691,3.0,16.68131,2.0,10.16641,-0.562105
36.6888094870374,14.8517,36.738875287585,20.3336,3.0,16.68043,2.0,8.766028,-0.024311
36.7052594879642,19.4021,36.7546695871279,13.5095,3.0,16.68174,3.0,10.0933,-0.036544
36.7208128878847,15.7801,36.7722099879757,19.5592,3.0,16.6813,2.0,9.650405,0.257965
36.738875287585,15.0629,36.7886132886633,14.5439,3.0,16.68053,3.0,12.53451,-0.37043
36.7546695871279,18.8202,36.805048587732,16.1391,3.0,16.68155,2.0,12.06094,0.557475
36.7722099879757,13.8115,36.8224011873826,19.6304,3.0,16.68018,2.0,10.00093,-0.220053
36.7886132886633,20.3952,36.8380385870114,14.7978,3.0,16.68196,3.0,9.40163,-0.092581
36.805048587732,15.7206,36.8563690865412,18.8892,3.0,16.6815,3.0,12.10693,0.232254
36.8224011873826,14.4082,36.871033186093,15.2101,3.0,16.68041,3.0,8.770253,-0.108111
36.8380385870114,16.2646,36.8883606866002,15.9499,3.0,16.68021,3.0,11.36788,-0.560211
36.8563690865412,15.8373,36.9071831870824,19.1152,3.0,16.67981,3.0,9.681546,0.703866
36.871033186093,16.7994,36.9217722872272,13.5426,3.0,16.67986,3.0,11.62661,0.185283
36.8883606866002,18.3911,36.9385163867846,18.3466,3.0,16.68068,2.0,10.26981,0.105021
36.8883606866002,13.6459,36.9552187873051,17.1978,3.0,16.67923,3.0,10.03143,-0.924165
36.9217722872272,21.8451,36.9720816882327,15.9465,4.0,16.6817,3.0,10.18072,-0.858157
36.9385163867846,12.2936,36.9882182879373,14.5342,3.0,16.6796,3.0,10.18188,-0.910049
36.9552187873051,17.5835,37.0050481883809,18.7036,3.0,16.68003,2.0,9.863265,0.699028
36.9552187873051,13.1784,37.0240137884393,18.2521,3.0,16.67836,3.0,10.79086,0.088797
36.9882182879373,23.0191,37.0380780883133,12.9719,4.0,16.68139,3.0,12.68815,-0.977734
37.0050481883809,12.5446,37.0561344884336,20.5609,3.0,16.67942,2.0,10.32187,0.029668
37.0240137884393,18.5282,37.0711217885837,12.3475,3.0,16.6803,3.0,9.259703,0.234789
37.0380780883133,19.3809,37.0892203887925,20.8878,3.0,16.68158,2.0,11.69083,-1.12499
37.0561344884336,14.72,37.105881289579,13.9706,3.0,16.68065,3.0,11.13503,-0.620176
37.0711217885837,18.1946,37.1221008887514,18.2909,3.0,16.68137,2.0,9.290511,0.283038
37.0892203887925,15.2173,37.1410958888009,19.1822,3.0,16.68067,3.0,11.62269,-0.243426
37.105881289579,18.9636,37.1561139887199,14.4304,3.0,16.68176,3.0,10.64478,-0.359149
37.1221008887514,12.1171,37.1720802886412,15.7063,3.0,16.67959,3.0,12.30266,0.338297
37.1410958888009,16.4899,37.1885123895481,18.056,3.0,16.6795,3.0,10.25133,-0.437044
37.1410958888009,14.7168,37.207987789996,16.4679,3.0,16.67857,3.0,10.02425,-0.189977
37.1720802886412,20.0591,37.2224376900122,16.787,4.0,16.68017,3.0,10.0454,-0.08461
37.1885123895481,17.145,37.2381506906822,14.9552,3.0,16.68039,3.0,9.692944,-0.410473
37.1885123895481,14.7613,37.2552474914119,15.4898,3.0,16.67948,3.0,10.09838,-0.162436
37.2224376900122,18.5714,37.2721724910662,18.5543,4.0,16.68038,2.0,12.20611,0.213624
37.2381506906822,15.2865,37.2890083910897,18.1791,3.0,16.67972,3.0,9.520073,0.066132
37.2552474914119,20.5128,37.3075080914423,15.5272,3.0,16.68153,3.0,12.25114,0.024451
37.2721724910662,12.0463,37.3244289914146,18.3064,3.0,16.67934,3.0,10.12698,0.011985
37.2890083910897,18.6801,37.3390046916902,14.1331,3.0,16.68029,3.0,9.001368,0.115288
37.2890083910897,14.4679,37.3560391925275,17.589,3.0,16.67924,3.0,10.02695,-0.320505
37.3075080914423,16.8301,37.3719347920269,16.8314,4.0,16.67931,3.0,9.300115,-0.166913
37.3390046916902,16.9666,37.3890254925936,16.6345,4.0,16.67945,3.0,10.14491,-0.086471
37.3560391925275,17.5516,37.4081282932311,18.0176,3.0,16.67986,3.0,9.734205,0.677106
37.3719347920269,15.9473,37.4223855929449,13.3605,3.0,16.67951,3.0,9.641613,-0.014208
37.3890254925936,16.9322,37.4391641924158,19.9612,3.0,16.67963,2.0,10.17857,-0.339004
37.4081282932311,18.6167,37.4547202922404,12.6019,3.0,16.68055,3.0,9.550394,-0.3389
37.4223855929449,19.4975,37.4720012918115,19.5481,3.0,16.68187,2.0,9.323408,-0.26824
37.4391641924158,13.8318,37.488672092557,14.3627,3.0,16.68053,3.0,11.1009,-0.32578
37.4547202922404,18.8372,37.5076393932104,20.8102,3.0,16.68155,2.0,12.2627,-0.230204
37.4720012918115,13.5866,37.5221684928983,12.7027,3.0,16.68009,3.0,10.22764,-0.328356
37.488672092557,20.0638,37.5391178932041,18.822,3.0,16.68168,2.0,12.23008,0.334392
37.488672092557,9.4483,37.5559792928398,18.3147,3.0,16.67828,3.0,12.1081,-0.08019
37.5221684928983,23.8694,37.572110991925,12.4763,4.0,16.68166,3.0,9.649956,0.300346
37.5391178932041,12.4417,37.5887833926827,17.7187,3.0,16.67967,2.0,12.18231,-0.640018
37.5559792928398,19.0266,37.6051399931312,17.0337,3.0,16.68077,3.0,9.82589,-0.161764
37.572110991925,18.1151,37.6231316924095,18.5377,3.0,16.68144,3.0,9.787854,-0.93641
37.5887833926827,13.1756,37.638754892163,13.4519,3.0,16.6798,3.0,11.66792,-0.09159
37.6051399931312,15.2191,37.655283392407,18.3736,3.0,16.67911,2.0,10.39816,0.09973
37.6231316924095,17.983,37.6718351924792,16.5486,3.0,16.67973,2.0,11.82451,0.23567
37.638754892163,20.1817,37.6894315918908,15.7855,3.0,16.68136,2.0,10.46739,-0.495756
37.655283392407,18.4386,37.7048784922808,15.4806,3.0,16.68219,2.0,11.41127,-0.462382
37.6718351924792,15.9223,37.725105592981,21.1288,3.0,16.68183,2.0,10.15153,-0.43412
37.6894315918908,16.339,37.7391822934151,13.1661,3.0,16.68167,3.0,9.285456,-0.37399
37.7048784922808,15.6927,37.755787493661,18.4334,3.0,16.68121,2.0,12.34018,-0.40716
37.7048784922808,13.046,37.7724035941064,14.6813,3.0,16.67951,3.0,9.98972,0.287064
37.7391822934151,21.2637,37.7889573946595,16.5965,4.0,16.68165,2.0,11.57009,0.738988
37.755787493661,11.6728,37.806298494339,18.9784,3.0,16.67931,2.0,12.28786,0.171224
37.7724035941064,21.5702,37.824816994369,17.8757,3.0,16.68159,3.0,10.27704,-0.59644
37.7889573946595,16.0888,37.8389594946057,13.0507,3.0,16.68132,3.0,11.71201,-0.811327
37.806298494339,12.8755,37.855754295364,16.7931,3.0,16.67954,2.0,9.141576,-0.322473
37.806298494339,16.2576,37.8726129960269,18.6486,3.0,16.67935,2.0,11.75904,-0.621019
37.8389594946057,21.1245,37.8898884952068,16.8336,4.0,16.68142,3.0,10.79763,-0.39569
37.855754295364,17.0174,37.9078050944954,16.8126,3.0,16.68158,3.0,10.27177,-0.071063
37.8726129960269,11.8743,37.9248366951942,17.0475,3.0,16.67934,3.0,11.92032,-0.27487
37.8898884952068,17.2649,37.9411775954068,17.5473,3.0,16.67961,3.0,12.27539,-0.202688
37.8898884952068,14.1717,37.9582762960345,15.802,3.0,16.67845,3.0,9.713063,-0.483189
37.9078050944954,18.4683,37.9726120959967,15.9615,4.0,16.67928,3.0,10.69767,1.979335
37.9411775954068,17.9012,37.9907709956169,17.2882,4.0,16.67984,3.0,10.33979,-0.270451
37.9411775954068,15.5792,38.0069698952138,17.0718,3.0,16.67933,3.0,10.51469,-0.782686
37.9726120959967,16.4008,38.0222924947739,13.6382,4.0,16.6792,3.0,10.01106,-0.646421
37.9907709956169,16.7463,38.039335694164,16.9828,3.0,16.67924,2.0,10.08765,-0.718963
37.9907709956169,14.9588,38.0560795944184,19.1145,3.0,16.67844,2.0,7.936486,0.06747
38.0222924947739,22.8632,38.0725878942758,15.1491,4.0,16.6813,3.0,12.60842,-0.528697
38.039335694164,17.0043,38.0892983935773,17.9557,3.0,16.68145,3.0,10.87826,-0.894775
38.0560795944184,13.5674,38.1068578939885,17.1952,3.0,16.68001,3.0,10.24263,-0.332815
38.0725878942758,15.4403,38.1226335931569,14.8582,3.0,16.67944,3.0,11.7479,-0.7959
38.0892983935773,16.5277,38.1391154937446,18.0203,3.0,16.67937,3.0,12.50568,-0.050589
38.0892983935773,14.9014,38.1569712944329,16.8018,3.0,16.67855,3.0,10.14011,-0.056478
38.1226335931569,19.7827,38.1748619936407,16.4131,4.0,16.67998,3.0,10.8294,0.164685
38.1391154937446,16.7219,38.190283793956,18.8835,3.0,16.68,3.0,10.38429,-0.920014
38.1391154937446,13.3467,38.205770294182,12.108,3.0,16.67846,3.0,11.50958,1.004062
38.1569712944329,18.4093,38.2226598942652,16.7944,4.0,16.67926,2.0,10.03961,-0.709062
38.190283793956,17.5016,38.2392703937367,18.7713,4.0,16.67964,2.0,10.74851,-1.22669
38.205770294182,20.2723,38.2569479933009,17.5914,4.0,16.68129,3.0,10.47784,-0.910342
38.2226598942652,17.0303,38.2726773926988,13.6458,3.0,16.68146,3.0,10.93766,-0.876894
38.2392703937367,13.3327,38.2888599922881,16.3376,3.0,16.67991,2.0,12.71499,-0.13014
38.2392703937367,13.6109,38.3081234926358,20.4793,3.0,16.6785,2.0,10.96414,-0.733895
38.2726773926988,22.838,38.3233353924006,14.0352,4.0,16.68133,3.0,12.69829,0.02695
38.2888599922881,16.4614,38.3390157930553,15.8158,3.0,16.68123,2.0,11.08014,0.008676
38.2888599922881,12.1887,38.3561674933881,19.3765,3.0,16.67917,2.0,9.520395,0.007318
38.3233353924006,22.082,38.3731301929802,14.5467,4.0,16.68165,3.0,12.67565,0.041083
38.3390157930553,15.8172,38.3900386933237,19.0764,3.0,16.68125,2.0,10.00582,1.027657
38.3561674933881,14.0833,38.4065075926483,14.2929,3.0,16.68006,3.0,10.18138,-0.499453
38.3731301929802,20.5691,38.4234822932631,19.1201,3.0,16.68184,2.0,9.140417,-0.266963
38.3900386933237,12.9842,38.4395515937358,13.9626,3.0,16.68015,3.0,8.304943,0.014423
38.4065075926483,20.0761,38.4560754932463,16.397,3.0,16.68171,2.0,8.488053,0.291441
38.4234822932631,12.065,38.4735187925398,19.875,3.0,16.67959,2.0,12.39306,-0.233505
38.4395515937358,20.8444,38.4904800932854,15.4021,3.0,16.6815,3.0,11.44088,0.852749
38.4560754932463,16.2283,38.5061793942004,14.9595,3.0,16.68129,3.0,9.275159,-0.391715
38.4735187925398,14.6889,38.5234610941261,19.8071,3.0,16.68038,2.0,10.20391,0.215437
38.4904800932854,15.0264,38.5396342948079,13.6577,3.0,16.67962,3.0,12.06735,-1.046637
38.5061793942004,20.5889,38.5559618957341,18.4919,3.0,16.68141,2.0,10.63111,0.139689
38.5234610941261,14.7397,38.5739003960043,15.9732,3.0,16.68052,3.0,9.470263,-0.052009
38.5396342948079,19.0173,38.5898396968842,16.4742,3.0,16.68159,2.0,9.594937,0.021332
38.5559618957341,12.7213,38.6060204971582,17.7206,3.0,16.67978,3.0,13.04461,-0.818427
38.5739003960043,21.2234,38.6235375963151,15.0667,3.0,16.68185,3.0,11.74551,0.230538
38.5898396968842,12.5581,38.640387095511,16.8551,3.0,16.67997,2.0,9.077268,0.036809
38.6060204971582,16.4872,38.6563060954213,18.4284,3.0,16.67989,2.0,11.77653,-1.13792
38.6235375963151,20.3142,38.6735156960785,16.4148,3.0,16.68154,3.0,12.64676,0.232643
38.640387095511,16.7157,38.691552195698,16.3609,3.0,16.68156,3.0,9.225691,-0.633683
38.6563060954213,13.6063,38.7062207954004,17.0786,3.0,16.68016,3.0,11.92462,0.178091
38.6563060954213,12.9515,38.7237690957263,15.2367,3.0,16.67846,3.0,12.91456,-0.047585
38.6735156960785,18.036,38.7422431958839,18.3431,4.0,16.67908,2.0,9.264183,-0.252161
38.7062207954004,18.893,38.7577468957752,17.2822,4.0,16.68008,3.0,12.42961,0.361381
38.7237690957263,20.166,38.7729182960466,15.7687,3.0,16.68167,3.0,9.558085,-0.630327
38.7237690957263,11.6775,38.7896813964471,14.5374,3.0,16.6794,3.0,11.69206,0.848764
38.7577468957752,17.5471,38.8065517963842,16.7571,4.0,16.67979,2.0,12.24322,-1.012241
38.7729182960466,16.8363,38.8233902966604,18.901,3.0,16.67986,2.0,9.287927,-0.404604
38.7896813964471,20.3392,38.8404206959531,15.2018,3.0,16.68152,3.0,11.17254,0.463915
38.8065517963842,16.615,38.8562706960365,17.4197,3.0,16.68149,2.0,8.965241,-0.327315
38.8233902966604,13.4279,38.8728525964543,17.1278,3.0,16.68002,3.0,10.4338,-0.312845
38.8404206959531,20.3015,38.8897584965453,14.5975,3.0,16.68166,3.0,11.16728,-0.260248
38.8562706960365,11.6369,38.908248196356,18.3556,3.0,16.67937,2.0,8.733115,-0.075982
38.8728525964543,16.2687,38.9253012957051,18.7691,3.0,16.67919,3.0,11.87084,-0.596546
38.8897584965453,21.5022,38.939694095403,12.8146,3.0,16.68137,3.0,10.20185,-0.41601
38.8897584965453,11.5443,38.9589377958328,19.2552,3.0,16.67905,2.0,9.683582,-0.087026
38.908248196356,17.0476,38.9756717961282,16.8919,4.0,16.67921,3.0,10.42025,-0.791323
38.939694095403,21.3825,38.9912119964138,17.0617,4.0,16.68134,3.0,12.56691,0.59558
38.939694095403,10.3809,39.0087423967198,17.1376,3.0,16.67849,3.0,10.53813,-1.093769
38.9589377958328,18.6204,39.0236698966473,13.6215,4.0,16.67937,3.0,8.965623,0.314482
38.9912119964138,17.8208,39.0409333966672,17.6926,4.0,16.67988,2.0,12.67832,0.288609
38.9912119964138,15.2163,39.0576483961195,18.3048,3.0,16.67922,2.0,8.794069,-0.169664
39.0236698966473,21.8527,39.0729827964678,13.2873,4.0,16.68155,3.0,13.13222,0.368646
39.0409333966672,17.5639,39.0903502972797,18.2324,3.0,16.68195,2.0,8.919891,0.452947
39.0576483961195,13.2157,39.1067016972229,17.2068,3.0,16.68039,3.0,11.63586,-0.229521
39.0729827964678,18.7334,39.1249985964969,17.3275,3.0,16.68132,3.0,10.02005,-0.587593
39.0903502972797,13.94,39.1410585967824,15.3208,3.0,16.68008,3.0,7.515553,0.500015
39.1067016972229,15.2586,39.1575328959152,19.0031,3.0,16.67944,2.0,9.767721,0.088133
39.1249985964969,17.5891,39.1748356958851,14.9748,3.0,16.67985,3.0,10.73979,-0.948146
39.1410585967824,21.0436,39.189669395797,16.1892,3.0,16.68181,2.0,9.364885,-0.456065
39.1575328959152,13.7083,39.2073801951483,17.6471,3.0,16.68048,3.0,9.556067,-0.282384
39.1748356958851,20.4577,39.2238028952852,16.6236,3.0,16.68217,3.0,9.472146,-0.039024
39.189669395797,9.856,39.2418183954433,16.9241,3.0,16.67911,3.0,11.19386,0.43139
39.2073801951483,17.691,39.2570684952661,14.6094,3.0,16.67957,3.0,12.39108,0.369749
39.2238028952852,16.7206,39.2760871956125,21.0598,3.0,16.67958,2.0,10.51402,-0.113363
39.2418183954433,16.8781,39.2896719956771,11.6186,3.0,16.67967,3.0,9.01291,0.14869
39.2570684952661,20.7067,39.3071030965075,18.7582,3.0,16.68147,2.0,10.17015,-0.552369
39.2570684952661,12.0878,39.3235718971118,16.9209,3.0,16.67942,3.0,8.535963,-0.158983
39.2896719956771,20.2495,39.3417696962133,17.2859,4.0,16.68102,3.0,11.08691,0.192284
39.3071030965075,12.4303,39.3588838959113,16.3405,3.0,16.67912,3.0,10.19167,-0.177361
39.3235718971118,17.5592,39.3736758958548,16.4244,3.0,16.67951,3.0,10.04148,-0.059606
39.3417696962133,17.4416,39.3898139949888,16.904,3.0,16.67985,3.0,10.09292,-1.200537
39.3417696962133,13.5323,39.4069659952074,15.7989,3.0,16.67844,3.0,8.755461,-0.591668
39.3736758958548,19.0089,39.42439869605,16.2893,4.0,16.67948,3.0,12.05691,-0.581658
39.3898139949888,17.5723,39.4409267958254,18.2256,3.0,16.67988,2.0,8.792837,0.147252
39.4069659952074,15.3795,39.4572664964944,17.0048,3.0,16.6793,3.0,12.87167,-0.433429
39.42439869605,21.9018,39.4736595973372,14.0167,3.0,16.68163,3.0,10.00606,-0.21691
39.4409267958254,12.2612,39.4907764978707,19.5446,3.0,16.67966,2.0,12.32655,-0.001278
39.4572664964944,17.7593,39.5073866974562,15.0538,3.0,16.68014,3.0,8.194429,-0.586148
39.4736595973372,19.68,39.5239875968546,15.7581,3.0,16.68148,3.0,12.17191,-0.553418
39.4907764978707,12.5059,39.5423220973462,19.8484,3.0,16.67962,2.0,10.02658,-0.842017
39.5073866974562,16.1739,39.5590692982078,16.7803,3.0,16.67939,3.0,8.391248,0.429069
39.5239875968546,21.6945,39.5728489980102,12.3501,3.0,16.68162,3.0,12.60242,-0.617956
39.5239875968546,11.0144,39.5906395986676,19.1637,3.0,16.67911,2.0,11.55722,-0.815981
39.5423220973462,14.9935,39.6087507978082,17.4453,4.0,16.67836,3.0,11.20363,-0.891946
39.5728489980102,22.633,39.6253631971776,15.7618,4.0,16.681,3.0,9.346356,0.021367
39.5906395986676,12.7927,39.6410594973713,16.8395,3.0,16.67928,2.0,12.57988,-1.198565
39.6087507978082,17.3096,39.6570391971618,15.7786,3.0,16.67955,2.0,10.88595,1.142364
39.6253631971776,31.0524,39.673810897395,15.8217,3.0,16.68593,3.0,11.01703,-0.289647
39.6410594973713,10.8206,39.6911877971143,18.7736,3.0,16.68333,2.0,11.91817,-0.392558
39.6570391971618,9.7249,39.7093567978591,17.5284,3.0,16.68024,3.0,13.11924,-0.424072
39.673810897395,19.1186,39.7236605975777,13.5831,3.0,16.68133,3.0,8.666647,-0.530086
39.6911877971143,12.3157,39.7408622968942,19.6172,3.0,16.67939,2.0,12.18356,0.082519
39.7093567978591,18.159,39.7573240976781,15.0973,3.0,16.68005,3.0,10.42607,1.952774
39.7236605975777,19.5163,39.7739092968404,15.836,3.0,16.6813,3.0,12.42819,-0.563375
39.7408622968942,14.0554,39.7915767971426,19.0927,3.0,16.68014,2.0,12.51288,-0.447724
39.7573240976781,16.1576,39.8095212969929,17.1356,3.0,16.67991,3.0,10.21153,-0.300942
39.7739092968404,19.8706,39.8259915970266,15.3948,3.0,16.68132,3.0,9.017475,-0.662181
39.7915767971426,13.5648,39.8416264969856,17.7467,3.0,16.67994,3.0,12.64932,0.844608
39.8095212969929,16.704,39.8592336978763,16.4868,3.0,16.67995,3.0,12.53184,1.823662
39.8095212969929,15.0099,39.8740404974669,13.8366,3.0,16.67922,3.0,10.56528,0.569085
39.8416264969856,18.5955,39.8925873972476,20.0127,4.0,16.68006,2.0,10.41009,0.900641
39.8592336978763,15.8926,39.9081747969612,15.2416,3.0,16.67971,3.0,10.28114,-0.412692
39.8740404974669,20.8129,39.9236555965617,16.1609,3.0,16.68154,3.0,9.914615,-0.472396
39.8740404974669,11.3088,39.9410608960316,18.2627,3.0,16.67917,3.0,9.042659,0.658569
39.9081747969612,18.0718,39.9567602956668,13.1985,4.0,16.67978,3.0,9.922692,-0.722169
39.9236555965617,15.4761,39.976054196246,19.3349,3.0,16.67925,2.0,10.6393,-0.353507
39.9410608960316,18.9823,39.990765796043,16.6614,3.0,16.68027,3.0,10.03023,-0.35631
39.9567602956668,18.6861,40.0095723951235,17.7243,3.0,16.68115,3.0,9.640669,-0.482821
39.9567602956668,11.9508,40.0246937954798,14.2782,3.0,16.67907,3.0,12.67971,-0.448459
39.990765796043,17.8049,40.0407525962219,17.9458,4.0,16.67956,2.0,12.37861,0.417673
40.0095723951235,17.3048,40.0572599964216,14.5736,3.0,16.67984,3.0,9.938921,-0.478473
40.0246937954798,21.0558,40.073801397346,18.1003,3.0,16.68176,2.0,11.47216,-0.687253
40.0407525962219,12.2982,40.0926271965727,18.5749,3.0,16.67984,3.0,10.19593,0.512048
40.0572599964216,20.0561,40.109716896899,15.5797,3.0,16.68132,3.0,9.680673,0.833987
40.073801397346,12.05,40.1246824972332,16.7816,3.0,16.67929,3.0,11.50165,0.439528
40.0926271965727,16.5143,40.1408557966352,16.5207,3.0,16.67921,3.0,10.16255,-0.736911
40.0926271965727,15.185,40.1595384962857,18.3624,3.0,16.67856,3.0,10.04041,-0.52205
40.1246824972332,19.1634,40.1762698963284,15.2188,4.0,16.67965,3.0,10.30837,-0.603344
40.1408557966352,16.462,40.1933719962835,18.4493,3.0,16.67955,3.0,8.098811,0.406543
40.1595384962857,17.8129,40.2082863962278,14.9998,3.0,16.68005,3.0,12.63725,-0.567858
40.1595384962857,14.8116,40.2265336969867,16.9528,3.0,16.67923,3.0,12.56384,-1.032759
40.1762698963284,16.9548,40.2413280969486,16.7354,4.0,16.67935,3.0,10.46836,0.338107
40.2082863962278,16.7777,40.2569123972207,14.5506,4.0,16.6794,3.0,9.553658,0.034339
40.2082863962278,16.3843,40.2761172968894,17.9986,3.0,16.67927,3.0,12.59426,-0.968929
40.2413280969486,18.8967,40.2910423967987,18.1368,4.0,16.68023,3.0,12.93739,-0.486379
40.2569123972207,15.4177,40.3096361961216,16.1564,3.0,16.67968,3.0,9.136261,-0.23624
40.2569123972207,15.2881,40.3249228959903,16.099,3.0,16.67908,3.0,11.77563,-0.002401
40.2910423967987,17.8514,40.3439435968176,18.9447,4.0,16.67959,3.0,12.64228,-0.192051
40.3096361961216,17.6567,40.3582131965086,13.827,3.0,16.68001,3.0,9.94754,0.098699
40.3249228959903,15.4212,40.3744601970538,15.4823,3.0,16.67946,3.0,12.0806,-0.483592
40.3249228959903,16.9576,40.3941496973857,19.5174,3.0,16.67958,2.0,9.687751,-0.638183
40.3582131965086,16.6076,40.4101832965389,17.577,4.0,16.67955,3.0,12.0742,0.026419
40.3744601970538,21.7159,40.4271478960291,15.2162,3.0,16.68174,3.0,9.630092,0.36444
40.3744601970538,11.8592,40.4412438962609,15.8854,3.0,16.67965,3.0,12.35608,-0.628083
40.3941496973857,16.1312,40.4576731957495,17.4665,4.0,16.67941,3.0,12.63688,-0.027406
40.4101832965389,16.9144,40.474432496354,13.8923,4.0,16.67951,3.0,9.44396,-0.520529
40.4412438962609,16.8258,40.4910718966275,19.2384,4.0,16.67957,2.0,10.72088,-0.870052
40.4576731957495,17.8184,40.5080310963094,14.8092,3.0,16.68007,3.0,12.44091,0.377366
40.474432496354,19.7814,40.5247403960675,16.3067,3.0,16.68141,2.0,9.316329,-0.391416
40.4910718966275,13.5957,40.5413794964552,16.4812,3.0,16.68008,2.0,12.33975,-0.89579
40.5080310963094,18.1215,40.5580246970057,19.16,3.0,16.6807,2.0,10.52993,-0.057277
40.5247403960675,18.6359,40.5754664968699,17.0549,3.0,16.68155,3.0,11.23852,0.102536
40.5413794964552,16.5503,40.5911788977683,13.631,3.0,16.68149,3.0,11.44419,-0.642906
40.5580246970057,13.5025,40.6082077976316,20.2113,3.0,16.68012,2.0,10.40578,-0.069164
40.5580246970057,13.2497,40.6263314969838,16.925,3.0,16.67863,3.0,12.02096,0.171674
40.5911788977683,22.8284,40.6412748973817,12.99,4.0,16.68129,3.0,11.85271,-0.771405
40.6082077976316,13.5806,40.659619897604,18.7689,3.0,16.67995,2.0,10.09816,0.10151
40.6082077976316,13.7756,40.6768328975886,18.4817,3.0,16.6787,3.0,10.36063,0.844725
40.6412748973817,22.9637,40.6909318976104,12.546,4.0,16.68141,3.0,10.6861,0.646328
40.6412748973817,11.2749,40.7081825975329,18.287,3.0,16.67908,2.0,10.26059,-0.802162
40.659619897604,17.1833,40.7270097974688,19.1898,4.0,16.67929,2.0,11.72608,-0.740323
40.6909318976104,21.3587,40.742027297616,15.1949,4.0,16.68131,3.0,10.08347,-0.532484
40.7081825975329,15.6531,40.7601121980697,16.3584,3.0,16.68087,2.0,9.476862,-0.396905
40.7081825975329,13.1055,40.7768375985324,18.2638,3.0,16.67933,3.0,10.38902,-0.021822
40.742027297616,24.0911,40.7910966984928,12.913,4.0,16.68252,3.0,12.53028,-0.868239
40.742027297616,9.0618,40.8082122988999,16.9014,3.0,16.67924,2.0,12.4563,-0.973412
40.7601121980697,16.6693,40.8248218987137,19.5338,4.0,16.67924,2.0,10.23772,-0.779299
40.7910966984928,21.4131,40.841049099341,13.2454,4.0,16.68127,3.0,11.71804,0.184214
40.8082122988999,17.1115,40.8605343997478,20.766,3.0,16.68146,2.0,10.97771,0.164968
40.8248218987137,13.7219,40.8753132997081,14.7173,3.0,16.68019,3.0,10.5295,-0.840545
40.841049099341,19.3317,40.8912185998634,14.8834,3.0,16.68132,3.0,12.61129,0.094842
40.841049099341,11.9874,40.908343299292,18.5106,3.0,16.67931,2.0,10.94313,0.646149
40.8753132997081,17.2135,40.9243540996686,17.1784,4.0,16.67954,3.0,8.850145,-0.79612
40.8912185998634,20.6707,40.9432063000277,18.0092,3.0,16.68125,3.0,12.71256,0.133396
40.908343299292,12.2647,40.9603817993775,15.5103,3.0,16.67936,3.0,10.14175,-0.261028
40.9243540996686,18.0148,40.9754801997915,16.4094,3.0,16.67993,3.0,9.92962,0.329848
40.9243540996686,13.6979,40.9942855993286,18.8133,3.0,16.67865,3.0,9.548504,0.308093
40.9432063000277,18.1754,41.0080484990031,13.0407,4.0,16.67929,3.0,9.090028,-1.001299
40.9754801997915,17.1447,41.0268619991839,17.9688,4.0,16.67949,3.0,12.14295,-0.310491
40.9754801997915,16.8545,41.0430158991367,17.6027,3.0,16.67957,3.0,11.13491,-0.645074
41.0080484990031,15.8454,41.0577554991469,13.3387,4.0,16.67921,3.0,9.511799,-0.766318
41.0080484990031,16.4507,41.0755815999582,19.3624,3.0,16.67911,2.0,12.90399,0.365729
41.0430158991367,16.6141,41.0939701003954,18.5263,4.0,16.67908,3.0,11.35317,0.140676
41.0577554991469,21.3513,41.1088971002027,13.2384,3.0,16.68108,3.0,10.82702,0.752898
41.0755815999582,13.3526,41.1257964009419,18.7277,3.0,16.67966,2.0,10.18257,-1.01758
41.0939701003954,16.2508,41.1419779015705,16.4885,3.0,16.67948,3.0,11.53982,-0.047991
41.1088971002027,21.1953,41.1602317010984,17.2446,3.0,16.6814,3.0,9.213902,-0.309956
41.1257964009419,12.4369,41.1755832014605,15.9654,3.0,16.67959,3.0,10.92388,1.012561
41.1419779015705,16.3823,41.1939274007455,16.7911,3.0,16.67946,3.0,11.41979,-0.408511
41.1419779015705,15.9958,41.2104546008632,17.4843,3.0,16.67917,3.0,10.44876,0.584617
41.1602317010984,15.3471,41.2250923011452,13.8266,4.0,16.67861,3.0,10.50744,-1.107402
41.1755832014605,18.1574,41.2421801015735,16.6178,4.0,16.67924,2.0,10.26961,-0.408021
41.1939274007455,16.6148,41.2607201021165,19.8414,4.0,16.67921,2.0,12.33298,-0.625936
41.2250923011452,21.44,41.2767330016941,14.7427,4.0,16.68123,3.0,7.937802,0.051855
41.2421801015735,16.9488,41.2937171012163,17.0357,3.0,16.68135,3.0,13.02122,0.185406
41.2607201021165,12.0635,41.3082797015086,17.15,3.0,16.67938,3.0,10.94154,-0.521037
41.2607201021165,14.4555,41.3252625009045,14.4943,3.0,16.67844,3.0,10.69814,-1.067221
41.2767330016941,18.4662,41.34175480064,18.0451,4.0,16.6792,2.0,10.07189,-0.551003
41.3082797015086,18.2305,41.360371501185,17.0883,4.0,16.67986,3.0,10.43674,0.147795
41.3252625009045,20.3379,41.375324700959,18.1505,3.0,16.68141,3.0,10.68662,-0.006607
41.34175480064,11.4633,41.392136101611,13.6812,3.0,16.6792,3.0,10.4633,-0.358468
41.34175480064,16.5559,41.4104186007753,19.5581,3.0,16.67914,2.0,11.34591,-0.67021
41.375324700959,18.4487,41.4257304007187,15.5506,4.0,16.67989,3.0,11.73411,-0.219652
41.392136101611,20.6235,41.4424682008103,16.9488,3.0,16.68156,3.0,10.19057,-0.319671
41.392136101611,10.9638,41.4604408005252,17.3113,3.0,16.67914,3.0,9.86741,-0.381465
41.4104186007753,15.2337,41.4774251012132,15.8876,4.0,16.67853,3.0,12.52805,0.110741
41.4424682008103,19.1523,41.4919324014336,16.7351,4.0,16.67958,3.0,9.666971,1.345436
41.4604408005252,15.8361,41.5092093013227,14.8247,3.0,16.67922,3.0,11.29597,-1.56352
41.4604408005252,14.7823,41.5259107016027,18.4396,3.0,16.67842,2.0,12.21306,-0.382876
41.4919324014336,20.3272,41.5421939007938,16.4856,4.0,16.67996,3.0,9.049264,-0.409151
41.5092093013227,20.6224,41.5594114009291,17.6518,3.0,16.68163,3.0,8.94452,0.926795
41.5259107016027,11.448,41.5751319006085,13.5963,3.0,16.67942,3.0,13.27368,-0.052259
41.5421939007938,16.9872,41.5916768014431,18.7763,3.0,16.67955,2.0,10.79325,-0.765787
41.5594114009291,18.1632,41.6101375017315,17.908,3.0,16.68017,3.0,10.031,-0.639632
41.5751319006085,19.3288,41.6262282021344,14.3323,3.0,16.68129,3.0,10.94156,-0.004377
41.5916768014431,13.4323,41.6421630028635,18.609,3.0,16.67992,2.0,10.79419,-0.52487
41.5916768014431,14.131,41.6600520033389,16.7988,3.0,16.67885,3.0,11.69423,-0.881117
41.6262282021344,23.4727,41.6763513032347,14.8797,4.0,16.68171,3.0,12.55058,-0.505964
41.6421630028635,11.5597,41.6916103027761,16.7625,3.0,16.67955,2.0,10.45737,-0.610905
41.6421630028635,15.0195,41.7113016024232,18.7788,3.0,16.67885,3.0,9.610117,-0.672015
41.6763513032347,23.5813,41.7260422026739,15.0116,4.0,16.68176,3.0,12.70786,0.162875
41.6916103027761,10.5255,41.7446024036035,18.7837,3.0,16.67917,3.0,9.772205,-0.515468
41.7113016024232,19.4975,41.758751203306,12.8982,3.0,16.68035,3.0,11.35481,-0.068122
41.7260422026739,15.3065,41.7757993033156,17.02,3.0,16.67978,2.0,12.20072,0.310261
41.7260422026739,15.6807,41.7932782033458,19.5894,3.0,16.67936,2.0,9.800368,-0.500801
41.758751203306,21.3577,41.8095178036019,14.106,4.0,16.68132,3.0,9.346522,-0.682416
41.7757993033156,17.133,41.827382302843,17.7519,3.0,16.68151,2.0,10.63754,-0.319731
41.7932782033458,14.1204,41.8432003026828,17.6032,3.0,16.68043,3.0,9.566501,0.137999
41.8095178036019,19.5498,41.861192102544,17.7605,3.0,16.68164,3.0,9.766016,-1.069584
41.8095178036019,9.3188,41.8760999022052,15.2168,3.0,16.67855,3.0,12.60223,-0.357637
41.8432003026828,19.8702,41.8920909026638,14.3455,4.0,16.67989,3.0,9.273601,-1.324603
41.8432003026828,15.4092,41.9090444026515,19.4034,3.0,16.67936,2.0,10.70878,1.367031
41.8760999022052,16.8408,41.927330202423,17.4565,4.0,16.67942,3.0,11.22844,-0.692338
41.8920909026638,21.0667,41.9429655028507,14.1646,3.0,16.68126,3.0,9.646903,0.178198
41.9090444026515,12.7142,41.95888240356,17.7387,3.0,16.6796,2.0,13.12787,-0.10644
41.9090444026515,14.9251,41.9759594043717,16.3755,3.0,16.67887,3.0,10.47944,-0.731578
41.9429655028507,23.2094,41.9929638048634,17.3359,4.0,16.6816,3.0,10.4929,-0.925014
41.95888240356,12.3606,42.0093322051689,16.4155,3.0,16.67979,3.0,9.45314,-1.00675
41.9759594043717,16.308,42.0259996047243,17.4424,3.0,16.67964,3.0,11.85068,-0.050537
41.9929638048634,16.2794,42.0425797039643,14.1345,3.0,16.67947,3.0,10.58771,0.094949
42.0093322051689,17.0993,42.0591733036563,18.1299,3.0,16.67964,2.0,12.69555,-0.294911
42.0259996047243,18.0284,42.0773631045595,18.0648,3.0,16.68021,3.0,11.27744,-0.699259
42.0425797039643,19.5874,42.0925821047276,13.7502,3.0,16.68142,3.0,9.382551,0.290689
42.0591733036563,12.0399,42.109335904941,18.3903,3.0,16.67949,2.0,10.48381,0.436841
42.0773631045595,15.9351,42.1262364052236,17.1126,3.0,16.67917,3.0,10.37866,-0.04239
42.0925821047276,21.8366,42.1426438055933,16.8941,3.0,16.68132,3.0,10.53901,-0.062142
42.109335904941,11.9071,42.1596176046878,14.7013,3.0,16.67933,3.0,8.857659,0.314163
42.1262364052236,17.5653,42.1762705054134,16.75,3.0,16.6797,2.0,10.31989,-0.303203
42.1426438055933,17.5262,42.1932331062853,18.5883,3.0,16.68006,2.0,8.546742,-1.392636
42.1596176046878,20.3232,42.2112705055624,17.917,3.0,16.68157,3.0,10.22974,0.420081
42.1762705054134,16.7641,42.2284762058407,15.4154,3.0,16.6816,3.0,9.936703,-0.622195
42.1932331062853,12.3138,42.2429705057293,16.2882,3.0,16.67979,3.0,9.900436,0.018918
42.2112705055624,17.3779,42.2598258052021,17.6613,3.0,16.68008,3.0,12.02862,-0.146394
42.2112705055624,15.2661,42.2769558057189,16.1309,3.0,16.67949,3.0,10.7136,0.439842
42.2429705057293,17.0936,42.2937192060053,15.3617,4.0,16.67966,3.0,9.210982,-0.189043
42.2598258052021,17.0751,42.3095308057964,17.3924,3.0,16.67983,2.0,9.758694,-0.606697
42.2598258052021,14.2916,42.3264737054706,17.4478,3.0,16.67884,3.0,10.34036,1.491549
42.2937192060053,23.9601,42.3434831053019,14.9464,4.0,16.68185,3.0,8.073643,0.231101
42.3095308057964,11.059,42.359284305945,15.8991,3.0,16.67953,2.0,10.9283,1.041691
42.3264737054706,16.6831,42.3763778060675,18.8087,3.0,16.67953,2.0,12.12595,-0.570121
42.3434831053019,21.6358,42.3930731061846,17.1035,3.0,16.68158,3.0,9.291599,-0.795696
42.359284305945,16.0322,42.4086964065209,13.3159,3.0,16.68131,3.0,8.390009,-0.793665
42.3763778060675,12.946,42.4264207063243,19.366,3.0,16.67977,2.0,9.840421,-0.783134
42.3930731061846,17.5965,42.4429033054039,17.4061,3.0,16.68015,3.0,10.6428,-0.481511
42.4086964065209,18.956,42.4590249052271,13.7452,3.0,16.68109,3.0,9.855665,-0.519088
42.4264207063243,13.1253,42.4760387046263,16.9431,3.0,16.67962,2.0,12.64983,-0.512289
42.4429033054039,17.9274,42.4932498047128,18.9027,3.0,16.68013,2.0,10.08671,-0.546337
42.4590249052271,19.1766,42.5099473046139,16.9214,3.0,16.68116,3.0,11.96069,0.164447
42.4760387046263,17.0489,42.5274749053642,16.5502,3.0,16.68131,3.0,12.33529,-0.760585
42.4932498047128,12.8942,42.5426802057773,14.2234,3.0,16.67975,3.0,12.49574,-0.504617
42.5099473046139,17.5073,42.5590409059078,17.9202,3.0,16.68009,2.0,10.05345,1.025532
42.5274749053642,16.4196,42.5789575055242,19.5743,3.0,16.67999,2.0,9.686885,-0.731764
42.5426802057773,19.8696,42.593003205955,12.8884,3.0,16.6813,3.0,12.73922,-0.07566
42.5590409059078,15.7603,42.6103184055537,19.1133,3.0,16.68092,2.0,9.204468,-0.069436
42.5789575055242,15.0746,42.6261836048216,14.0147,3.0,16.68026,3.0,8.956164,-1.06953
42.593003205955,19.6721,42.6427973043174,16.7079,3.0,16.68149,2.0,12.65106,-0.523924
42.6103184055537,13.2639,42.6609461046755,19.6733,3.0,16.68008,2.0,10.55944,0.885964
42.6261836048216,19.8923,42.6784414052963,16.4815,3.0,16.6814,3.0,8.75353,-0.279064
42.6427973043174,16.5145,42.6935497056693,14.6695,3.0,16.68134,3.0,12.89092,0.161208
42.6609461046755,13.3771,42.7094548065215,17.5675,3.0,16.67998,2.0,11.28344,-0.216432
42.6784414052963,17.2734,42.7265235073864,17.4049,3.0,16.68022,3.0,8.772064,-1.009267
42.6935497056693,19.6277,42.7437391076237,14.926,3.0,16.68143,3.0,10.26049,-0.632402
42.7094548065215,11.8799,42.7599056083709,16.0925,3.0,16.67946,2.0,10.58273,-0.628973
42.7265235073864,18.3882,42.7766113076359,19.3311,3.0,16.68016,2.0,8.996267,-1.068358
42.7437391076237,20.294,42.7936751078814,14.6211,3.0,16.68164,3.0,12.7642,1.674557
42.7599056083709,15.4256,42.809277407825,16.4267,3.0,16.68113,2.0,12.54557,-0.195251
42.7766113076359,13.0967,42.8267561085522,18.9823,3.0,16.67966,3.0,9.688658,-0.941488
42.7936751078814,21.3657,42.8427092079073,13.5248,3.0,16.68158,3.0,13.12764,-0.499525
42.809277407825,11.687,42.8604944087565,19.7422,3.0,16.67954,2.0,9.038151,-1.157881
42.8267561085522,18.5011,42.8782724086195,17.746,3.0,16.68028,3.0,10.99839,1.043491
42.8427092079073,19.147,42.8927768087015,13.6476,3.0,16.68129,3.0,12.79912,0.365841
42.8604944087565,12.4643,42.9096489092335,17.5913,3.0,16.67957,3.0,10.96608,-0.05525
42.8604944087565,14.3727,42.9294118089601,18.0243,3.0,16.67863,3.0,10.46781,1.153159
42.8927768087015,18.5166,42.9430753085762,13.647,4.0,16.67938,2.0,9.132359,-0.950307
42.9096489092335,16.8609,42.9600106086582,18.9697,3.0,16.67945,2.0,10.30905,1.222184
42.9294118089601,30.6626,42.9773707091808,16.5955,3.0,16.68515,2.0,10.57284,-0.320527
42.9430753085762,12.6255,42.9930793084204,14.7216,3.0,16.6835,3.0,8.443507,-1.19991
42.9600106086582,13.0353,43.0111005082726,20.2735,3.0,16.68201,2.0,12.08382,-0.064093
42.9773707091808,11.3,43.0266451081261,12.9439,3.0,16.67982,3.0,10.79833,0.261649
42.9930793084204,20.5528,43.0436094077304,18.7782,3.0,16.68139,2.0,9.87041,-0.113026
43.0111005082726,12.6263,43.0600389083847,17.4204,3.0,16.67974,3.0,13.21449,0.122799
43.0266451081261,20.6752,43.0769564090297,14.0566,3.0,16.68137,3.0,10.52925,-0.389592
43.0436094077304,12.5626,43.0955833094195,18.8091,3.0,16.6797,2.0,8.683526,0.521043
43.0600389083847,17.7769,43.110428608954,16.6832,3.0,16.68014,3.0,12.1277,-0.12903
43.0769564090297,19.4325,43.1274258084595,17.0222,3.0,16.68126,3.0,10.07559,1.517264
43.0769564090297,12.1132,43.143299208954,13.9139,3.0,16.67941,3.0,10.26706,1.334528
43.110428608954,17.6114,43.1601179093122,19.0113,4.0,16.67978,2.0,9.70323,-0.68498
43.1274258084595,17.528,43.1770394090563,16.4856,3.0,16.68013,3.0,10.41694,-0.285488
43.143299208954,19.5545,43.1940382085741,17.0418,3.0,16.68129,3.0,10.30657,-0.166121
43.1601179093122,12.3628,43.2107511088252,16.4264,3.0,16.67954,3.0,9.50028,0.223195
43.1601179093122,14.3951,43.228879308328,17.493,3.0,16.67862,3.0,12.35269,0.161355
43.1940382085741,19.5878,43.2433150084689,13.5853,4.0,16.67979,3.0,12.41992,-1.074344
43.2107511088252,16.0779,43.2606324078515,18.9061,3.0,16.67955,2.0,9.255605,-0.631801
43.228879308328,18.6263,43.2774489084259,17.5868,3.0,16.68034,3.0,11.19324,-0.804458
43.2433150084689,18.8517,43.294272207655,14.5173,3.0,16.68122,3.0,10.83724,-0.200454
43.2606324078515,12.9935,43.309964007698,17.8334,3.0,16.67973,2.0,10.3632,-0.640498
43.2774489084259,18.265,43.3273655073717,15.2054,3.0,16.68037,3.0,12.55376,-0.485892
43.294272207655,20.1358,43.3441135073081,16.7498,3.0,16.68176,2.0,11.18655,0.312114
43.309964007698,12.317,43.3629510076717,20.4602,3.0,16.68,2.0,10.7785,-0.233729
43.3273655073717,20.5919,43.3778111077845,13.3784,3.0,16.68158,3.0,9.311792,-0.164461
43.3441135073081,16.2821,43.3938089068979,15.9851,3.0,16.68142,2.0,12.29899,-0.139939
43.3441135073081,12.1988,43.4136633072048,21.0276,3.0,16.67961,2.0,9.434029,-0.10376
43.3778111077845,21.6714,43.4268241068348,12.005,4.0,16.68162,3.0,10.56346,-0.73758
43.3938089068979,15.9706,43.4447022071108,17.6466,3.0,16.68134,2.0,10.29254,-0.168241
43.3938089068979,13.0343,43.4607624066994,18.4363,3.0,16.67987,2.0,9.65666,-0.192002
43.4268241068348,19.8202,43.476935907267,13.8286,4.0,16.68113,3.0,10.45588,-0.505119
43.4447022071108,18.3242,43.4936642078683,16.7924,3.0,16.68179,2.0,10.39964,-0.015566
43.4607624066994,11.4206,43.5106019070372,18.6926,3.0,16.67968,2.0,12.2583,-0.918939
43.476935907267,20.8486,43.5274307066575,17.0064,3.0,16.68135,3.0,10.49422,-1.106612
43.4936642078683,16.4729,43.5439732065424,16.4148,3.0,16.68127,3.0,10.68817,0.701568
43.5106019070372,12.597,43.5603245059028,14.4637,3.0,16.67963,3.0,9.716939,0.079722
43.5274307066575,17.0376,43.5771990055218,18.5988,3.0,16.67977,2.0,12.80431,-0.673724
43.5439732065424,17.2488,43.5961918057874,18.3091,3.0,16.68,3.0,10.70343,0.517825
43.5603245059028,19.9939,43.6123237060383,17.0448,3.0,16.68133,3.0,9.478078,0.158072
43.5771990055218,12.302,43.6269061062485,12.7769,3.0,16.67957,3.0,11.81952,-1.246481
43.5961918057874,18.8112,43.6442573070526,19.511,3.0,16.68043,2.0,9.892475,-0.257949
43.5961918057874,12.3152,43.6604129076004,16.8118,3.0,16.67868,3.0,9.775828,-0.165501
43.6269061062485,23.1601,43.6772743072361,15.2918,4.0,16.68128,3.0,11.57288,1.745624
43.6442573070526,13.2313,43.6938815079629,17.3997,3.0,16.67989,3.0,11.49045,-0.881931
43.6604129076004,17.6386,43.7122524082661,16.6025,3.0,16.68028,3.0,9.399001,-0.438286
43.6772743072361,14.9753,43.7288763076067,19.1821,3.0,16.6796,3.0,11.06168,0.317495
43.6938815079629,17.0254,43.7445705067366,12.6936,3.0,16.67973,3.0,8.961131,-0.128539
43.7122524082661,15.6547,43.7612299062312,16.6323,3.0,16.67932,2.0,12.73989,-0.128273
43.7288763076067,20.6942,43.7798803057522,19.948,3.0,16.68093,2.0,12.40911,0.194775
43.7445705067366,18.0834,43.7941757058725,13.287,3.0,16.68149,3.0,9.495739,0.393786
43.7612299062312,16.9038,43.8110635066405,18.7012,3.0,16.68158,2.0,12.07047,-0.316471
43.7612299062312,11.4619,43.8283338071778,16.8513,3.0,16.67949,3.0,11.00443,-0.941595
43.7941757058725,21.5121,43.8463927069679,16.896,4.0,16.68142,3.0,10.07491,-0.665619
43.8110635066405,12.1428,43.860146407038,16.7454,3.0,16.67961,3.0,8.995671,0.95258
43.8283338071778,17.06,43.877412006259,14.1961,3.0,16.67976,3.0,10.4565,-0.119488
43.8283338071778,15.9873,43.8958957064897,19.7386,3.0,16.67949,2.0,12.79112,-0.903356
43.860146407038,18.2276,43.9114121068269,15.6072,4.0,16.6801,3.0,10.06942,-0.557847
43.877412006259,20.2108,43.9281079061329,16.4709,3.0,16.68151,3.0,9.298588,-0.134983
43.877412006259,11.0633,43.9444907065481,14.94,3.0,16.67927,3.0,11.80646,-0.477852
43.8958957064897,14.9964,43.9626957066357,18.1695,4.0,16.6786,2.0,10.75185,-0.485396
43.9114121068269,17.0591,43.97770110704,17.624,4.0,16.67875,3.0,11.05608,-0.613003
43.9444907065481,23.7831,43.9945822078735,16.1892,4.0,16.68158,3.0,10.39975,-0.68881
43.9444907065481,11.0159,44.0122603084892,15.833,3.0,16.67933,3.0,10.6666,-0.367495
43.97770110704,19.0396,44.0294368080795,18.5167,4.0,16.68027,3.0,9.904703,-0.61557
43.97770110704,12.8279,44.0451231077313,15.9989,3.0,16.67874,3.0,12.45101,-0.574545
43.9945822078735,17.6611,44.06324560754,16.6919,4.0,16.67913,3.0,11.00259,-0.35448
44.0122603084892,17.2072,44.0769862076268,15.6579,4.0,16.67933,3.0,9.62067,-0.629084
44.0294368080795,14.9014,44.0943188080564,17.5901,4.0,16.67863,3.0,12.54574,-0.306939
44.0451231077313,18.8614,44.1112961089239,14.7095,4.0,16.6795,3.0,10.83578,-0.358094
44.0769862076268,16.7668,44.1299119098112,18.4186,4.0,16.67953,2.0,10.40488,-0.027563
44.0943188080564,18.2652,44.1447015097365,16.6492,3.0,16.68016,3.0,10.19224,0.622547
44.1112961089239,20.6265,44.1612151088193,17.021,3.0,16.68172,3.0,12.17039,0.671667
44.1112961089239,10.9875,44.178956608288,15.1296,3.0,16.67947,3.0,12.10186,-0.369426
44.1447015097365,16.9186,44.194836708717,17.9879,4.0,16.67956,2.0,10.19755,-0.181591
44.1612151088193,18.0988,44.2115791095421,16.9262,3.0,16.68012,2.0,8.963733,0.21658
44.178956608288,27.3207,44.2298645088449,17.672,3.0,16.68433,3.0,10.23273,0.32414
44.194836708717,9.8409,44.2470097085461,15.8035,3.0,16.68163,3.0,10.61819,-0.5492
44.2115791095421,12.2241,44.2613043086603,16.7213,3.0,16.67986,3.0,9.63792,-0.335327
44.2298645088449,17.383,44.2780598094687,14.1432,3.0,16.68014,3.0,10.18806,0.081044
44.2298645088449,15.3455,44.2947775097564,18.5225,3.0,16.67962,2.0,11.5037,-0.831885
44.2613043086603,18.1948,44.3112478097901,17.2192,4.0,16.68021,3.0,10.79353,-0.432663
44.2780598094687,20.1834,44.3283247100189,16.1388,3.0,16.6816,3.0,10.02616,-0.410629
44.2947775097564,11.2777,44.3445960106328,14.763,3.0,16.67946,3.0,11.75858,-1.450574
44.3112478097901,18.5907,44.3612495111302,18.7344,3.0,16.68022,2.0,12.54066,-0.431519
44.3112478097901,13.0728,44.3781323106959,17.3921,3.0,16.6788,3.0,10.41513,-0.615536
44.3445960106328,23.6576,44.3945128107443,15.1289,4.0,16.68155,3.0,9.993174,-1.174668
44.3612495111302,12.1537,44.4135341113433,17.5319,3.0,16.67976,3.0,13.35742,-0.8305
44.3781323106959,17.8341,44.4279670109972,16.0172,3.0,16.68022,3.0,10.67334,-0.320861
44.3945128107443,14.973,44.4471655106172,19.1426,3.0,16.67954,3.0,9.948768,-0.302014
44.3945128107443,16.4151,44.4613897101954,12.6887,3.0,16.67944,3.0,12.8825,0.461093
44.4279670109972,16.6309,44.4779997104779,17.9327,4.0,16.67942,2.0,12.62226,-0.932393
44.4471655106172,17.3497,44.4965823097154,18.3601,3.0,16.67969,3.0,10.40111,-1.203079
44.4613897101954,20.8924,44.5115463100374,13.8959,3.0,16.68134,3.0,10.16051,0.708322
44.4779997104779,12.4405,44.5280861109495,19.056,3.0,16.67967,2.0,10.29019,-0.641237
44.4965823097154,16.0593,44.545058010146,16.5088,3.0,16.67943,3.0,12.74768,-0.009296
44.5115463100374,21.9279,44.5633297096938,16.4258,3.0,16.68149,3.0,11.51108,-0.817681
44.5280861109495,12.0114,44.5781624093652,16.4127,3.0,16.67966,3.0,8.617737,-0.898166
44.545058010146,16.7189,44.5959411095828,19.1401,3.0,16.67967,3.0,12.4072,0.57123
44.545058010146,14.4823,44.6122684087604,14.2191,3.0,16.67881,3.0,9.979181,-0.57795
44.5781624093652,18.9263,44.6282088086009,16.4633,4.0,16.67969,3.0,12.64097,-0.234973
44.5959411095828,18.4925,44.6471247076988,17.3118,3.0,16.6804,3.0,12.61427,-0.975396
44.6122684087604,15.1402,44.6641188077629,18.6856,3.0,16.6798,3.0,9.62415,-0.58126
44.6282088086009,15.7746,44.6782419076189,12.4881,3.0,16.67945,3.0,9.826973,-0.050524
44.6282088086009,16.9541,44.6975365066901,19.2505,3.0,16.67955,2.0,11.8359,-0.493688
44.6641188077629,17.039,44.7122618062422,16.7661,4.0,16.6797,3.0,10.94876,-0.540532
44.6782419076189,20.701,44.7283553062007,14.1393,3.0,16.68127,3.0,10.21872,-0.150995
44.6782419076189,12.6476,44.7450084062293,16.5877,3.0,16.67969,2.0,11.98549,-1.189758
44.7122618062422,18.1575,44.7622618069872,19.2872,4.0,16.68027,2.0,12.57603,-0.455296
44.7283553062007,19.8161,44.7781714061275,13.9451,3.0,16.68149,3.0,9.918695,-1.167878
44.7450084062293,16.3709,44.7960268063471,19.4682,3.0,16.68137,2.0,11.97676,-0.06206
44.7622618069872,13.8539,44.8113595061004,15.2809,3.0,16.68027,3.0,12.2337,1.052572
44.7781714061275,19.7544,44.8315004054457,19.721,3.0,16.68147,3.0,9.930278,-1.155254
44.7960268063471,12.3815,44.8452827055007,12.6399,3.0,16.67979,3.0,13.08536,-0.95453
44.8113595061004,15.898,44.8634466063231,18.3062,3.0,16.67949,2.0,10.02543,0.23752
44.8113595061004,17.7511,44.8782192058861,16.3519,3.0,16.6799,3.0,8.956054,-0.86383
44.8452827055007,20.4786,44.8967677056789,17.7742,4.0,16.68138,3.0,11.98923,-0.584481
44.8452827055007,11.436,44.9120755055919,16.0755,3.0,16.67934,3.0,11.08078,-0.049777
44.8782192058861,17.362,44.9277657056227,14.2811,4.0,16.67961,3.0,9.74163,-0.925596
44.8967677056789,18.1655,44.944969506003,16.8419,3.0,16.68018,2.0,12.78328,-0.580815
44.9120755055919,15.0443,44.9621381061152,18.8138,3.0,16.67955,2.0,10.49228,-0.76056
44.9277657056227,20.5022,44.9782611066476,16.9043,3.0,16.68103,3.0,10.573,-0.445805
44.944969506003,17.3771,44.9949248069897,14.1585,3.0,16.6813,3.0,12.53372,-0.694201
44.9621381061152,12.6241,45.0114386072382,16.5973,3.0,16.67973,2.0,8.94036,-0.398643
44.9782611066476,16.465,45.0293619064614,19.9827,3.0,16.67965,2.0,12.67591,0.506215
44.9949248069897,20.7332,45.04489630647,13.5861,3.0,16.68122,3.0,10.58,-0.34959
45.0114386072382,16.9249,45.0625497065485,17.6222,3.0,16.68131,2.0,9.838643,-0.102673
45.0293619064614,14.1725,45.0781558062881,15.4209,3.0,16.68034,2.0,12.47019,-0.7963
45.04489630647,17.5298,45.0964901056141,20.739,3.0,16.68067,2.0,10.33939,-0.700127
45.0625497065485,19.0598,45.1126578059047,14.1989,3.0,16.68159,3.0,10.33337,-0.42167
45.0781558062881,15.6251,45.1286303065717,16.0012,3.0,16.68118,2.0,9.9841,-0.128987
45.0964901056141,14.0815,45.1458013057709,19.0474,3.0,16.68018,2.0,12.76303,-0.214982
45.1126578059047,19.9261,45.1617618054152,14.2107,3.0,16.68143,3.0,10.42757,-0.410933
45.1286303065717,16.7072,45.1790015045553,16.8564,3.0,16.68144,2.0,10.62289,-0.901972
45.1458013057709,12.6654,45.1960967052728,18.5862,3.0,16.67989,2.0,10.25978,-0.279111
45.1617618054152,20.7009,45.2125204056501,17.7104,3.0,16.68144,3.0,10.51313,-0.149538
45.1790015045553,16.7777,45.2305359058082,17.025,3.0,16.68148,3.0,9.705572,-0.003105
45.1960967052728,12.4558,45.2450683061033,12.6682,3.0,16.67985,3.0,12.79231,-0.991272
45.2125204056501,18.2137,45.2620771061629,19.2716,3.0,16.68044,2.0,10.57314,-0.262373
45.2125204056501,12.1217,45.2801436055452,17.466,3.0,16.67868,3.0,9.667405,-0.169874
45.2450683061033,23.2337,45.2954724058509,13.7107,4.0,16.68121,3.0,11.83097,1.459446
45.2620771061629,13.9263,45.3121438063681,18.2476,3.0,16.68015,2.0,10.68047,0.161036
45.2620771061629,13.2247,45.3289427068084,16.9263,3.0,16.67882,3.0,12.15577,-0.546474
45.2954724058509,22.9817,45.3452844060957,17.0721,4.0,16.68124,3.0,12.09255,1.111303
45.3121438063681,12.3537,45.3623117059469,14.6319,3.0,16.67958,3.0,8.306164,-0.895364
45.3289427068084,16.9787,45.3790733050555,18.704,3.0,16.67969,2.0,11.61387,0.175969
45.3452844060957,17.9697,45.3967040050775,17.5354,3.0,16.68019,3.0,12.2781,-0.328863
45.3623117059469,20.0234,45.4122927049175,15.7093,3.0,16.68147,3.0,7.957264,-0.996739
45.3790733050555,12.4632,45.4289884055033,14.7317,3.0,16.67985,3.0,12.63813,-0.769215
45.3967040050775,15.0971,45.4462555060163,18.7377,3.0,16.67924,2.0,11.66826,-0.541468
45.4122927049175,17.464,45.4625848056749,17.2959,3.0,16.67954,3.0,9.913339,-0.382496
45.4289884055033,21.463,45.4810321060941,17.3193,3.0,16.68138,3.0,12.76632,-0.535768
45.4462555060163,12.8465,45.4977129055187,15.1995,3.0,16.67991,3.0,12.65447,-0.835368
45.4625848056749,17.9358,45.5144438063726,16.7216,3.0,16.68039,3.0,10.6436,-0.621868
45.4625848056749,13.444,45.5293680066243,16.8563,3.0,16.67915,3.0,10.31847,-0.043141
45.4810321060941,17.639,45.547557505779,17.4992,4.0,16.67952,3.0,10.58447,1.106331
45.4977129055187,16.6867,45.562033305876,13.3148,4.0,16.67952,3.0,12.80117,-0.975547
45.5293680066243,17.6436,45.5786163052544,18.4302,4.0,16.67989,2.0,10.88674,-0.326625
45.547557505779,15.774,45.5961350044236,18.0352,3.0,16.67954,3.0,9.257269,-0.811918
45.562033305876,21.4793,45.6122340047732,14.025,3.0,16.68138,3.0,8.888247,-0.720295
45.5786163052544,11.9335,45.6288187047467,16.6185,3.0,16.67957,2.0,12.79222,-0.74149
45.5961350044236,18.5026,45.6462197052315,19.0443,3.0,16.68026,2.0,9.962218,-0.147223
45.6122340047732,19.2063,45.6643743058667,17.2118,3.0,16.68123,3.0,9.831895,-0.667046
45.6288187047467,16.645,45.6787943057716,14.464,3.0,16.68122,3.0,11.22089,-0.177675
45.6462197052315,13.4364,45.6963274050504,18.1216,3.0,16.67997,3.0,10.50172,-0.111704
45.6462197052315,15.3961,45.7127949055284,16.5102,3.0,16.67948,3.0,10.58215,1.828407
45.6787943057716,17.4541,45.7286671046168,16.9164,4.0,16.67978,3.0,8.079375,-0.481586
45.6963274050504,16.957,45.746230205521,14.8663,3.0,16.67989,3.0,12.071,-0.410579
45.7127949055284,16.5074,45.7626591064036,18.6431,3.0,16.67982,2.0,12.12069,0.14181
45.7286671046168,17.5372,45.7819624058902,19.0821,3.0,16.68015,3.0,8.848086,1.099647
45.746230205521,20.5876,45.7961350055411,12.2487,3.0,16.68164,3.0,12.24438,-1.31644
45.7626591064036,11.8626,45.8127285046503,18.8469,3.0,16.6798,2.0,10.21949,-0.709544
45.7626591064036,14.8188,45.830723005347,15.7159,3.0,16.67909,3.0,10.06235,-0.419148
45.7961350055411,22.6748,45.8463149052113,15.6788,4.0,16.68138,2.0,9.85184,-0.061021
45.8127285046503,13.7159,45.8628108054399,18.1804,3.0,16.68024,2.0,9.782644,-0.106024
45.830723005347,21.3987,45.8814843054861,17.712,3.0,16.68204,3.0,12.27075,-0.353279
45.8463149052113,15.5683,45.8963021058589,15.7399,3.0,16.68162,3.0,9.210421,0.425366
45.8628108054399,11.9394,45.9155498053879,18.7421,3.0,16.67981,3.0,10.28562,-0.494862
45.8814843054861,18.2964,45.9308559056371,15.5556,3.0,16.68043,3.0,10.49248,-0.349928
45.8963021058589,14.6587,45.945653906092,13.3666,3.0,16.67966,3.0,12.23393,-0.347264
45.8963021058589,17.1667,45.963084705174,18.9445,3.0,16.67985,2.0,10.74346,-0.20749
45.9155498053879,13.8321,45.981711005792,17.5718,4.0,16.67876,3.0,9.796728,0.211075
45.945653906092,23.5243,45.9959445055574,13.7524,4.0,16.68136,3.0,10.28786,0.684545
45.963084705174,12.3624,46.013010405004,19.5179,3.0,16.67972,2.0,11.13819,-1.317951
45.981711005792,18.4945,46.0292984042317,13.6966,3.0,16.68041,3.0,9.297325,-0.615981
45.9959445055574,19.3855,46.0466860048473,17.5996,3.0,16.68144,2.0,9.978155,-0.33974
46.013010405004,11.6666,46.0629523042589,17.759,3.0,16.67954,2.0,9.965651,0.814001
46.0292984042317,21.4232,46.080748103559,17.0593,3.0,16.68133,3.0,10.98278,-0.298366
46.0466860048473,17.4214,46.0983126033098,16.6551,3.0,16.68162,3.0,10.07714,-0.449828
46.0629523042589,11.7852,46.1127429036424,16.5151,3.0,16.67976,3.0,12.0508,0.570949
46.080748103559,17.3,46.1317734038457,18.3255,3.0,16.67999,3.0,10.31467,-0.185174
46.080748103559,15.4762,46.1460532033816,13.2907,3.0,16.67954,3.0,10.34253,-0.140006
46.1127429036424,17.4482,46.1634702039883,19.1787,4.0,16.67983,2.0,10.00075,0.578529
46.1317734038457,17.7013,46.179439404048,13.8285,3.0,16.68022,3.0,11.55827,0.951487
46.1460532033816,19.9421,46.1963828047737,16.972,3.0,16.68145,2.0,10.25011,-0.536128
46.1634702039883,12.7648,46.21284630429,18.2068,3.0,16.67997,2.0,10.00357,-0.377442
46.179439404048,20.6494,46.2297349041328,17.4769,3.0,16.68147,3.0,9.011413,-0.417856
46.1963828047737,16.5509,46.2462910050526,14.1994,3.0,16.68142,3.0,9.892028,-0.61072
46.21284630429,12.2365,46.2626330042258,18.0839,3.0,16.67974,2.0,9.847342,-0.171838
46.2297349041328,18.0871,46.2819183049724,19.014,3.0,16.68027,3.0,12.38916,-0.563734
46.2462910050526,20.0777,46.2959031052887,12.6329,3.0,16.68155,3.0,10.54422,-0.61183
46.2626330042258,11.5888,46.3130089044571,17.0216,3.0,16.67963,2.0,10.00274,-0.457492
46.2819183049724,18.4728,46.3296611048281,18.4873,3.0,16.68031,2.0,10.54603,-0.687909
46.2959031052887,19.1879,46.3465609047562,17.3496,3.0,16.68126,3.0,12.46393,1.599646
46.3130089044571,17.1032,46.3629449047148,14.0971,3.0,16.68141,3.0,10.40319,-0.561295
46.3296611048281,12.3975,46.3799002040178,18.6266,3.0,16.6798,2.0,9.693609,0.630583
46.3465609047562,17.9483,46.3970798049122,18.2448,3.0,16.68028,3.0,11.24385,-0.560602
46.3629449047148,19.9849,46.4140051044524,15.878,3.0,16.68152,3.0,10.39789,-0.676287
46.3799002040178,12.0376,46.4301110040396,15.7103,3.0,16.67978,3.0,11.05622,-0.224562
46.3970798049122,18.5552,46.446625104174,15.271,3.0,16.68048,3.0,8.592002,-0.403993
46.3970798049122,12.444,46.4633835032582,18.8595,3.0,16.67889,2.0,12.58409,-0.503624
46.4301110040396,18.3137,46.4805084038526,15.0055,4.0,16.6795,3.0,11.33206,-0.336783
46.446625104174,22.2689,46.4965164046735,16.2422,3.0,16.6816,2.0,9.655093,0.507243
46.4633835032582,13.4283,46.5147434044629,17.8852,3.0,16.68038,2.0,12.44122,-0.56127
46.4805084038526,20.546,46.5297804046422,15.095,3.0,16.68183,3.0,10.05958,0.448336
46.4965164046735,15.6223,46.5476257037371,19.8132,3.0,16.68143,2.0,10.23156,0.121132
46.4965164046735,11.1075,46.5627634041011,13.1557,3.0,16.67934,3.0,10.48737,-0.586369
46.5297804046422,22.2725,46.5799707043916,17.0952,4.0,16.68144,2.0,10.80976,0.413484
46.5476257037371,13.9254,46.5969577040523,18.9082,3.0,16.68041,2.0,8.348268,0.92063
46.5627634041011,18.9402,46.6150952037424,17.6921,3.0,16.68125,3.0,10.80967,-0.580365
46.5799707043916,17.033,46.6325883045793,16.1296,3.0,16.68139,3.0,11.02872,0.47414
46.5969577040523,12.6492,46.6460934048519,15.2817,3.0,16.67988,3.0,10.39927,0.09555
46.6150952037424,15.7495,46.6638066051528,17.6362,3.0,16.67953,3.0,8.388865,-0.495718
46.6150952037424,15.3345,46.680489805527,17.3212,3.0,16.67903,3.0,12.58616,-0.525886
46.6460934048519,18.0506,46.6976132048294,14.7935,4.0,16.67954,3.0,10.01575,-0.053278
46.6638066051528,17.6938,46.7154273046181,17.6623,3.0,16.67992,2.0,9.926318,-0.720546
46.680489805527,16.9354,46.7297980049625,16.0815,3.0,16.68001,3.0,12.47079,0.460986
46.6976132048294,21.286,46.7474988056347,17.6245,3.0,16.68173,3.0,12.56498,-0.893504
46.6976132048294,8.9671,46.764235005714,15.0057,3.0,16.67885,2.0,9.955346,0.92031
46.7297980049625,18.6633,46.7798136053607,15.7175,4.0,16.67959,2.0,12.69371,-0.350993
46.7474988056347,31.8112,46.7972371047363,19.0132,3.0,16.68523,2.0,9.904404,-0.114296
46.764235005714,12.8886,46.813357505016,17.121,3.0,16.68382,3.0,11.30119,-0.759136
46.7798136053607,9.5881,46.8320282055065,17.7299,3.0,16.68118,3.0,8.259093,-0.568842
46.7972371047363,12.6483,46.8481118055061,16.3259,3.0,16.67967,3.0,12.3037,-0.285726
46.813357505016,17.0716,46.8639002060518,15.7157,3.0,16.67982,3.0,10.67884,-1.247374
46.813357505016,14.2812,46.8819182058796,17.3789,3.0,16.67893,3.0,10.99934,-0.745622
46.8481118055061,19.7025,46.8971581058577,15.3384,4.0,16.68005,3.0,9.907226,-0.256556
46.8639002060518,16.2403,46.9135379055515,17.0058,3.0,16.67989,3.0,10.51287,-0.797284
46.8819182058796,16.7936,46.9303623056039,16.6414,3.0,16.67993,3.0,12.91402,-0.812829
46.8971581058577,16.4058,46.9468296049163,16.7809,3.0,16.67983,3.0,12.75486,-0.974374
46.9135379055515,16.315,46.9632031051442,15.343,3.0,16.67969,2.0,10.61808,0.252808
46.9303623056039,16.8744,46.9798516044393,15.676,3.0,16.67977,3.0,10.39333,-0.881932
46.9468296049163,22.4576,46.997394903563,19.6499,3.0,16.68191,2.0,12.91857,0.075628
46.9632031051442,10.5611,47.0126659031957,13.1422,3.0,16.67964,3.0,13.00399,-0.954441
46.9798516044393,21.2715,47.0305266026407,17.875,3.0,16.68134,2.0,9.698732,0.605668
46.997394903563,13.963,47.0488116033375,18.3006,3.0,16.68033,2.0,12.79467,0.150193
47.0126659031957,18.8116,47.0638529034331,17.3878,3.0,16.68113,3.0,11.85334,-0.618582
47.0305266026407,17.5369,47.0802527042106,14.159,3.0,16.68144,3.0,13.11413,-0.114713
47.0305266026407,11.3687,47.0969395050779,16.5969,3.0,16.67947,2.0,9.049807,-0.843201
47.0638529034331,17.8018,47.1138722049072,18.6821,4.0,16.67989,2.0,11.53738,-0.365889
47.0802527042106,20.8775,47.1327612055466,18.7648,3.0,16.68144,3.0,12.20931,0.198268
47.0969395050779,16.9304,47.1467864057049,12.5789,3.0,16.68154,3.0,9.846001,-0.10948
47.1138722049072,12.057,47.1648082053289,19.5938,3.0,16.67982,2.0,12.29999,1.20648
47.1138722049072,16.3156,47.1804325049743,15.6221,3.0,16.67969,3.0,12.14273,-0.9461
47.1467864057049,21.5325,47.197136904113,17.7909,4.0,16.68148,3.0,10.23978,-0.60058
47.1467864057049,10.5563,47.2139489045367,13.8443,3.0,16.67922,3.0,9.20782,0.810073
47.1804325049743,18.1446,47.2309172051027,17.03,4.0,16.67976,2.0,8.862,-0.579342
47.197136904113,17.1948,47.2480786042288,18.9079,3.0,16.67995,2.0,12.87328,-0.583057
47.2139489045367,20.8245,47.2634428041056,15.3559,3.0,16.68148,3.0,10.28253,-0.481734
47.2309172051027,17.1917,47.2809612033889,15.8428,3.0,16.68167,2.0,9.499742,-0.798426
47.2480786042288,12.2096,47.2999539030716,19.4607,3.0,16.68002,2.0,12.46306,-0.473014
47.2634428041056,19.626,47.3168020034209,17.8017,3.0,16.68111,3.0,10.89773,-0.377202
47.2809612033889,17.9186,47.3311086036265,14.6442,3.0,16.68156,3.0,10.65263,0.071046
47.2809612033889,11.9667,47.3504771031439,18.0091,3.0,16.67983,3.0,10.26161,-0.534698
47.2999539030716,16.8524,47.3638094030321,14.8237,4.0,16.67989,3.0,12.3097,-0.504343
47.3168020034209,14.126,47.3803386036307,17.3627,4.0,16.67895,2.0,10.28695,0.079412
47.3311086036265,19.4459,47.3992799036205,17.436,4.0,16.67997,3.0,9.427798,-0.289298
47.3638094030321,20.0594,47.4140832033008,14.8108,4.0,16.68121,3.0,10.40714,1.517509
47.3803386036307,14.2338,47.4310057032853,18.1085,3.0,16.68031,2.0,12.35049,0.050658
47.3992799036205,17.0304,47.4472872037441,16.3547,3.0,16.68044,3.0,10.2961,-0.015461
47.4140832033008,20.284,47.4645029045641,14.7421,3.0,16.68176,3.0,9.680191,-0.220983
47.4310057032853,12.226,47.4813155047596,18.6334,3.0,16.68013,2.0,9.040642,0.671826
47.4472872037441,17.0191,47.5001498050988,19.3329,3.0,16.68025,3.0,10.52686,-0.904118
47.4645029045641,20.516,47.5161339044571,14.6491,3.0,16.68166,3.0,10.48638,-0.985062
47.4813155047596,12.2322,47.53104870487,15.0371,3.0,16.68003,3.0,10.30437,-0.112327
47.5001498050988,18.6875,47.5479834051803,18.3828,3.0,16.68076,3.0,9.489018,-0.767589
47.5161339044571,15.9005,47.5646269051358,15.196,3.0,16.68048,3.0,12.85076,-0.847051
47.53104870487,16.2347,47.5802802043036,16.8256,3.0,16.68031,2.0,11.10163,-0.11928
47.5479834051803,17.3806,47.5982512040064,15.801,3.0,16.68057,3.0,9.748389,1.315846
47.5646269051358,20.4403,47.6144307041541,16.1932,3.0,16.68195,2.0,12.40445,-0.923538
47.5802802043036,10.2706,47.6311183040962,18.4183,3.0,16.6796,2.0,12.46938,-0.089418
47.5982512040064,22.793,47.6479601049796,17.836,3.0,16.68184,3.0,10.09935,-0.278003
47.6144307041541,16.0519,47.6650993051007,14.1869,3.0,16.68161,3.0,9.577138,-1.076623
47.6311183040962,12.1647,47.6843261057511,20.2341,3.0,16.67995,2.0,11.78752,-0.22037
47.6479601049796,18.1826,47.6980041060597,12.688,3.0,16.6805,3.0,10.348,-0.461617
47.6650993051007,20.3771,47.7152577061206,18.4039,3.0,16.68185,2.0,10.51912,2.169183
47.6650993051007,11.8514,47.7309925053269,17.4757,3.0,16.68009,2.0,10.28467,-0.366008
47.6980041060597,30.7683,47.7471645046026,13.2555,4.0,16.68523,3.0,12.09882,-0.436899
47.7152577061206,11.0686,47.7667819038033,19.6893,3.0,16.68318,2.0,10.13462,0.862656
47.7309925053269,11.4577,47.781228903681,16.695,3.0,16.68128,3.0,7.732408,-0.218989
47.7471645046026,16.5264,47.7994898036122,17.3606,3.0,16.68122,3.0,12.165,-0.405731
47.7471645046026,12.5992,47.8167634028941,16.1487,3.0,16.67973,3.0,10.00014,-0.019645
47.781228903681,17.4651,47.833219403401,16.3043,4.0,16.68002,3.0,10.96539,-0.304074
47.781228903681,15.3576,47.8482848033309,17.3351,3.0,16.67954,3.0,11.96343,0.975166
47.7994898036122,17.1515,47.8646581042558,14.0185,4.0,16.67971,3.0,10.47034,0.931321
47.8167634028941,16.4912,47.8828489035368,18.1667,4.0,16.67964,2.0,9.440574,-0.966443
47.8482848033309,19.0997,47.8971119038761,16.2383,4.0,16.68052,3.0,10.37553,-0.276207
47.8646581042558,19.3501,47.9150753039867,17.8747,3.0,16.68149,2.0,8.319379,-0.00963
47.8646581042558,11.189,47.9337893035263,16.8777,3.0,16.67949,3.0,9.441943,-0.709742
47.8971119038761,21.1086,47.9469427037984,14.6339,4.0,16.6811,3.0,12.75431,-0.319554
47.9150753039867,14.6236,47.9642679039389,18.209,3.0,16.68036,3.0,10.49273,-0.728591
47.9150753039867,13.1678,47.9812380038202,14.4885,3.0,16.67908,3.0,9.606542,-0.054728
47.9469427037984,17.5721,47.9981415029615,16.9554,4.0,16.67941,2.0,12.52895,-0.449962
47.9642679039389,18.9658,48.0166988037527,18.7408,3.0,16.68024,2.0,9.692891,-1.207423
47.9812380038202,19.9076,48.0312319034711,15.9769,3.0,16.68141,3.0,12.67773,0.853782
47.9981415029615,16.9767,48.0470418026671,16.467,3.0,16.68151,3.0,11.75666,-0.726758
47.9981415029615,11.5421,48.0651016021147,15.9503,3.0,16.67965,3.0,10.68092,1.132011
48.0312319034711,16.7078,48.0811782022938,16.2863,4.0,16.67966,2.0,10.29942,-0.735306
48.0470418026671,19.3488,48.0984532022849,18.4696,3.0,16.68063,2.0,10.33306,-0.017923
48.0651016021147,19.0602,48.1148534016684,16.6925,3.0,16.68149,3.0,10.49379,-0.709993
48.0811782022938,16.3244,48.1335936011747,18.3257,3.0,16.68136,3.0,8.850606,-0.453163
48.0984532022849,12.3976,48.1483605010435,15.3532,3.0,16.67981,3.0,12.23522,-0.663032
48.1148534016684,16.7469,48.167339800857,16.9906,3.0,16.67983,3.0,9.742493,-0.452474
48.1148534016684,16.3357,48.1811411008239,15.4508,3.0,16.67971,3.0,12.59306,-0.586947
48.1483605010435,16.9896,48.198253300041,17.9173,4.0,16.67982,3.0,12.30433,-0.92212
48.1483605010435,16.6991,48.2139280997217,13.1671,3.0,16.67983,3.0,10.77927,0.094745
48.1811411008239,16.383,48.2320469003171,19.5531,4.0,16.67972,2.0,9.979347,-1.022465
48.198253300041,18.625,48.2483511008322,17.3649,3.0,16.68042,3.0,12.46402,-0.615975
48.2139280997217,18.6049,48.2640494015068,13.236,3.0,16.68112,3.0,11.06215,-0.64333
48.2320469003171,13.0238,48.28297050111,19.0056,3.0,16.6798,2.0,8.728565,-0.422531
48.2483511008322,18.5267,48.298095501028,17.0409,3.0,16.68047,3.0,12.77538,-0.71751
48.2640494015068,18.4099,48.3167415009812,18.1719,3.0,16.68109,3.0,12.43513,-0.437189
48.2640494015068,12.1113,48.3323538005352,15.2554,3.0,16.67944,3.0,10.63073,0.035935
48.298095501028,17.9458,48.3481413014233,16.1966,4.0,16.6799,3.0,9.96111,0.362555
48.298095501028,15.8236,48.3645061012357,16.4295,3.0,16.67959,3.0,12.54529,-0.181434
48.3323538005352,17.8744,48.383691702038,18.4713,4.0,16.68002,3.0,10.60046,-0.458737
48.3481413014233,15.7511,48.3998165018857,15.1692,3.0,16.67969,3.0,9.035245,-0.35814
48.3645061012357,16.7257,48.414644301869,14.7367,3.0,16.6797,3.0,9.833234,0.09898
48.3645061012357,16.5748,48.4329972015694,18.3497,3.0,16.67966,2.0,10.80984,-0.5937
48.383691702038,16.0978,48.4498762013391,18.1751,4.0,16.67945,3.0,12.21674,0.23887
48.414644301869,22.1596,48.4650282012299,13.9278,4.0,16.68143,3.0,10.03852,-0.695774
48.414644301869,11.0413,48.4819155009463,17.7776,3.0,16.6794,2.0,11.7146,0.393382
48.4498762013391,17.1913,48.498279501684,17.4324,4.0,16.67958,3.0,12.15323,-1.053925
48.4650282012299,21.4372,48.5163928018883,17.3158,3.0,16.68129,3.0,10.95567,-0.492832
48.4819155009463,12.49,48.5314550017938,15.9173,3.0,16.67979,3.0,12.53432,-0.227785
48.498279501684,16.6017,48.5486422022805,15.4835,3.0,16.67976,3.0,9.396025,-0.254561
48.498279501684,15.6945,48.5650327028707,16.9906,3.0,16.67941,2.0,12.92683,0.564811
48.5314550017938,17.1122,48.5819758037105,18.3308,4.0,16.67956,3.0,12.51999,-1.155514
48.5486422022805,21.9232,48.5985731044784,14.5974,3.0,16.68144,3.0,10.28676,-0.121652
48.5650327028707,14.0211,48.6153790047392,16.4399,3.0,16.68049,2.0,9.274989,-0.137569
48.5819758037105,15.2964,48.6320697041228,18.2888,3.0,16.67999,2.0,9.829614,0.329519
48.5985731044784,20.78,48.6486896043643,16.8274,3.0,16.68146,3.0,11.22365,-0.215393
48.6153790047392,16.7283,48.6651017041877,17.1888,3.0,16.68147,3.0,10.26707,-0.854346
48.6320697041228,11.5643,48.6817398043349,14.1908,3.0,16.67964,3.0,9.627281,0.177561
48.6486896043643,17.1723,48.7004380049184,18.5967,3.0,16.67982,2.0,11.51379,0.258368
48.6651017041877,18.1991,48.7165216049179,16.262,3.0,16.68036,3.0,10.53745,-0.790867
48.6817398043349,19.6858,48.7316301045939,15.0004,3.0,16.68144,3.0,11.13074,-0.156587
48.6817398043349,10.0056,48.7488394053653,19.6276,3.0,16.67905,2.0,10.18683,-0.728461
48.7004380049184,17.5897,48.7663143062964,15.116,4.0,16.67938,3.0,11.87407,1.264019
48.7316301045939,22.1856,48.7816193066537,15.3448,4.0,16.68134,2.0,12.83999,0.679091
48.7488394053653,13.915,48.7980897072703,18.2451,3.0,16.68036,2.0,10.51856,-0.212461
48.7663143062964,21.1361,48.8159454073757,18.4577,3.0,16.68195,3.0,10.07518,0.38265
48.7816193066537,14.8788,48.832684006542,15.7517,3.0,16.6813,3.0,9.024109,-0.279181
48.7980897072703,12.1718,48.8491563070565,14.9266,3.0,16.6797,3.0,9.376561,-0.62821
48.8159454073757,17.8246,48.8649865072221,17.9315,3.0,16.6801,2.0,10.34605,-0.485104
48.8159454073757,14.0988,48.8817018065602,14.7193,3.0,16.67918,3.0,9.650481,-0.78457
48.8491563070565,23.8557,48.8989826068282,18.8592,4.0,16.68174,2.0,10.98761,-0.983636
48.8649865072221,11.5962,48.9152962062508,16.9776,3.0,16.67993,3.0,10.6602,-1.035976
48.8817018065602,20.9118,48.9321909062564,14.7561,3.0,16.68143,3.0,10.70377,-0.152416
48.8989826068282,12.0869,48.9495935067534,17.2257,3.0,16.6798,2.0,10.60394,-1.570651
48.9152962062508,17.846,48.9675203058869,19.2031,3.0,16.68022,2.0,11.93978,-0.404886
48.9321909062564,20.2254,48.9846497066319,15.8388,3.0,16.68148,3.0,12.94522,-0.103811
48.9495935067534,17.3499,48.9987001065165,14.0902,3.0,16.68171,3.0,9.977751,-0.439985
48.9495935067534,10.9505,49.0158115066588,19.0592,3.0,16.67968,2.0,13.51489,-0.697275
48.9675203058869,15.0806,49.032508905977,16.9006,4.0,16.67911,3.0,12.32121,-0.723465
48.9987001065165,22.7763,49.0486414059997,14.089,4.0,16.68127,3.0,10.70769,-0.437708
49.0158115066588,13.1772,49.0662760064006,17.668,3.0,16.68003,2.0,9.996275,0.175067
49.032508905977,17.5592,49.0816603060812,16.9269,3.0,16.68034,2.0,12.52096,-0.887223
49.0486414059997,19.9641,49.0990936066955,18.0314,3.0,16.68151,3.0,12.60191,0.396887
49.0662760064006,17.2636,49.1150641068816,13.8353,3.0,16.68171,3.0,10.59683,-0.593234
49.0816603060812,10.8514,49.1327370069921,17.4683,3.0,16.67965,2.0,8.512923,-0.568796
49.0990936066955,18.8263,49.148317206651,17.3495,3.0,16.68041,2.0,12.62141,-0.446048
49.1150641068816,19.1235,49.1682078074664,18.8079,3.0,16.68127,3.0,9.704034,-0.1651
49.1327370069921,17.5862,49.1829391075298,14.1635,3.0,16.68159,3.0,10.7622,0.244018
49.148317206651,11.1775,49.1996854068711,19.4227,3.0,16.67965,2.0,9.650048,-0.994103
49.1682078074664,19.2231,49.2162502063438,13.7807,3.0,16.68055,3.0,12.4916,-0.132324
49.1829391075298,20.0332,49.2331368057057,18.6879,3.0,16.68173,2.0,12.14368,1.548369
49.1996854068711,12.3718,49.2495539048687,16.8306,3.0,16.68021,3.0,9.913003,1.488943
49.2162502063438,20.5186,49.2664151052013,15.9581,3.0,16.68156,3.0,11.23922,-0.051647
49.2331368057057,12.3251,49.2835981054232,16.2712,3.0,16.68002,3.0,12.08083,1.468703
49.2495539048687,16.0916,49.2990321051329,15.4381,3.0,16.67982,2.0,9.295257,-0.716065
49.2664151052013,17.6346,49.31648600474,17.4392,3.0,16.68015,2.0,8.168347,-0.842833
49.2835981054232,21.493,49.3330479040742,18.3403,3.0,16.68185,2.0,10.2089,1.358456
49.2990321051329,15.1675,49.3509054034948,15.5539,3.0,16.68132,3.0,8.881365,-0.504383
49.31648600474,17.9518,49.365972103551,16.8906,3.0,16.68177,3.0,10.73593,-0.244122
49.3330479040742,12.4261,49.3826452028006,16.5674,3.0,16.68027,3.0,10.05264,-0.647849
49.3330479040742,12.9465,49.3988222032785,17.0677,3.0,16.67895,3.0,9.296083,-0.1073
49.365972103551,19.0274,49.4160795025527,14.8783,4.0,16.67978,3.0,11.16492,0.024449
49.3826452028006,16.8522,49.4326335024089,18.2845,3.0,16.67984,2.0,9.739049,0.716322
49.3988222032785,17.9098,49.4509559031576,16.5013,3.0,16.68027,3.0,10.0656,-0.414441
49.4160795025527,20.2716,49.4676695037633,18.6426,3.0,16.68154,3.0,12.00835,-0.289618
49.4326335024089,11.6902,49.4824333041906,12.8237,3.0,16.67978,3.0,10.05268,-0.028432
49.4326335024089,16.1395,49.4989676047117,16.6028,3.0,16.67959,2.0,7.400241,-0.063402
49.4509559031576,16.7099,49.5160449054092,18.6503,4.0,16.6796,2.0,9.430118,-1.080272
49.4824333041906,21.6899,49.5328465048224,16.9491,4.0,16.68136,3.0,11.07463,0.197528
49.4989676047117,16.7097,49.5494401045144,17.4356,3.0,16.68137,3.0,9.370702,-0.310972
49.5160449054092,12.2851,49.566122405231,15.6424,3.0,16.67983,3.0,10.86047,-0.306609
49.5328465048224,16.8693,49.5828153043985,16.1346,3.0,16.67989,3.0,10.71247,-0.164764
49.5494401045144,18.4152,49.5994587037712,17.047,3.0,16.6805,3.0,11.59327,0.294232
49.566122405231,14.3361,49.6181820034981,17.2749,3.0,16.67968,3.0,12.08311,1.355928
49.5828153043985,17.131,49.6328923031688,16.3115,3.0,16.67984,3.0,10.34256,-0.130563
49.5994587037712,16.9729,49.649566102773,17.5905,3.0,16.67994,3.0,9.185868,0.368246
49.5994587037712,16.0747,49.6663313023746,14.3686,3.0,16.67973,3.0,11.68737,-0.507188
49.6328923031688,17.1811,49.6838521026075,19.1813,4.0,16.6799,2.0,8.127463,-1.023066
49.649566102773,18.3134,49.7002599034458,17.1512,3.0,16.68048,3.0,12.12505,1.080556
49.6663313023746,19.874,49.7161472029984,13.3828,3.0,16.68159,3.0,10.40469,-0.322477
49.6838521026075,12.9269,49.7329486031085,16.87,3.0,16.68028,2.0,9.608266,0.243404
49.7002599034458,17.6999,49.7507514022291,17.8172,3.0,16.68064,2.0,13.03804,0.093066
49.7161472029984,18.7758,49.766344002448,17.1516,3.0,16.68137,2.0,10.02778,0.686756
49.7329486031085,16.9379,49.7829742031172,16.8836,3.0,16.68146,3.0,10.0092,0.035815
49.7507514022291,18.5596,49.7996491035447,16.7251,3.0,16.68212,3.0,9.327834,-0.374207
49.766344002448,10.5102,49.8179505029693,17.2914,3.0,16.67996,3.0,9.863944,0.372171
49.7829742031172,16.8125,49.8327547032386,14.0191,3.0,16.68001,3.0,10.23489,-1.167324
49.7996491035447,16.7268,49.8501184023917,18.9788,3.0,16.68002,2.0,9.574907,0.096881
49.8179505029693,17.8895,49.8680151030421,17.6906,3.0,16.68044,3.0,12.24313,0.547523
49.8327547032386,19.7759,49.8832354033366,13.6574,3.0,16.68152,3.0,10.75812,-1.395059
49.8501184023917,12.5532,49.9000835036859,18.4559,3.0,16.68008,2.0,11.19392,-0.773065
49.8680151030421,17.1574,49.9164952030405,14.8406,3.0,16.68025,3.0,10.00038,-0.459801
49.8832354033366,20.3423,49.9345631031319,19.8421,3.0,16.68153,2.0,9.803259,-0.248337
49.8832354033366,9.6213,49.9516340037808,15.1631,3.0,16.67907,3.0,11.84727,0.872656
49.9164952030405,23.4549,49.9666555039585,16.7329,4.0,16.68143,3.0,10.3178,-0.503595
49.9164952030405,9.811,49.9841869045049,17.6211,3.0,16.67904,2.0,12.51614,-1.403556
49.9345631031319,18.5187,50.0005476046354,16.0241,4.0,16.67967,2.0,12.24164,0.000116
49.9666555039585,27.7211,50.0174856055528,15.6892,4.0,16.68352,3.0,10.17959,-0.617212
49.9841869045049,11.9662,50.0340463053435,16.5286,3.0,16.68188,3.0,10.88036,-0.089802
50.0005476046354,10.8259,50.0502383057028,17.2268,3.0,16.67984,3.0,11.08978,-0.260012
50.0005476046354,15.2031,50.06564280577,14.3414,3.0,16.67933,3.0,11.82811,0.316954
50.0174856055528,16.1209,50.0846586059779,19.0251,4.0,16.67913,2.0,12.2201,-0.138456
50.0340463053435,16.7244,50.1010533068329,16.2463,4.0,16.67915,3.0,10.43201,0.725422
50.06564280577,22.4531,50.1172037068754,16.1588,4.0,16.68115,3.0,10.41925,-0.729807
50.06564280577,10.2942,50.1346010062844,18.4884,3.0,16.67894,3.0,8.772056,-0.300829
50.0846586059779,17.9659,50.1491404064,13.4455,4.0,16.67938,3.0,10.10058,-1.267953
50.1010533068329,16.1436,50.1683877073228,19.197,4.0,16.6792,2.0,9.793107,0.067723
50.1172037068754,17.5088,50.1848396081477,17.5107,4.0,16.67949,3.0,11.01993,-0.248976
50.1491404064,21.2487,50.200566008687,16.3282,4.0,16.68107,3.0,9.781053,-1.220641
50.1491404064,12.5996,50.2168799079955,16.7075,3.0,16.67965,3.0,13.29888,-0.097706
50.1683877073228,16.4071,50.2347219083458,15.9317,4.0,16.67956,3.0,10.42358,-0.555148
50.1848396081477,14.4767,50.2505823075771,15.8338,4.0,16.6788,3.0,9.739041,0.631554
50.200566008687,16.5515,50.2677679080516,18.3252,4.0,16.67875,3.0,13.18791,0.311064
50.2168799079955,17.2615,50.2842305079103,16.9209,4.0,16.67896,3.0,10.86115,-0.620356
50.2347219083458,17.5238,50.2994830077514,14.072,4.0,16.67925,3.0,10.49725,-0.855041
50.2505823075771,17.1545,50.3181639080867,18.2869,4.0,16.67941,2.0,9.004436,1.578257
50.2677679080516,15.2919,50.3348226072267,16.5597,4.0,16.67893,3.0,10.42936,0.283193
50.2994830077514,23.5897,50.3494218075648,16.9182,4.0,16.68132,3.0,10.91404,-0.762062
50.2994830077514,11.5199,50.3662198083475,15.5426,3.0,16.67954,3.0,11.16514,0.051083
50.3181639080867,16.5929,50.3828131081536,15.5784,4.0,16.67951,3.0,9.373407,0.546485
50.3494218075648,18.6867,50.3996466072276,18.5923,4.0,16.6802,2.0,10.88856,-0.428997
50.3662198083475,15.1139,50.4170736065134,16.5799,3.0,16.67966,3.0,12.83152,-0.210579
50.3828131081536,21.1149,50.4340746058151,16.1331,3.0,16.68119,3.0,11.16101,-0.551365
50.3996466072276,12.3845,50.4515542061999,17.4749,3.0,16.67971,3.0,9.653297,0.396177
50.3996466072276,14.9999,50.4677478065714,17.4763,3.0,16.67913,3.0,12.41798,-0.754128
50.4170736065134,16.8319,50.4845769060776,17.5255,4.0,16.67918,3.0,11.31697,-0.241788
50.4340746058151,17.6417,50.5018860055134,15.4791,4.0,16.67951,3.0,10.56702,-0.549648
50.4515542061999,16.1139,50.5171417053789,15.4497,4.0,16.67932,3.0,9.930428,-0.285634
50.4677478065714,14.988,50.5345039051026,18.2098,4.0,16.67874,3.0,10.69059,-0.357424
50.4845769060776,16.6768,50.5504779051989,16.4692,4.0,16.67874,3.0,11.88795,-0.232314
50.5018860055134,17.6477,50.5688081048429,16.5012,4.0,16.67907,3.0,11.57733,-0.250572
50.5171417053789,17.51,50.5845670048147,15.8443,4.0,16.67935,3.0,9.928324,-0.286816
50.5345039051026,14.7962,50.6006674040109,17.8869,4.0,16.67871,3.0,12.01171,-0.555436
50.5504779051989,19.3522,50.6170791033655,16.2347,4.0,16.67963,3.0,12.25457,-0.6145
50.5688081048429,15.7653,50.6332019027323,14.7074,4.0,16.67931,3.0,10.64872,0.052236
50.5845670048147,16.3655,50.6513706035912,18.0974,4.0,16.6792,2.0,10.49994,0.433383
50.6006674040109,15.3075,50.6680611036718,18.2399,4.0,16.67873,3.0,9.9914,-0.769195
50.6332019027323,24.0437,50.6844502035528,15.0178,4.0,16.68126,3.0,12.47806,-0.237273
50.6332019027323,11.2802,50.7009613029659,16.4218,3.0,16.67941,3.0,10.57132,0.553371
50.6513706035912,16.731,50.7174455020577,16.3303,4.0,16.67942,3.0,10.9893,-0.811785
50.6680611036718,16.2742,50.7338748015463,17.5597,4.0,16.67929,3.0,12.66227,-1.006831
50.6844502035528,16.3931,50.7506816014647,17.3696,4.0,16.67919,3.0,9.716229,0.165274
50.7009613029659,16.5956,50.7672243006527,15.0187,4.0,16.67916,3.0,11.28059,0.192871
50.7338748015463,18.6729,50.7844738997519,16.9873,4.0,16.67984,3.0,12.61943,0.008187
50.7338748015463,13.0522,50.8013061005622,18.5836,3.0,16.6786,3.0,11.05673,-0.813097
50.7506816014647,17.7281,50.8170082010329,15.533,4.0,16.67896,3.0,9.278729,-0.817926
50.7672243006527,17.6114,50.8331685010344,16.4206,4.0,16.67928,3.0,10.20851,-0.241955
50.8013061005622,16.9516,50.8515475001186,16.523,4.0,16.67937,3.0,11.9683,-0.590256
50.8013061005622,14.8957,50.869020499289,17.499,3.0,16.67876,3.0,10.71253,-0.391371
50.8170082010329,16.5057,50.8848432991654,16.9806,4.0,16.6787,3.0,12.67025,0.355014
50.8331685010344,18.738,50.90117639862,16.8386,4.0,16.67941,3.0,10.49506,-0.346562
50.8515475001186,17.4813,50.9188601989299,16.0921,4.0,16.67968,3.0,10.19557,0.522161
50.869020499289,15.6222,50.9344840990379,15.6711,4.0,16.67932,3.0,12.12119,-0.607448
50.8848432991654,14.9249,50.9513573991135,18.7713,4.0,16.67872,3.0,11.57796,-0.166557
50.90117639862,19.1838,50.9671107986942,15.9209,4.0,16.67957,3.0,9.057939,-0.178387
50.9188601989299,15.7701,50.9847314981744,15.7166,4.0,16.67926,3.0,9.899348,-0.712229
50.9513573991135,17.0351,51.0024468982592,17.754,4.0,16.67939,3.0,12.48636,0.256629
50.9513573991135,14.7646,51.0185074983165,17.2991,3.0,16.67873,3.0,10.10969,-1.052478
50.9671107986942,16.7661,51.0346723990515,16.4073,4.0,16.67876,3.0,9.889329,-0.280625
50.9847314981744,18.5296,51.0501389987767,15.8121,4.0,16.67939,3.0,12.47987,-0.956232
51.0024468982592,16.9219,51.0671006981283,16.7641,4.0,16.67948,3.0,11.49348,-0.014239
51.0185074983165,15.1163,51.0856341980398,16.7693,4.0,16.67894,3.0,11.24982,-1.099711
51.0501389987767,18.9202,51.101553697139,17.6734,4.0,16.67971,3.0,9.899332,0.077044
51.0671006981283,16.8174,51.1173571962863,15.5258,3.0,16.67975,3.0,12.74554,0.143599
51.0671006981283,16.2809,51.1341607961804,17.0667,3.0,16.67962,3.0,11.95731,0.204554
51.101553697139,16.2018,51.1519170962274,15.9846,4.0,16.67946,3.0,11.29046,0.054247
51.101553697139,15.0949,51.167826095596,17.625,3.0,16.67892,3.0,9.167101,0.29884
51.1173571962863,16.9518,51.1857223957777,17.3747,4.0,16.67901,3.0,11.68145,0.000516
51.1341607961804,18.0099,51.2011866960675,15.9497,4.0,16.67946,3.0,8.939753,0.133399
51.167826095596,18.1422,51.2186565957963,15.742,4.0,16.67996,3.0,11.84046,0.715045
51.167826095596,15.5238,51.2348632961512,16.1721,3.0,16.67957,3.0,9.836384,-0.538209
51.1857223957777,15.045,51.2508602961898,15.9907,4.0,16.67901,3.0,9.682501,0.221039
51.2011866960675,17.8818,51.2693308964372,19.4443,4.0,16.67942,3.0,10.40685,0.062721
51.2186565957963,16.3335,51.2837708964944,14.8449,4.0,16.6793,3.0,10.82331,0.372155
51.2348632961512,15.8408,51.3013444971293,17.9634,4.0,16.67902,3.0,12.06766,-0.319295
51.2508602961898,17.7114,51.318525897339,16.7348,4.0,16.67937,3.0,11.31198,-0.333072
51.2693308964372,14.9483,51.3353349976242,15.4425,4.0,16.67878,3.0,9.652445,-0.83531
51.2837708964944,17.2421,51.3520805984735,16.5993,4.0,16.67897,3.0,10.77849,-0.287681
51.3013444971293,16.2714,51.368694499135,16.7665,4.0,16.67883,3.0,10.56467,-0.394152
51.318525897339,18.4569,51.3851372990757,17.7407,4.0,16.67944,3.0,10.67741,0.211769
51.3353349976242,16.6893,51.4012769982219,16.5763,4.0,16.67944,3.0,10.29098,1.33588
51.3520805984735,16.7349,51.4183245990425,15.2692,4.0,16.67946,3.0,12.09415,-0.64862
51.3851372990757,17.949,51.4344807993621,16.0862,4.0,16.67989,3.0,10.49013,-0.79972
51.3851372990757,13.4699,51.4519385993481,18.7959,3.0,16.6788,3.0,10.67472,-0.39598
51.4012769982219,17.8128,51.4682796001434,16.7023,4.0,16.67919,3.0,8.70512,-0.266406
51.4183245990425,16.5054,51.4858679007739,15.9803,4.0,16.67913,3.0,12.56252,-0.389499
51.4344807993621,16.004,51.5000165011734,15.9266,4.0,16.6789,3.0,12.64198,-0.306001
51.4519385993481,16.1311,51.5179630015045,16.233,4.0,16.67871,3.0,10.67281,-0.37288
51.4682796001434,18.8367,51.5358618013561,17.8293,4.0,16.67944,3.0,10.4056,-0.406918
51.5000165011734,16.9732,51.5513595016673,16.9448,4.0,16.67954,3.0,9.651801,0.610042
51.5000165011734,15.2279,51.5671700024977,15.9062,3.0,16.67905,3.0,10.69118,-0.307786
51.5179630015045,17.233,51.5850120028481,16.2374,4.0,16.67924,3.0,11.23352,-0.30869
51.5513595016673,16.7081,51.60147570353,16.5267,4.0,16.67925,3.0,10.86816,-0.234866
51.5513595016673,15.1284,51.6184449037537,18.316,3.0,16.67873,3.0,10.27849,0.621358
51.5671700024977,18.0904,51.6344808032736,16.1989,4.0,16.6792,3.0,10.64369,0.282778
51.5850120028481,16.4723,51.6515555037186,17.2285,4.0,16.67913,3.0,9.729266,-0.450059
51.60147570353,17.1878,51.6691392036155,15.8389,4.0,16.6793,3.0,12.04204,-0.341496
51.6184449037537,15.0566,51.6852060044184,16.1345,4.0,16.67876,3.0,9.548222,0.789235
51.6344808032736,16.7353,51.702315303497,17.1907,4.0,16.67878,3.0,9.077859,-0.301324
51.6515555037186,18.3963,51.7180284028873,15.5521,4.0,16.67935,3.0,12.3769,-0.350783
51.6691392036155,16.5402,51.7357487035915,17.9495,4.0,16.67931,3.0,12.18546,-0.366489
51.6852060044184,16.9636,51.7532733036205,18.4899,4.0,16.6794,3.0,11.05342,-0.349411
51.702315303497,15.1261,51.7684570038691,15.6145,4.0,16.67888,3.0,10.58388,-0.624755
51.7180284028873,17.6736,51.7849243031815,16.7403,4.0,16.67921,3.0,10.38199,0.113801
51.7357487035915,18.3263,51.8017704030499,14.9804,4.0,16.67977,3.0,10.33771,0.750317
51.7532733036205,13.398,51.8187486035749,16.991,4.0,16.67867,3.0,9.723455,-0.273933
51.7684570038691,16.4239,51.8359835026786,17.2525,4.0,16.67858,3.0,12.3889,-0.005783
51.7849243031815,18.562,51.8532231030986,18.7964,4.0,16.67921,2.0,10.09338,-0.30755
51.8017704030499,16.874,51.8670196030289,12.435,4.0,16.67928,2.0,9.083533,1.091883
51.8359835026786,28.8303,51.8859458025545,18.7401,4.0,16.68335,2.0,12.10668,0.897648
51.8532231030986,14.0966,51.902337603271,16.2872,3.0,16.68248,3.0,10.33505,-0.184327
51.8670196030289,11.1876,51.9186047036201,17.4822,3.0,16.68064,3.0,12.16402,0.678198
51.8670196030289,11.2258,51.9355624038726,15.8787,3.0,16.67882,3.0,9.007452,-0.479518
51.8859458025545,17.4983,51.9517778046429,16.2041,4.0,16.67909,3.0,10.53203,0.622342
51.902337603271,17.2385,51.9687189050019,16.9982,4.0,16.67928,3.0,10.4719,0.522715
51.9186047036201,15.1546,51.9850562047213,16.3757,4.0,16.67877,3.0,9.534718,-0.018018
51.9355624038726,18.0107,52.0011504050344,17.4205,4.0,16.67921,3.0,10.20176,-1.283267
51.9517778046429,16.755,52.0189062058926,17.9596,4.0,16.67924,3.0,11.19328,1.101384
51.9687189050019,16.1115,52.0338751059026,13.4472,4.0,16.67905,3.0,11.31952,0.075447
51.9850562047213,16.529,52.0522858053446,18.3405,4.0,16.679,2.0,10.79587,0.294064
52.0011504050344,15.8706,52.069065304473,18.3509,4.0,16.67873,3.0,13.12942,0.934967
52.0338751059026,23.8374,52.0853000041097,14.6282,4.0,16.68112,3.0,10.78985,-1.192918
52.0338751059026,10.9621,52.102794604376,17.6546,3.0,16.67921,3.0,11.22464,0.209297
52.069065304473,17.2892,52.1188291050494,15.8801,4.0,16.67941,3.0,11.74713,0.332343
52.069065304473,16.0597,52.1355383042246,18.1825,3.0,16.67921,3.0,9.934718,0.213283
52.0853000041097,17.5473,52.1517473049462,16.424,4.0,16.6795,3.0,13.1663,-0.144215
52.102794604376,16.113,52.1693105045706,15.7558,4.0,16.67931,3.0,10.65746,-0.517569
52.1355383042246,18.4065,52.1855102051049,16.2921,4.0,16.67988,3.0,9.823217,-1.131024
52.1355383042246,14.0207,52.2006538053975,17.5868,3.0,16.679,3.0,10.17101,-0.758871
52.1517473049462,18.0007,52.2179446062073,16.3973,4.0,16.67944,3.0,10.14397,0.434918
52.1693105045706,16.032,52.2359814057127,16.5406,4.0,16.67922,3.0,10.89742,-0.919014
52.2006538053975,18.0685,52.2516941064969,15.6445,4.0,16.67968,3.0,11.74357,-0.168346
52.2006538053975,13.9552,52.2689867066219,18.7269,3.0,16.67878,3.0,10.09138,-0.334683
52.2179446062073,18.4534,52.2864065067843,17.6317,4.0,16.67937,3.0,9.850214,-1.10139
52.2359814057127,15.6995,52.3027511062101,15.0366,4.0,16.67904,3.0,12.45955,-1.00359
52.2516941064969,17.4828,52.3196642054245,16.4756,4.0,16.67931,3.0,10.85608,-1.049249
52.2689867066219,15.4879,52.3360363049433,17.7221,4.0,16.67891,3.0,10.97659,-0.859508
52.2864065067843,18.0994,52.3517568046227,16.313,4.0,16.67938,3.0,10.73519,-0.067116
52.3027511062101,16.938,52.369080604054,15.446,4.0,16.67947,3.0,11.87225,0.186355
52.3196642054245,16.5942,52.3861217042431,17.0983,4.0,16.67944,3.0,12.97441,-0.796826
52.3360363049433,15.1068,52.4028543038294,17.9191,4.0,16.67892,3.0,11.06272,0.522861
52.3517568046227,16.1862,52.4197113038972,17.3482,4.0,16.67876,3.0,11.16595,0.591043
52.369080604054,18.5495,52.4361529042944,14.7506,4.0,16.67938,3.0,11.71363,-0.244893
52.3861217042431,16.7589,52.4524947041646,16.4953,4.0,16.6794,3.0,10.91864,-0.165328
52.4028543038294,15.1246,52.4691407037899,18.2725,4.0,16.67889,3.0,10.11766,-0.366797
52.4197113038972,18.3333,52.4849634030834,15.6714,4.0,16.67944,3.0,9.271693,-0.153351
52.4361529042944,16.1826,52.5024311030284,15.7945,4.0,16.67927,3.0,10.47503,1.476542
52.4691407037899,16.9196,52.5196249028668,17.1627,4.0,16.67935,3.0,11.6846,0.524616
52.4691407037899,15.1633,52.5358129022643,16.2067,3.0,16.67885,3.0,10.17595,-0.057796
52.4849634030834,18.0076,52.5530551029369,19.096,4.0,16.67929,3.0,10.38396,-0.3116
52.5024311030284,15.1641,52.5681585026905,15.0293,4.0,16.67879,3.0,10.56218,-0.904233
52.5196249028668,18.0434,52.5857748026028,15.9935,4.0,16.67924,3.0,11.4023,-0.831966
52.5358129022643,17.4642,52.602908003144,16.9859,4.0,16.6795,3.0,10.1928,0.649626
52.5530551029369,14.6272,52.6189150037244,17.3446,4.0,16.67882,3.0,10.63793,-0.561799
52.5681585026905,17.5357,52.6364135043696,18.2686,4.0,16.67911,3.0,12.61097,0.191915
52.5857748026028,17.4413,52.6543441051617,15.8598,4.0,16.67936,3.0,11.19587,-0.084273
52.6189150037244,16.3731,52.6695527052507,15.2775,4.0,16.67925,3.0,9.629399,-1.027033
52.6189150037244,15.9921,52.6861848058179,16.7659,3.0,16.67903,3.0,11.29599,-0.107775
52.6364135043696,16.5426,52.7027131048962,17.3485,4.0,16.67898,3.0,11.55217,-0.285576
52.6543441051617,17.9257,52.7191114043817,17.1159,4.0,16.67939,3.0,11.90313,-0.821136
52.6695527052507,16.4889,52.7351542050019,16.1797,4.0,16.67933,3.0,11.01717,-0.331315
52.6861848058179,16.5622,52.7532656053081,16.1841,4.0,16.67929,3.0,10.32868,-0.500787
52.7027131048962,14.5818,52.7705654045567,17.3984,4.0,16.6786,3.0,11.98724,-1.014449
52.7191114043817,17.4983,52.7863810053095,16.6404,4.0,16.67887,3.0,11.68441,-0.253852
52.7351542050019,16.8663,52.8019035048783,16.3176,4.0,16.67893,3.0,9.777087,0.341042
52.7532656053081,17.5148,52.8189006056637,17.1749,4.0,16.67921,3.0,10.92665,0.651562
52.7705654045567,17.1791,52.8367064055055,16.0026,4.0,16.67937,3.0,11.18235,0.264643
52.7863810053095,14.3374,52.8531523048878,16.5999,4.0,16.6786,3.0,11.34276,0.152022
52.8019035048783,17.2292,52.869653204456,17.5335,4.0,16.67879,3.0,10.52514,-0.672753
52.8189006056637,18.8883,52.8862906042486,17.1079,4.0,16.67951,3.0,10.22126,-0.678418
52.8367064055055,16.2608,52.9026317037642,16.6804,4.0,16.67937,3.0,10.06148,-0.579104
52.8531523048878,16.5201,52.9185982029885,15.5184,4.0,16.67932,3.0,10.65145,-0.303438
52.869653204456,15.5951,52.9361035022885,16.0154,4.0,16.67896,3.0,11.66072,1.416198
52.8862906042486,15.859,52.9529744014144,16.9556,4.0,16.6787,3.0,9.581604,-0.284896
52.9026317037642,16.6438,52.9691062010825,17.0153,4.0,16.67868,3.0,10.33794,0.170328
52.9185982029885,18.1514,52.9865918010473,18.3782,4.0,16.67917,3.0,11.3058,-0.942716
52.9361035022885,17.0414,53.0041199009866,15.6149,4.0,16.67929,3.0,10.2306,-0.717423
52.9691062010825,16.5947,53.0196453006938,15.4151,4.0,16.67926,3.0,9.609872,-0.286777
52.9691062010825,15.3926,53.0367590999231,18.303,3.0,16.67884,3.0,9.881016,-0.748095
52.9865918010473,16.362,53.0533471992239,16.9635,4.0,16.67873,3.0,10.75102,-0.448451
53.0041199009866,18.3716,53.0690158987418,16.0821,4.0,16.67929,3.0,10.66818,-0.300868
53.0196453006938,17.2231,53.0868675978854,15.9943,4.0,16.67946,3.0,10.5799,0.117722
53.0367590999231,15.1926,53.1029840977862,16.0737,4.0,16.67898,3.0,9.582551,-0.02694
53.0690158987418,19.2437,53.119725198485,17.8862,4.0,16.67982,3.0,10.73857,-0.447198
53.0690158987418,15.6618,53.1365689979866,17.4573,3.0,16.67948,3.0,10.35028,0.010636
53.0868675978854,15.8729,53.1526682982221,16.1778,4.0,16.67922,3.0,11.04924,0.814524
53.1029840977862,16.9046,53.1707179984078,16.1406,4.0,16.67929,3.0,10.1002,-0.262495
53.119725198485,15.1477,53.1852343985811,16.1828,4.0,16.67879,3.0,9.405264,-0.323097
53.1365689979866,16.9274,53.2025458989665,19.0147,4.0,16.67887,3.0,10.13758,1.370385
53.1526682982221,19.0461,53.2222494995221,16.4106,4.0,16.67965,3.0,11.07759,-0.777583
53.1852343985811,17.0535,53.2372273998335,14.8916,4.0,16.67977,3.0,11.5829,0.081735
53.2025458989665,18.3912,53.253165400587,15.9996,3.0,16.68033,3.0,12.26912,0.602663
53.2025458989665,12.7498,53.2708144998178,18.6921,3.0,16.67905,3.0,9.500883,-0.427572
53.2222494995221,18.2591,53.2856850000098,14.0088,4.0,16.67956,3.0,11.33626,-0.227508
53.2372273998335,16.0522,53.304342600517,18.5212,4.0,16.67936,2.0,10.05284,-0.219347
53.253165400587,17.6388,53.3200332010165,15.6486,4.0,16.67967,3.0,9.997472,-0.758105
53.2856850000098,22.1166,53.3368278006092,18.8764,4.0,16.68144,3.0,11.23661,-0.037992
53.2856850000098,9.3586,53.3537999009714,16.7168,3.0,16.67906,3.0,11.31815,0.308505
53.304342600517,17.7306,53.3711895002052,15.5524,4.0,16.6794,3.0,11.2303,-0.976981
53.3368278006092,16.943,53.3874602997676,17.5086,4.0,16.67948,3.0,10.16699,0.534892
53.3368278006092,15.3223,53.4021125994623,13.6482,3.0,16.67904,3.0,10.2698,0.253693
53.3537999009714,18.8199,53.4188745990396,18.5393,4.0,16.67974,2.0,11.68368,1.157679
53.3711895002052,16.3173,53.4376108981669,16.7043,4.0,16.67962,3.0,12.27681,-1.383863
53.4021125994623,21.3475,53.4540788978338,16.4716,4.0,16.68114,3.0,10.15931,-0.080004
53.4188745990396,12.416,53.4707892984152,17.7775,3.0,16.67975,3.0,10.12702,1.050044
53.4188745990396,16.3628,53.4852105984464,13.4587,3.0,16.67965,3.0,10.83716,-1.411294
53.4376108981669,16.5336,53.5044321985915,19.1508,4.0,16.6796,2.0,11.5869,-1.071242
53.4540788978338,16.5864,53.5202825991437,17.0844,4.0,16.67957,3.0,12.03636,0.184932
53.4852105984464,21.4358,53.5368936983868,16.9169,4.0,16.68111,3.0,10.88799,-0.024669
53.4852105984464,11.9698,53.5535999992862,15.2083,3.0,16.67959,3.0,10.61754,-0.998201
53.5202825991437,16.3099,53.5704089989886,16.7188,4.0,16.67947,3.0,11.39367,-0.357204
53.5202825991437,15.2029,53.5870048990473,18.0213,3.0,16.67899,3.0,11.84027,0.037039
53.5368936983868,16.4588,53.6051318990067,16.7841,4.0,16.67892,3.0,11.9948,0.973763
53.5535999992862,18.3165,53.6210937993601,15.8254,4.0,16.67945,3.0,10.3542,-0.13069
53.5704089989886,16.4588,53.6370500000194,16.0007,4.0,16.67938,3.0,10.83396,0.745004
53.5870048990473,15.636,53.6534606004134,17.3829,4.0,16.67904,3.0,10.28364,-0.252598
53.6051318990067,18.4004,53.6693180995062,16.7895,4.0,16.6796,3.0,11.12759,0.818621
53.6210937993601,16.1738,53.6883683996275,17.2123,4.0,16.67943,3.0,11.6723,1.645207
53.6370500000194,16.4526,53.7032063994557,14.9336,4.0,16.67936,3.0,11.1601,0.18324
53.6534606004134,15.2557,53.7207018993795,18.5849,4.0,16.6789,3.0,12.28988,-0.047526
53.6693180995062,16.4773,53.7366739995778,16.4902,4.0,16.67883,3.0,11.01989,-0.665607
53.6883683996275,17.7942,53.7535967994481,16.9181,4.0,16.67919,3.0,9.20406,0.410681
53.7032063994557,17.6157,53.7708754986525,15.4573,4.0,16.67949,3.0,10.27203,0.988304
53.7207018993795,14.6962,53.7868725992739,15.9991,4.0,16.67886,3.0,10.20821,1.534827
53.7366739995778,16.6722,53.8023779988289,17.6954,4.0,16.67885,3.0,11.91012,-1.337618
53.7535967994481,16.8508,53.8202862981707,17.1131,4.0,16.67891,3.0,11.6,0.892802
53.7708754986525,17.942,53.8365345988423,16.7584,4.0,16.67932,3.0,11.02747,0.613485
53.8023779988289,18.4209,53.853629399091,15.2848,4.0,16.67988,3.0,8.910318,0.166394
53.8023779988289,15.0445,53.8710543997586,17.5637,3.0,16.67935,3.0,13.1608,-0.975384
53.8202862981707,15.1444,53.8874241989106,17.5427,4.0,16.67886,3.0,11.10042,-1.095652
53.8365345988423,18.1526,53.9028754988685,14.1181,4.0,16.67933,3.0,11.48931,0.268435
53.853629399091,17.4563,53.9210391985252,18.1411,4.0,16.67958,2.0,10.68398,-0.042003
53.8710543997586,16.4142,53.9373520994559,16.3322,4.0,16.67949,3.0,11.49105,-0.706752
53.9028754988685,22.3876,53.9539190987125,16.6915,4.0,16.68133,3.0,11.96626,0.383949
53.9028754988685,9.184,53.9701696978882,16.9684,3.0,16.67892,3.0,11.6466,-1.34048
53.9210391985252,18.1672,53.9875932978466,18.1187,4.0,16.6794,3.0,11.95115,0.430491
53.9373520994559,16.5335,54.0041359970346,15.0836,4.0,16.67935,3.0,11.20685,-0.303619
53.9539190987125,16.256,54.0209187967703,16.7227,4.0,16.67922,3.0,9.92298,-0.833332
53.9701696978882,15.1904,54.0377501966432,18.4723,4.0,16.67874,3.0,13.15641,-0.895139
53.9875932978466,18.4597,54.0533504970372,15.6122,4.0,16.67931,3.0,11.50172,-0.594535
54.0041359970346,17.0446,54.0711279977113,16.2925,4.0,16.67943,3.0,9.826132,-0.774342
54.0209187967703,16.9957,54.0872562974691,16.0239,4.0,16.67953,3.0,11.88194,-0.204024
54.0377501966432,14.1265,54.1034357976168,16.294,4.0,16.67871,3.0,10.90613,-0.553121
54.0533504970372,18.5213,54.1205924972892,17.1158,4.0,16.6793,3.0,11.70764,0.200142
54.0711279977113,16.9541,54.1368358973414,17.681,4.0,16.67939,3.0,10.19542,-1.34378
54.1034357976168,16.4293,54.1531757973135,16.3379,4.0,16.67931,3.0,10.46022,-0.705663
54.1034357976168,16.7109,54.1703555975109,15.6859,3.0,16.67932,3.0,11.38676,0.621859
54.1205924972892,16.5004,54.1869413983077,16.6616,4.0,16.67926,3.0,11.77448,-0.355309
54.1368358973414,15.1628,54.2033058982342,17.7269,4.0,16.67878,3.0,10.86316,0.257849
54.1531757973135,18.2588,54.2190671991557,16.0814,4.0,16.67928,3.0,11.14744,0.98394
54.1703555975109,16.1258,54.2370950989425,16.1375,4.0,16.6791,3.0,11.28841,0.674926
54.2033058982342,17.0643,54.2541842982173,17.1509,4.0,16.67923,3.0,12.32395,0.888741
54.2033058982342,14.8761,54.271198797971,18.5283,3.0,16.67865,3.0,10.27476,-0.60083
54.2190671991557,18.4003,54.2863922975957,15.3637,4.0,16.6792,3.0,9.317974,-0.350972
54.2370950989425,16.348,54.3031906969845,16.9728,4.0,16.6791,3.0,10.96036,-1.198593
54.2541842982173,18.048,54.3197463974357,16.339,4.0,16.67953,3.0,11.17353,0.647449
54.271198797971,14.1018,54.3375024981797,16.2314,4.0,16.67871,3.0,10.12947,0.676471
54.2863922975957,17.0145,54.3540729973465,16.7183,4.0,16.67882,3.0,10.49039,0.848867
54.3031906969845,16.4261,54.3703420981765,17.5545,4.0,16.67874,3.0,11.73065,-0.657922
54.3197463974357,18.5712,54.3871695976704,16.7042,4.0,16.67934,3.0,11.31183,0.279641
54.3375024981797,16.7658,54.4043202977628,15.8696,4.0,16.67937,3.0,10.06923,-0.673431
54.3540729973465,16.2753,54.4209714978933,16.7182,4.0,16.67924,3.0,9.397022,-0.615783
54.3703420981765,14.7755,54.4371783975512,16.1665,4.0,16.67863,3.0,11.33056,-0.884434
54.3871695976704,19.1429,54.454882197082,19.0614,4.0,16.67942,3.0,11.51683,-0.617324
54.4043202977628,16.4866,54.4702207967639,15.4378,4.0,16.67936,3.0,9.921583,0.223387
54.4209714978933,16.262,54.4872132968158,17.431,4.0,16.67922,3.0,10.93333,-0.759053
54.454882197082,17.98,54.5031573977321,15.503,4.0,16.67964,3.0,11.82012,-0.790552
54.454882197082,15.0552,54.521218797192,16.3072,3.0,16.67912,3.0,11.33731,0.165626
54.4702207967639,16.7051,54.5382876973599,17.265,4.0,16.67913,3.0,11.80945,0.584021
54.4872132968158,16.4182,54.5543993972242,17.5085,4.0,16.67904,3.0,9.388652,-0.900435
54.5031573977321,18.0228,54.5710377972573,17.2311,4.0,16.67947,3.0,11.03877,0.74231
54.521218797192,17.0995,54.5870070978999,15.4821,4.0,16.67961,3.0,11.72858,0.424982
54.5543993972242,16.228,54.6037489976734,15.3148,4.0,16.67946,3.0,11.42313,-0.764002
54.5543993972242,14.8597,54.6209811978042,17.1207,3.0,16.67888,3.0,10.75099,0.424704
54.5710377972573,15.3744,54.6372449975461,17.3753,4.0,16.67847,3.0,9.162518,0.296973
54.5870070978999,18.9789,54.653538197279,16.8113,4.0,16.6792,3.0,9.990502,0.01228
54.6037489976734,16.9834,54.6710179969668,17.6605,4.0,16.6793,3.0,11.3925,-0.595423
54.6209811978042,16.5526,54.6879040971398,15.1796,4.0,16.67926,3.0,11.30513,-0.733395
54.6372449975461,15.0654,54.7045305967331,16.483,4.0,16.67875,3.0,10.63302,1.458171
54.653538197279,17.0656,54.7211491968483,16.5495,4.0,16.67887,3.0,10.19472,0.618962
54.6710179969668,18.369,54.7378952968866,16.786,4.0,16.6794,3.0,10.7003,-0.582411
54.6879040971398,16.546,54.7545906975865,18.0658,4.0,16.67936,3.0,11.19733,-0.284515
54.7045305967331,16.8174,54.771135898307,16.6372,4.0,16.6794,3.0,10.47764,-0.3172
54.7211491968483,16.7931,54.7879417985678,15.4416,4.0,16.67944,3.0,10.51671,0.56269
54.7378952968866,16.7,54.8052353989333,17.3999,4.0,16.67945,3.0,10.87232,0.446118
54.7545906975865,15.0907,54.8205773988739,16.4816,4.0,16.67895,3.0,10.3794,0.379498
54.771135898307,18.0611,54.8369325986132,16.9105,4.0,16.67938,3.0,11.05701,0.046333
54.7879417985678,17.465,54.8530967989936,15.7765,4.0,16.67963,3.0,11.14098,-0.660363
54.8052353989333,15.3689,54.8711780989543,16.5376,4.0,16.67922,3.0,10.2821,0.199553
54.8205773988739,15.4052,54.8882238985971,17.111,4.0,16.67881,3.0,9.853467,0.302886
54.8369325986132,17.0385,54.9049030980095,18.2423,4.0,16.67893,3.0,9.852763,-0.155599
54.8530967989936,18.1401,54.9201313983649,15.2263,4.0,16.67939,3.0,11.01495,0.608143
54.8711780989543,17.0146,54.9382522981614,16.5364,4.0,16.67949,3.0,11.68401,-0.092294
54.9049030980095,16.7632,54.955048898235,16.7737,4.0,16.67952,3.0,11.4096,0.272373
54.9049030980095,14.7725,54.9721381980926,18.0965,3.0,16.67892,3.0,11.07366,0.752486
54.9201313983649,16.6849,54.9870197977871,15.4632,4.0,16.67892,3.0,9.369494,0.630722
54.9382522981614,18.5577,55.0044657979161,15.9342,4.0,16.67951,3.0,10.44113,-0.415556
54.955048898235,16.1753,55.0206082984805,16.0412,4.0,16.67935,3.0,11.70671,-0.183872
54.9721381980926,14.263,55.0372378993779,17.8091,4.0,16.67859,3.0,10.08088,0.304844
54.9870197977871,18.8493,55.053597798571,16.7792,4.0,16.67928,3.0,9.791956,0.318723
55.0044657979161,16.3113,55.0709722992033,15.8145,4.0,16.67916,3.0,10.39277,0.423029
55.0372378993779,16.7058,55.0885955989361,18.8534,4.0,16.67917,3.0,11.08486,-0.123065
55.0372378993779,14.96,55.1038950989023,15.6899,3.0,16.67863,3.0,11.69068,-0.10704
55.053597798571,18.5191,55.119903399609,16.0974,4.0,16.67921,3.0,10.49777,-0.940787
55.0709722992033,17.6227,55.1379049988464,16.2775,4.0,16.6795,3.0,9.712265,-0.312156
55.0885955989361,14.9101,55.154530399479,16.6487,4.0,16.67895,3.0,10.21654,0.855617
55.1038950989023,16.23,55.1714770002291,18.2574,4.0,16.67881,3.0,10.76229,0.13697
55.119903399609,18.3167,55.1882168995216,16.9997,4.0,16.67932,3.0,11.25536,-0.597791
55.1379049988464,16.5206,55.2029702998698,13.173,4.0,16.67927,3.0,8.919883,-0.602448
55.154530399479,17.1218,55.2219813000411,18.9083,4.0,16.67941,2.0,9.19643,-0.626017
55.1714770002291,14.5229,55.2385322991759,18.3105,4.0,16.67873,3.0,10.98499,1.477114
55.2029702998698,23.7209,55.2547030989081,15.9936,4.0,16.68094,3.0,11.66235,-0.322942
55.2029702998698,12.2512,55.2712980993092,15.093,3.0,16.67955,3.0,9.648717,-0.45784
55.2219813000411,16.574,55.2883198000491,16.8849,4.0,16.67952,3.0,12.31229,0.815276
55.2385322991759,14.6786,55.3046387992799,17.9799,4.0,16.67889,3.0,10.48124,0.376433
55.2547030989081,17.8826,55.3207849990577,16.3869,4.0,16.67927,3.0,11.51434,-0.219805
55.2712980993092,17.2037,55.3368591982871,15.1622,4.0,16.67943,3.0,9.311224,-0.920026
55.3046387992799,18.0138,55.35564349778,18.0459,4.0,16.67985,3.0,9.272667,-0.789247
55.3046387992799,13.5664,55.3699683975428,15.4132,3.0,16.67888,3.0,10.4088,-0.008899
55.3368591982871,19.1258,55.3883879967034,18.3088,4.0,16.67964,3.0,9.576026,-0.202648
55.3368591982871,16.5949,55.4038730971515,16.2764,3.0,16.67962,3.0,12.60335,-0.66935
55.3699683975428,19.7806,55.4204045962542,14.6164,4.0,16.68059,3.0,10.7481,-1.219921
55.3699683975428,12.9121,55.4372175969183,18.4021,3.0,16.67941,2.0,10.71165,1.376008
55.3883879967034,15.5563,55.4559131972492,18.727,4.0,16.67906,3.0,10.93545,-0.551278
55.4204045962542,23.4681,55.4712201971561,15.0564,4.0,16.68118,3.0,9.837321,0.456655
55.4372175969183,12.055,55.4871677979827,14.641,3.0,16.67973,3.0,13.05609,-0.954334
55.4372175969183,16.4969,55.504654398188,17.4113,3.0,16.67968,2.0,10.59238,-0.492451
55.4559131972492,14.8826,55.5216140989214,17.0028,4.0,16.67912,3.0,10.18515,-0.298598
55.4871677979827,23.0706,55.5389278996736,18.3438,4.0,16.68111,3.0,9.942434,0.375426
55.4871677979827,9.1878,55.5552206989378,16.6874,3.0,16.67877,3.0,11.42105,1.245288
55.504654398188,18.329,55.5722303986549,15.7069,4.0,16.67929,3.0,11.3821,-0.547607
55.5216140989214,17.5544,55.5879555977881,15.5877,4.0,16.67956,3.0,10.04337,0.210762
55.5389278996736,14.2696,55.6050529982895,17.2681,4.0,16.67881,3.0,9.942312,-0.566796
55.5552206989378,18.934,55.6214573979378,16.301,4.0,16.67951,3.0,10.79141,0.132806
55.5722303986549,15.6271,55.6378032974899,17.3166,4.0,16.67918,3.0,11.47634,-0.057727
55.5879555977881,17.1175,55.654932398349,17.6675,4.0,16.67932,3.0,10.7719,-0.53922
55.6050529982895,16.4107,55.6715600974858,16.459,4.0,16.67924,3.0,10.66209,0.002585
55.6214573979378,15.9607,55.6883389968425,15.3954,4.0,16.67901,3.0,10.12973,0.281329
55.6378032974899,15.6822,55.7053162977099,17.0813,4.0,16.6787,3.0,11.89682,-0.648425
55.654932398349,16.6902,55.7215076982975,17.0613,4.0,16.67871,3.0,9.990015,-0.575134
55.6715600974858,18.7373,55.738709198311,17.8333,4.0,16.67935,3.0,10.17737,-1.00955
55.6883389968425,16.9531,55.755383098498,15.0967,4.0,16.67943,3.0,9.941925,-0.696327
55.7053162977099,16.102,55.7717022988945,16.2792,4.0,16.67925,3.0,11.16743,-0.202577
55.7215076982975,15.3971,55.7885921988636,16.8974,4.0,16.67885,3.0,11.84735,-0.369233
55.738709198311,18.5502,55.8039877992123,17.1727,4.0,16.67944,3.0,10.82723,-0.389964
55.755383098498,16.1926,55.8223273996264,17.7004,4.0,16.67928,3.0,10.39878,-0.587744
55.7717022988945,17.0129,55.8384093996137,16.9092,4.0,16.67939,3.0,10.31603,-0.600539
55.8039877992123,17.997,55.8553381003439,16.5329,4.0,16.6798,3.0,11.71686,0.935666
55.8039877992123,15.6309,55.872470099479,15.6981,3.0,16.67947,3.0,10.83224,0.500345
55.8223273996264,15.2059,55.8885034993291,15.8298,4.0,16.67901,3.0,9.967239,0.432146
55.8384093996137,16.1302,55.905152099207,18.5667,4.0,16.67884,3.0,12.54223,-0.009706
55.8553381003439,18.7332,55.9233425986022,17.8719,4.0,16.67948,3.0,11.08585,0.729678
55.872470099479,16.0677,55.9380704984069,14.6576,4.0,16.67929,3.0,11.43125,0.57154
55.905152099207,19.3865,55.9555669985712,16.0892,4.0,16.68013,3.0,11.41431,0.60203
55.905152099207,14.6265,55.9720710981637,16.3957,3.0,16.67949,3.0,11.14552,0.735603
55.9233425986022,15.2191,55.9884586986154,17.518,4.0,16.67904,3.0,9.70176,-0.246725
55.9380704984069,17.9889,56.0037961984053,14.2433,4.0,16.67945,3.0,11.30477,0.820665
55.9555669985712,16.3617,56.0223360983655,19.9414,4.0,16.67935,3.0,11.2631,-0.736735
55.9720710981637,16.6045,56.0386799974367,16.4736,4.0,16.67933,3.0,9.463725,-0.824423
55.9884586986154,15.0985,56.0556568978354,15.4177,4.0,16.67884,3.0,10.53574,0.221269
56.0037961984053,18.1096,56.0721012977883,16.3691,4.0,16.67928,3.0,10.92414,-0.785249
56.0223360983655,15.1496,56.0894713969901,18.2747,4.0,16.67881,3.0,11.58052,-0.49611
56.0386799974367,18.6628,56.1050911974162,15.7031,4.0,16.67942,3.0,11.96713,-0.936786
56.0556568978354,16.401,56.1223991978914,18.3737,4.0,16.67933,3.0,11.53145,-0.077467
56.0894713969901,17.599,56.1383299976587,14.1466,4.0,16.67962,3.0,10.52751,-0.431571
56.1050911974162,17.8638,56.1566240973771,18.3614,3.0,16.67998,2.0,10.86789,-1.419698
56.1050911974162,13.9995,56.1735551971942,18.0673,3.0,16.67916,3.0,11.86277,-0.021649
56.1383299976587,23.5819,56.1899874974042,16.7166,4.0,16.68128,3.0,11.88067,0.41075
56.1383299976587,11.5475,56.2065996974707,15.0074,3.0,16.6797,3.0,10.8354,-0.729046
56.1566240973771,16.8603,56.2215149970725,15.8749,4.0,16.67976,3.0,11.42995,-0.732778
56.1735551971942,14.7107,56.2393678976223,16.7267,4.0,16.67915,3.0,11.97465,-0.621688
56.1899874974042,18.453,56.2562494976446,16.9488,4.0,16.6797,3.0,11.50465,-0.731205
56.2215149970725,17.5356,56.2730084983632,17.9006,4.0,16.67996,3.0,9.651778,0.300659
56.2215149970725,15.2976,56.2881983984262,15.6925,3.0,16.67953,3.0,10.97709,-0.479281
56.2393678976223,16.7042,56.3042153976858,14.5738,4.0,16.67954,3.0,10.6806,-0.223448
56.2562494976446,16.9096,56.3232548981905,18.8195,4.0,16.67961,2.0,11.02194,-0.034287
56.2881983984262,17.0477,56.3386546978727,15.4579,4.0,16.67973,3.0,11.47268,-1.116819
56.3042153976858,21.5053,56.3561444981024,18.996,3.0,16.68121,3.0,11.41535,0.342564
56.3042153976858,11.1681,56.3723327973858,14.6053,3.0,16.67952,3.0,10.55589,-0.103291
56.3232548981905,15.7426,56.3890960970894,16.8037,4.0,16.67923,3.0,10.53142,-0.590014
56.3386546978727,17.6143,56.4057219969109,16.7666,4.0,16.67952,3.0,11.34394,-0.44415
56.3561444981024,16.0581,56.4229547968134,18.4624,4.0,16.67932,3.0,11.30629,-0.05767
56.3723327973858,16.9181,56.4393017971888,16.8305,4.0,16.6794,3.0,11.81811,-0.928898
56.3890960970894,16.6273,56.4559765970334,14.8374,4.0,16.67938,3.0,9.43315,-0.745043
56.4057219969109,17.2029,56.4731186972931,17.0563,4.0,16.67954,3.0,10.67737,-0.034415
56.4229547968134,14.8656,56.4896556967869,17.7581,4.0,16.67899,3.0,9.923198,-0.56842
56.4393017971888,18.0472,56.5049041965976,15.2409,4.0,16.67941,3.0,11.10184,0.360518
56.4559765970334,17.0617,56.5237377965823,17.6728,4.0,16.67952,3.0,11.47062,-0.372767
56.4896556967869,16.8647,56.5391263961792,15.4253,4.0,16.67958,3.0,10.89272,-1.366638
56.4896556967869,14.6979,56.5564041957259,18.5861,3.0,16.67897,3.0,10.05888,0.257762
56.5049041965976,16.7552,56.5706851957366,13.0822,4.0,16.679,3.0,9.505467,-0.161235
56.5237377965823,17.756,56.589230296202,18.4054,4.0,16.67933,2.0,10.70944,-0.541392
56.5391263961792,17.443,56.6061567952856,17.1236,4.0,16.67956,3.0,12.07294,0.256563
56.5706851957366,21.1929,56.6230930956081,16.8356,4.0,16.68094,3.0,11.63173,-0.413005
56.5706851957366,11.6321,56.6405539950356,18.412,3.0,16.6794,3.0,10.93369,0.362392
56.589230296202,16.761,56.6561532951891,14.6117,4.0,16.67942,3.0,10.80184,-0.947569
56.6061567952856,16.9503,56.6731562949717,16.9766,4.0,16.6795,3.0,9.820205,-0.537173
56.6230930956081,16.647,56.6904691942036,17.3437,4.0,16.67949,3.0,11.32221,-0.440513
56.6405539950356,16.3698,56.7061288934201,16.8431,4.0,16.6794,3.0,11.51807,0.32124
56.6561532951891,17.2023,56.7218125928193,16.4445,4.0,16.67956,3.0,11.65067,0.401195
56.6731562949717,16.2792,56.7399089932442,18.0613,4.0,16.67944,3.0,11.54371,-0.351586
56.6904691942036,15.63,56.7556849941611,13.8433,4.0,16.67912,3.0,10.15026,-0.859716
56.7061288934201,15.5336,56.7727484945208,17.3251,4.0,16.67877,3.0,10.19681,-0.611132
56.7218125928193,16.7834,56.7903235945851,18.7118,4.0,16.6788,3.0,11.43829,-1.122145
56.7399089932442,18.2592,56.8062781952322,15.702,4.0,16.67928,3.0,10.71582,-0.932072
