Interval,Time
126.1016,67.60972666687844
4.1803,67.64312666687835
1.944,67.6264366668784
2.004,67.65982666687853
1.2626,67.67650666687871
0.9787,67.69321666687867
0.9257,67.70990666687861
1.0434,67.72659666687855
1.7706,67.74330666687852
2.4123,67.75998666687869
1.8782,67.7767066668789
1.8987,67.7933566668788
1.7806,67.81005666687898
1.5566,67.82671666687914
1.0961,67.84341666687932
0.8658,67.86006666687922
1.0645,67.87673666687915
1.6813,67.89343666687934
1.328,67.91008666687924
1.2477,67.92678666687944
1.404,67.94343666687934
2.0596,67.9601166668795
2.5299,67.97680666687945
1.4919,67.99348666687962
1.03,68.0268166668797
1.0055,68.01013666687952
0.9506,68.04349666687986
1.0794,68.06014666687976
0.9494,68.07682666687994
1.0613,68.09348666688008
1.18,68.11016666688025
1.0856,68.12684666688041
1.138,68.14351666688034
1.7016,68.16019666688051
1.1157,68.17690666688047
1.1319,68.19358666688063
1.8361,68.22697666688077
1.1288,68.2436466668807
1.1581,68.21028666688083
1.081,68.26031666688063
0.9818,68.27698666688055
1.0776,68.29366666688071
1.039,68.31032666688087
0.8956,68.32699666688079
0.8778,68.3436466668807
0.8672,68.36031666688062
1.0638,68.37696666688053
0.8819,68.39363666688045
2.2603,68.4103266668804
2.3184,68.42700666688057
1.5704,68.44368666688074
0.8882,68.46035666688066
0.7658,68.47702666688059
1.2693,68.5103966668807
0.9162,68.52708666688063
1.0766,68.49371666688053
1.0325,68.54376666688081
1.1575,68.56045666688075
0.8806,68.57712666688067
1.0648,68.59380666688085
1.0457,68.61047666688077
1.2097,68.62716666688071
2.5602,68.64385666688067
2.1185,68.66052666688059
1.8605,68.67720666688075
1.3896,68.69388666688091
1.1155,68.71056666688109
1.0561,68.72723666688101
1.3385,68.74391666688118
1.0463,68.76058666688111
0.8455,68.77727666688105
0.7247,68.79394666688097
0.7867,68.8106166668809
0.7384,68.82729666688107
0.8743,68.843966666881
1.7271,68.86063666688092
0.9155,68.87732666688086
1.2049,68.8940166668808
1.3635,68.91068666688074
1.017,68.92737666688068
0.8925,68.94404666688061
0.8842,68.96072666688077
0.8906,68.97740666688094
0.9471,68.9940866668811
0.8373,69.01076666688128
0.8272,69.02745666688122
6.6425,69.04413666688139
11.1112,69.06079666688153
15.184,69.07748666688148
17.2989,69.0941566668814
15.8245,69.11084666688134
17.0361,69.12752666688152
17.0761,69.14420666688169
16.7105,69.16088666688185
15.8796,69.17757666688179
15.6134,69.19424666688172
16.5363,69.21091666688164
18.1075,69.22760666688158
15.2266,69.24428666688176
16.7726,69.2609766668817
16.8461,69.27765666688187
17.2571,69.29434666688181
16.6126,69.31101666688174
16.7789,69.3276966668819
16.8447,69.34437666688207
16.2609,69.36106666688202
16.8102,69.37774666688219
16.6367,69.39442666688235
15.265,69.41110666688252
18.1128,69.4277866668827
16.9343,69.44445666688262
19.7439,69.46112666688254
12.7547,69.47781666688249
20.2468,69.49448666688241
17.2,69.51115666688234
15.7385,69.52782666688226
15.1456,69.54450666688243
16.5302,69.56117666688236
18.5824,69.57784666688228
14.94,69.5945166668822
16.4673,69.61119666688238
16.9001,69.62787666688254
16.4549,69.64454666688246
16.5181,69.66122666688264
17.0023,69.6779066668828
16.4817,69.69459666688275
16.8059,69.71128666688269
14.8864,69.72796666688286
16.6442,69.7446566668828
29.0321,69.76134666688274
11.0886,69.77803666688268
10.9124,69.79471666688286
15.4668,69.8114066668828
18.2295,69.82808666688297
17.0576,69.84477666688291
16.8746,69.86146666688286
16.8713,69.87817666688282
16.2517,69.89486666688276
16.692,69.91154666688293
16.7201,69.9282266668831
16.683,69.94489666688303
17.0018,69.96160666688299
16.5788,69.97829666688293
15.7051,69.9949766668831
17.1812,70.01164666688302
16.863,70.02831666688294
16.3518,70.04495666688308
16.5686,70.06163666688325
16.8225,70.0783466668832
17.7535,70.09505666688318
15.9966,70.11174666688312
16.1868,70.12840666688327
16.1015,70.1450966668832
15.92,70.16180666688318
16.2387,70.17849666688312
16.9982,70.19520666688308
16.555,70.21192666688329
16.3101,70.22860666688345
16.9867,70.24528666688362
16.1383,70.26192666688375
7.1609,5.014070000007749
6.247,5.030750000007917
13.1082,5.0474200000078415
16.7223,5.064140000008047
16.3921,5.080790000007953
16.9019,5.097460000007879
16.4227,5.1141500000078235
17.4497,5.130820000007748
16.5193,5.147470000007655
16.8545,5.164140000007581
16.701,5.180820000007748
16.8449,5.197530000007712
17.9786,5.214190000007861
15.8487,5.23085000000801
16.4808,5.247520000007935
16.5954,5.264170000007842
16.9991,5.280880000007804
16.526,5.297560000007972
16.4722,5.31424000000814
16.9624,5.330920000008307
16.5988,5.347600000008475
15.627,5.364270000008401
16.7378,5.380960000008344
16.9578,5.397640000008512
16.4412,5.414330000008456
16.4935,5.431010000008624
16.5826,5.447650000008754
16.3857,5.464350000008941
16.869,5.481040000008885
16.5824,5.49771000000881
16.9829,5.514410000008996
16.7653,5.531110000009183
16.5792,5.547780000009109
16.5503,5.564440000009258
17.1169,5.58115000000922
16.479,5.597870000009425
16.5383,5.6145700000096115
17.4508,5.6312500000097785
15.5972,5.647930000009946
16.8654,5.664610000010114
17.554,5.681270000010263
16.4242,5.697900000010152
17.9772,5.714590000010095
15.5999,5.731270000010263
17.1186,5.747950000010431
16.4164,5.76461000001058
16.5201,5.781280000010505
16.9453,5.79797000001045
16.165,5.814640000010375
17.0357,5.8313200000105425
16.8281,5.848020000010729
16.3346,5.864710000010673
16.9318,5.88141000001086
16.7284,5.898100000010803
16.4674,5.9147300000106915
15.7614,5.931390000010841
17.0264,5.948080000010784
16.6825,5.964770000010729
16.2717,5.981450000010897
17.1249,5.998150000011083
16.6212,6.014820000011008
16.8675,6.031530000010971
16.3073,6.048200000010897
16.6203,6.0648800000110645
16.5495,6.081570000011008
17.7963,6.098270000011195
16.3385,6.11494000001112
16.8159,6.131590000011027
16.5426,6.148270000011195
17.2283,6.164950000011362
16.8085,6.181610000011511
16.6913,6.198250000011641
16.4426,6.21491000001179
18.2185,6.231610000011977
14.1927,6.248310000012163
16.5312,6.2649800000120885
16.6937,6.281650000012014
16.9426,6.2983500000122
16.3831,6.315030000012368
17.2667,6.331710000012536
16.6066,6.34840000001248
17.4857,6.3650800000126475
16.938,6.381780000012833
16.2997,6.398450000012759
15.9814,6.415110000012908
16.717,6.431820000012871
16.4164,6.448510000012815
16.8004,6.465190000012982
16.5435,6.48187000001315
17.6091,6.498530000013299
15.7698,6.515210000013467
16.8306,6.531910000013653
16.9945,6.548580000013579
16.2604,6.5652700000135225
16.2716,6.58195000001369
16.7872,6.598590000013821
17.416,6.615280000013765
16.2858,6.631930000013671
16.3501,6.648610000013839
16.9326,6.665310000014026
16.4747,6.681990000014193
16.6255,6.698650000014342
16.9612,6.715340000014287
17.9974,6.732010000014212
15.0666,6.748680000014137
16.8675,6.765360000014305
17.0334,6.782050000014249
16.179,6.798720000014175
16.9744,6.815430000014137
16.3823,6.832080000014044
16.9262,6.848780000014231
16.3959,6.865460000014398
17.5314,6.882120000014547
16.5824,6.898780000014696
17.0041,6.915490000014659
16.8587,6.932190000014845
16.3239,6.948850000014994
15.6967,6.965540000014938
16.7146,6.982190000014845
17.1691,6.99888000001479
16.478,7.015530000014696
16.6346,7.032210000014864
17.5773,7.048920000014826
16.1099,7.06563000001479
16.3761,7.082290000014939
16.9569,7.098980000014882
16.8611,7.11566000001505
16.4843,7.132350000014994
16.4776,7.149030000015162
16.5544,7.165700000015088
17.2208,7.18241000001505
16.6557,7.199090000015218
16.4431,7.215730000015348
18.4246,7.232420000015292
14.8181,7.24910000001546
16.9343,7.265780000015628
16.3633,7.282450000015553
16.9731,7.299140000015497
16.6494,7.315840000015683
16.7099,7.3325500000156465
16.4982,7.349210000015796
16.6692,7.365900000015739
16.8277,7.382620000015944
16.3134,7.399250000015832
17.5059,7.4159600000157955
16.5199,7.432620000015945
16.1623,7.449300000016112
16.8283,7.4659800000162795
16.6298,7.482640000016429
16.7087,7.4993200000165965
16.8562,7.51601000001654
16.3876,7.532680000016466
16.5395,7.549320000016596
16.9948,7.566030000016559
16.4324,7.582670000016689
16.6219,7.599330000016838
16.9343,7.616010000017006
16.648,7.632670000017155
16.3067,7.649350000017322
17.1488,7.66603000001749
16.1103,7.682680000017397
16.7482,7.699360000017565
17.1356,7.7160700000175275
17.8163,7.732740000017453
15.5252,7.749450000017416
16.3199,7.766150000017602
16.909,7.782860000017565
16.4184,7.799540000017732
16.8972,7.816210000017658
16.2961,7.832860000017565
17.0646,7.849590000017546
16.6064,7.866270000017714
17.2569,7.882950000017882
17.3877,7.899650000018068
16.694,7.9163300000182355
16.9949,7.93300000001816
16.0183,7.949640000018291
16.9467,7.966330000018235
16.2532,7.983010000018403
15.4242,7.99969000001857
17.2579,8.01635000001872
16.5831,8.033020000018645
16.6283,8.049670000018551
16.7234,8.066340000018478
16.5208,8.082990000018384
16.9178,8.099700000018347
16.8121,8.116380000018514
16.7889,8.133080000018701
16.2128,8.149770000018645
16.7331,8.166470000018831
16.663,8.183140000018756
16.6783,8.199840000018943
16.5735,8.216530000018887
17.6316,8.233190000019036
15.977,8.249900000018998
16.5815,8.266580000019166
16.7102,8.283260000019334
16.7666,8.299930000019259
16.7898,8.316610000019427
16.9774,8.33330000001937
16.7211,8.34996000001952
16.182,8.366620000019669
16.7555,8.383320000019856
16.6242,8.400020000020042
16.5354,8.416670000019948
16.8511,8.433350000020116
16.3751,8.450030000020284
16.6685,8.466690000020433
16.7085,8.483360000020358
16.7858,8.500030000020285
16.6112,8.516720000020229
17.1932,8.533440000020434
16.2288,8.550100000020581
17.4894,8.56678000002075
16.6376,8.583500000020955
16.3286,8.60015000002086
16.9331,8.616860000020825
16.7234,8.633540000020991
16.4553,8.650220000021159
16.8968,8.666910000021105
16.3968,8.68359000002127
17.0915,8.700260000021197
16.6279,8.716960000021384
15.8609,8.733630000021309
17.5692,8.750280000021215
15.2171,8.766950000021142
17.0066,8.78361000002129
16.7071,8.800320000021253
16.5484,8.817000000021421
16.5245,8.833640000021552
16.701,8.850320000021718
17.1271,8.867000000021886
16.9053,8.883680000022053
16.921,8.900360000022221
17.3237,8.917050000022165
16.9635,8.93377000002237
15.5751,8.950480000022333
16.5113,8.967120000022463
16.544,8.983800000022631
17.1856,9.000510000022594
16.4798,9.01721000002278
16.3359,9.033860000022687
16.22,9.050510000022594
17.332,9.0671600000225
17.2194,9.083810000022408
15.7445,9.100460000022315
16.6612,9.117100000022445
16.5902,9.133780000022613
16.7871,9.1504800000228
16.3141,9.167140000022949
17.024,9.183800000023096
16.4967,9.200490000023041
16.7515,9.21717000002321
16.7052,9.233860000023153
16.9907,9.250590000023134
17.7416,9.267300000023097
15.0362,9.283980000023265
17.2471,9.300690000023227
16.3393,9.317370000023395
16.803,9.33404000002332
16.8493,9.350740000023507
16.4718,9.367420000023674
16.964,9.384100000023842
16.744,9.400800000024027
16.3947,9.41744000002416
17.1411,9.434120000024325
16.4387,9.450820000024512
16.605,9.46747000002442
16.6997,9.484130000024567
16.8249,9.500820000024513
16.7831,9.51750000002468
16.8524,9.534200000024866
16.2461,9.550880000025034
17.115,9.567570000024977
16.2147,9.584260000024923
17.0796,9.600930000024848
16.75,9.617590000024997
17.126,9.634270000025165
15.3111,9.650950000025333
17.0296,9.667650000025517
16.3297,9.684310000025667
16.6493,9.700960000025574
17.5443,9.717640000025742
17.031,9.734310000025667
16.5384,9.750980000025592
17.5962,9.7676300000255
15.6125,9.784310000025668
16.9052,9.801010000025853
16.6151,9.817700000025798
16.55,9.834360000025947
16.5065,9.851040000026114
16.36,9.867750000026078
16.0358,9.884430000026244
17.2886,9.90112000002619
16.8152,9.917820000026374
16.1319,9.934500000026542
16.5774,9.95118000002671
17.1821,9.967870000026654
16.5205,9.984550000026822
16.8355,10.001260000026784
16.3284,10.01796000002697
16.5855,10.034610000026879
17.0263,10.051320000026841
16.4892,10.067970000026747
16.7689,10.084620000026655
16.7675,10.101310000026599
16.9512,10.118020000026561
17,10.13468000002671
17.0019,10.151390000026673
16.5966,10.16804000002658
16.8709,10.184720000026747
16.1786,10.201440000026953
16.4091,10.218090000026859
16.6031,10.234770000027027
16.8371,10.25146000002697
17.4851,10.268130000026897
16.0581,10.284810000027065
16.5554,10.301500000027008
16.4935,10.318140000027139
16.7851,10.334810000027064
17.0719,10.351460000026972
16.8395,10.368110000026878
16.4939,10.384790000027046
17.3619,10.401500000027008
16.6126,10.418200000027195
16.1383,10.434890000027139
16.6376,10.451550000027288
16.9422,10.468230000027456
16.5198,10.4849200000274
16.7957,10.501600000027567
17.1277,10.518300000027754
16.3885,10.534970000027679
16.7354,10.551650000027847
16.7047,10.568300000027753
16.8377,10.58497000002768
16.7113,10.601680000027642
16.9082,10.618380000027829
15.8155,10.635050000027753
15.7308,10.651720000027678
17.2026,10.66845000002766
16.8394,10.685150000027846
16.0908,10.701830000028014
16.6045,10.718510000028182
16.9085,10.735210000028369
16.6591,10.751870000028518
16.7559,10.768500000028405
18.2193,10.785150000028311
15.2779,10.801820000028238
16.5664,10.818490000028163
17.0228,10.835150000028312
16.8656,10.851810000028461
16.3133,10.868480000028386
16.5902,10.885160000028554
16.8583,10.901840000028722
16.4201,10.91852000002889
17.1856,10.935220000029076
16.6881,10.951900000029244
16.6593,10.96857000002917
16.4819,10.985250000029337
17.0459,11.001920000029262
16.9315,11.018570000029168
17.0004,11.035280000029132
16.3837,11.051960000029299
17.1227,11.068630000029225
16.3805,11.085320000029169
16.5182,11.101990000029094
15.7279,11.118700000029058
16.439,11.135390000029002
16.5406,11.15207000002917
16.6696,11.168730000029319
16.8989,11.185430000029504
31.4064,11.20210000002943
10.2807,11.218780000029598
9.9042,11.235440000029746
15.0767,11.252100000029895
16.5693,11.268780000030063
18.4507,11.28545000002999
15.4888,11.302150000030174
16.3642,11.318830000030342
16.6221,11.335520000030286
16.46,11.352190000030213
16.9672,11.3688900000304
16.5677,11.385580000030343
16.5794,11.40226000003051
16.8276,11.418950000030454
16.56,11.435630000030622
16.5225,11.452290000030771
16.7025,11.46895000003092
16.7322,11.485630000031087
17.6688,11.502330000031273
16.4223,11.519010000031441
17.0843,11.53569000003161
16.2788,11.552350000031758
16.7732,11.569030000031926
16.6465,11.585710000032094
16.9416,11.602410000032279
16.4026,11.619090000032447
16.4235,11.635760000032374
16.1755,11.65244000003254
16.9734,11.669130000032485
16.6608,11.685850000032689
16.6648,11.702530000032857
16.5831,11.7192200000328
16.3814,11.735890000032727
17.5186,11.75260000003269
16.4481,11.769290000032633
18.1532,11.78599000003282
15.123,11.802680000032764
16.5722,11.819360000032932
16.8938,11.83602000003308
16.7646,11.85268000003323
16.3316,11.86932000003336
16.7783,11.885990000033285
16.7322,11.90268000003323
16.8607,11.919350000033155
16.5449,11.935990000033286
16.5416,11.952640000033192
16.6931,11.969310000033119
16.7269,11.985990000033285
17.5815,12.002670000033453
16.0941,12.01934000003338
17.6266,12.036060000033583
16.3703,12.05274000003375
16.6361,12.069420000033919
16.8396,12.086100000034087
16.5098,12.102780000034254
16.9002,12.119490000034217
16.2831,12.136170000034385
15.9013,12.152880000034347
16.3614,12.169540000034496
31.4213,12.186210000034421
16.2761,12.202850000034552
11.3674,12.219540000034495
10.1396,12.236210000034422
16.2168,12.252870000034571
15.845,12.269560000034515
17.8895,12.286210000034421
15.7643,12.302920000034385
16.9965,12.31959000003431
16.0858,12.336270000034478
16.7376,12.352950000034646
16.5703,12.36964000003459
17.0923,12.386350000034552
16.2533,12.403070000034758
15.1035,12.419750000034925
17.1898,12.43645000003511
16.1441,12.453130000035278
17.3261,12.469800000035203
16.1709,12.486460000035352
16.5784,12.503130000035279
16.7432,12.519800000035204
17.0256,12.53650000003539
16.4179,12.55314000003552
16.8062,12.569820000035689
16.7895,12.586520000035874
16.1864,12.603170000035782
17.1089,12.619880000035744
17.382,12.636560000035912
16.145,12.65324000003608
16.3858,12.669930000036024
17.0173,12.68663000003621
16.6603,12.70329000003636
16.6793,12.719990000036544
16.4775,12.736640000036452
16.872,12.753310000036377
16.8024,12.770010000036564
17.4843,12.78666000003647
15.5426,12.803340000036638
16.4026,12.820010000036564
16.9477,12.836720000036527
17.6344,12.853380000036676
15.2559,12.870050000036601
16.8522,12.88671000003675
16.4819,12.903390000036918
17.1603,12.920080000036862
16.3716,12.93676000003703
17.1809,12.953450000036973
16.7821,12.970110000037122
17.3767,12.986810000037309
16.789,13.00345000003744
15.2362,13.020130000037607
16.8493,13.036810000037775
16.7865,13.053500000037719
16.7024,13.070170000037644
17.2239,13.086850000037812
16.2856,13.10351000003796
16.886,13.120200000037904
16.5119,13.136880000038072
16.6083,13.15356000003824
16.5071,13.170250000038184
17.127,13.18695000003837
16.5251,13.203630000038538
16.6176,13.220320000038482
16.2013,13.23700000003865
17.0098,13.253680000038818
16.6152,13.270360000038986
18.2595,13.287040000039152
15.0597,13.303710000039079
17.239,13.320390000039247
17.0725,13.337070000039414
16.6622,13.35375000003958
16.7296,13.370440000039526
16.1713,13.387100000039675
17.855,13.403820000039879
15.8619,13.420470000039787
16.9494,13.43718000003975
16.2414,13.453840000039898
16.768,13.47055000003986
16.5281,13.48721000004001
17.0324,13.503880000039935
16.5754,13.520560000040103
17.0264,13.53724000004027
16.6246,13.553920000040439
17.2585,13.570600000040606
16.3977,13.587310000040569
15.6959,13.603990000040737
16.4964,13.620670000040903
17.3175,13.63732000004081
16.0866,13.654000000040979
16.4957,13.670680000041147
16.7021,13.687340000041296
17.0087,13.70403000004124
16.4125,13.720700000041164
16.8324,13.737350000041072
16.3732,13.753990000041203
16.7194,13.77065000004135
17.7638,13.787320000041277
15.8652,13.804030000041239
16.5659,13.820730000041426
16.787,13.837410000041594
16.2201,13.854080000041519
16.531,13.870740000041668
16.4592,13.887430000041611
16.9841,13.904100000041536
16.6807,13.920800000041723
16.458,13.93747000004165
17.4405,13.954150000041816
16.824,13.970810000041965
16.9112,13.987490000042133
16.5051,14.0041700000423
17.1995,14.020860000042244
16.6117,14.037540000042412
16.8822,14.054230000042356
16.3571,14.070910000042524
16.9747,14.087590000042692
16.371,14.10427000004286
16.9225,14.120960000042803
16.9448,14.137670000042766
16.2144,14.154330000042915
17.1984,14.171030000043102
15.9451,14.18771000004327
17.2421,14.204410000043456
16.2807,14.2211000000434
15.8103,14.237780000043568
16.5911,14.254450000043493
16.3905,14.27113000004366
18.2862,14.287800000043585
15.9772,14.304480000043753
16.4728,14.32118000004394
16.2557,14.337850000043865
16.6337,14.354530000044033
16.9551,14.371190000044182
16.6183,14.387850000044331
18.5952,14.404560000044293
14.956,14.42126000004448
16.7606,14.437960000044667
16.2528,14.454640000044835
17.1296,14.471320000045
17.4596,14.488000000045169
16.5224,14.504670000045095
16.6865,14.52134000004502
16.5625,14.538010000044945
16.9006,14.554680000044872
16.5378,14.571330000044778
16.9616,14.588020000044722
16.1018,14.60468000004487
15.9016,14.621370000044815
17.2573,14.638010000044945
15.9997,14.654670000045094
16.6871,14.67136000004504
16.6159,14.688050000044983
16.5045,14.704730000045151
17.1862,14.721450000045355
16.5984,14.738160000045319
16.7186,14.754820000045466
17.0898,14.771500000045634
16.212,14.788210000045597
18.1582,14.804920000045561
15.2558,14.821640000045765
16.735,14.838340000045951
16.8211,14.85502000004612
16.0939,14.871710000046063
16.7058,14.888350000046193
17.5393,14.905030000046361
15.9503,14.921700000046286
16.9187,14.93841000004625
16.5573,14.955080000046175
16.3622,14.971730000046081
17.0636,14.988400000046008
16.9961,15.005080000046174
16.4049,15.021760000046342
17.0118,15.038460000046529
16.7663,15.055170000046491
16.2758,15.071810000046622
17.0788,15.088480000046548
16.973,15.105150000046473
16.4266,15.12180000004638
16.909,15.138510000046342
16.4475,15.15517000004649
16.7812,15.171820000046399
17.0207,15.188520000046585
16.8002,15.205200000046752
15.5632,15.22185000004666
16.9767,15.238560000046622
16.5319,15.255270000046584
16.6842,15.271920000046492
16.4779,15.288620000046677
18.1981,15.305290000046604
15.0799,15.321950000046753
16.6376,15.338630000046921
16.4296,15.355280000046827
17.121,15.371960000046995
16.4581,15.388640000047163
17.189,15.405340000047348
16.1604,15.422010000047274
16.8518,15.438700000047218
16.9471,15.455360000047367
16.433,15.472020000047516
16.8004,15.488740000047722
16.2761,15.505410000047647
16.8319,15.52210000004759
16.6638,15.538770000047515
16.903,15.555470000047702
16.5033,15.572100000047591
16.3903,15.58876000004774
16.7795,15.605440000047908
16.7155,15.622120000048074
17.3659,15.638790000048001
16.4058,15.655460000047926
16.6366,15.67215000004787
16.6706,15.688820000047796
16.5478,15.705480000047945
16.9668,15.722160000048111
16.5858,15.738870000048076
16.6744,15.755550000048242
16.8947,15.77223000004841
16.2133,15.788910000048578
18.5134,15.80562000004854
15.29,15.822300000048708
16.4072,15.838970000048633
16.6038,15.8556500000488
17.0453,15.872360000048763
16.5131,15.889020000048912
16.4763,15.90567000004882
16.6996,15.922340000048745
16.6399,15.939000000048894
16.6352,15.955680000049062
17.0193,15.97236000004923
16.2937,15.989010000049136
17.1416,16.0057200000491
16.5088,16.022400000049267
16.7295,16.039040000049397
16.7971,16.05575000004936
16.437,16.07243000004953
17.0097,16.08915000004973
16.893,16.105860000049695
15.9558,16.122540000049863
16.7123,16.13920000005001
16.994,16.155890000049958
16.443,16.172540000049864
17.0263,16.189250000049825
16.1996,16.205940000049768
17.0254,16.222610000049695
16.3248,16.23930000004964
16.8682,16.255990000049582
16.4378,16.272640000049492
16.6331,16.28932000004966
17.8907,16.306000000049824
15.6026,16.32267000004975
15.9718,16.33935000004992
16.7507,16.35599000005005
17.3275,16.372690000050234
17.0635,16.389350000050385
16.6866,16.406060000050346
16.6274,16.422730000050272
16.571,16.439450000050478
16.4424,16.456160000050442
16.5905,16.472830000050365
16.7574,16.48954000005033
16.9598,16.506240000050514
16.1684,16.522930000050458
16.8521,16.5396200000504
16.4592,16.55629000005033
16.7236,16.57293000005046
16.6495,16.589580000050365
16.7958,16.60625000005029
17.6374,16.622920000050218
16.7861,16.639610000050162
15.9766,16.656280000050085
16.6822,16.67295000005001
16.1631,16.68963000005018
16.4844,16.706300000050106
16.4354,16.722980000050274
17.0406,16.739700000050476
16.9407,16.75641000005044
16.1611,16.773060000050346
16.6633,16.789710000050253
18.0699,16.80638000005018
15.8143,16.823070000050123
16.6293,16.839780000050087
16.0915,16.856460000050255
16.8516,16.8731500000502
16.7577,16.889850000050384
16.6275,16.906490000050514
17.0637,16.923170000050682
16.3815,16.939880000050646
16.4879,16.95658000005083
16.5483,16.973260000051
17.0905,16.989940000051167
16.3398,17.006580000051297
17.1185,17.023280000051482
16.3595,17.03995000005141
16.565,17.056620000051335
17.4653,17.07332000005152
16.3392,17.089970000051427
16.8751,17.106650000051594
16.5766,17.123330000051762
16.4934,17.14001000005193
16.589,17.156660000051836
16.8234,17.17335000005178
17.0086,17.190030000051948
17.0025,17.20672000005189
16.7229,17.223430000051856
16.2063,17.240090000052007
16.6358,17.25678000005195
17.0155,17.273470000051894
16.5544,17.29017000005208
17.5374,17.306840000052006
15.9929,17.323550000051966
16.2933,17.340230000052134
16.5188,17.356880000052044
16.8898,17.373550000051967
16.6409,17.390190000052097
17.0138,17.40690000005206
16.4145,17.423600000052247
16.5756,17.440260000052398
16.5316,17.456890000052283
16.728,17.47358000005223
16.8638,17.490230000052136
16.2803,17.50690000005206
17.2138,17.523610000052024
16.4979,17.54029000005219
16.797,17.557010000052397
17.2149,17.57368000005232
16.4878,17.59034000005247
16.526,17.607010000052398
16.6937,17.62370000005234
17.1692,17.64038000005251
15.6615,17.65710000005271
16.4108,17.67378000005288
16.8952,17.690460000053047
16.3142,17.707110000052953
16.7174,17.723740000052842
17.1049,17.740430000052786
16.4267,17.757130000052975
16.7496,17.773840000052935
16.8157,17.79053000005288
16.3122,17.807220000052826
18.5539,17.82390000005299
14.8093,17.840590000052938
16.4903,17.857240000052844
16.6593,17.873920000053012
16.6908,17.890610000052956
17.4019,17.907280000052882
16.3391,17.92393000005279
16.8354,17.94057000005292
16.5379,17.957250000053087
17.1826,17.97394000005303
16.9954,17.99058000005316
17.146,18.00726000005333
16.1193,18.023940000053496
16.5667,18.040620000053664
16.7995,18.057300000053832
16.9601,18.073990000053776
16.5002,18.09068000005372
16.4901,18.107360000053887
16.7477,18.12403000005381
16.3263,18.14071000005398
16.4808,18.157410000054167
16.4539,18.17408000005409
16.5797,18.190760000054258
16.6826,18.2074500000542
16.4801,18.22413000005437
16.8009,18.24078000005428
17.0805,18.257480000054464
16.3096,18.274170000054408
17.5417,18.290850000054576
16.681,18.307510000054723
17.9486,18.324170000054874
15.2414,18.3408400000548
17.0495,18.35755000005476
16.5922,18.37423000005493
16.8882,18.390940000054893
16.8739,18.407660000055095
16.0965,18.424300000055226
16.5777,18.44101000005519
16.1103,18.457690000055358
16.7697,18.474400000055322
16.4448,18.491070000055245
16.8989,18.50778000005521
16.7734,18.524460000055377
16.3336,18.5411300000553
17.1503,18.557800000055227
17.1071,18.574430000055116
16.2068,18.591110000055284
16.6213,18.607750000055415
16.6939,18.624420000055338
17.5546,18.641070000055247
15.4603,18.657750000055415
17.0175,18.67443000005558
16.6453,18.69108000005549
18.019,18.707800000055695
16.5595,18.72448000005586
16.7611,18.741200000056065
16.5064,18.75791000005603
16.9174,18.77462000005599
16.199,18.791310000055937
15.3062,18.80798000005586
18.1971,18.824660000056028
15.653,18.841340000056196
16.3566,18.858020000056364
16.7364,18.87468000005651
16.8587,18.89136000005668
16.8094,18.90800000005681
16.9569,18.924670000056736
16.3667,18.941320000056642
16.6606,18.95799000005657
16.6138,18.974680000056512
16.9795,18.991390000056477
17.5988,19.008040000056383
16.4572,19.02472000005655
16.5795,19.041380000056698
17.3498,19.05807000005664
16.2842,19.07475000005681
16.7629,19.091430000056977
16.7177,19.108130000057166
16.2519,19.124810000057334
16.0755,19.14151000005752
16.7505,19.158180000057445
16.5586,19.174860000057613
16.6087,19.191550000057557
16.7565,19.20822000005748
16.7385,19.224890000057407
16.5847,19.241610000057612
16.35,19.25827000005776
16.7088,19.27492000005767
16.4558,19.291610000057613
16.6528,19.30827000005776
18.7002,19.324970000057945
15.0575,19.341670000058134
16.4934,19.35834000005806
16.9522,19.375060000058262
16.1473,19.391710000058172
17.3278,19.40837000005832
16.1272,19.425050000058487
16.8499,19.44174000005843
16.8977,19.458440000058616
16.2397,19.475120000058784
16.5688,19.491760000058914
17.2523,19.508410000058824
17.1458,19.52511000005901
16.6731,19.541790000059176
17.265,19.558520000059158
16.8862,19.5752100000591
16.648,19.591900000059045
16.4299,19.608580000059213
16.7809,19.62526000005938
16.2908,19.641930000059308
16.8615,19.658610000059475
15.4894,19.67530000005942
16.8024,19.691960000059566
16.4083,19.708600000059697
17.0584,19.725260000059848
16.3252,19.741910000059754
16.9475,19.75858000005968
16.8406,19.77529000005964
16.2941,19.791950000059792
17.0244,19.80863000005996
18.0552,19.825310000060128
15.6439,19.842010000060313
16.7376,19.858720000060273
16.3334,19.87541000006022
16.87,19.892060000060127
16.4148,19.908740000060295
16.9643,19.92544000006048
16.4091,19.94208000006061
16.8575,19.958770000060554
16.6366,19.975470000060742
17.0925,19.99215000006091
16.5997,20.008820000060833
16.7057,20.02547000006074
16.6733,20.042150000060907
16.4931,20.058830000061075
16.8717,20.075530000061264
16.5754,20.09219000006141
16.9763,20.108900000061375
17.1389,20.125560000061522
16.6287,20.142220000061673
16.7743,20.15892000006186
16.4198,20.175610000061802
15.7793,20.19228000006173
16.6288,20.208950000061655
16.643,20.2256400000616
16.9598,20.242320000061767
16.0107,20.25901000006171
16.6512,20.275670000061858
16.3494,20.292350000062026
17.2449,20.30906000006199
16.5816,20.325710000061896
17.5238,20.342370000062044
15.5015,20.359060000061987
16.7308,20.375750000061934
16.6731,20.3924300000621
16.9252,20.40909000006225
16.2816,20.425750000062397
17.0299,20.442440000062344
16.3551,20.45912000006251
17.1991,20.475790000062435
16.5,20.49248000006238
16.8237,20.509180000062567
16.5012,20.525860000062735
16.6644,20.54253000006266
16.4493,20.559200000062585
16.5832,20.575870000062512
16.9269,20.592560000062456
16.8619,20.60923000006238
16.7112,20.625940000062343
16.4402,20.64261000006227
17.8152,20.659290000062438
15.5875,20.675940000062344
16.5161,20.692610000062267
17.0085,20.70932000006223
16.2994,20.7260000000624
16.8035,20.742680000062567
17.0402,20.759390000062528
16.8865,20.776080000062475
16.6123,20.79273000006238
15.9193,20.809400000062304
17.0263,20.82607000006223
16.6248,20.842760000062174
17.971,20.859450000062118
15.2205,20.876100000062028
17.7585,20.89281000006199
16.4941,20.909500000061932
16.0869,20.926140000062063
16.7564,20.94284000006225
16.6472,20.959540000062436
16.3923,20.976210000062363
16.9674,20.992930000062564
17.0155,21.009610000062732
16.7491,21.02628000006266
17.3434,21.042990000062623
16.1554,21.05964000006253
16.9679,21.076320000062697
16.5444,21.09301000006264
16.6916,21.109660000062547
16.9788,21.126360000062736
16.5504,21.14306000006292
16.2126,21.159710000062827
16.8779,21.176380000062753
16.5706,21.19306000006292
17.053,21.209730000062844
16.4779,21.226410000063012
16.9865,21.2431100000632
16.097,21.25979000006337
17.2181,21.276490000063554
16.524,21.29316000006348
16.5578,21.309820000063628
16.7274,21.326520000063816
16.6732,21.343220000064
17.9816,21.359920000064186
15.9608,21.37661000006413
16.0863,21.393290000064297
15.9675,21.409970000064465
16.61,21.426640000064392
16.516,21.443290000064298
16.6688,21.459940000064204
17.1215,21.47666000006441
16.2001,21.49332000006456
17.0021,21.509990000064484
16.5151,21.52666000006441
16.5864,21.543310000064317
16.5452,21.559980000064243
16.5429,21.57664000006439
17.6548,21.593350000064355
16.2983,21.6100400000643
16.5743,21.626710000064225
17.1905,21.64338000006415
17.4023,21.660050000064075
15.8839,21.67674000006402
16.4813,21.693410000063945
16.8579,21.71011000006413
16.4993,21.72681000006432
16.6785,21.743480000064242
16.5698,21.760130000064148
16.9262,21.776820000064095
16.3601,21.79350000006426
17.0764,21.810170000064186
16.2386,21.82686000006413
17.0299,21.84352000006428
17.2391,21.860220000064466
17.5258,21.876880000064617
15.8866,21.89357000006456
16.4403,21.910270000064745
16.6911,21.92696000006469
16.6379,21.943630000064616
16.5924,21.960310000064784
17.1245,21.977000000064727
16.2316,21.99369000006467
16.815,22.010380000064615
16.7146,22.02703000006452
16.822,22.043740000064485
16.4176,22.06039000006439
16.7691,22.077050000064542
16.7659,22.093740000064486
16.7888,22.11044000006467
16.9676,22.127130000064614
16.6637,22.14378000006452
16.6146,22.16044000006467
16.9624,22.177130000064615
16.2747,22.193810000064783
16.9952,22.21048000006471
16.4572,22.227170000064653
17.0994,22.24389000006486
16.4001,22.260570000065027
16.5026,22.277210000065157
15.292,22.29388000006508
16.9137,22.31058000006527
16.7423,22.327270000065212
17.0058,22.34393000006536
16.6536,22.360630000065548
18.0396,22.377290000065695
15.2355,22.393960000065622
31.1266,22.410630000065545
13.4527,22.427300000065472
11.8796,22.44398000006564
12.2083,22.460670000065583
16.374,22.477330000065734
17.1001,22.494040000065695
17.2782,22.51073000006564
16.0852,22.527430000065827
15.6506,22.54412000006577
16.7875,22.56080000006594
16.6958,22.577450000065845
16.5135,22.59412000006577
16.6383,22.610810000065715
15.7934,22.627490000065883
16.7104,22.644180000065827
17.4804,22.660820000065957
15.4987,22.67749000006588
16.7305,22.69414000006579
16.6276,22.710800000065937
16.8929,22.7275100000659
16.4926,22.744210000066087
16.8109,22.76091000006627
16.8477,22.777620000066236
16.4444,22.794290000066162
16.5267,22.810960000066085
16.9375,22.82768000006629
16.6227,22.84436000006646
16.8634,22.861030000066386
19.5147,22.877740000066346
15.5688,22.894410000066273
16.566,22.91107000006642
16.6655,22.92773000006657
16.9193,22.944400000066498
16.7086,22.961100000066683
16.1723,22.97777000006661
16.0248,22.994400000066495
16.7647,23.011090000066442
16.6846,23.027770000066607
16.8833,23.044450000066774
15.5202,23.0611200000667
16.6398,23.077820000066886
16.7476,23.094510000066833
16.3574,23.11116000006674
16.8133,23.127830000066663
16.8531,23.144550000066868
16.9959,23.161270000067073
16.3655,23.177930000067224
17.2654,23.19463000006741
16.5901,23.211280000067315
17.4566,23.227980000067504
16.1665,23.24464000006765
16.4939,23.26132000006782
16.9372,23.278030000067783
16.5872,23.29473000006797
16.8917,23.311420000067912
16.7034,23.32810000006808
16.4626,23.344790000068024
16.385,23.361450000068174
17.9408,23.37813000006834
15.7829,23.394810000068507
16.6641,23.411500000068454
16.3961,23.4281600000686
16.938,23.44484000006877
16.3828,23.461490000068675
17.3357,23.478160000068602
15.5039,23.494810000068508
16.6777,23.511510000068693
17.0002,23.528220000068657
16.6118,23.544940000068863
16.5684,23.56162000006903
16.3671,23.578280000069178
16.9778,23.594990000069142
16.3841,23.61164000006905
17.0765,23.628350000069013
16.3169,23.64500000006892
17.5088,23.661670000068842
16.488,23.67836000006879
16.061,23.695020000068936
16.629,23.711660000069067
17.1884,23.728340000069235
16.7898,23.74506000006944
16.4356,23.761750000069384
16.4818,23.77843000006955
16.4426,23.795080000069458
17.3376,23.811780000069643
16.4824,23.82846000006981
16.8869,23.84512000006996
16.4289,23.861790000069888
16.7624,23.878480000069832
17.9419,23.895130000069738
16.0265,23.911800000069665
16.2859,23.928440000069795
16.6076,23.945150000069756
16.6284,23.96185000006994
16.5984,23.97850000006985
16.8396,23.995190000069794
18.9265,24.01185000006994
14.882,24.02855000007013
16.2667,24.045240000070073
16.8758,24.061950000070034
16.7245,24.078640000069978
16.2533,24.095320000070146
16.9431,24.111990000070072
16.6182,24.12866000007
16.6253,24.145350000069943
16.503,24.16203000007011
17.0345,24.17874000007007
16.9335,24.195400000070222
16.7485,24.21208000007039
16.6412,24.228740000070538
16.4597,24.245390000070444
16.6764,24.26208000007039
16.5927,24.27874000007054
17.2157,24.295450000070502
15.8816,24.31213000007067
16.8819,24.328800000070594
17.0602,24.345460000070744
16.6333,24.362170000070705
16.4296,24.378830000070856
18.1224,24.39553000007104
15.2635,24.412200000070968
16.7532,24.428900000071152
16.339,24.44558000007132
16.9738,24.46224000007147
16.4422,24.478930000071415
16.7648,24.495610000071583
16.9469,24.512300000071527
16.2688,24.528950000071433
16.9041,24.545640000071376
16.793,24.562280000071507
15.7859,24.57897000007145
16.3058,24.595620000071357
16.9157,24.612300000071524
16.5874,24.628960000071675
16.6765,24.6456300000716
17.6084,24.662310000071766
15.5741,24.678970000071917
17.1706,24.695680000071878
16.6309,24.712370000071825
16.6946,24.72905000007199
16.9176,24.745750000072178
16.2621,24.762420000072105
16.9093,24.779130000072065
16.4009,24.795800000071992
16.7288,24.812500000072177
16.3954,24.829180000072345
17.2243,24.84588000007253
16.2356,24.86252000007266
16.7538,24.87918000007281
17.8522,24.89586000007298
15.5931,24.912540000073147
17.0731,24.929270000073128
17.7395,24.945950000073296
15.8622,24.962660000073257
16.6218,24.979320000073407
16.2998,24.996000000073575
16.5349,25.012660000073723
16.9175,25.029370000073687
16.9162,25.046050000073855
16.6936,25.06277000007406
16.2952,25.079450000074225
16.7987,25.09609000007436
16.1317,25.11273000007449
17.0867,25.129420000074433
16.5551,25.146090000074356
17.0541,25.16280000007432
16.6949,25.17951000007428
16.2629,25.19617000007443
16.9965,25.212870000074616
16.9552,25.229530000074767
16.9302,25.24622000007471
16.274,25.26290000007488
16.9482,25.27961000007484
16.7421,25.296290000075007
16.2949,25.31298000007495
16.7465,25.329650000074878
16.6633,25.34631000007503
16.4374,25.362990000075197
16.758,25.379640000075103
16.7465,25.39630000007525
17.7977,25.412950000075156
15.7806,25.429630000075324
16.5725,25.446310000075492
16.4738,25.462960000075398
16.9346,25.479660000075587
16.7292,25.496320000075734
16.9154,25.513010000075678
16.3353,25.529680000075604
17.1778,25.54639000007557
16.3641,25.563090000075753
16.4263,25.57976000007568
17.0324,25.596460000075865
16.6146,25.61313000007579
16.531,25.62981000007596
16.8145,25.646490000076128
16.353,25.663170000076295
18.2464,25.679830000076443
14.7078,25.696520000076386
16.7425,25.713170000076293
17.079,25.729860000076236
16.5316,25.7465700000762
16.2023,25.76323000007635
16.8331,25.779900000076275
16.672,25.7965700000762
16.8943,25.813240000076128
16.5879,25.829920000076292
16.8462,25.84662000007648
16.233,25.863290000076407
17.2045,25.880000000076368
16.1772,25.896650000076274
18.2682,25.9133200000762
15.1922,25.93000000007637
16.9274,25.946670000076296
17.1198,25.963380000076256
16.0452,25.980040000076407
16.7264,25.996720000076575
16.7263,26.01337000007648
16.644,26.030060000076425
16.7649,26.04671000007633
16.7558,26.063380000076258
16.9388,26.0800700000762
16.313,26.096760000076145
16.6003,26.113440000076313
16.838,26.13009000007622
16.3028,26.146760000076146
17.1649,26.16346000007633
17.1354,26.180170000076295
16.6693,26.196880000076256
16.4787,26.2135700000762
16.8673,26.230290000076405
16.4239,26.24694000007631
16.7046,26.263610000076238
16.4678,26.28030000007618
16.8833,26.29698000007635
16.5829,26.313670000076293
17.0549,26.33034000007622
16.3549,26.346990000076126
17.1105,26.363660000076052
16.8162,26.38033000007598
16.4839,26.39697000007611
18.5022,26.41368000007607
15.1408,26.430360000076238
16.3374,26.447030000076165
16.7805,26.463710000076333
16.9836,26.480410000076517
16.2449,26.497080000076444
17.1265,26.51380000007665
16.4026,26.530460000076797
16.5432,26.547130000076724
17.3392,26.563840000076684
15.5773,26.580500000076835
16.7621,26.59717000007676
16.4115,26.613850000076926
16.6132,26.630520000076853
16.7901,26.64719000007678
16.6573,26.663870000076948
17.5791,26.680520000076854
15.8856,26.697190000076777
17.3486,26.71390000007674
16.359,26.73058000007691
16.5495,26.747240000077056
16.7908,26.763940000077245
16.727,26.780620000077413
17.0276,26.797310000077356
15.7907,26.813970000077504
16.597,26.83064000007743
16.9857,26.847340000077615
16.3983,26.864020000077783
17.0214,26.880710000077727
16.9241,26.897400000077674
16.3167,26.914090000077618
18.0321,26.930770000077786
14.8944,26.94745000007795
17.0665,26.964120000077877
17.0243,26.98083000007784
16.4572,26.997520000077785
17.1092,27.014200000077953
16.4874,27.030900000078137
16.5297,27.047550000078044
16.9079,27.06422000007797
16.7813,27.080890000077897
17.0274,27.097570000078065
16.6113,27.11426000007801
16.4584,27.130940000078176
16.7375,27.1476100000781
16.5351,27.164290000078267
17.5302,27.180960000078194
16.6945,27.197640000078362
16.4056,27.21432000007853
16.9445,27.230990000078453
15.7241,27.2476800000784
17.2925,27.264380000078585
15.9766,27.281040000078733
17.1544,27.297760000078938
16.8679,27.31445000007888
16.1265,27.33112000007881
16.9816,27.347800000078976
16.3975,27.364460000079124
16.6673,27.38114000007929
16.6356,27.397800000079442
16.7264,27.41448000007961
17.874,27.43112000007974
15.7309,27.4478300000797
16.4753,27.46448000007961
16.8551,27.481150000079534
16.6693,27.497850000079723
16.5242,27.51451000007987
16.5386,27.531190000080038
16.7928,27.547860000079964
16.6329,27.564530000079888
16.8882,27.581230000080076
17.0042,27.59792000008002
16.8096,27.614590000079946
16.7737,27.63128000007989
16.46,27.647940000080037
16.5451,27.66460000008019
17.0289,27.68131000008015
15.5665,27.697990000080317
16.5764,27.71468000008026
16.5746,27.731370000080204
16.8071,27.748030000080355
16.6505,27.76470000008028
17.0239,27.781410000080243
16.4131,27.79809000008041
16.9925,27.814810000080616
16.2196,27.831490000080784
16.9722,27.848170000080952
16.5901,27.86485000008112
16.8824,27.88156000008108
16.1701,27.898250000081024
18.2465,27.914930000081192
15.5764,27.931650000081397
17.6151,27.948280000081287
15.6174,27.96497000008123
16.3501,27.981620000081136
17.0988,27.9983300000811
16.4497,28.014980000081007
16.6279,28.031660000081175
16.6627,28.04831000008108
16.6739,28.064980000081007
17.1752,28.081680000081192
16.775,28.0983300000811
16.3636,28.115010000081266
16.4879,28.131670000081417
16.7232,28.148350000081585
16.5037,28.16500000008149
17.1003,28.181710000081452
17.4593,28.19841000008164
16.2717,28.215080000081564
16.0909,28.231790000081528
16.4569,28.24845000008168
16.608,28.265120000081602
16.9716,28.281840000081807
17.1087,28.29855000008177
16.8285,28.315240000081715
16.4719,28.331920000081883
16.8419,28.34860000008205
16.7387,28.365280000082215
16.4694,28.381970000082163
16.8123,28.398660000082106
16.9272,28.41533000008203
16.6686,28.432040000081994
18.1784,28.44872000008216
15.2379,28.465370000082068
17.0866,28.482070000082253
16.8175,28.498790000082458
16.2242,28.51543000008259
16.7361,28.53209000008274
15.99,28.548790000082924
16.9752,28.565450000083075
16.1124,28.582120000083
16.6581,28.59876000008313
16.5909,28.61540000008326
17.1315,28.632100000083447
16.3534,28.648750000083353
16.7235,28.665390000083484
17.6366,28.68207000008365
15.5437,28.69874000008358
17.0584,28.715420000083746
16.3949,28.732070000083652
17.4572,28.74875000008382
17.0333,28.765470000084022
16.1949,28.78216000008397
15.6967,28.798810000083876
16.8464,28.815490000084043
16.4625,28.832180000083987
16.7577,28.84887000008393
17.3403,28.8655500000841
16.8138,28.882230000084267
16.0387,28.898910000084435
16.6307,28.91560000008438
16.527,28.932250000084284
17.8624,28.94892000008421
15.8368,28.96560000008438
16.7498,28.982260000084526
16.9378,28.99895000008447
16.2025,29.015620000084397
16.9021,29.03231000008434
16.8211,29.048960000084247
16.4715,29.06565000008419
16.5267,29.082330000084358
17.7348,29.099010000084526
16.2862,29.115690000084694
17.0093,29.132400000084658
16.2686,29.14911000008462
16.4789,29.16577000008477
17.7606,29.182450000084938
16.2267,29.199130000085106
15.6676,29.21582000008505
16.8995,29.232540000085255
16.4884,29.249220000085423
16.4924,29.265890000085346
16.9139,29.28261000008555
17.4546,29.299270000085702
16.8487,29.315920000085608
17.0007,29.332610000085552
16.8412,29.34929000008572
16.4605,29.365960000085643
16.9667,29.38265000008559
16.2378,29.399300000085496
16.7243,29.41597000008542
16.8144,29.432670000085608
17.7735,29.449320000085514
15.4055,29.46599000008544
16.8118,29.482690000085626
16.6819,29.499350000085776
16.9923,29.51607000008598
16.6317,29.532770000086167
16.2458,29.549430000086314
16.9955,29.566120000086258
16.3324,29.582800000086426
15.4553,29.599460000086577
16.9936,29.6161300000865
16.3737,29.632820000086447
16.6798,29.64949000008637
16.6994,29.666170000086538
17.8651,29.68281000008667
15.3487,29.699480000086595
16.756,29.716160000086763
17.3282,29.73284000008693
16.1709,29.749530000086875
16.8825,29.76623000008706
16.2483,29.782910000087227
16.6158,29.799580000087154
17.2141,29.81628000008734
16.2759,29.832970000087283
16.9577,29.849680000087247
16.4694,29.866360000087415
16.4517,29.883030000087338
16.7552,29.899680000087248
17.0846,29.91635000008717
16.7889,29.933040000087114
18.1078,29.94975000008708
14.8304,29.966430000087247
16.6306,29.983090000087394
17.0806,29.99976000008732
17.0365,30.016430000087247
16.1611,30.03310000008717
17.2884,30.04980000008736
17.132,30.066500000087544
16.942,30.083190000087487
16.3625,30.099840000087394
16.6376,30.116490000087303
15.8455,30.133180000087247
16.6758,30.14985000008717
16.8314,30.166560000087134
16.4793,30.183220000087285
16.5469,30.19990000008745
16.8104,30.2165600000876
16.9909,30.23324000008777
16.3687,30.249910000087695
16.7701,30.26660000008764
16.8891,30.283280000087807
16.3576,30.29995000008773
16.6942,30.316630000087898
17.0363,30.333300000087824
16.3647,30.349970000087747
16.754,30.366640000087674
16.5743,30.383320000087842
16.915,30.400010000087786
16.6656,30.416690000087954
16.5535,30.433350000088105
16.6601,30.450030000088272
19.0016,30.466740000088233
15.5537,30.483440000088418
16.5932,30.500140000088606
16.4319,30.51683000008855
16.693,30.533510000088718
16.8412,30.55022000008868
16.4402,30.56687000008859
16.6248,30.583550000088756
17.0703,30.60027000008896
16.5489,30.616990000089164
15.8853,30.63366000008909
16.273,30.650320000089238
18.0868,30.667000000089406
15.3586,30.683680000089574
16.5105,30.700370000089517
16.8391,30.717030000089668
16.5493,30.733700000089595
16.8629,30.75040000008978
17.3469,30.767080000089948
16.4503,30.783710000089837
17.383,30.80040000008978
16.0047,30.817090000089724
17.0473,30.833770000089892
16.1892,30.85045000009006
17.1264,30.867170000090265
16.8185,30.883880000090226
16.1537,30.90057000009017
17.0532,30.917250000090338
16.8856,30.933930000090506
16.2894,30.95062000009045
16.8978,30.96726000009058
15.8026,30.983930000090506
16.5947,31.000570000090637
16.8622,31.01726000009058
17.4979,31.033930000090507
16.3721,31.050580000090413
16.5357,31.06726000009058
17.018,31.083950000090525
16.7183,31.10062000009045
16.3974,31.117290000090374
16.6677,31.133970000090542
16.3467,31.15065000009071
16.2867,31.167330000090878
16.9803,31.18399000009103
16.3865,31.20063000009116
16.8001,31.217300000091083
16.9393,31.23400000009127
16.565,31.2506400000914
16.9445,31.267340000091586
16.1877,31.284020000091754
17.1091,31.30074000009196
16.3272,31.317420000092127
16.6269,31.334100000092295
17.0017,31.350820000092497
16.2929,31.367500000092665
17.0743,31.38421000009263
17.5309,31.400870000092777
16.9408,31.417570000092965
16.2165,31.434210000093096
16.4177,31.45090000009304
18.6236,31.467580000093207
15.2417,31.484290000093168
16.4598,31.500980000093115
16.6992,31.51763000009302
15.9779,31.53431000009319
16.9735,31.550980000093112
16.337,31.56766000009328
16.6348,31.584330000093207
17.0387,31.60103000009339
16.7999,31.617720000093335
16.4384,31.634380000093486
16.4985,31.651030000093392
17.6895,31.667740000093357
15.7114,31.68444000009354
16.6811,31.701130000093485
16.5148,31.717790000093636
16.7498,31.734470000093804
16.6455,31.751140000093727
17.0234,31.767820000093895
16.4901,31.78449000009382
16.6276,31.80115000009397
16.9065,31.817830000094137
16.7151,31.834490000094288
16.4117,31.851150000094435
17.3037,31.867850000094624
16.6085,31.88455000009481
16.4982,31.901230000094976
16.6996,31.91792000009492
16.5745,31.934570000094826
16.748,31.951240000094753
18.0769,31.96792000009492
15.4261,31.984610000094865
16.8734,32.00129000009503
16.5185,32.0179700000952
15.7323,32.03462000009511
16.9656,32.051280000095254
17.8239,32.06798000009544
15.2964,32.08466000009561
16.8661,32.10137000009557
16.5035,32.11806000009552
16.6215,32.13474000009568
16.9627,32.15143000009563
16.4475,32.168110000095794
16.4732,32.18478000009572
16.7086,32.20146000009589
16.7383,32.21814000009606
16.8911,32.234830000096004
16.6361,32.25151000009617
16.9188,32.26819000009634
16.3757,32.284890000096524
17.0443,32.30161000009673
16.2279,32.318290000096894
16.6238,32.3349400000968
16.7559,32.35165000009676
16.5838,32.36833000009693
16.9308,32.38505000009714
17.1685,32.4017300000973
16.8131,32.41844000009727
15.9799,32.43511000009719
17.1833,32.4517600000971
17.2464,32.46843000009702
17.4625,32.48508000009693
16.0623,32.5017900000969
16.3693,32.51845000009705
16.5998,32.53513000009721
16.6704,32.5517600000971
16.8934,32.568430000097024
17.1921,32.585090000097175
17.1062,32.60179000009736
18.2917,32.61847000009753
14.7854,32.63514000009745
16.3558,32.6518300000974
17.9915,32.668500000097325
13.8977,32.68520000009751
17.0104,32.701920000097715
16.742,32.71864000009792
16.8392,32.73533000009786
16.4436,32.75203000009805
16.3976,32.76866000009794
17.2891,32.785380000098144
16.316,32.802040000098295
16.2558,32.81872000009846
16.8282,32.83538000009861
16.7264,32.852030000098516
16.5798,32.868670000098646
17.0495,32.88535000009881
16.9749,32.90202000009874
16.4747,32.91868000009889
16.63,32.935370000098835
16.5527,32.952010000098966
16.7847,32.96869000009913
17.9842,32.985370000099294
15.9368,33.0020900000995
16.5225,33.018810000099705
16.2668,33.03549000009988
16.709,33.05214000009978
16.7013,33.06879000009969
16.1591,33.085440000099595
16.9987,33.10212000009977
16.7473,33.11883000009973
16.9268,33.13551000009989
16.649,33.15221000010008
16.6023,33.16887000010023
16.6377,33.18550000010012
16.6558,33.202180000100284
17.0922,33.21888000010047
16.7343,33.23559000010044
16.2074,33.252310000100636
16.4517,33.26899000010081
16.7216,33.28567000010097
16.7121,33.30237000010116
16.2799,33.31902000010107
16.6947,33.33568000010121
16.8797,33.35237000010116
16.8056,33.36906000010111
16.4402,33.385710000101014
16.7415,33.40236000010092
16.8823,33.419040000101084
16.6193,33.43573000010103
16.9455,33.45240000010096
16.4624,33.4690600001011
17.9049,33.48574000010127
15.6237,33.502450000101234
16.1673,33.51912000010116
16.8768,33.53579000010109
17.0846,33.55251000010129
16.4931,33.569220000101254
16.363,33.58587000010116
16.7489,33.60254000010109
17.0618,33.61923000010103
16.4506,33.635920000100974
16.3327,33.65260000010114
17.1683,33.669270000101065
16.3729,33.68596000010101
17.8998,33.70264000010118
15.4068,33.71929000010108
17.063,33.73598000010103
16.2853,33.75265000010096
16.8494,33.76935000010114
16.6377,33.78599000010127
16.9495,33.80268000010122
16.8664,33.81937000010116
16.5302,33.83603000010131
16.3721,33.85270000010124
16.8517,33.8693800001014
16.6082,33.886080000101586
16.9389,33.902720000101716
16.6166,33.919410000101664
16.4378,33.93606000010157
16.8957,33.95274000010174
16.6305,33.96939000010165
16.8668,33.98608000010159
17.5352,34.00276000010176
15.9306,34.019480000101964
16.8935,34.036170000101905
16.7087,34.05282000010181
16.5961,34.06950000010198
16.9857,34.08620000010217
16.4912,34.10289000010211
16.9219,34.119600000102075
15.4313,34.136270000102
17.0195,34.152930000102145
17.3812,34.16961000010232
15.6392,34.18626000010222
16.9439,34.20293000010215
16.5654,34.219610000102314
16.7087,34.236290000102485
16.9709,34.25297000010265
16.4964,34.26965000010282
16.6187,34.286310000102965
16.8177,34.30302000010293
16.5588,34.3197000001031
16.7369,34.336390000103044
16.5125,34.353060000102964
17.0388,34.36975000010291
16.5135,34.386450000103096
16.9671,34.40313000010327
17.3478,34.41980000010319
16.8278,34.436470000103114
16.2967,34.453150000103285
17.1203,34.46983000010345
16.2106,34.48651000010362
18.451,34.50320000010356
15.0438,34.51988000010373
16.5546,34.53654000010388
16.9574,34.553230000103824
16.7116,34.56992000010377
16.3825,34.586580000103915
16.7409,34.60327000010386
16.2691,34.61994000010379
16.166,34.63660000010393
16.9008,34.653300000104124
16.532,34.66996000010427
17.1166,34.686670000104236
16.7162,34.70339000010444
17.4152,34.720050000104585
15.7416,34.73675000010478
16.6092,34.75346000010474
16.7173,34.770130000104665
16.6207,34.786820000104605
16.8949,34.803500000104776
16.145,34.820170000104696
16.7841,34.83684000010462
16.9814,34.85349000010453
16.3247,34.87012000010442
16.7426,34.88679000010435
16.6286,34.90343000010448
16.9156,34.9201000001044
17.1618,34.9368200001046
15.8756,34.95349000010453
16.7436,34.97016000010446
16.6299,34.98682000010461
18.3378,35.00353000010457
15.2627,35.02023000010475
16.8794,35.036910000104925
16.3474,35.05359000010509
16.7514,35.070290000105274
16.9548,35.08698000010522
16.3552,35.10363000010513
16.9781,35.12033000010531
16.5232,35.13704000010528
16.5275,35.15373000010522
16.4356,35.17039000010537
17.2896,35.18705000010552
17.04,35.2037800001055
16.5206,35.22048000010569
16.9534,35.23714000010584
16.9756,35.253790000105745
16.2099,35.270460000105665
16.9992,35.287140000105836
16.5609,35.30381000010576
16.5748,35.32048000010569
16.742,35.33715000010561
16.6289,35.353840000105556
16.6976,35.37048000010569
16.9428,35.38716000010585
16.5229,35.40386000010604
16.6313,35.42054000010621
17.3686,35.43722000010638
15.9956,35.45388000010652
17.0654,35.47058000010671
16.5285,35.487290000106675
18.5947,35.50399000010686
15.0626,35.52066000010679
17.1341,35.53736000010697
16.3844,35.55405000010692
15.0981,35.57071000010706
16.7126,35.587390000107234
16.7039,35.6040700001074
16.9079,35.62075000010757
16.6718,35.6373900001077
16.8988,35.65404000010761
16.6722,35.67070000010776
16.8497,35.68738000010792
16.6647,35.70403000010783
16.6817,35.720700000107755
17.6929,35.737410000107715
15.4106,35.75409000010789
16.6571,35.77076000010781
17.0761,35.787460000108
16.2823,35.80414000010816
16.9884,35.82085000010812
16.4267,35.837530000108295
17.2002,35.854240000108256
16.416,35.870950000108216
16.4351,35.88760000010813
16.9627,35.90427000010805
16.8252,35.92095000010822
16.8149,35.93766000010818
16.7105,35.95433000010811
16.5073,35.971020000108055
16.8573,35.9876800001082
16.8743,36.00439000010817
17.924,36.021060000108086
14.9852,36.03772000010824
16.8481,36.054410000108184
16.7125,36.07108000010811
16.8894,36.08779000010807
16.4125,36.10445000010822
16.7469,36.12114000010816
16.3063,36.13781000010809
15.8228,36.154490000108254
16.6313,36.17114000010817
16.9619,36.18779000010807
16.4418,36.20447000010824
17.0181,36.22115000010841
16.4785,36.23782000010833
16.7765,36.25447000010824
16.6341,36.27116000010818
16.5721,36.28782000010833
17.0932,36.304530000108294
16.4109,36.32120000010822
16.4969,36.33787000010815
16.8962,36.35457000010833
16.9274,36.371250000108496
16.4958,36.38793000010867
16.9786,36.40465000010887
16.5828,36.42133000010904
17.7858,36.438000000108964
16.4443,36.45467000010889
15.6278,36.47136000010883
16.7246,36.48806000010902
16.3802,36.50474000010919
18.1685,36.521410000109114
15.4293,36.53808000010904
16.3842,36.554760000109205
16.9468,36.57141000010911
16.4554,36.58810000010906
16.5397,36.60478000010922
17.1105,36.62149000010919
17.0546,36.638170000109355
16.0309,36.654830000109506
16.9179,36.67154000010947
16.3589,36.68822000010964
16.8779,36.70491000010958
16.7031,36.72159000010975
17.6305,36.73826000010967
15.5029,36.75492000010982
16.6813,36.77159000010975
16.5688,36.78824000010965
16.8978,36.80488000010978
16.9062,36.82158000010997
16.3995,36.83826000011014
16.4583,36.854940000110304
16.7196,36.87161000011023
17.1327,36.88828000011016
16.3186,36.90496000011032
16.984,36.92168000011053
16.3028,36.9383600001107
16.8972,36.95507000011066
16.5898,36.97175000011083
17.0347,36.988430000110995
16.3269,37.00510000011092
18.2704,37.02180000011111
15.392,37.03851000011107
16.4495,37.055200000111014
16.3565,37.07187000011094
17.2036,37.08854000011087
16.3565,37.10523000011081
16.86,37.12191000011098
16.6022,37.138590000111144
16.925,37.15528000011109
16.4657,37.171960000111255
17.3587,37.18864000011143
16.4007,37.20529000011133
16.8412,37.22199000011152
16.5326,37.23871000011172
16.0488,37.25536000011163
17.062,37.272060000111814
16.6076,37.288720000111965
16.7231,37.30542000011215
16.2755,37.32206000011228
17.1678,37.33873000011221
16.3954,37.35539000011236
16.7079,37.37207000011252
16.9104,37.38874000011245
17.0804,37.405390000112355
16.3329,37.422100000112316
16.4419,37.43875000011222
16.6338,37.45543000011239
16.548,37.472090000112544
17.6471,37.48881000011274
16.351,37.505490000112914
17.9138,37.5221900001131
15.6723,37.53890000011306
16.8043,37.55559000011301
16.2427,37.57227000011317
16.4781,37.588920000113085
17.1859,37.60562000011327
16.1993,37.622290000113196
16.9574,37.638980000113136
16.6014,37.65563000011304
16.9213,37.67232000011299
16.7433,37.688990000112916
16.1975,37.70564000011282
16.8962,37.72231000011275
16.8848,37.73900000011269
17.674,37.755700000112874
14.912,37.772360000113025
16.9071,37.789070000112986
16.4732,37.80575000011316
16.618,37.82243000011332
16.9255,37.83910000011325
16.4299,37.8557600001134
16.9463,37.87244000011356
16.4264,37.889100000113714
16.755,37.905760000113865
16.739,37.92243000011379
17.268,37.93914000011375
16.3853,37.95582000011392
16.639,37.97250000011409
17.4167,37.98921000011405
16.6821,38.00589000011422
17.5298,38.022570000114385
15.3024,38.03925000011455
16.4297,38.05595000011474
16.5122,38.072650000114926
16.3057,38.08933000011509
17.3904,38.10601000011526
16.2969,38.12267000011541
16.4771,38.13933000011556
17.7993,38.15599000011571
16.5584,38.172660000115634
16.9246,38.18938000011584
16.4826,38.206060000116004
16.5607,38.22271000011591
17.1107,38.23940000011586
16.2302,38.256070000115784
15.802,38.27272000011569
16.8925,38.28939000011562
17.1817,38.3060900001158
16.5775,38.322770000115966
16.5956,38.33946000011591
16.946,38.35613000011584
16.4716,38.372810000116004
16.9451,38.389520000115965
16.5051,38.40619000011589
16.8664,38.4229100001161
16.4607,38.439600000116044
16.6937,38.456290000115985
16.5681,38.472950000116136
16.9936,38.48964000011608
16.3633,38.506310000116
17.6801,38.522960000115916
16.0206,38.539670000115876
16.5695,38.556360000115816
16.5435,38.57303000011574
16.7395,38.58967000011587
16.5864,38.6063400001158
17.1174,38.62303000011575
16.5122,38.63973000011593
16.6242,38.65640000011586
16.5314,38.67308000011602
16.5092,38.68975000011595
17.1377,38.70642000011588
16.3476,38.72307000011578
16.7887,38.73976000011572
17.2915,38.756440000115894
15.5794,38.77312000011606
16.4395,38.78978000011621
17.1411,38.80644000011636
16.3867,38.82310000011651
16.6809,38.839780000116676
16.71,38.85647000011662
16.5661,38.87313000011677
16.9238,38.88980000011669
17.7224,38.90650000011688
16.0769,38.92320000011707
16.424,38.939880000117235
16.7058,38.9565600001174
16.6018,38.97324000011757
17.0127,38.989940000117755
16.4872,39.0066300001177
17.8208,39.02330000011763
15.8035,39.040000000117814
16.6811,39.05672000011802
16.4222,39.07338000011816
17.0934,39.09007000011811
16.2403,39.10674000011804
16.9405,39.123450000118
16.6005,39.14013000011817
16.794,39.15682000011811
16.4778,39.17351000011806
17.0563,39.19023000011826
16.6802,39.20691000011843
16.6925,39.22355000011856
17.0947,39.24025000011874
17.1765,39.25694000011869
15.7591,39.273620000118854
16.5168,39.290280000119004
16.1803,39.30698000011919
16.4367,39.32364000011934
16.8271,39.34031000011927
16.8694,39.35697000011941
16.8945,39.37366000011936
16.2909,39.39034000011953
17.0132,39.40700000011967
16.5514,39.42365000011958
17.7804,39.440370000119785
17.0179,39.45706000011973
16.0345,39.47372000011988
16.6645,39.4903900001198
16.4648,39.50706000011973
18.2745,39.523730000119656
15.58,39.54039000011981
16.4311,39.55707000011997
16.7004,39.57373000012012
16.5964,39.59040000012005
15.9861,39.60708000012021
16.5266,39.62373000012012
17.0581,39.64044000012009
16.3341,39.65715000012005
16.7344,39.67386000012001
16.4045,39.690530000119935
16.9133,39.70722000011988
16.5745,39.72393000011984
16.4047,39.74061000012001
18.1281,39.757320000119975
15.694,39.77398000012012
16.8587,39.79066000012029
16.845,39.807340000120455
16.6167,39.82401000012038
16.4385,39.84065000012051
17.1637,39.85733000012068
16.6149,39.87398000012059
16.9505,39.890660000120754
16.4167,39.90733000012068
16.5615,39.92397000012081
16.7951,39.94063000012096
16.9179,39.95734000012092
16.547,39.97401000012085
17.1672,39.990670000121
16.5033,40.00736000012094
16.929,40.02407000012091
17.8314,40.04075000012107
15.5796,40.057430000121236
16.4918,40.07413000012143
16.5743,40.09082000012137
16.611,40.10750000012154
16.6604,40.124150000121446
16.7248,40.14081000012159
16.7109,40.15749000012176
17.0433,40.174190000121946
16.4125,40.1908500001221
16.9251,40.20756000012206
16.167,40.224230000121985
16.5407,40.24090000012191
16.8615,40.257580000122076
16.816,40.27426000012225
16.817,40.29096000012243
16.0964,40.307640000122596
15.9997,40.32434000012279
16.4143,40.34101000012271
16.3427,40.357680000122635
17.2176,40.37435000012256
16.383,40.39102000012249
16.9084,40.407690000122415
16.554,40.4243900001226
16.9494,40.441090000122784
16.4351,40.45776000012271
16.3514,40.47443000012264
16.7355,40.491080000122544
17.203,40.507770000122484
16.1265,40.524450000122656
17.7611,40.54110000012256
15.9799,40.55781000012252
16.4024,40.57450000012247
16.5363,40.591150000122376
17.2689,40.60784000012232
16.8677,40.62454000012251
15.9107,40.64123000012245
17.0825,40.65795000012265
16.4877,40.674610000122804
16.869,40.69131000012299
16.6291,40.70802000012295
17.2199,40.72465000012284
17.1585,40.7413600001228
16.5272,40.758070000122764
17.4647,40.77472000012268
14.7556,40.79137000012258
16.9848,40.80805000012275
16.6067,40.82473000012292
16.7047,40.841430000123104
17.0483,40.85809000012325
17.0416,40.874780000123195
16.3582,40.891490000123156
16.3453,40.908130000123286
17.2293,40.92482000012323
16.0625,40.9415000001234
17.0372,40.95820000012359
16.5726,40.97487000012351
16.919,40.991540000123436
16.6688,41.00821000012336
16.368,41.024890000123534
16.5162,41.041530000123664
18.3837,41.05821000012383
15.2027,41.074910000124014
16.8566,41.091590000124185
16.3474,41.108260000124105
16.662,41.124920000124256
16.5861,41.14160000012443
16.8172,41.15826000012457
16.6624,41.1749300001245
16.6334,41.19161000012467
16.6101,41.20830000012461
16.7273,41.224950000124515
16.9416,41.24164000012446
16.727,41.25830000012461
16.3892,41.27499000012455
17.0533,41.29166000012448
16.3509,41.30835000012443
16.6218,41.32503000012459
16.6996,41.34171000012476
16.6918,41.35839000012493
16.5302,41.37507000012509
17.0352,41.39178000012506
16.6464,41.40842000012519
16.7622,41.42511000012513
17.1685,41.44181000012532
16.2205,41.45853000012552
16.4301,41.47520000012545
17.1658,41.49190000012563
16.2122,41.508580000125804
16.7548,41.525270000125744
16.5719,41.54194000012567
18.3727,41.55862000012584
15.3257,41.5753300001258
16.713,41.59198000012571
16.5071,41.60866000012588
16.628,41.625310000125786
16.991,41.64203000012599
16.4728,41.65870000012591
16.5327,41.6754000001261
16.6234,41.69207000012603
16.8995,41.70876000012597
16.5831,41.72542000012612
16.7921,41.74208000012627
16.3118,41.75875000012619
17.6431,41.7754000001261
15.824,41.79208000012627
16.5651,41.8087200001264
16.7339,41.82538000012655
16.9031,41.84205000012648
16.4014,41.85873000012664
16.8652,41.87540000012657
16.5401,41.892070000126495
17.3894,41.90877000012668
16.2612,41.925450000126844
16.4493,41.94214000012679
16.6484,41.958820000126956
17.0271,41.97553000012692
16.5148,41.99222000012686
16.9054,42.008900000127035
16.7617,42.025610000126996
16.4157,42.04229000012716
17.6375,42.059010000127365
17.5751,42.075670000127516
15.6347,42.09238000012748
16.8761,42.10910000012768
16.6027,42.125780000127854
16.296,42.14243000012776
15.5096,42.15910000012769
17.2086,42.17579000012763
16.1067,42.19243000012776
17.1234,42.209140000127725
16.6209,42.22580000012787
16.4697,42.24248000012804
17.039,42.25917000012798
16.3687,42.27581000012811
16.9083,42.292510000128296
16.5523,42.30920000012824
16.4942,42.32587000012817
17.0407,42.342540000128096
16.4409,42.35924000012828
16.9251,42.37589000012819
16.2709,42.39255000012834
16.7128,42.4092300001285
17.0123,42.425910000128674
16.4027,42.44259000012884
16.9976,42.45927000012901
16.4756,42.475970000129195
16.8042,42.492680000129155
16.4876,42.509340000129306
17.2126,42.52601000012923
16.952,42.542720000129194
16.0738,42.55940000012936
18.5321,42.576110000129326
15.4391,42.59279000012949
16.3058,42.60946000012942
16.9922,42.62614000012958
17.0966,42.64281000012951
16.4898,42.65947000012966
16.6063,42.67615000012982
16.6654,42.69282000012975
16.7436,42.709470000129656
16.6546,42.72615000012983
16.6079,42.74280000012973
16.8788,42.759440000129864
17.3455,42.776150000129824
15.0281,42.79280000012973
17.123,42.80946000012988
16.496,42.826160000130066
16.767,42.842850000130014
16.2585,42.85953000013018
16.8502,42.87623000013037
16.8359,42.89292000013031
16.3312,42.90960000013048
16.707,42.926280000130646
16.8024,42.94295000013057
16.7409,42.95963000013074
16.7151,42.976340000130705
16.517,42.99300000013085
16.7596,43.009670000130775
16.7963,43.02636000013072
16.4834,43.043020000130866
16.6693,43.05968000013102
16.5651,43.076350000130944
18.6271,43.093060000130905
15.3013,43.109740000131076
16.2093,43.12642000013124
16.9818,43.14309000013117
16.7518,43.15981000013137
16.8167,43.17652000013133
16.0894,43.193200000131505
16.7639,43.20988000013167
16.7248,43.22656000013184
16.7429,43.243240000132005
16.556,43.259900000132156
17.4199,43.276590000132096
16.22,43.29329000013229
16.5314,43.30995000013243
16.875,43.32661000013258
16.6377,43.34326000013249
16.814,43.35996000013267
16.5694,43.376660000132865
16.3844,43.393350000132806
17.3275,43.410060000132766
16.1617,43.42673000013269
16.5946,43.443390000132844
16.5139,43.460050000132995
17.1426,43.476760000132955
16.6002,43.49344000013312
16.5242,43.51011000013305
16.8803,43.52679000013322
16.6838,43.54347000013338
16.4974,43.560150000133554
16.4953,43.57680000013346
18.2427,43.593500000133645
15.5931,43.610210000133605
16.8222,43.62693000013381
16.1405,43.64358000013372
16.9645,43.66023000013362
16.9475,43.676930000133815
16.8687,43.693620000133755
16.2119,43.710280000133906
17.0265,43.72698000013409
16.69,43.743680000134276
16.3738,43.7603500001342
17.9626,43.777010000134354
15.274,43.793650000134484
16.3617,43.81032000013441
16.7057,43.827000000134575
17.0047,43.84369000013452
16.4223,43.86033000013465
16.6433,43.87701000013482
17.5077,43.893700000134764
15.8663,43.91037000013469
17.2199,43.92706000013463
17.2289,43.94375000013458
16.6042,43.96043000013474
16.4996,43.977110000134914
16.5661,43.99379000013508
17.0271,44.01047000013525
16.4045,44.027150000135414
16.9449,44.0438500001356
16.5584,44.060500000135505
16.6961,44.0772000001357
17.5128,44.09386000013584
16.0784,44.11054000013601
16.3594,44.12723000013595
16.9278,44.14394000013592
16.3337,44.160620000136085
16.9821,44.17729000013601
16.3286,44.193970000136176
16.7465,44.21063000013633
16.8027,44.22733000013651
16.5129,44.24399000013666
16.4842,44.26067000013683
16.5654,44.27731000013696
16.8401,44.293980000136884
17.6473,44.310660000137055
16.117,44.327350000136995
16.8559,44.3440000001369
16.8465,44.36071000013687
16.6191,44.377410000137054
16.5918,44.394070000137205
16.9135,44.41077000013739
16.2214,44.42744000013732
17.173,44.44415000013728
16.4795,44.460820000137204
17.1195,44.47747000013711
14.8954,44.494150000137275
16.4311,44.51084000013722
17.7138,44.52751000013715
15.8097,44.544160000137055
16.8721,44.56086000013724
16.5171,44.57750000013737
18.4043,44.594220000137575
15.0335,44.610880000137726
16.5697,44.62756000013789
16.857,44.644260000138075
17.0411,44.660930000138
16.3316,44.67763000013819
16.3425,44.69429000013834
17.1196,44.71101000013854
17.0092,44.72769000013871
16.4621,44.744380000138655
16.9009,44.76105000013858
17.6876,44.77776000013854
15.2639,44.79445000013849
16.4255,44.81111000013863
16.4859,44.827790000138805
16.9151,44.84444000013871
17.0629,44.86115000013867
16.7501,44.87781000013882
16.6473,44.89450000013877
16.7874,44.911180000138934
16.92,44.92785000013886
16.5003,44.94450000013877
16.7143,44.961170000138694
16.5873,44.977860000138634
16.6532,44.994540000138805
16.859,45.01122000013897
16.8008,45.02790000013914
16.7548,45.04459000013908
16.9093,45.06127000013925
16.3669,45.07797000013944
17.0909,45.0946500001396
17.5603,45.11132000013953
16.3161,45.128040000139734
15.9272,45.14471000013966
16.6074,45.16138000013959
16.9823,45.17809000013955
16.7277,45.194760000139475
16.4764,45.211420000139626
17.0185,45.22808000013977
16.3409,45.24476000013994
16.8392,45.26143000013987
16.8461,45.27814000013983
16.117,45.29478000013996
16.7996,45.31146000014013
16.6474,45.32815000014007
15.8151,45.34484000014002
16.8049,45.36153000013996
16.3508,45.378200000139884
17.109,45.39490000014007
16.2507,45.41156000014022
16.762,45.42825000014017
16.7018,45.44490000014007
16.4751,45.46158000014024
16.8638,45.47826000014041
16.6777,45.49495000014035
16.5225,45.51159000014048
16.8156,45.52823000014061
16.7195,45.54491000014078
16.655,45.56155000014091
17.0957,45.57826000014087
16.6385,45.59495000014081
17.8639,45.61164000014076
15.0563,45.62832000014093
16.9233,45.64503000014089
16.5617,45.66170000014082
16.4863,45.67839000014076
16.7999,45.695080000140706
16.59,45.711770000140646
17.0059,45.72845000014082
16.5574,45.745100000140724
16.5109,45.761760000140875
16.9162,45.77844000014104
17.8039,45.79512000014121
16.011,45.81176000014134
17.9488,45.828460000141526
16.4851,45.84513000014145
16.8989,45.86183000014164
16.7922,45.87853000014182
16.8671,45.89523000014201
16.3305,45.911900000141934
16.9731,45.92859000014188
16.55,45.9452600001418
16.3215,45.96193000014173
16.9604,45.978620000141674
16.5422,45.99528000014182
17.0338,46.011990000141786
16.4285,46.02864000014169
16.8961,46.04532000014186
16.5578,46.06198000014201
16.9184,46.07869000014197
16.2526,46.095360000141895
17.7898,46.112040000142066
15.8603,46.12875000014203
16.6827,46.14546000014199
16.041,46.16214000014216
15.0753,46.178790000142065
16.8305,46.19547000014223
16.7738,46.212140000142156
16.3096,46.22881000014208
17.1784,46.24549000014225
16.5034,46.26217000014242
16.9145,46.278890000142624
16.4379,46.295550000142775
16.8167,46.31220000014268
17.3043,46.328880000142846
16.1784,46.34556000014302
17.0149,46.3622600001432
16.313,46.378920000143346
17.6241,46.39564000014355
17.1391,46.41231000014348
16.2084,46.429020000143446
16.7497,46.445690000143365
16.1045,46.46236000014329
17.0814,46.47907000014325
16.4985,46.495750000143424
16.8627,46.51245000014361
16.593,46.52913000014378
16.4614,46.545810000143945
15.8505,46.56246000014385
16.9149,46.57913000014378
16.6493,46.595780000143684
16.4475,46.612420000143814
18.464,46.629100000143985
15.6583,46.64578000014415
16.5015,46.66246000014432
16.4209,46.679120000144465
16.7618,46.69579000014439
16.7561,46.71247000014456
16.9188,46.72917000014475
16.4292,46.745840000144675
16.6635,46.762510000144594
17.0913,46.77922000014456
17.2399,46.79593000014452
15.4852,46.81257000014465
16.7912,46.82927000014484
16.3163,46.845940000144765
16.5934,46.862600000144916
17.1622,46.879310000144876
16.6457,46.896000000144824
16.6053,46.91268000014499
17.0892,46.92939000014495
16.1946,46.9460500001451
17.2777,46.96273000014527
15.9342,46.979410000145435
17.1511,46.99610000014538
16.551,47.01282000014558
16.2798,47.02951000014553
16.9342,47.046180000145455
16.4733,47.062840000145606
16.6423,47.07952000014577
17.0508,47.09621000014572
16.2948,47.11288000014564
18.4443,47.12956000014581
15.0249,47.14624000014597
16.7941,47.1629100001459
16.5427,47.17957000014605
16.5596,47.196250000146215
16.7447,47.21290000014613
16.7832,47.22957000014605
16.9224,47.24627000014624
16.4107,47.26291000014637
17.1648,47.27962000014633
16.1884,47.29627000014624
16.8847,47.3129800001462
16.7507,47.329650000146124
16.6182,47.34632000014605
16.7891,47.36303000014601
16.2994,47.37972000014596
16.7028,47.396390000145885
16.7722,47.413060000145805
16.5711,47.42973000014573
17.1508,47.44640000014566
16.5404,47.46308000014583
16.9878,47.479760000145994
16.8255,47.49643000014592
16.4981,47.51312000014586
16.8264,47.52980000014603
16.6485,47.5464800001462
16.6447,47.56315000014612
16.1088,47.57982000014605
16.6364,47.596510000146
16.8422,47.61317000014614
16.8487,47.62985000014631
18.0233,47.64650000014622
15.5398,47.66318000014638
17.0352,47.67985000014631
16.9727,47.69653000014648
16.7625,47.71324000014644
16.3384,47.72994000014663
16.9331,47.74665000014659
16.4342,47.763340000146535
16.5511,47.78003000014648
16.5468,47.796710000146646
15.9901,47.81339000014681
16.6479,47.83006000014674
16.9715,47.84676000014692
16.4603,47.863410000146835
17.0322,47.88006000014674
16.7221,47.89673000014666
17.5974,47.913380000146574
16.8577,47.93008000014676
16.4819,47.946750000146686
16.6363,47.96343000014685
15.5598,47.98011000014702
16.5694,47.99680000014696
17.19,48.01345000014687
16.4832,48.030160000146836
16.4647,48.046850000146776
16.8858,48.06356000014674
16.3667,48.08024000014691
16.8967,48.09690000014706
16.8219,48.11358000014722
16.2308,48.13026000014739
18.56,48.146970000147356
14.6953,48.16365000014752
16.7597,48.18036000014749
16.4732,48.197010000147394
17.1337,48.213700000147334
16.3747,48.230360000147485
16.8089,48.247070000147446
16.7284,48.26376000014739
16.334,48.28044000014756
16.9191,48.29714000014774
16.6217,48.31381000014767
16.4601,48.33047000014782
17.1158,48.347150000147984
16.5684,48.363830000148155
16.7034,48.38051000014832
16.5126,48.39717000014847
16.9845,48.4138400001484
16.1671,48.43050000014855
17.0231,48.44720000014873
16.6125,48.46389000014867
16.8411,48.48058000014862
16.3393,48.49727000014857
17.1211,48.51396000014851
16.5038,48.530650000148455
16.4717,48.5473100001486
16.872,48.564000000148546
16.5241,48.5806600001487
17.1586,48.597330000148624
16.7971,48.614020000148564
16.2618,48.630680000148715
17.769,48.647320000148845
15.5497,48.664010000148785
16.6982,48.68068000014871
16.6787,48.69735000014864
16.8883,48.7140600001486
17.0111,48.730780000148805
15.9417,48.747460000148976
16.9975,48.76417000014894
16.5046,48.78082000014884
17.571,48.79749000014877
15.4655,48.81418000014872
17.2457,48.83087000014866
16.6557,48.84755000014883
16.2136,48.86422000014875
16.6224,48.88086000014888
16.9209,48.89749000014877
16.9376,48.9141600001487
16.4803,48.93084000014886
16.4215,48.947520000149034
16.8736,48.96419000014895
16.5396,48.980870000149125
16.8797,48.99755000014929
16.4422,49.01419000014942
16.6494,49.03087000014959
17.0358,49.047590000149796
16.6791,49.06430000014976
16.698,49.08102000014996
16.5362,49.09769000014989
17.2242,49.11437000015005
16.7575,49.131050000150225
17.9298,49.14773000015039
15.6381,49.164400000150316
16.637,49.18111000015028
16.733,49.19779000015045
16.5292,49.21443000015058
16.9731,49.23112000015052
16.3595,49.247770000150425
16.6585,49.26444000015035
16.987,49.2811300001503
16.8539,49.29782000015024
16.8996,49.31453000015021
16.5504,49.33121000015037
17.0344,49.34787000015052
16.3038,49.364550000150686
16.7146,49.38122000015061
16.3904,49.39786000015074
17.5417,49.41456000015093
16.2813,49.431250000150875
15.1599,49.4479200001508
16.6918,49.464600000150966
16.7565,49.4812400001511
16.6483,49.49790000015125
17.1787,49.51460000015143
16.4291,49.531280000151604
16.8531,49.547990000151565
16.3018,49.564680000151505
16.9639,49.581340000151656
16.8709,49.5980300001516
16.3361,49.61471000015177
17.7842,49.63142000015173
15.4384,49.6481000001519
18.1518,49.664820000152105
15.5182,49.68152000015229
16.3615,49.698200000152454
16.6349,49.714860000152605
16.5982,49.73153000015253
16.9411,49.74823000015272
16.7432,49.76490000015264
16.5037,49.781580000152815
17.5574,49.798220000152945
15.8496,49.81494000015314
16.3322,49.831580000153274
16.9876,49.848240000153424
16.3989,49.864920000153596
17.221,49.88162000015378
16.4101,49.898300000153945
18.0425,49.91498000015412
15.7471,49.93164000015427
17.2523,49.94834000015445
16.6875,49.96502000015462
16.8698,49.98166000015475
16.914,49.99837000015471
16.4196,50.01503000015486
16.5616,50.03171000015503
17.0349,50.04840000015497
16.5282,50.06511000015494
16.5198,50.08177000015508
16.8889,50.09845000015525
16.7311,50.11512000015518
16.5989,50.13181000015512
16.5466,50.14850000015507
18.2411,50.16518000015523
15.2971,50.18188000015542
16.6734,50.19856000015559
16.5102,50.215210000155494
16.9862,50.231900000155434
16.4887,50.24859000015538
16.6191,50.26527000015555
16.842,50.28195000015572
16.5535,50.29863000015588
16.7674,50.31531000015605
16.3527,50.33196000015596
16.933,50.348630000155886
16.6098,50.36530000015581
16.9238,50.382000000156
16.4066,50.398650000155904
16.9897,50.41533000015607
16.4056,50.43201000015624
17.1024,50.448710000156424
16.577,50.465390000156596
15.5022,50.48209000015678
16.4891,50.498790000156966
16.4757,50.51545000015712
16.8998,50.53216000015708
16.6845,50.54881000015698
17.3531,50.56551000015717
16.349,50.582180000157095
16.4623,50.59885000015702
16.6864,50.61549000015715
16.7324,50.63216000015708
16.6114,50.648810000156985
18.6363,50.66549000015715
14.7736,50.682180000157096
16.387,50.698830000157
16.8292,50.71554000015696
16.6819,50.732220000157135
16.4354,50.74889000015706
16.7533,50.765580000157
16.5981,50.78227000015695
17.7639,50.79896000015689
15.5709,50.815630000156816
16.9531,50.83231000015699
16.4425,50.84899000015715
16.6672,50.865670000157316
16.916,50.88234000015724
16.4939,50.89899000015715
17.0272,50.915680000157096
16.2201,50.93235000015702
17.1137,50.94906000015698
16.3714,50.96575000015693
16.7096,50.98244000015687
16.4867,50.99910000015702
17.095,51.01581000015698
16.9249,51.03253000015719
16.7071,51.04923000015737
17.1491,51.0659000001573
16.8292,51.082600000157484
16.4617,51.099300000157676
17.0681,51.115970000157596
16.9776,51.13266000015754
16.2763,51.14933000015747
16.5694,51.166000000157396
18.237,51.182670000157316
15.601,51.19933000015747
16.8176,51.21600000015739
16.4556,51.23270000015758
16.3571,51.249350000157484
16.8373,51.26602000015741
17.2222,51.28270000015758
16.0823,51.29938000015775
15.5119,51.31608000015793
16.761,51.3327900001579
16.6332,51.34946000015782
16.3847,51.366110000157725
17.029,51.38278000015765
16.5028,51.39945000015758
16.8643,51.416150000157764
16.5321,51.432830000157935
16.6972,51.44948000015784
16.8372,51.46615000015777
16.5308,51.48283000015793
16.8272,51.499510000158104
16.5658,51.51617000015825
16.7734,51.53287000015844
16.8253,51.54956000015838
16.5706,51.566260000158564
16.4805,51.58291000015847
16.5551,51.5995800001584
17.041,51.616290000158365
16.3302,51.63294000015827
16.6931,51.649600000158415
18.0608,51.666260000158566
15.9151,51.68294000015874
16.576,51.69961000015866
16.9892,51.716280000158584
16.4624,51.732940000158735
16.2536,51.7496200001589
16.6613,51.766310000158846
16.7081,51.78296000015875
17.6976,51.79967000015871
15.8752,51.816370000158905
16.4793,51.833040000158825
16.9451,51.84975000015879
16.6387,51.86642000015872
16.7391,51.88311000015866
16.4333,51.899780000158586
16.8418,51.91649000015855
16.5884,51.93317000015872
16.9288,51.94988000015868
16.3034,51.96654000015883
17.0372,51.98323000015877
16.5366,51.99992000015872
16.4618,52.01657000015862
17.1299,52.033300000158604
16.3703,52.049940000158735
16.7365,52.0666200001589
16.8827,52.08330000015907
16.6903,52.09999000015901
16.4714,52.116640000158924
16.8249,52.13334000015911
16.4053,52.149990000159015
16.649,52.16666000015894
18.1502,52.183340000159106
15.1848,52.199980000159236
17.1755,52.21671000015922
16.493,52.23342000015918
16.5258,52.25007000015909
17.1191,52.266730000159235
16.4285,52.28342000015918
16.3985,52.30009000015911
17.5451,52.31677000015927
16.6273,52.33347000015946
16.6439,52.350160000159406
16.8869,52.36688000015961
16.2744,52.38352000015974
17.0854,52.40017000015965
16.3886,52.416860000159595
16.6371,52.43354000015976
16.7405,52.450230000159706
16.7535,52.466900000159626
16.7443,52.483610000159594
17.0104,52.50031000015978
16.4349,52.51702000015974
16.2669,52.53366000015987
16.8504,52.550330000159796
16.5026,52.56701000015996
16.9856,52.58368000015989
15.935,52.600350000159814
16.7993,52.617010000159965
16.6422,52.63369000016013
16.6819,52.650340000160035
16.6478,52.666980000160166
17.635,52.683620000160296
15.9987,52.700330000160264
16.6444,52.71705000016047
16.3475,52.733730000160634
16.8688,52.75043000016082
16.4554,52.767120000160766
16.0034,52.78379000016069
16.9792,52.80047000016086
17.7634,52.81715000016103
15.3638,52.83383000016119
17.1832,52.85054000016115
16.2799,52.86719000016106
16.7362,52.88383000016119
16.8604,52.90054000016116
16.3778,52.91720000016131
16.6104,52.93387000016123
16.928,52.950560000161175
16.9878,52.96726000016136
16.2556,52.98394000016153
16.6773,53.000620000161696
16.9025,53.01729000016162
16.4517,53.03397000016179
16.6148,53.050660000161734
16.7777,53.067300000161865
16.5697,53.08397000016179
17.047,53.10068000016175
16.595,53.11735000016168
16.7683,53.13403000016184
16.2514,53.150710000162015
17.7487,53.1674100001622
17.6965,53.184060000162106
15.5295,53.20074000016228
16.6938,53.2174100001622
16.799,53.234120000162164
16.2989,53.25080000016233
16.8924,53.2674800001625
16.8371,53.2842000001627
16.5073,53.300870000162625
17.4574,53.3175500001628
17.703,53.33424000016274
16.733,53.35094000016293
16.8447,53.36762000016309
16.3498,53.38431000016304
16.4935,53.400970000163184
16.4238,53.417700000163165
16.4939,53.43439000016311
16.1967,53.45103000016324
17.1604,53.46772000016318
16.4768,53.48441000016313
16.8791,53.50108000016306
16.5163,53.51776000016322
16.6448,53.53444000016339
16.7679,53.55114000016358
16.7702,53.567830000163525
16.5878,53.584470000163655
16.6131,53.60112000016356
16.7169,53.6178100001635
16.2258,53.63449000016367
16.6285,53.65117000016384
15.8329,53.66782000016374
18.023,53.68452000016393
15.3452,53.701230000163896
16.2876,53.7178800001638
16.946,53.73456000016397
16.6451,53.751250000163914
16.4181,53.76793000016408
16.7429,53.784600000164005
17.1784,53.801280000164176
17.6402,53.817950000164096
15.0316,53.83463000016427
16.8506,53.851280000164174
17.1202,53.86796000016434
16.2227,53.88464000016451
17.0244,53.901310000164436
16.4156,53.91797000016458
16.5821,53.93464000016451
16.5967,53.95132000016468
16.8768,53.967970000164584
17.5135,53.98467000016477
16.9141,54.001370000164954
16.4791,54.01804000016488
17.1706,54.03471000016481
16.1901,54.051380000164734
16.7831,54.0680600001649
16.5625,54.084750000164846
16.7353,54.101440000164786
16.6768,54.11812000016496
17.0911,54.13483000016492
16.2437,54.151480000164824
16.5696,54.16815000016475
16.8325,54.18486000016471
18.0523,54.20153000016464
15.0681,54.218220000164585
16.9738,54.23492000016477
16.7886,54.25163000016473
16.2028,54.26830000016466
17.16,54.28500000016484
16.2856,54.30165000016475
17.4682,54.318360000164716
16.5296,54.33504000016488
16.8786,54.35172000016505
16.6968,54.36841000016499
16.7364,54.385090000165164
16.5583,54.40177000016533
16.4569,54.41841000016546
17.1275,54.435100000165406
16.7038,54.451790000165346
16.1007,54.46847000016552
16.8211,54.48513000016566
16.9269,54.50184000016563
16.9508,54.51853000016557
16.4043,54.535200000165496
16.7642,54.551910000165456
16.5916,54.56859000016563
16.7495,54.58531000016583
15.2263,54.60198000016576
16.5469,54.618630000165666
17.2309,54.63531000016583
17.3376,54.652010000166015
16.6299,54.66866000016592
16.1635,54.68530000016605
18.1808,54.7019600001662
15.6225,54.71863000016613
16.6888,54.73532000016608
16.5919,54.75197000016598
16.5035,54.76865000016615
17.1487,54.78535000016633
16.2845,54.80204000016628
16.6296,54.818690000166185
18.1265,54.83539000016637
14.3146,54.85207000016654
16.8593,54.8687800001665
16.8575,54.88546000016667
16.6603,54.90214000016684
16.3841,54.918820000167
17.0488,54.93553000016697
16.9611,54.95222000016691
16.0616,54.96889000016684
17.0581,54.9856000001668
16.5411,55.002270000166725
16.434,55.018950000166896
16.9655,55.03563000016706
16.4218,55.05230000016699
16.6042,55.06894000016712
17.0311,55.08563000016706
16.4868,55.10228000016697
16.8849,55.11893000016688
16.9375,55.13562000016682
16.3763,55.15227000016672
17.008,55.16896000016667
16.2873,55.185640000166835
18.9377,55.202280000166965
15.7989,55.21895000016689
16.3408,55.23563000016706
16.8206,55.25231000016723
16.9104,55.26902000016719
16.93,55.28572000016738
15.3634,55.302380000167524
17.1088,55.31909000016749
16.7661,55.33578000016743
16.2452,55.3524600001676
17.0733,55.369170000167564
16.3095,55.38584000016749
16.6327,55.402560000167696
16.6208,55.41925000016764
16.2469,55.43590000016754
16.6263,55.45256000016769
16.9748,55.469270000167654
16.3715,55.48592000016756
17.1317,55.50260000016773
16.8093,55.51930000016792
16.6071,55.53595000016782
16.8858,55.55265000016801
16.8737,55.56933000016818
16.5066,55.58599000016833
16.3052,55.602670000168494
17.2454,55.619380000168455
16.4935,55.636040000168606
16.3591,55.65272000016878
16.9449,55.66936000016891
16.5931,55.686010000168814
18.3556,55.70273000016902
15.0765,55.719410000169184
16.6493,55.736050000169314
16.842,55.75274000016926
16.3613,55.769420000169426
16.9907,55.78609000016935
16.3903,55.80276000016928
17.0789,55.81944000016944
17.006,55.836120000169615
15.3933,55.852810000169555
16.9416,55.86948000016948
16.3771,55.88614000016963
17.0613,55.90285000016959
16.3382,55.919510000169744
17.0874,55.93621000016993
16.2885,55.952860000169835
16.6049,55.96954000017001
16.7213,55.98622000017017
16.6811,56.0028900001701
16.739,56.01957000017026
16.5836,56.03622000017017
17.0828,56.052930000170136
16.286,56.06958000017004
16.6828,56.08625000016997
16.8166,56.10291000017011
16.6303,56.119590000170284
16.6069,56.13627000017045
16.9798,56.15297000017064
16.4503,56.169650000170805
16.4988,56.18633000017097
18.1728,56.203020000170916
15.3752,56.21968000017107
17.009,56.23637000017101
16.8403,56.25309000017121
16.2314,56.269770000171384
16.9662,56.28649000017159
16.2319,56.30316000017151
17.0297,56.31984000017168
16.4932,56.33653000017162
17.2903,56.35321000017179
15.8051,56.36989000017196
16.6584,56.38656000017188
17.3453,56.40327000017185
16.2955,56.419950000172015
16.3593,56.43662000017194
16.8625,56.45326000017207
16.4429,56.46994000017224
17.0143,56.486630000172184
16.5109,56.50333000017237
16.6151,56.520000000172296
16.5822,56.53667000017222
16.9705,56.55338000017218
16.7125,56.57002000017231
16.8059,56.58669000017224
16.2772,56.603370000172404
16.8706,56.620050000172576
16.4749,56.63673000017274
16.714,56.653380000172646
16.7276,56.6700400001728
16.9761,56.686730000172744
16.4292,56.703400000172664
18.1897,56.72007000017259
15.5531,56.736790000172796
16.2996,56.75345000017295
17.0613,56.77018000017293
16.5573,56.78689000017289
16.2457,56.803580000172836
17.0677,56.82028000017302
17.4697,56.83695000017295
15.5328,56.853620000172874
16.6106,56.870310000172815
16.9508,56.88700000017276
16.5044,56.90364000017289
17.3049,56.92034000017308
16.1439,56.93697000017296
16.4985,56.95362000017287
16.7994,56.970310000172816
17.0655,56.98697000017297
16.4865,57.00366000017291
16.4649,57.02034000017308
17.1344,57.03705000017304
16.5507,57.05373000017321
17.2932,57.07040000017313
17.6013,57.087050000173036
17.097,57.10375000017323
16.6457,57.12045000017341
16.8383,57.13714000017335
16.2876,57.153820000173525
16.3861,57.17052000017371
15.2081,57.18720000017388
16.8447,57.20389000017382
17.4862,57.22054000017373
15.7458,57.23726000017393
16.398,57.253940000174104
16.5815,57.27060000017425
17.0123,57.28728000017442
16.5175,57.30394000017457
17.2008,57.320640000174755
16.3384,57.33729000017466
17.1625,57.35400000017462
16.5907,57.37067000017455
16.6502,57.38735000017471
16.2597,57.40399000017484
16.8666,57.42068000017479
16.6785,57.43737000017474
16.4651,57.45403000017488
16.7387,57.47071000017505
16.841,57.48736000017496
16.775,57.504040000175124
16.5483,57.52069000017503
18.1412,57.5373700001752
16.1198,57.554050000175366
17.0097,57.57076000017533
16.5002,57.58743000017525
16.8402,57.604110000175424
16.4052,57.62078000017535
16.9898,57.63749000017531
16.5305,57.6541900001755
15.2259,57.67087000017567
16.6695,57.68755000017583
16.7483,57.70420000017574
18.1658,57.720900000175924
15.4745,57.737580000176095
16.65,57.754270000176035
16.7367,57.77097000017623
16.4827,57.78766000017617
16.7171,57.804330000176094
16.7848,57.82100000017602
16.7227,57.83771000017598
18.0292,57.85438000017591
15.1477,57.87108000017609
16.6677,57.887760000176264
16.8239,57.904450000176205
16.2684,57.92112000017613
17.1153,57.9378000001763
16.164,57.95447000017622
16.8482,57.97113000017637
16.9964,57.987810000176545
16.318,58.00446000017645
16.8372,58.02115000017639
17.1385,58.03782000017632
16.639,58.05448000017647
16.7394,58.071130000176375
16.6804,58.08781000017654
16.5751,58.104460000176445
16.937,58.12115000017639
16.5936,58.13783000017656
16.6674,58.15450000017648
16.8856,58.17121000017645
17.058,58.18792000017641
16.0928,58.20459000017634
18.2641,58.22129000017652
15.5565,58.238000000176484
16.2499,58.254680000176656
17.2023,58.271390000176616
16.5673,58.28810000017658
16.3364,58.304770000176504
16.9685,58.32149000017671
16.3248,58.338140000176615
16.7584,58.35481000017654
16.4021,58.37148000017647
17.3604,58.388130000176375
17.0832,58.404790000176526
16.8101,58.421500000176486
16.6254,58.43818000017665
16.4968,58.45486000017682
16.3133,58.47155000017676
16.6448,58.48819000017689
16.8447,58.50486000017682
16.89,58.52154000017699
16.4991,58.538240000177176
16.9964,58.554950000177136
16.3768,58.57161000017729
16.9485,58.58829000017745
16.3959,58.60494000017736
16.5782,58.62158000017749
16.6741,58.63826000017766
17.0047,58.654960000177844
16.4852,58.67165000017779
16.6412,58.688310000177935
16.7452,58.70498000017786
17.7896,58.72163000017777
15.4381,58.73831000017794
17.0086,58.754980000177866
16.483,58.77166000017803
16.8118,58.7883400001782
16.5086,58.80501000017812
17.0776,58.82170000017807
16.2207,58.83838000017823
16.982,58.855060000178405
15.5083,58.87174000017857
16.7292,58.88845000017854
16.6915,58.9051600001785
16.3351,58.921810000178404
17.1192,58.93853000017861
16.4696,58.955230000178794
16.4661,58.971910000178966
16.6014,58.988550000179096
16.6694,59.00523000017926
16.8807,59.02191000017943
16.6958,59.03860000017937
16.7129,59.05525000017928
17.0963,59.071940000179225
16.5419,59.088650000179186
16.3694,59.105290000179316
16.6626,59.12196000017924
16.6837,59.13863000017917
16.7701,59.15532000017911
16.7526,59.17200000017928
16.7301,59.188680000179446
17.0189,59.20537000017939
16.2932,59.22208000017935
18.0346,59.23873000017926
15.1943,59.25539000017941
17.2446,59.272070000179575
16.7349,59.2887400001795
16.9287,59.30543000017945
16.6068,59.322130000179634
16.4811,59.33880000017956
16.6921,59.355480000179725
16.7816,59.37213000017963
16.8127,59.3888100001798
16.2969,59.40547000017995
17.1375,59.42217000018014
16.2726,59.438840000180065
16.9597,59.455550000180025
16.4451,59.47222000017995
16.8127,59.48889000017988
16.4574,59.50558000017982
17.0475,59.522280000180004
16.4433,59.538960000180175
16.941,59.55564000018034
16.7965,59.572360000180545
16.2896,59.58901000018045
16.985,59.605710000180636
16.5495,59.62236000018055
16.4688,59.63905000018049
16.7377,59.65571000018064
16.7458,59.672390000180805
16.8652,59.689050000180956
16.8035,59.70577000018116
16.3051,59.72242000018107
18.1355,59.7390600001812
15.3573,59.755750000181145
16.5477,59.77241000018129
16.8418,59.78909000018146
16.7417,59.80580000018142
16.7507,59.8225300001814
16.8901,59.83921000018157
15.7513,59.85591000018176
16.4521,59.87255000018189
16.8369,59.889250000182074
16.6297,59.90594000018202
16.6364,59.922620000182185
16.6404,59.93931000018213
16.6819,59.95600000018207
16.8234,59.97265000018198
16.4694,59.98929000018211
16.8643,60.00597000018228
16.835,60.022630000182424
16.2903,60.039310000182596
16.9787,60.05599000018276
16.46,60.07267000018293
17.3833,60.08938000018289
16.2398,60.106060000183064
16.3887,60.12273000018298
16.9796,60.139430000183175
16.6023,60.15613000018336
16.7972,60.17280000018329
16.8395,60.18949000018323
16.4081,60.2061700001834
16.7042,60.22283000018354
18.3613,60.23950000018347
15.4485,60.2561400001836
17.0238,60.272840000183784
16.5777,60.289520000183956
16.8429,60.30620000018412
16.6561,60.32289000018407
16.3898,60.33958000018401
16.8466,60.356270000183954
16.1185,60.37294000018388
17.5007,60.389620000184046
16.4105,60.40631000018399
16.7516,60.42300000018393
16.726,60.439650000183846
17.1632,60.45636000018381
16.0371,60.47303000018373
17.0717,60.48970000018366
16.5362,60.5063900001836
16.5854,60.52304000018351
16.648,60.53972000018368
16.5145,60.55640000018384
17.1907,60.57309000018379
16.2229,60.589760000183716
16.9946,60.6064600001839
16.944,60.62310000018403
16.1235,60.63977000018396
17.1577,60.6564600001839
16.5095,60.673150000183846
16.3181,60.68983000018401
16.7659,60.70652000018396
16.8828,60.723190000183884
16.5876,60.73985000018403
18.2905,60.756560000183995
15.2566,60.77324000018416
16.5759,60.78993000018411
16.8128,60.80663000018429
16.8462,60.823310000184456
16.4736,60.83996000018436
16.354,60.856640000184534
15.6372,60.87331000018446
16.4551,60.8900000001844
16.7773,60.90668000018457
16.5377,60.92333000018448
16.9927,60.93999000018462
16.7067,60.95670000018459
16.3889,60.973350000184496
16.8681,60.99002000018442
16.7183,61.00671000018436
16.4266,61.023390000184534
16.6307,61.040080000184474
17.1324,61.05678000018466
16.4267,61.07347000018461
16.5598,61.09015000018478
16.9643,61.10686000018474
16.6846,61.12350000018487
16.2643,61.140170000184796
17.281,61.1568200001847
16.5916,61.17349000018463
16.3673,61.19016000018455
16.8397,61.20684000018472
16.8359,61.223520000184884
16.5556,61.240220000185076
17.5626,61.25690000018524
15.7216,61.273580000185405
16.8017,61.29030000018561
16.6554,61.30699000018556
16.9153,61.32370000018552
16.4781,61.340390000185465
16.4663,61.35707000018563
16.9431,61.3737800001856
16.2686,61.3904300001855
17.3419,61.40710000018542
16.5218,61.423780000185594
16.4253,61.440440000185745
16.6326,61.457080000185876
16.7699,61.473790000185836
17.3535,61.49044000018574
17.1511,61.50713000018569
16.361,61.523830000185875
17.0621,61.54051000018604
16.0318,61.557200000185986
16.6596,61.57386000018614
16.8104,61.5905400001863
16.9617,61.60723000018625
16.3086,61.62391000018641
17.1632,61.640590000186585
16.1038,61.65727000018675
16.9462,61.6739300001869
16.7193,61.690600000186826
16.752,61.707270000186746
16.4006,61.72394000018667
16.7445,61.740620000186844
18.3055,61.757330000186805
15.4439,61.77402000018675
16.2763,61.790700000186916
16.6824,61.80736000018707
16.7559,61.82404000018723
16.9611,61.84075000018719
17.0172,61.85744000018714
14.9628,61.874090000187046
16.9923,61.890800000187006
16.4199,61.90747000018693
16.8867,61.92414000018686
16.5096,61.94078000018699
17.0468,61.957500000187196
16.567,61.97417000018712
16.6985,61.99089000018733
16.918,62.00757000018749
16.2139,62.02424000018742
17.5939,62.04095000018738
15.6492,62.057600000187286
17.0409,62.07431000018725
16.46,62.0909700001874
17.5454,62.10767000018759
16.3622,62.12431000018772
16.725,62.140990000187884
16.1909,62.157630000188014
16.7687,62.17428000018792
16.3081,62.19095000018785
16.7921,62.207610000188
16.5735,62.22429000018816
16.8547,62.24095000018831
17.9029,62.25762000018824
15.3587,62.27428000018839
18.1362,62.290960000188555
15.2388,62.30764000018873
16.8491,62.32434000018891
16.8135,62.34101000018884
16.294,62.35768000018876
17.1755,62.37438000018895
16.4428,62.391060000189114
16.5686,62.407740000189285
17.1852,62.42447000018927
16.7506,62.44118000018923
16.2045,62.457850000189154
16.8758,62.474560000189115
16.4468,62.491220000189266
17.1642,62.507910000189206
18.1982,62.52463000018941
16.4983,62.54128000018932
14.8674,62.55796000018949
16.5924,62.574630000189416
17.2024,62.591300000189335
16.3768,62.607960000189486
16.571,62.62465000018943
16.7992,62.641290000189564
16.91,62.65799000018975
16.3697,62.67467000018991
16.6373,62.69132000018982
17.1817,62.708010000189766
16.5763,62.72468000018969
16.6065,62.74137000018963
18.2444,62.75804000018956
15.6936,62.77475000018953
16.8794,62.79145000018971
16.5232,62.80814000018965
16.814,62.824820000189824
16.671,62.841510000189764
16.4846,62.858190000189936
16.1092,62.874880000189876
16.3295,62.89157000018982
17.2449,62.908280000189784
16.5728,62.924960000189955
17.0547,62.94161000018986
16.2922,62.958270000190005
16.6029,62.97495000019018
16.9978,62.99163000019034
16.4848,63.00829000019049
16.1271,63.02497000019066
17.0472,63.04164000019058
16.6096,63.05831000019051
16.7677,63.074960000190416
17.0393,63.09165000019036
16.4928,63.10833000019053
16.9684,63.12503000019072
16.3506,63.14171000019088
16.5115,63.15836000019079
17.0978,63.175080000190995
16.4038,63.19178000019118
17.0225,63.20845000019111
16.0372,63.225140000191054
16.7031,63.24182000019122
16.5078,63.25846000019135
18.5374,63.275150000191296
15.0984,63.29182000019122
16.8334,63.30849000019114
16.5631,63.32520000019111
16.4474,63.34184000019124
16.8901,63.35853000019118
16.7716,63.37524000019114
16.6728,63.39192000019131
16.8094,63.40859000019124
17.0138,63.4253000001912
16.4364,63.44196000019135
16.6302,63.45865000019129
16.6224,63.47534000019124
16.8051,63.492010000191165
17.0161,63.50869000019133
16.9683,63.525360000191256
16.6833,63.54203000019118
16.3655,63.55871000019135
16.6674,63.575400000191294
16.9913,63.59207000019122
16.349,63.608750000191385
16.7587,63.62540000019129
16.802,63.64211000019126
16.4307,63.658760000191165
16.9665,63.67546000019135
16.5011,63.6921200001915
17.0166,63.70881000019144
16.5438,63.72550000019139
16.4904,63.742170000191315
16.4729,63.75883000019146
18.1425,63.77551000019163
15.4323,63.79220000019157
17.542,63.80888000019174
16.3691,63.8255900001917
15.9629,63.84228000019165
17.0149,63.858980000191835
15.6745,63.87563000019174
16.6194,63.89230000019167
16.8898,63.90900000019185
16.4164,63.92567000019178
17.1433,63.94238000019174
17.311,63.959080000191925
16.4396,63.97573000019183
16.6592,63.99239000019198
17.0231,64.00907000019215
16.4583,64.02574000019207
16.6427,64.04242000019224
16.6999,64.05909000019217
16.9035,64.07575000019231
17.049,64.09244000019227
16.0579,64.10908000019239
17.054,64.12576000019256
16.6723,64.14244000019272
16.24,64.1591200001929
16.9612,64.17580000019306
16.3493,64.19246000019321
17.0718,64.20916000019339
16.3766,64.22585000019335
16.7625,64.24253000019351
15.9723,64.2592300001937
17.3969,64.27592000019364
16.0332,64.29260000019381
16.2517,64.30928000019398
16.8534,64.32600000019418
16.4111,64.34265000019408
16.6217,64.35933000019426
16.9343,64.37601000019443
16.457,64.39267000019457
17.0616,64.40935000019473
17.1865,64.42605000019492
15.8645,64.44274000019487
16.7164,64.45940000019502
16.9534,64.47611000019498
16.5284,64.49278000019491
16.5985,64.50945000019483
16.6956,64.52615000019502
16.838,64.54280000019493
16.7863,64.55953000019491
16.3206,64.57620000019483
16.9339,64.59286000019497
16.4256,64.60953000019491
17.1207,64.62624000019487
16.6183,64.64291000019479
16.2634,64.6595600001947
16.5986,64.67625000019464
16.904,64.69292000019458
16.4626,64.70960000019474
17.3216,64.7262800001949
16.3178,64.74297000019484
16.6364,64.75962000019476
17.8385,64.77630000019492
15.8652,64.79294000019506
16.956,64.80959000019496
17.1485,64.82629000019514
16.3654,64.84296000019508
16.4593,64.859630000195
18.4955,64.87632000019495
13.9272,64.89295000019483
17.1745,64.90965000019501
16.2823,64.9263300001952
17.8301,64.94303000019538
16.6873,64.95974000019534
16.3766,64.9764200001955
16.5756,64.99308000019565
16.7718,65.00976000019583
17.1904,65.02646000019601
16.5304,65.0431600001962
16.3796,65.05984000019636
16.3912,65.07649000019627
16.7552,65.09318000019621
17.1051,65.10985000019613
16.435,65.12649000019627
16.5743,65.14316000019619
16.9125,65.15984000019635
16.4072,65.17652000019653
17.029,65.1932000001967
16.269,65.2098500001966
16.8154,65.22654000019655
16.6247,65.24322000019671
17.0815,65.2599200001969
18.1119,65.27658000019704
14.3534,65.29329000019702
17.0799,65.30998000019696
16.2954,65.32668000019714
16.5717,65.34336000019731
16.9991,65.36004000019747
16.6299,65.37674000019766
16.6388,65.39341000019759
16.9771,65.4101300001978
16.653,65.42682000019774
16.1737,65.4435000001979
16.8783,65.46018000019808
16.8034,65.47688000019826
16.4728,65.49353000019816
16.8013,65.51021000019833
16.766,65.52688000019826
16.3953,65.5435400001984
16.7414,65.56022000019858
17.0581,65.57688000019873
16.2918,65.59352000019885
17.0029,65.61022000019904
16.497,65.62687000019895
16.6749,65.64353000019909
16.8861,65.6602500001993
16.9327,65.6769700001995
16.0976,65.69364000019944
17.4872,65.71036000019964
16.244,65.72708000019985
16.4447,65.74374000019999
17.37,65.76045000019995
17.966,65.77715000020014
15.4294,65.79384000020009
17.2912,65.81052000020026
16.6831,65.82717000020016
17.066,65.84381000020029
16.6212,65.86051000020048
15.9794,65.87714000020037
15.3081,65.89379000020027
17.1932,65.91047000020043
16.8691,65.92714000020037
16.4835,65.94378000020049
16.3639,65.96046000020067
17.2551,65.97716000020085
16.38,65.99383000020077
16.4254,66.01051000020094
16.9663,66.02716000020085
17.0405,66.04388000020106
16.7893,66.06058000020124
17.6209,66.0772900002012
16.2003,66.09397000020137
16.4971,66.11065000020155
16.7102,66.12735000020173
16.714,66.14402000020165
16.8019,66.16073000020161
16.4815,66.1774300002018
16.5906,66.19412000020175
15.7116,66.21080000020191
16.6944,66.22745000020181
16.4628,66.24410000020173
16.6611,66.26076000020187
18.1497,66.27744000020203
15.3891,66.29410000020219
16.6484,66.31076000020234
17.0084,66.32745000020228
16.4321,66.34413000020245
16.5689,66.36081000020262
16.6944,66.37746000020253
16.8882,66.3941700002025
16.6207,66.41087000020268
16.851,66.42757000020286
16.5014,66.44427000020305
16.7418,66.46095000020321
16.9653,66.47766000020317
16.0564,66.49430000020331
17.3808,66.51099000020325
16.2153,66.52766000020318
17.0589,66.54436000020337
16.6627,66.56103000020329
16.4966,66.57769000020343
16.7257,66.59434000020335
16.7443,66.61100000020349
16.605,66.62767000020342
16.9625,66.64435000020359
16.3428,66.66103000020375
16.7544,66.67768000020367
16.5812,66.6943700002036
