Interval,Time
137.1517,81.49370666692592
2.8539,81.52707666692604
1.143,81.51039666692587
1.1642,81.54377666692622
1.6709,81.56045666692638
1.4427,81.57715666692657
2.1032,81.59384666692652
1.2963,81.61053666692646
2.3286,81.62721666692663
1.6871,81.64390666692657
1.979,81.66060666692675
2.0937,81.67727666692669
1.844,81.69397666692687
1.4765,81.71065666692704
1.8864,81.7273366669272
1.7486,81.74399666692736
1.9575,81.76066666692728
1.3889,81.77736666692746
1.3627,81.79404666692764
1.4261,81.81073666692758
1.169,81.82739666692773
1.0242,81.84407666692789
1.0697,81.86073666692805
1.3959,81.87739666692819
1.0199,81.89407666692836
1.6617,81.91079666692856
1.5977,81.92748666692852
1.5085,81.94413666692842
1.9137,81.96080666692835
1.3369,81.97746666692849
1.2228,81.99414666692866
1.2084,82.01082666692882
1.346,82.02752666692902
1.4257,82.04421666692896
1.0183,82.06089666692912
1.0404,82.07757666692929
1.4869,82.09428666692925
1.5654,82.11101666692923
1.6291,82.12769666692941
1.8476,82.14437666692957
2.4717,82.1777366669299
0.9092,82.19439666693006
0.8847,82.16105666692974
6.2114,82.21106666692998
0.7562,82.22773666692991
0.7674,82.24436666692979
1.5456,82.26100666692993
1.5376,82.27764666693005
1.9184,82.29432666693023
1.1603,82.3110066669304
1.0708,82.34435666693048
3.0441,82.36102666693041
0.6536,82.32767666693032
0.5736,82.37770666693058
0.5907,82.39439666693052
0.597,82.4110766669307
0.6685,82.42774666693062
0.6591,82.44441666693054
0.7371,82.46109666693071
0.6027,82.47777666693088
0.5823,82.49446666693082
0.8994,82.51114666693098
0.9588,82.52782666693116
0.923,82.54450666693133
0.8736,82.56118666693149
1.0405,82.57787666693143
0.7313,82.59456666693139
0.6327,82.61124666693155
0.6501,82.62792666693171
0.6458,82.64459666693163
0.6074,82.66126666693157
0.655,82.67794666693173
0.6249,82.6946266669319
0.6351,82.71130666693207
0.6009,82.72798666693224
0.6115,82.74465666693216
0.611,82.76132666693209
0.6077,82.77800666693226
0.6001,82.79468666693242
0.6065,82.81137666693236
0.7427,82.82806666693232
0.6356,82.84473666693223
0.6512,82.8614166669324
0.6415,82.87809666693258
0.6881,82.8947666669325
0.7101,82.91144666693266
1.0112,82.92812666693283
11.5538,82.944806666933
16.1189,82.96148666693317
17.0249,82.97815666693309
16.2838,82.99482666693302
17.2921,83.01150666693319
16.4337,83.02818666693335
16.3465,83.04486666693352
15.0867,83.06155666693347
16.6567,83.07824666693341
16.2166,83.09492666693357
20.0402,83.11160666693374
13.1628,83.12827666693367
17.0288,83.14496666693361
16.6118,83.16165666693355
17.5034,83.1783466669335
16.6468,83.19502666693367
17.0123,83.21170666693384
16.4883,83.228386666934
16.5032,83.24505666693393
16.8054,83.26174666693387
16.5467,83.27842666693404
15.9349,83.29511666693399
16.926,83.31178666693391
20.4261,83.32845666693383
15.2964,83.34512666693377
15.0841,83.36180666693393
21.4332,83.3784866669341
13.9121,83.39515666693403
13.9883,83.41183666693419
18.2823,83.42849666693434
16.5623,83.44516666693427
16.8814,83.46183666693419
16.7987,83.47851666693435
16.8502,83.49520666693431
16.739,83.51188666693447
16.5606,83.52856666693464
16.6286,83.5452466669348
16.8547,83.56192666693498
15.4715,83.57860666693514
15.9836,83.59529666693508
15.7227,83.61197666693525
29.7264,83.62865666693543
15.9644,83.64534666693537
10.5467,83.66201666693529
13.0676,83.67870666693524
15.9016,83.6953866669354
16.4407,83.71207666693535
17.2458,83.72876666693529
16.6134,83.74545666693524
17.0503,83.7621666669352
16.6251,83.77887666693516
17.3316,83.79559666693537
16.1809,83.81230666693533
16.2458,83.82898666693549
17.0181,83.84566666693567
15.9308,83.86234666693584
17.0455,83.879026666936
16.7391,83.89569666693592
15.8702,83.91236666693585
16.2206,83.92901666693575
16.7264,83.94566666693567
16.3328,83.96231666693556
15.0369,83.9789566669357
16.6704,83.99564666693564
16.5742,84.01231666693558
17.0094,84.02899666693574
16.3614,84.04566666693566
16.7,84.06236666693584
16.5092,84.07904666693602
17.1439,84.09573666693596
16.4566,84.1124266669359
17.386,84.12909666693584
15.829,84.145776666936
18.1626,84.16244666693592
16.734,3.0012633333317935
15.7599,3.017903333331924
16.417,3.034563333332073
17.159,3.0512033333322033
16.7577,3.0678733333321286
16.1285,3.0845133333322594
17.9153,3.101193333332427
16.4788,3.117893333332613
17.1703,3.1345833333325572
16.495,3.1512533333324826
17.2403,3.1679433333324267
16.9848,3.1846533333323896
14.8149,3.201363333332352
16.9209,3.218083333332557
17.1585,3.234753333332483
17.3971,3.2514733333326875
16.0407,3.2681333333328366
16.8761,3.284813333333004
16.6803,3.30148333333293
16.7129,3.3181633333330973
16.6758,3.3348333333330227
16.7088,3.3515133333331906
16.9051,3.368193333333358
16.4816,3.384863333333284
16.09,3.401553333333228
16.5497,3.4182233333331533
16.1215,3.4348933333330787
17.4633,3.4515733333332466
16.0406,3.468253333333414
16.709,3.484943333333358
16.763,3.5016333333333023
16.7659,3.5183133333334697
17.0381,3.5349933333336376
16.4103,3.551693333333824
16.4886,3.568343333333731
17.104,3.5850233333338983
17.8842,3.6017333333338613
15.4719,3.6184133333340287
16.5315,3.635103333333973
19.2954,3.651773333333898
13.7521,3.668443333333824
17.2623,3.6851233333339914
16.8851,3.701803333334159
16.7439,3.7184733333340847
16.6205,3.735183333334047
16.8496,3.751863333334215
16.4786,3.7685433333343825
17.1395,3.7852233333345504
16.2069,3.801903333334718
16.4598,3.818593333334662
16.7162,3.8352733333348294
16.7819,3.8519533333349973
16.626,3.868633333335165
16.8459,3.8853133333353327
16.5282,3.902003333335277
16.1664,3.9186833333354443
16.659,3.935363333335612
16.7445,3.9520433333357796
16.3181,3.968723333335947
16.7586,3.985403333336115
16.7376,4.002083333336283
16.622,4.01876333333645
16.5848,4.035433333336376
16.5352,4.0521033333363015
16.8827,4.06873333333619
16.9538,4.085413333336357
16.3485,4.102093333336525
16.8285,4.118753333336674
16.5528,4.1354233333365995
16.6762,4.152093333336524
16.9558,4.168773333336692
16.2727,4.185443333336618
17.2943,4.202133333336562
16.5709,4.21881333333673
16.7198,4.235543333336711
16.7079,4.252223333336879
16.6622,4.268893333336804
16.5932,4.28559333333699
16.7706,4.302273333337158
16.5762,4.318953333337325
16.7403,4.335633333337493
16.5673,4.352323333337437
16.5715,4.368983333337586
16.8101,4.385653333337512
16.7696,4.402323333337438
16.5921,4.419003333337605
16.4034,4.4356833333377725
17.0863,4.452353333337698
16.5307,4.469033333337865
16.7263,4.485713333338033
16.6968,4.502393333338201
17.0066,4.519073333338369
16.6711,4.535763333338313
16.678,4.552463333338499
16.7376,4.569143333338666
16.5293,4.585813333338592
17.4509,4.60249333333876
16.0565,4.619183333338704
16.2935,4.635843333338853
16.9581,4.652523333339021
16.8983,4.669203333339189
16.4491,4.685853333339095
17.1338,4.702533333339263
16.7719,4.719213333339431
16.7726,4.735893333339598
16.5147,4.7525733333397655
16.5683,4.769253333339933
17.2393,4.785933333340101
16.948,4.802633333340287
16.5521,4.819313333340455
16.7039,4.835993333340623
16.6406,4.852693333340809
16.4932,4.8693733333409766
16.9359,4.8860533333411444
16.8436,4.902723333341069
19.3732,4.919373333340976
12.7006,4.936023333340883
16.9896,4.952693333340809
16.3106,4.969373333340976
16.7739,4.986063333340921
16.1769,5.00272333334107
17.1549,5.019413333341014
16.2778,5.0360933333411815
16.8007,5.052763333341106
16.6282,5.069453333341051
16.5993,5.0861733333412555
16.4941,5.1028633333412
16.8146,5.119523333341349
16.814,5.136203333341516
16.7266,5.152873333341442
16.6885,5.169573333341629
16.5442,5.186243333341554
16.9083,5.202933333341498
16.9809,5.219623333341442
16.6397,5.23630333334161
16.8539,5.252973333341536
16.7084,5.269673333341721
16.3601,5.286373333341908
16.7118,5.303043333341833
16.6798,5.319713333341759
17.6203,5.336393333341927
16.7861,5.353073333342094
16.2239,5.3697433333420195
16.6572,5.386403333342169
16.5493,5.4030833333423365
16.7979,5.41977333334228
15.3365,5.436453333342448
16.8173,5.453133333342615
16.8584,5.46982333334256
16.3225,5.486513333342503
16.8882,5.503183333342429
17.14,5.519863333342597
16.5456,5.536543333342765
16.5141,5.553233333342709
16.8093,5.5699133333428765
16.5589,5.5865933333430435
18.1509,5.603273333343211
15.3159,5.619953333343379
16.4128,5.636633333343547
16.554,5.653303333343472
16.8667,5.669993333343417
16.3488,5.68668333334336
17.3781,5.703363333343528
16.3803,5.720033333343454
17.2529,5.736713333343621
16.6063,5.753383333343547
16.5072,5.770063333343715
16.8529,5.786743333343882
17.0171,5.803413333343808
16.3534,5.8200933333439755
16.7877,5.8367633333439
16.6527,5.853433333343826
17.1564,5.870113333343994
16.8071,5.886793333344161
16.9813,5.903463333344087
14.7835,5.920113333343994
17.0234,5.936793333344162
17.0044,5.953473333344329
16.517,5.970163333344273
16.9306,5.986853333344217
16.3336,6.003543333344162
16.6559,6.02022333334433
16.7716,6.036903333344497
16.277,6.053593333344441
16.7902,6.070273333344608
16.9222,6.0869833333445715
16.4728,6.103673333344515
16.7609,6.120353333344683
16.9939,6.137033333344851
16.5856,6.153703333344776
16.4282,6.170373333344702
16.9104,6.18705333334487
16.6501,6.2037233333447945
17.0656,6.22039333334472
17.0519,6.237073333344888
16.461,6.253753333345055
16.2661,6.270423333344981
16.4761,6.287103333345149
16.9221,6.303773333345074
16.3266,6.320453333345242
16.7384,6.337103333345149
16.7943,6.353783333345317
17.1581,6.37047333334526
16.6808,6.387153333345428
16.9416,6.403833333345596
16.5138,6.420513333345763
16.7527,6.437193333345931
16.2957,6.453833333346061
16.0604,6.470523333346006
16.876,6.48721333334595
16.2896,6.5038933333461175
16.9234,6.5205733333462845
16.7513,6.537253333346452
16.9144,6.553923333346378
16.354,6.570603333346546
16.7517,6.587283333346713
18.5987,6.603973333346658
14.6471,6.620653333346825
17.2884,6.6373233333467505
16.41,6.654003333346918
17.1404,6.670713333346881
16.4429,6.687383333346807
16.7064,6.704063333346974
16.9331,6.720753333346918
16.7422,6.737433333347086
16.2444,6.754103333347011
17.5939,6.77076333334716
16.7372,6.7874733333471235
16.5151,6.8041533333472906
17.118,6.820823333347216
16.569,6.837503333347384
16.3325,6.854193333347328
16.8527,6.870873333347496
16.9412,6.887553333347663
15.8006,6.904233333347831
16.4476,6.920923333347775
16.7566,6.937613333347719
16.343,6.954303333347664
17.0217,6.970993333347607
16.3204,6.987673333347775
17.2291,7.004353333347943
16.4881,7.021023333347868
17.2947,7.037693333347794
16.8196,7.054373333347962
16.6815,7.071053333348129
16.8754,7.087743333348073
16.9629,7.10442333334824
16.6333,7.121093333348166
16.6669,7.137763333348092
17.0794,7.154433333348017
14.9543,7.171113333348185
16.5261,7.187803333348129
16.8515,7.204493333348073
16.4239,7.221173333348241
16.6404,7.2378633333481845
16.5165,7.254523333348334
16.8657,7.2711933333482595
16.4376,7.287883333348203
16.9707,7.304573333348148
16.8697,7.3212733333483335
16.7358,7.337963333348278
16.4706,7.354613333348185
17.5831,7.371293333348352
16.3375,7.387943333348259
17.386,7.404613333348185
16.3807,7.421303333348129
16.5301,7.437993333348073
16.6174,7.454663333347998
16.6355,7.471333333347924
15.973,7.48800333334785
16.6107,7.504673333347775
16.6981,7.521383333347738
16.703,7.538063333347905
16.5342,7.554743333348073
17.4096,7.571423333348241
16.6665,7.588103333348409
17.4661,7.604783333348576
15.2531,7.621463333348744
16.604,7.6381433333489115
16.7221,7.6548233333490785
16.6108,7.671503333349246
16.6108,7.688183333349414
16.6012,7.704843333349563
16.7253,7.721553333349526
16.2571,7.738203333349433
17.1067,7.754883333349601
16.6164,7.771553333349526
17.0281,7.78824333334947
16.8842,7.804923333349637
17.545,7.821593333349563
16.6732,7.838263333349489
16.2521,7.854943333349656
16.8566,7.8716333333496005
16.7496,7.888313333349768
16.3745,7.904993333349935
17.0901,7.921673333350103
15.2924,7.93832333335001
16.8158,7.955003333350178
16.7319,7.971683333350345
16.7023,7.98837333335029
16.4867,8.005053333350457
16.9733,8.021733333350625
16.9294,8.038423333350568
15.9205,8.055103333350736
16.7893,8.071803333350923
16.9368,8.088463333351072
16.7566,8.105173333351035
17.167,8.121853333351202
16.7515,8.13853333335137
16.3311,8.155203333351295
16.8547,8.17187333335122
16.6756,8.188543333351147
16.4144,8.205193333351053
17.2198,8.22186333335098
17.1031,8.238543333351146
16.3277,8.255203333351295
16.8132,8.271883333351463
16.6824,8.288543333351612
16.9685,8.30522333335178
16.5321,8.321913333351723
16.7259,8.33861333335191
16.5139,8.355293333352078
16.5499,8.371963333352003
16.882,8.388653333351947
16.5445,8.405343333351892
16.6427,8.422053333351855
16.8878,8.438733333352022
16.5482,8.455423333351966
16.7093,8.472103333352134
16.5392,8.488763333352283
16.6867,8.505433333352208
23.5283,8.522103333352133
8.1997,8.53877333335206
17.2901,8.555453333352228
16.4387,8.572133333352394
16.9263,8.588813333352562
18.2927,8.60549333335273
14.8241,8.622163333352654
16.9361,8.638843333352822
18.0706,8.655543333353009
16.4686,8.672223333353177
16.445,8.68891333335312
16.7526,8.705613333353307
16.7164,8.722283333353232
16.781,8.738953333353159
16.6203,8.755623333353084
16.8087,8.772303333353252
16.4367,8.78898333335342
16.7661,8.805663333353586
16.7925,8.822343333353754
16.6135,8.839023333353921
16.5597,8.855713333353865
16.9907,8.87240333335381
16.5248,8.889093333353754
17.1993,8.90576333335368
17.6742,8.922453333353623
15.0662,8.93910333335353
16.6067,8.955783333353699
16.6111,8.972463333353867
16.6153,8.989143333354033
17.0269,9.0058233333542
16.5979,9.022493333354127
16.5785,9.039153333354276
16.6532,9.055823333354201
16.8072,9.072523333354388
16.4895,9.089193333354313
16.8142,9.105903333354275
16.6983,9.122593333354219
16.7041,9.139263333354146
16.5148,9.15593333335407
16.7318,9.172613333354239
16.5004,9.189293333354406
16.9558,9.205993333354593
17.2543,9.22267333335476
16.1058,9.239353333354927
16.4775,9.25604333335487
16.6783,9.272713333354798
16.6558,9.289383333354722
16.587,9.30603333335463
16.8381,9.322713333354796
16.6466,9.339393333354964
16.8581,9.356073333355132
16.4041,9.3727533333553
16.7834,9.389433333355468
16.8403,9.406113333355636
16.6002,9.422793333355804
16.5199,9.439483333355748
16.8622,9.456163333355915
16.7693,9.472873333355878
16.4152,9.489553333356046
16.765,9.506233333356214
16.6208,9.52291333335638
15.9552,9.539593333356548
16.1453,9.556243333356456
17.0985,9.57291333335638
16.5731,9.589603333356324
18.2327,9.606283333356492
15.0755,9.622973333356436
16.4696,9.639653333356604
16.7268,9.656343333356547
16.7525,9.673013333356474
16.977,9.689693333356642
17.2474,9.706363333356567
16.4533,9.723083333356772
16.9532,9.739773333356716
16.5974,9.756433333356865
16.439,9.773113333357033
16.6516,9.7897933333572
16.916,9.806473333357367
16.3642,9.823153333357535
16.9317,9.839843333357479
16.7658,9.856523333357647
16.3804,9.873213333357592
16.659,9.889893333357758
16.2868,9.906563333357685
16.9472,9.923243333357853
16.8763,9.939913333357778
15.9176,9.956553333357908
17.3699,9.973243333357852
16.2752,9.989913333357778
16.9391,10.006593333357944
16.2679,10.023263333357871
17.0885,10.039953333357815
16.5431,10.05662333335774
16.9521,10.073273333357648
16.7124,10.089963333357591
33.2514,10.106613333357497
13.0327,10.123303333357443
9.2299,10.13993333335733
11.332,10.156583333357236
15.9125,10.173223333357369
16.7633,10.189883333357516
16.8422,10.206523333357648
16.5513,10.223173333357554
16.6488,10.239843333357479
16.6039,10.256503333357628
16.6463,10.273203333357815
16.6339,10.28987333335774
16.8039,10.306583333357702
16.5971,10.32326333335787
16.9041,10.339983333358076
17.4869,10.356693333358038
16.3136,10.373373333358206
17.2977,10.390073333358393
16.8902,10.40677333335858
16.5655,10.423463333358523
16.1011,10.440113333358429
16.9731,10.456833333358635
17.2043,10.473523333358578
16.2935,10.490203333358746
17.0454,10.506873333358671
15.7484,10.523513333358801
16.585,10.54019333335897
16.4044,10.556883333358913
16.213,10.57356333335908
17.2526,10.590253333359026
17.5318,10.606963333358989
15.7923,10.623633333358914
16.4105,10.640303333358839
16.4607,10.656973333358765
17.3222,10.673623333358671
16.7759,10.69030333335884
17.0126,10.707013333358802
16.5492,10.723653333358932
16.8577,10.7403333333591
16.2174,10.75697333335923
16.5764,10.77363333335938
16.9195,10.790283333359286
16.9645,10.806953333359212
16.5375,10.82363333335938
16.8606,10.840333333359565
16.3649,10.857003333359492
16.8528,10.873693333359435
16.9116,10.890413333359641
16.5193,10.907113333359826
17.0386,10.923823333359788
16.4039,10.940523333359975
15.5232,10.957203333360143
17.1733,10.973893333360087
16.3541,10.990603333360049
16.5572,11.007263333360198
16.6001,11.023943333360366
16.9549,11.040573333360255
16.8893,11.057213333360385
16.2439,11.073853333360516
16.7682,11.090503333360422
17.1581,11.107193333360367
16.1566,11.123873333360534
17.005,11.14054333336046
16.7014,11.157213333360385
17.8376,11.173923333360348
16.2608,11.190613333360291
17.0956,11.207323333360256
16.572,11.2240133333602
17.0103,11.240713333360386
16.0664,11.25740333336033
15.157,11.274053333360236
16.6993,11.290723333360162
16.8599,11.307393333360087
16.6613,11.324053333360236
17.343,11.340703333360143
16.2846,11.35737333336007
16.9562,11.374053333360235
16.6956,11.39074333336018
16.449,11.40740333336033
16.6856,11.424093333360274
16.244,11.440773333360442
17.0645,11.457483333360404
16.4973,11.474153333360329
16.713,11.490833333360497
16.8161,11.507533333360684
17.1656,11.524223333360627
17.6509,11.540893333360552
16.6879,11.557553333360701
17.2238,11.574263333360664
14.4449,11.590923333360813
17.7631,11.60759333336074
15.9161,11.624283333360683
16.4261,11.640963333360851
17.5906,11.657663333361038
16.4155,11.674323333361187
17.0276,11.691023333361372
16.211,11.707693333361298
16.0296,11.724373333361466
16.8356,11.741043333361391
16.8302,11.75772333336156
17.1888,11.774443333361763
16.1974,11.79109333336167
16.3025,11.807773333361839
17.4538,11.824463333361782
17.0061,11.841153333361726
16.8121,11.857833333361894
16.6411,11.874523333361838
17.1757,11.891203333362006
16.7023,11.907883333362173
16.2166,11.924563333362341
15.2195,11.941203333362472
16.8037,11.957873333362397
17.2901,11.974553333362564
16.6437,11.99120333336247
17.496,12.007903333362657
15.8681,12.024563333362806
17.1229,12.041263333362993
15.9032,12.057943333363161
17.3371,12.074643333363348
16.6285,12.091313333363273
16.6659,12.10801333336346
16.6553,12.124693333363625
15.9748,12.141363333363552
16.8984,12.15804333336372
16.8878,12.174693333363626
16.4002,12.191373333363794
16.5843,12.208013333363924
16.6091,12.224723333363887
16.7076,12.241383333364036
16.1003,12.25807333336398
17.2607,12.274763333363925
17.2521,12.29146333336411
16.6632,12.308143333364278
17.0164,12.32485333336424
16.4967,12.341543333364186
15.5106,12.35821333336411
17.3113,12.374923333364073
16.2456,12.391583333364222
16.5047,12.408243333364371
16.954,12.424913333364296
16.4207,12.441573333364445
16.5885,12.458233333364594
16.9958,12.474943333364557
16.5858,12.491603333364706
16.7742,12.508283333364874
16.5276,12.524963333365042
16.8787,12.54164333336521
16.8697,12.558323333365378
16.8366,12.57503333336534
16.7605,12.591753333365544
16.3103,12.60842333336547
17.9967,12.625103333365638
15.634,12.641763333365788
16.5845,12.658453333365731
16.4077,12.675133333365899
17.3025,12.691853333366103
16.6058,12.70853333336627
16.1925,12.725203333366197
17.1162,12.741843333366328
17.1751,12.758493333366234
16.2527,12.775183333366178
16.5479,12.791863333366345
17.1893,12.808543333366513
16.7791,12.82519333336642
16.7457,12.841863333366346
16.4031,12.858503333366476
17.1073,12.87519333336642
16.6751,12.891913333366626
16.3489,12.908593333366793
17.1154,12.925293333366978
15.1683,12.941963333366905
16.4436,12.958643333367071
16.6808,12.975323333367239
17.2809,12.992023333367426
16.8601,13.00869333336735
16.8388,13.025413333367556
16.817,13.042083333367481
16.4263,13.05871333336737
17.1676,13.075433333367576
16.7248,13.092113333367742
16.2038,13.10879333336791
16.8355,13.125473333368078
17.4963,13.142153333368245
16.3911,13.15884333336819
16.3622,13.175523333368357
16.6653,13.192163333368487
17.3161,13.208843333368655
15.2471,13.225553333368618
16.6418,13.242193333368748
16.9393,13.258853333368897
16.6463,13.275533333369065
17.6943,13.292233333369252
16.1818,13.308903333369177
16.9356,13.325583333369345
16.6943,13.342293333369307
16.3693,13.358973333369475
17.2302,13.3756433333694
16.1531,13.392293333369308
17.0574,13.408973333369476
16.7281,13.4256433333694
16.311,13.442323333369568
16.6908,13.458993333369493
17.2496,13.475703333369456
16.1901,13.492373333369382
17.569,13.509063333369326
15.9028,13.52575333336927
16.5275,13.542403333369176
16.7119,13.559103333369363
16.5956,13.575793333369306
16.6879,13.592473333369474
16.813,13.609173333369661
16.8398,13.625843333369586
17.4476,13.642503333369735
14.5352,13.659173333369662
16.4384,13.675823333369568
16.8328,13.692503333369736
16.6265,13.709183333369904
16.891,13.725843333370053
16.6478,13.742533333369996
16.5808,13.759213333370164
16.5319,13.77586333337007
17.0198,13.792533333369997
16.6411,13.809233333370182
16.6478,13.82591333337035
17.8323,13.842613333370537
16.1535,13.859273333370686
16.6743,13.875983333370648
16.6849,13.892683333370835
16.6853,13.909343333370984
16.9339,13.926053333370946
16.3001,13.94274333337089
17.5975,13.959463333371096
16.0353,13.976123333371245
16.4999,13.992803333371413
16.6998,14.009463333371562
16.6324,14.026153333371505
16.7942,14.042813333371654
17.1861,14.059503333371598
16.0542,14.076183333371766
16.5749,14.092833333371672
16.9288,14.109533333371859
16.4306,14.12617333337199
17.1686,14.142883333371952
16.2861,14.15956333337212
16.7845,14.176243333372287
16.6962,14.192913333372212
17.1296,14.209613333372399
16.1808,14.226263333372305
16.7369,14.24297333337227
16.5538,14.259653333372437
16.9432,14.276343333372381
17.796,14.293073333372362
16.9504,14.309733333372511
16.0961,14.326403333372436
16.905,14.34309333337238
16.3744,14.359783333372325
16.9841,14.37647333337227
16.3704,14.393153333372437
17.055,14.409803333372343
17.0987,14.42650333337253
15.6568,14.443153333372436
15.6819,14.459823333372363
17.1185,14.476523333372548
16.5001,14.493203333372715
15.8878,14.509853333372623
16.8714,14.526553333372808
17.0926,14.543203333372716
16.6378,14.55992333337292
16.3804,14.576623333373107
16.8645,14.59331333337305
16.9861,14.610023333373015
16.3511,14.62669333337294
18.0293,14.643363333372864
15.1995,14.660063333373051
17.0738,14.676783333373256
16.2056,14.693463333373424
16.5488,14.71013333337335
16.7053,14.72677333337348
16.9482,14.743433333373629
16.8871,14.760083333373535
16.4425,14.776733333373443
17.4494,14.793383333373349
16.7388,14.810033333373257
16.2721,14.826683333373163
17.0737,14.84336333337333
16.5675,14.860033333373256
17.0937,14.876753333373461
16.1897,14.893433333373629
18.0167,14.910143333373592
15.325,14.926813333373516
16.915,14.943513333373703
16.8358,14.960233333373909
16.2755,14.976913333374075
16.8887,14.993623333374039
16.9345,15.010293333373964
16.5409,15.026953333374113
16.8129,15.043593333374243
17.1923,15.060313333374449
16.4307,15.076983333374374
16.5615,15.093663333374542
16.4381,15.110313333374448
16.7218,15.126953333374578
16.9582,15.143653333374765
16.4296,15.160313333374914
17.0686,15.176993333375082
16.241,15.19367333337525
16.9654,15.210373333375435
16.6455,15.227033333375584
15.7262,15.24373333337577
16.8263,15.260433333375957
16.3287,15.277113333376125
16.9325,15.293813333376312
16.3665,15.31047333337646
16.9251,15.327173333376646
16.7545,15.343853333376813
16.7256,15.360563333376776
16.7409,15.377243333376944
16.0777,15.393893333376852
16.3689,15.410523333376739
17.1501,15.427223333376926
17.3311,15.443933333376888
16.3628,15.460593333377037
17.0291,15.477293333377224
16.4886,15.493973333377392
16.5542,15.510623333377298
17.2115,15.527303333377466
16.1938,15.543963333377615
16.9202,15.560673333377578
16.6943,15.577373333377764
16.8373,15.594043333377689
16.4675,15.610723333377857
16.2972,15.627393333377782
17.4095,15.64404333337769
16.3936,15.660693333377596
15.8401,15.677403333377558
17.2161,15.694083333377726
16.1983,15.710763333377894
16.2265,15.727423333378043
16.7345,15.744093333377968
17.2243,15.760743333377876
16.3963,15.777393333377782
17.348,15.794123333377764
16.6999,15.810843333377969
16.398,15.827533333377913
16.511,15.844183333377819
16.8819,15.860833333377727
16.7912,15.877533333377913
15.9718,15.89421333337808
17.3057,15.910913333378266
16.6742,15.927613333378453
16.3715,15.94429333337862
16.4743,15.960933333378751
16.5654,15.977583333378657
17.1799,15.994263333378825
16.4375,16.01095333337877
16.1565,16.027623333378695
17.1958,16.04431333337864
17.1881,16.061013333378824
16.5654,16.077663333378734
17.2762,16.094343333378898
16.0619,16.111023333379066
17.0853,16.12774333337927
16.4445,16.14444333337946
16.4293,16.161123333379628
16.7371,16.17779333337955
16.8471,16.194513333379756
16.8298,16.211163333379663
17.2201,16.227853333379606
15.2696,16.244553333379795
16.688,16.261213333379942
16.4788,16.27789333338011
17.2302,16.294563333380037
16.7536,16.311213333379943
16.9141,16.327913333380128
16.6623,16.344593333380296
17.0132,16.361273333380463
16.0987,16.37795333338063
16.9221,16.394623333380558
16.8376,16.411293333380485
16.5377,16.42797333338065
16.7887,16.444653333380817
16.7627,16.461323333380744
16.789,16.478013333380687
16.5607,16.49470333338063
18.6209,16.51140333338082
14.3791,16.528053333380726
16.5553,16.544733333380893
22.1007,16.56141333338106
13.211,16.578083333380984
14.9957,16.594763333381152
15.9489,16.611473333381117
16.3,16.628133333381264
17.1955,16.644813333381432
16.6788,16.661453333381562
17.7569,16.678113333381713
15.5094,16.69479333338188
16.5722,16.71150333338184
16.6428,16.728163333381993
16.5702,16.74484333338216
16.6157,16.76152333338233
16.347,16.778173333382234
16.9062,16.79484333338216
16.6477,16.811523333382326
16.9961,16.82823333338229
16.5273,16.844913333382458
16.7744,16.861593333382626
17.0155,16.878263333382552
16.1772,16.894933333382475
16.8782,16.91164333338244
16.4049,16.928323333382608
16.7167,16.94499333338253
17.2462,16.961703333382495
16.463,16.97837333338242
16.7317,16.99503333338257
16.3126,17.011703333382496
16.9463,17.02840333338268
16.8779,17.045073333382607
17.1905,17.061783333382568
16.515,17.078433333382478
16.8918,17.09514333338244
16.3733,17.111833333382382
16.8306,17.128483333382288
16.5612,17.145163333382456
17.2995,17.161833333382383
15.1033,17.17851333338255
17.2586,17.19519333338272
16.4255,17.211863333382645
16.9443,17.228543333382813
16.8217,17.245243333382998
16.2932,17.26188333338313
17.0617,17.278563333383296
16.3902,17.295243333383464
17.3657,17.31196333338367
16.6148,17.32867333338363
16.455,17.345363333383574
16.9084,17.362053333383518
16.7142,17.378733333383686
16.341,17.395383333383595
17.3459,17.41207333338354
16.4055,17.428763333383483
17.0836,17.445473333383443
16.3365,17.46216333338339
17.2814,17.478843333383555
16.0905,17.495503333383706
15.7348,17.51220333338389
17.1511,17.5288533333838
16.3514,17.545523333383723
17.3817,17.56224333338393
16.9772,17.578923333384097
16.0804,17.59561333338404
16.7094,17.61227333338419
16.9499,17.628983333384152
17.0129,17.64566333338432
16.2183,17.662353333384264
17.5611,17.67900333338417
15.9038,17.695713333384134
16.8607,17.7124233333841
16.9743,17.729073333384004
16.2314,17.745713333384135
17.7721,17.762383333384058
17.3211,17.77904333338421
16.2802,17.79568333338434
14.9623,17.812343333384486
16.2271,17.829013333384413
16.3851,17.84569333338458
16.6305,17.86233333338471
17.1379,17.879003333384638
16.7573,17.895693333384582
17.0407,17.91237333338475
16.8663,17.929073333384935
16.4468,17.9457833333849
16.8774,17.962483333385084
16.5037,17.97914333338523
16.6011,17.995803333385382
16.9742,18.012523333385587
16.5093,18.029233333385548
16.2323,18.045903333385475
16.4017,18.062563333385626
17.2688,18.079293333385607
16.2442,18.095953333385754
17.2757,18.11262333338568
16.5286,18.129293333385604
16.865,18.14600333338557
16.0406,18.162713333385533
17.3565,18.179383333385456
16.596,18.196043333385607
16.5931,18.21271333338553
17.4187,18.22941333338572
16.344,18.24608333338564
16.4712,18.262753333385568
16.6194,18.279413333385715
16.5944,18.296083333385642
17.3059,18.312733333385548
16.5672,18.3293933333857
16.9388,18.346063333385622
16.6472,18.36274333338579
16.3571,18.379453333385754
16.4257,18.39612333338568
16.5164,18.41276333338581
16.9142,18.429473333385772
16.5204,18.446163333385716
16.74,18.462843333385884
16.8829,18.479543333386072
16.3019,18.49622333338624
17.0597,18.512883333386387
16.2335,18.529553333386314
16.9467,18.546233333386482
16.4096,18.562903333386405
17.2156,18.57961333338637
16.7365,18.596283333386296
16.4905,18.61295333338622
17.1208,18.629663333386183
16.4897,18.64632333338633
16.4929,18.662993333386257
16.797,18.679673333386425
15.7509,18.696353333386593
16.5199,18.7130033333865
16.8041,18.729693333386443
17.2354,18.746383333386387
16.6576,18.763053333386313
17.4208,18.77977333338652
16.3232,18.796453333386687
16.1953,18.813133333386855
16.6886,18.8298233333868
16.1044,18.846503333386966
16.7483,18.86320333338715
16.5509,18.879903333387336
16.9113,18.896573333387263
16.3992,18.913213333387393
16.9472,18.929923333387357
16.8784,18.94659333338728
16.2086,18.96324333338719
16.5278,18.979913333387113
17.1221,18.9966133333873
17.5019,19.013323333387262
16.6656,19.029983333387413
16.3963,19.04663333338732
16.7133,19.063313333387487
17.3104,19.080033333387693
16.0597,19.0966833333876
16.9252,19.11332333338773
16.6802,19.13003333338769
16.5388,19.14673333338788
16.8236,19.163423333387822
16.5573,19.18009333338775
17.1064,19.19680333338771
16.1517,19.213493333387653
16.8138,19.230203333387617
16.5495,19.246853333387524
15.8532,19.26352333338745
16.9371,19.280243333387656
17.4225,19.2969333333876
15.9736,19.313603333387523
17.3056,19.330263333387673
16.4939,19.34692333338782
16.9617,19.36360333338799
16.7703,19.380303333388177
16.5492,19.396943333388307
16.9002,19.413623333388475
16.5902,19.430303333388643
16.7614,19.446993333388587
16.8121,19.46366333338851
16.0477,19.480333333388437
16.8701,19.497013333388605
17.177,19.51370333338855
16.4193,19.530383333388716
16.6064,19.54707333338866
17.3114,19.563793333388865
16.4214,19.58048333338881
16.7458,19.597193333388773
16.4272,19.613833333388904
16.8375,19.630503333388827
16.734,19.647183333388995
17.6159,19.66385333338892
14.1859,19.680523333388848
17.5496,19.697203333389012
16.1842,19.713853333388922
17.5108,19.730523333388845
16.6592,19.747203333389013
16.3785,19.763863333389164
16.7299,19.78056333338935
17.0366,19.7972233333895
15.9056,19.813903333389668
16.4286,19.83059333338961
16.7043,19.847283333389555
17.131,19.863953333389478
16.3069,19.880643333389425
17.7266,19.89732333338959
16.3306,19.913993333389516
16.3156,19.930663333389443
16.5773,19.94732333338959
16.6641,19.96400333338976
16.8018,19.980693333389702
17.353,19.997353333389853
15.8931,20.014023333389776
15.9416,20.030683333389927
16.8951,20.047343333390074
16.8379,20.064023333390242
16.7438,20.080713333390186
16.5794,20.097403333390133
16.5891,20.114083333390298
16.653,20.130753333390224
16.3849,20.14742333339015
17.7457,20.16413333339011
16.5338,20.18081333339028
16.6905,20.197513333390468
17.2033,20.21420333339041
16.9037,20.230853333390318
16.2941,20.247523333390244
17.721,20.264213333390188
16.4734,20.280893333390356
16.2755,20.2975833333903
16.9799,20.314263333390468
16.9526,20.33093333339039
16.2003,20.34761333339056
16.606,20.36427333339071
16.3845,20.380943333390636
15.5816,20.3976233333908
16.9864,20.41432333339099
16.2412,20.431003333391157
16.4831,20.44767333339108
16.8989,20.46437333339127
16.448,20.481053333391436
16.8815,20.497713333391584
16.9883,20.514423333391548
16.2626,20.531083333391695
17.2259,20.5478033333919
15.9856,20.564493333391844
16.6829,20.58114333339175
17.2026,20.59782333339192
16.6326,20.614523333392107
16.1097,20.631173333392013
16.6585,20.64784333339194
16.6967,20.664523333392108
18.6176,20.681173333392014
15.3472,20.69789333339222
16.7205,20.714543333392125
16.9,20.73124333339231
16.9065,20.7479433333925
15.9564,20.764603333392646
16.6243,20.781263333392793
16.8008,20.79794333339296
16.7436,20.81464333339315
16.7429,20.831323333393318
16.9735,20.84799333339324
16.6976,20.86465333339339
16.6315,20.88133333339356
16.7642,20.897983333393466
16.5428,20.914633333393372
16.3004,20.931323333393316
16.756,20.94804333339352
16.559,20.964753333393485
16.4618,20.98142333339341
17.456,20.998093333393335
17.4016,21.0148033333933
16.324,21.031503333393484
16.6738,21.04817333339341
16.7154,21.064893333393616
16.3201,21.08158333339356
16.8824,21.098253333393483
17.1604,21.11493333339365
16.3615,21.131603333393578
16.8114,21.148303333393763
16.5015,21.16500333339395
16.3126,21.1816633333941
17.1414,21.198343333394266
16.0875,21.215023333394434
17.441,21.231703333394602
16.5204,21.248403333394787
16.0784,21.265073333394714
16.8288,21.281713333394844
16.8872,21.298403333394788
16.4953,21.31506333339494
16.9598,21.331763333395124
16.3169,21.34844333339529
16.7883,21.365093333395198
17.8848,21.381803333395162
16.4108,21.398433333395047
16.9191,21.415113333395215
16.8205,21.431813333395404
16.4372,21.448523333395364
14.9587,21.465173333395274
16.9145,21.48185333339544
16.3762,21.498503333395348
16.9534,21.515203333395533
16.8334,21.53192333339574
16.305,21.548573333395645
16.7667,21.56529333339585
16.7022,21.581983333395794
16.498,21.598643333395945
16.8343,21.61533333339589
16.2901,21.632013333396056
16.7716,21.648693333396224
18.6026,21.66537333339639
16.1159,21.682023333396298
15.1424,21.69866333339643
17.1106,21.715363333396613
16.7018,21.73201333339652
16.661,21.74865333339665
16.7243,21.765343333396594
17.0609,21.781983333396724
16.9982,21.798683333396912
16.3908,21.815353333396835
17.2446,21.832043333396783
16.9644,21.848733333396726
16.599,21.865443333396687
16.3618,21.882103333396838
17.6546,21.8988133333968
16.6401,21.915533333397004
16.6934,21.93220333339693
14.9511,21.948893333396875
16.2703,21.96554333339678
17.1917,21.982263333396986
16.287,21.998933333396913
17.6912,22.015603333396836
16.2683,22.032273333396763
16.6905,22.048963333396706
16.3609,22.065633333396633
16.495,22.082273333396763
17.062,22.09899333339697
16.3659,22.115683333396913
16.5158,22.13236333339708
16.6679,22.14900333339721
16.7302,22.165673333397134
16.6695,22.1823533333973
17.0011,22.19905333339749
16.5392,22.215723333397413
16.4264,22.232373333397323
16.8286,22.249053333397487
16.9356,22.26571333339764
16.2548,22.282373333397786
16.8785,22.299063333397733
17.0374,22.315773333397694
16.5191,22.332463333397637
16.7669,22.349163333397826
16.2584,22.365803333397956
16.9784,22.38250333339814
16.4988,22.399213333398105
17.2258,22.415923333398066
16.2032,22.432583333398217
16.8403,22.4492833333984
16.4682,22.465983333398587
16.8216,22.482663333398754
16.3882,22.499343333398922
17.91,22.51602333339909
15.6133,22.532713333399034
16.5437,22.549373333399185
17.0517,22.566053333399353
16.4896,22.582693333399483
16.8202,22.599393333399668
16.4918,22.61605333339982
17.144,22.632743333399763
16.3443,22.649413333399686
16.6721,22.666113333399874
17.7144,22.68277333340002
15.418,22.699443333399948
17.5141,22.716123333400116
16.9022,22.732803333400284
16.5737,22.749513333400245
16.7208,22.76620333340019
17.0871,22.782903333400377
16.1931,22.799583333400545
16.636,22.816243333400692
17.0072,22.832933333400636
16.0902,22.849633333400824
16.312,22.866303333400747
17.0066,22.882983333400915
16.578,22.899633333400825
16.4016,22.916293333400972
17.6092,22.9329633334009
17.2626,22.949613333400805
16.7956,22.966273333400952
15.169,22.982963333400896
16.3238,22.999603333401026
17.4473,23.016263333401177
16.3165,23.032943333401345
16.8983,23.049613333401272
16.8861,23.066293333401436
16.7118,23.082973333401604
16.8779,23.09966333340155
16.7155,23.116343333401716
16.9465,23.133033333401663
16.7529,23.149703333401586
16.6187,23.16641333340155
16.7321,23.18312333340151
16.1051,23.19980333340168
17.337,23.216513333401643
16.6284,23.233203333401587
16.8097,23.24990333340177
16.7194,23.26658333340194
16.3701,23.283273333401883
16.6362,23.299923333401793
16.5307,23.316613333401737
15.7514,23.333253333401867
16.9711,23.34992333340179
16.4677,23.36662333340198
16.364,23.383273333401885
17.2596,23.39996333340183
16.647,23.416653333401772
16.2115,23.433293333401902
16.8816,23.44997333340207
16.38,23.466643333401997
16.8882,23.483323333402165
17.0689,23.50004333340237
16.8669,23.51672333340254
16.489,23.53339333340246
16.6713,23.55007333340263
16.9655,23.566753333402797
16.5804,23.583413333402948
16.5151,23.600093333403116
16.9856,23.6167933334033
16.3296,23.633493333403486
16.9962,23.65018333340343
16.3631,23.66683333340334
16.8181,23.683523333403283
17.8466,23.70020333340345
15.453,23.716903333403636
16.6488,23.733583333403804
16.4106,23.75025333340373
16.525,23.766933333403898
17.1737,23.783613333404062
16.6704,23.80028333340399
17.4608,23.81694333340414
17.6242,23.833643333404325
16.5247,23.85031333340425
16.545,23.866983333404175
16.701,23.883643333404326
14.9719,23.900303333404473
16.7703,23.91700333340466
16.4072,23.933693333404605
16.5504,23.95034333340451
16.6505,23.96702333340468
17.1169,23.98373333340464
17.6548,24.00039333340479
15.906,24.017043333404697
15.8686,24.03373333340464
17.0618,24.05041333340481
17.245,24.067123333404773
15.7597,24.08377333340468
18.0935,24.100483333404643
16.036,24.11716333340481
16.9376,24.13387333340477
16.6671,24.15055333340494
16.3668,24.167223333404866
16.6442,24.183903333405034
16.8858,24.20060333340522
17.2602,24.217283333405387
16.6294,24.233953333405314
16.2093,24.25063333340548
16.7316,24.267283333405388
16.3044,24.283963333405556
17.101,24.300643333405723
16.4294,24.31730333340587
16.9551,24.334023333406076
16.8512,24.350703333406244
16.5328,24.367383333406412
16.8234,24.38406333340658
16.6599,24.400723333406727
16.9128,24.417423333406916
16.4187,24.43409333340684
16.9322,24.450793333407027
16.5497,24.467443333406933
16.4254,24.484113333406857
17.0256,24.500783333406783
16.5106,24.51746333340695
16.8642,24.53414333340712
16.5887,24.550823333407287
16.7029,24.567523333407472
16.9629,24.584183333407623
16.5115,24.600893333407583
16.5874,24.61756333340751
16.4083,24.634233333407437
16.8951,24.65090333340736
16.7701,24.667583333407528
16.4147,24.68427333340747
16.8485,24.70092333340738
15.1594,24.717603333407546
16.986,24.734253333407455
16.6892,24.75092333340738
17.8152,24.767593333407305
16.0963,24.784253333407456
17.3166,24.800973333407658
16.8878,24.8176633334076
16.0762,24.83433333340753
16.4945,24.851003333407455
17.0401,24.86772333340766
16.3779,24.88440333340783
17.1211,24.901083333407993
16.675,24.91778333340818
17.0545,24.93444333340833
16.8504,24.951133333408272
14.9925,24.967773333408402
16.6184,24.98444333340833
16.6872,25.001113333408256
16.6072,25.017793333408424
16.4593,25.03442333340831
17.5235,25.051113333408257
16.6414,25.0678033334082
16.9887,25.084473333408123
16.9949,25.101173333408312
16.0996,25.11785333340848
17.9111,25.134573333408685
16.0561,25.15125333340885
17.2288,25.167953333409038
14.9645,25.184653333409223
16.9593,25.201343333409167
16.6864,25.218013333409093
16.8729,25.234713333409278
16.6751,25.251393333409446
16.4529,25.268063333409373
16.9578,25.28474333340954
16.408,25.30138333340967
17.0236,25.318093333409635
16.4612,25.33474333340954
18.2181,25.35142333340971
15.9106,25.368103333409877
17.3043,25.384813333409838
17.0614,25.401483333409764
15.799,25.418163333409932
16.8976,25.434863333410117
16.5453,25.451563333410306
16.4618,25.46824333341047
16.9686,25.484923333410638
17.1775,25.501633333410602
16.146,25.51830333341053
17.096,25.535003333410714
16.0105,25.55165333341062
17.1265,25.568343333410564
16.3106,25.58502333341073
16.5669,25.601673333410638
17.0367,25.618353333410806
16.3645,25.635033333410973
16.7851,25.651683333410883
16.4846,25.66833333341079
15.9136,25.68504333341075
17.7432,25.701723333410918
15.2888,25.718403333411086
17.1054,25.73509333341103
16.0553,25.751773333411197
17.3393,25.76848333341116
16.0803,25.78514333341131
16.7193,25.801833333411253
16.8477,25.81853333341144
16.4731,25.83521333341161
17.3904,25.851883333411532
17.325,25.868573333411476
16.4558,25.885243333411402
16.4474,25.901883333411533
16.5823,25.9185633334117
17.0357,25.93524333341187
16.3137,25.951933333411812
17.1154,25.968643333411777
16.2535,25.985303333411924
16.3087,26.001983333412092
16.5249,26.018633333411998
16.4123,26.03527333341213
16.9398,26.051983333412092
16.1075,26.06866333341226
17.3102,26.085363333412445
16.9183,26.102003333412576
17.0289,26.11869333341252
16.1957,26.13534333341243
16.5217,26.152023333412593
16.8956,26.168723333412782
16.4533,26.18540333341295
16.6014,26.202083333413118
17.1158,26.21877333341306
16.7986,26.235473333413246
16.3036,26.252123333413152
18.0172,26.268833333413117
16.5915,26.285483333413023
17.0332,26.30218333341321
16.0837,26.318873333413155
15.8382,26.33552333341306
16.854,26.352213333413005
17.2906,26.368893333413173
17.0342,26.3855633334131
16.3596,26.402223333413247
16.9564,26.418943333413452
16.1339,26.4356033334136
16.8845,26.452323333413805
16.9178,26.469003333413973
15.9683,26.485663333414124
16.5645,26.50238333341433
17.0488,26.519083333414514
16.4546,26.535763333414682
16.5288,26.55244333341485
16.4054,26.569123333415018
16.6529,26.585773333414924
16.7376,26.602463333414867
17.5321,26.619143333415035
16.3209,26.635803333415183
16.8942,26.652533333415164
16.3492,26.669183333415074
18.0734,26.685853333414997
16.2953,26.702533333415165
16.2747,26.71918333341507
15.7858,26.735893333415035
16.7311,26.752603333415
16.2605,26.769263333415147
17.2068,26.785943333415315
16.5646,26.8026433334155
16.5155,26.81928333341563
16.6655,26.835963333415798
17.0501,26.852643333415966
16.7184,26.869343333416154
16.4154,26.886023333416322
17.6256,26.902713333416266
16.3573,26.91936333341617
16.259,26.936073333416132
16.6644,26.952733333416283
16.7333,26.96939333341643
16.7625,26.9860733334166
16.7259,27.002743333416525
16.6556,27.01939333341643
16.6231,27.036053333416582
17.2996,27.05273333341675
16.044,27.069363333416636
16.4046,27.0860733334166
16.57,27.102763333416544
16.6654,27.11944333341671
16.6279,27.136143333416896
16.5505,27.152823333417064
16.9001,27.16954333341727
16.5904,27.18624333341746
16.7313,27.20296333341766
16.3374,27.219643333417828
16.978,27.236353333417792
16.6269,27.25301333341794
16.9408,27.269693333418108
16.6697,27.286393333418296
16.3805,27.303043333418202
16.7286,27.319743333418387
16.7444,27.336413333418314
16.663,27.35307333341846
16.877,27.36971333341859
16.713,27.38640333341854
17.0954,27.40307333341846
16.5616,27.41974333341839
16.7881,27.436423333418556
16.5037,27.453073333418462
16.3537,27.46974333341839
16.6836,27.486393333418295
17.0849,27.50308333341824
16.705,27.519783333418424
16.4929,27.53646333341859
17.0112,27.553153333418535
16.4087,27.569843333418483
16.6247,27.586553333418443
17.0567,27.603213333418594
16.5989,27.619883333418517
16.7378,27.63659333341848
16.5682,27.653283333418425
16.8879,27.669963333418593
16.7389,27.686653333418537
17.7085,27.7033633334185
17.1991,27.720033333418424
14.2346,27.736723333418368
16.8514,27.753393333418295
16.7887,27.770053333418442
16.7118,27.78674333341839
16.4497,27.803393333418295
17.1316,27.82008333341824
16.4144,27.83672333341837
16.73,27.8533633334185
16.904,27.870043333418668
16.6004,27.886713333418594
16.8485,27.903383333418518
15.97,27.920033333418424
16.6905,27.93671333341859
17.3154,27.953383333418518
15.759,27.970093333418482
16.9869,27.98677333341865
16.5678,28.003453333418815
16.4074,28.020143333418762
16.7711,28.036783333418892
16.7247,28.05346333341906
16.8264,28.070113333418966
16.9689,28.08681333341915
16.4444,28.10349333341932
17.3026,28.120193333419504
16.0364,28.136843333419414
17.1211,28.15350333341956
16.3229,28.17018333341973
17.4707,28.186883333419914
15.7846,28.20357333341986
17.0809,28.220243333419784
16.1399,28.23695333341975
16.4659,28.25362333341967
17.3698,28.27031333341962
16.6065,28.286963333419525
16.808,28.303673333419486
16.7581,28.320353333419654
16.8775,28.33703333341982
16.4647,28.353693333419972
17.5893,28.37037333342014
16.2338,28.387063333420084
16.9815,28.40371333341999
16.6171,28.420393333420158
16.3195,28.437063333420085
16.5514,28.45374333342025
17.1477,28.4704033334204
17.0039,28.487083333420568
17.6364,28.503803333420773
16.1429,28.520503333420958
16.2008,28.537183333421126
17.2624,28.553863333421294
16.0034,28.570543333421462
17.175,28.58720333342161
16.3774,28.603903333421798
16.5763,28.620603333421982
17.1849,28.637303333422167
16.757,28.654023333422373
15.7856,28.670663333422503
15.4624,28.68734333342267
16.4994,28.704033333422615
18.2238,28.72070333342254
15.3029,28.737393333422485
16.6881,28.75411333342269
16.6756,28.770803333422634
16.6865,28.787503333422823
16.8812,28.804183333422987
16.8945,28.820863333423155
16.966,28.8375533334231
16.8431,28.85420333342301
16.6922,28.870893333422952
17.2325,28.887583333422896
16.3109,28.904253333422822
17.0937,28.920923333422746
16.18,28.937563333422876
16.6602,28.954203333423006
16.5754,28.970843333423137
15.9191,28.987483333423267
18.0363,29.004183333423455
16.1127,29.0208733334234
16.0135,29.037553333423567
16.7221,29.05422333342349
16.9724,29.07092333342368
16.3712,29.087583333423826
16.9313,29.104263333423994
17.1798,29.12094333342416
17.935,29.137633333424105
16.2258,29.15434333342407
16.6321,29.170993333423976
14.5975,29.187673333424144
17.5137,29.20433333342429
15.9068,29.22101333342446
16.9565,29.237693333424627
16.9299,29.25438333342457
16.3383,29.271073333424518
17.0422,29.28778333342448
16.4169,29.304503333424684
16.6117,29.32115333342459
16.7444,29.337833333424758
16.7473,29.354503333424685
16.9204,29.371173333424608
17.5462,29.387883333424572
16.4772,29.40454333342472
17.4194,29.421233333424667
16.9694,29.437913333424834
16.6648,29.454593333425
16.0645,29.47123333342513
15.2588,29.487913333425297
16.7929,29.504583333425224
16.2851,29.52126333342539
16.9205,29.537953333425335
17.1216,29.554623333425262
16.4299,29.57130333342543
16.5401,29.587953333425336
16.965,29.60465333342552
16.2965,29.621323333425448
16.5737,29.637993333425374
16.8057,29.65469333342556
16.524,29.671373333425727
16.8902,29.688083333425688
16.8035,29.704753333425614
17.5582,29.72142333342554
16.0439,29.738133333425502
16.4105,29.754863333425483
16.4263,29.77153333342541
16.8485,29.788233333425595
17.0042,29.8049533334258
16.6389,29.821633333425968
17.0084,29.838313333426136
16.6063,29.854983333426063
16.6132,29.871673333426006
16.3222,29.888343333425933
17.5488,29.904983333426063
16.8196,29.921623333426194
16.1163,29.938293333426117
17.6986,29.954973333426285
16.2663,29.971633333426436
16.4324,29.988293333426583
15.7268,30.004983333426527
17.0913,30.021643333426677
16.7649,30.038343333426862
16.8839,30.05504333342705
16.1874,30.071733333426995
16.9528,30.08843333342718
16.5646,30.10509333342733
17.3172,30.121763333427253
16.3414,30.13843333342718
16.9618,30.155133333427365
17.129,30.17182333342731
16.6154,30.188503333427477
16.6675,30.205153333427383
15.369,30.22183333342755
16.5202,30.238503333427477
17.0237,30.25519333342742
16.4717,30.271883333427365
16.6358,30.288523333427495
16.8463,30.30523333342746
16.4808,30.321903333427386
16.5751,30.33857333342731
16.5148,30.355253333427477
16.996,30.371933333427645
16.816,30.38862333342759
16.7854,30.405343333427794
16.8563,30.42201333342772
16.3002,30.43869333342789
16.8815,30.455383333427832
16.963,30.472023333427963
16.1245,30.48868333342811
16.8922,30.505353333428037
16.9377,30.522033333428205
16.2214,30.53872333342815
16.6341,30.555373333428054
16.7498,30.572053333428222
17.0179,30.588743333428166
17.1611,30.60546333342837
16.5422,30.62214333342854
15.5331,30.638833333428483
17.1167,30.655523333428427
16.8993,30.67223333342839
16.5849,30.688933333428576
16.5034,30.705603333428503
17.0906,30.722323333428708
18.3932,30.739003333428876
14.4737,30.755653333428782
16.9803,30.77231333342893
16.8244,30.789003333428873
17.0524,30.80569333342882
16.5304,30.822393333429005
17.0905,30.83904333342891
17.1589,30.8557433334291
16.1654,30.872423333429264
16.7788,30.88909333342919
16.7482,30.90575333342934
16.6932,30.922463333429302
16.4549,30.93913333342923
16.7731,30.955833333429414
16.5783,30.97250333342934
16.442,30.989153333429247
17.2991,31.005873333429452
16.414,31.0225333334296
16.4056,31.039213333429768
16.9759,31.055883333429694
16.43,31.07254333342984
17.1631,31.08919333342975
16.4518,31.10587333342992
16.0538,31.122543333429842
16.9759,31.13924333343003
16.8785,31.155963333430233
16.3352,31.172613333430142
16.3715,31.18927333343029
16.6822,31.205943333430216
17.1342,31.222623333430384
16.2239,31.239303333430552
18.383,31.256003333430737
14.6415,31.272673333430664
16.9913,31.289343333430587
16.275,31.305993333430497
17.5642,31.322653333430644
16.3772,31.339363333430608
16.1456,31.356043333430776
17.1532,31.372753333430737
16.5788,31.389413333430888
17.0489,31.406113333431072
16.6861,31.422783333431
16.1526,31.439463333431167
16.9978,31.456163333431352
16.399,31.472873333431316
17.1952,31.4895733334315
16.4098,31.50623333343165
16.3101,31.522913333431816
17.0578,31.539593333431984
17.0016,31.55630333343195
17.0662,31.573003333432133
16.5207,31.589663333432284
16.5973,31.606343333432452
16.5896,31.62299333343236
17.04,31.639673333432526
16.2614,31.656313333432657
16.9944,31.672993333432824
16.5292,31.689673333432992
16.6817,31.70635333343316
16.8887,31.723033333433328
16.9338,31.739683333433234
15.0973,31.756353333433157
17.0403,31.773033333433325
17.4214,31.789733333433514
16.5012,31.80638333343342
17.335,31.82309333343338
16.6248,31.839783333433328
16.5699,31.856463333433496
17.0844,31.87314333343366
16.1865,31.88978333343379
17.1464,31.90648333343398
16.6355,31.923203333434184
16.279,31.939883333434352
16.2691,31.956573333434296
16.4867,31.9732933334345
16.9355,31.989943333434407
16.9024,32.00661333343433
16.6316,32.0233233334343
17.2104,32.04001333343424
16.1027,32.056703333434186
16.4479,32.07335333343409
17.0153,32.09002333343402
17.9127,32.10669333343394
15.1862,32.12333333343407
16.6315,32.140003333433995
16.6166,32.15671333343396
16.7361,32.17337333343411
16.5827,32.19004333343403
16.538,32.206703333434184
16.8306,32.22337333343411
16.396,32.240053333434275
16.9632,32.25673333343445
16.3889,32.27341333343461
16.9416,32.290113333434796
16.0654,32.30678333343472
16.8588,32.323463333434894
16.7326,32.34014333343506
15.9922,32.356793333434965
17.5758,32.373453333435116
16.5452,32.39013333343528
16.7994,32.40681333343545
15.9744,32.4234733334356
17.367,32.4401933334358
16.1909,32.45685333343595
16.8294,32.4735433334359
16.4093,32.49018333343603
16.9947,32.506883333436214
16.6825,32.523573333436154
16.8647,32.540253333436326
16.5301,32.55694333343627
16.6568,32.57361333343619
17.1562,32.590293333436364
16.8096,32.60696333343629
16.3782,32.62363333343621
16.4651,32.64028333343612
16.8747,32.656993333436084
16.4102,32.67364333343599
17.2846,32.690323333436154
16.5696,32.707003333436326
16.9406,32.72367333343625
16.6317,32.74037333343644
16.3139,32.757043333436364
18.2442,32.77372333343653
14.8031,32.790443333436734
16.2879,32.80711333343666
16.9936,32.823793333436825
16.3554,32.84048333343677
16.7466,32.85716333343694
16.6058,32.87384333343711
17.5988,32.89055333343707
17.0039,32.90721333343722
18.0448,32.923913333437405
15.9782,32.94056333343731
16.7934,32.95721333343722
16.5307,32.97389333343739
16.6469,32.990543333437294
17.2607,33.00721333343722
14.8816,33.02390333343716
16.4172,33.04058333343733
16.4689,33.05722333343746
17.4668,33.07394333343767
17.3765,33.09064333343785
16.1046,33.10732333343802
15.8224,33.12400333343819
16.9059,33.140723333438395
16.6527,33.15742333343858
16.8962,33.17413333343854
16.3279,33.19082333343849
16.3162,33.20750333343865
16.7897,33.2241933334386
16.9984,33.24083333343873
16.9604,33.257513333438894
16.0173,33.274193333439065
17.1031,33.29087333343923
16.3583,33.307523333439136
16.5535,33.32418333343929
16.8866,33.34085333343921
17.4032,33.35750333343912
16.4007,33.374183333439284
17.2369,33.39089333343925
16.2642,33.407573333439416
16.9973,33.42423333343957
16.3185,33.44092333343951
17.531,33.457633333439475
16.7866,33.474343333439435
16.1459,33.49102333343961
17.5365,33.50771333343955
15.8256,33.524383333439474
17.6199,33.541093333439434
16.4216,33.557773333439606
15.876,33.57445333343977
15.9649,33.59111333343992
16.4216,33.60778333343985
16.6009,33.62442333343998
16.8498,33.64108333344012
16.7183,33.657783333440314
16.4281,33.67443333344022
17.3467,33.691153333440425
16.2514,33.707823333440345
16.5723,33.72446333344048
16.7081,33.74115333344042
16.9311,33.75784333344037
17.8317,33.774523333440534
15.1591,33.791203333440706
16.549,33.80786333344085
16.8242,33.824523333441
16.9479,33.841223333441185
16.4568,33.85787333344109
17.218,33.87456333344104
16.211,33.89125333344098
16.5132,33.907923333440905
17.2103,33.92460333344108
16.8598,33.94128333344124
17.0252,33.9579933334412
16.6582,33.97470333344117
16.1398,33.991383333441334
17.8579,34.00808333344152
16.5889,34.02478333344171
16.7852,34.04143333344162
15.4869,34.05809333344176
16.6217,34.07477333344193
16.9704,34.09148333344189
16.2588,34.10818333344208
16.4154,34.12483333344199
16.9943,34.141513333442155
16.4434,34.15819333344232
16.7817,34.17483333344245
17.6197,34.19151333344262
16.3764,34.20818333344255
17.0592,34.224903333442754
16.585,34.24158333344292
17.2306,34.258233333442824
16.7326,34.274893333442975
16.3077,34.29158333344292
15.6561,34.30823333344283
17.4062,34.32493333344301
16.6531,34.34161333344318
16.9572,34.358263333443084
16.8624,34.374963333443276
15.8626,34.39164333344344
17.4843,34.4083533334434
16.639,34.42504333344335
17.4711,34.44172333344351
16.5471,34.45839333344344
16.9192,34.4751033334434
16.668,34.49179333344335
16.9416,34.50847333344352
16.7555,34.52515333344368
16.0748,34.541813333443834
16.8243,34.55847333344398
16.3584,34.57513333344413
15.2651,34.5918133334443
16.2515,34.60848333344422
17.0545,34.62517333344417
16.6481,34.64182333344407
16.5303,34.658483333444224
17.0592,34.67515333344415
16.9264,34.691873333444356
16.8812,34.70859333344456
16.5939,34.72530333344452
16.2721,34.74197333344445
16.5406,34.758623333444355
17.5443,34.77530333344452
15.8896,34.791973333444446
16.714,34.80867333344463
16.5865,34.82533333344478
16.5877,34.84205333344499
16.7775,34.85871333344514
16.5349,34.87535333344527
16.6171,34.8919933334454
17.2507,34.90870333344536
16.1758,34.925423333445565
17.3724,34.942113333445505
16.583,34.958793333445676
17.0881,34.97549333344586
16.8643,34.99220333344582
16.149,35.00884333344595
16.6733,35.0255033334461
16.4503,35.042183333446275
16.9963,35.05886333344644
16.5822,35.07550333344657
16.9223,35.0921433334467
16.5971,35.10883333344665
16.9023,35.12552333344659
16.3362,35.14216333344672
16.5754,35.15882333344687
17.0524,35.17553333344683
16.6708,35.192223333446776
16.4025,35.20890333344694
17.0969,35.225623333447146
16.2106,35.24232333344733
16.7637,35.2590033334475
16.8643,35.27569333344744
16.4634,35.29236333344737
17.0524,35.30907333344733
16.7842,35.3257533334475
17.1864,35.34241333344765
16.5292,35.35909333344782
16.7218,35.375793333448
16.4668,35.39244333344791
16.9584,35.4091433334481
15.1066,35.42585333344806
16.9374,35.442543333448
16.5858,35.459263333448206
16.5729,35.47592333344836
17.0434,35.49263333344832
16.2807,35.50931333344849
17.2813,35.526013333448674
15.9498,35.542673333448825
16.9993,35.559383333448785
16.6422,35.57606333344896
16.7995,35.59271333344886
16.4535,35.60936333344877
16.5646,35.625993333448655
16.9766,35.64266333344858
16.479,35.65931333344849
16.4786,35.676003333448435
16.8451,35.69265333344834
16.6769,35.709333333448505
16.6371,35.7259633334484
16.5669,35.74260333344853
17.8034,35.759323333448734
18.1086,35.7760033334489
15.0127,35.792693333448845
16.748,35.80939333344903
17.1506,35.82606333344896
16.1077,35.8427533334489
16.0011,35.859443333448844
16.9786,35.876153333448805
16.5983,35.89285333344899
16.646,35.90954333344894
16.2827,35.92618333344907
16.7694,35.942853333448994
16.9433,35.959563333448955
17.1823,35.97624333344912
16.2707,35.99292333344929
17.0414,36.0095733334492
16.0123,36.02624333344912
17.3469,36.04289333344903
15.9951,36.059563333448956
16.4263,36.07623333344888
16.8741,36.09291333344905
17.0033,36.10961333344923
16.3904,36.12626333344914
16.9074,36.142933333449065
16.4544,36.15961333344924
17.311,36.176333333449435
17.1412,36.1930433334494
16.3263,36.20972333344957
16.6276,36.22642333344975
16.4024,36.24310333344992
17.0833,36.259813333449884
16.692,36.27646333344979
16.9549,36.293163333449975
16.6228,36.30984333345015
16.0998,36.32653333345009
16.9876,36.34320333345001
16.7472,36.359883333450185
16.7524,36.37655333345011
16.9311,36.393233333450276
16.5606,36.40993333345046
17.1066,36.42662333345041
15.0785,36.44331333345035
16.6142,36.4599733334505
16.6309,36.47663333345065
16.8463,36.49330333345058
16.9739,36.50999333345052
16.3463,36.52664333345042
16.4213,36.543323333450594
16.7156,36.5599733334505
17.1175,36.576653333450665
16.9142,36.59330333345058
17.2828,36.60998333345074
17.0625,36.6266933334507
16.6238,36.64341333345091
16.4102,36.660103333450856
16.6654,36.67675333345076
17.1552,36.69345333345095
16.1273,36.71013333345111
17.081,36.72685333345132
16.6511,36.74355333345151
16.7529,36.76025333345169
17.5898,36.77693333345186
14.9853,36.793603333451784
16.5273,36.81025333345169
16.9853,36.82692333345162
17.2971,36.8436233334518
16.1416,36.86028333345195
16.8547,36.876993333451914
16.3807,36.893633333452044
17.0057,36.910293333452195
16.5176,36.9269433334521
17.0135,36.94365333345206
15.3467,36.96031333345221
16.9169,36.97698333345214
16.2129,36.993663333452304
17.2708,37.010343333452475
16.4037,37.027053333452436
16.6148,37.04370333345234
16.4569,37.06038333345251
17.468,37.077073333452454
16.6553,37.09378333345242
17.214,37.110463333452586
15.8203,37.12714333345276
16.5277,37.14382333345292
16.9797,37.160503333453086
17.1401,37.17718333345326
16.1245,37.19383333345316
16.8827,37.21051333345333
16.7954,37.2271933334535
16.904,37.24385333345365
16.2515,37.26049333345378
16.3321,37.27716333345371
16.8993,37.29386333345389
16.4862,37.31055333345383
16.4628,37.32724333345378
16.9554,37.343893333453686
17.035,37.360603333453646
16.339,37.37729333345359
18.0226,37.3940133334538
17.0183,37.41069333345396
16.2626,37.427403333453924
16.3567,37.444063333454075
16.9002,37.460743333454246
16.4082,37.477413333454166
16.6708,37.49408333345409
16.0305,37.510783333454285
16.3662,37.527453333454204
16.6132,37.54412333345413
16.8303,37.56076333345426
16.9652,37.577463333454446
16.4797,37.59415333345439
16.4504,37.61083333345456
16.5239,37.627483333454464
17.5429,37.644183333454656
16.3274,37.66089333345462
16.3707,37.67755333345477
17.1593,37.69424333345471
16.2866,37.71092333345488
16.642,37.72760333345504
16.6507,37.74425333345495
17.4514,37.76093333345512
17.2619,37.777613333455285
15.1697,37.79429333345546
17.2688,37.81097333345562
17.4237,37.82762333345553
15.581,37.84432333345571
16.5425,37.86096333345584
16.9291,37.877663333456034
16.5194,37.8943433334562
16.5432,37.91102333345637
17.1256,37.92769333345629
16.7654,37.94438333345624
16.5653,37.96110333345644
16.8917,37.97780333345663
16.956,37.99451333345659
16.3452,38.01117333345674
16.9841,38.0278833334567
16.3532,38.04454333345685
16.3195,38.06125333345681
16.6364,38.07793333345698
16.4221,38.09458333345689
17.4581,38.11124333345704
16.8927,38.12790333345718
16.769,38.144543333457314
17.8564,38.16121333345724
16.453,38.17790333345719
16.4353,38.194553333457094
17.0396,38.21124333345704
16.092,38.22789333345695
15.1424,38.24457333345711
17.0309,38.26128333345707
16.5171,38.27797333345702
16.5339,38.29463333345717
16.6147,38.311313333457335
17.0464,38.327993333457506
16.3361,38.344663333457426
17.1003,38.36138333345763
16.264,38.37805333345756
16.6675,38.39473333345773
16.5991,38.41140333345765
16.969,38.4280633334578
16.3939,38.44474333345797
17.0373,38.461443333458156
16.6573,38.47814333345834
16.5963,38.49479333345825
16.8112,38.51149333345843
16.4981,38.52815333345858
17.1989,38.54487333345879
16.4749,38.56158333345875
16.5183,38.57828333345894
16.8841,38.5949933334589
16.7845,38.61170333345886
16.7973,38.628383333459034
16.7324,38.64508333345922
16.7295,38.661803333459424
16.6218,38.67846333345957
16.2148,38.69512333345972
17.1058,38.71180333345989
16.8064,38.72849333345983
16.706,38.74515333345998
16.815,38.76182333345991
16.0746,38.77846333346004
18.3808,38.79515333345998
15.1341,38.811823333459905
16.2363,38.828463333460036
16.8219,38.84515333345998
16.53,38.86183333346015
16.9713,38.8784933334603
16.3101,38.895123333460184
17.3535,38.91182333346037
16.0342,38.92847333346028
16.7291,38.945153333460446
16.7398,38.96180333346035
16.5253,38.97845333346026
17.3125,38.995163333460226
17.0738,39.01185333346017
16.2479,39.02853333346034
16.5639,39.04520333346026
17.3549,39.06188333346043
16.2008,39.07854333346058
16.4361,39.095223333460744
16.6585,39.11189333346067
17.5693,39.128593333460856
16.9272,39.14529333346104
15.8698,39.16194333346095
17.0481,39.17862333346112
16.55,39.19531333346106
16.4446,39.211983333460985
16.8892,39.22866333346116
16.5734,39.2453533334611
16.0356,39.26203333346127
17.1124,39.27874333346123
16.0262,39.295413333461156
17.001,39.312103333461096
16.5857,39.3288233334613
16.4054,39.34547333346121
16.9973,39.362163333461154
16.5215,39.3788533334611
16.5822,39.39554333346104
17.2268,39.412253333461
16.6244,39.42894333346095
16.4997,39.4456033334611
16.8704,39.46227333346103
17.0358,39.47895333346119
16.596,39.49562333346112
16.6127,39.51231333346106
16.4492,39.52897333346121
16.551,39.545643333461136
17.8963,39.5623233334613
14.9805,39.57896333346143
17.6386,39.59565333346138
16.8209,39.612343333461325
16.4998,39.629013333461245
16.2828,39.64568333346117
16.4908,39.66234333346132
16.6082,39.67904333346151
16.7164,39.695733333461455
17.2016,39.712443333461415
16.6164,39.72913333346136
16.3585,39.74580333346128
17.1388,39.76246333346143
16.7299,39.779123333461584
17.5,39.795813333461524
16.7195,39.81246333346143
15.2794,39.82913333346136
16.4889,39.84578333346126
16.6577,39.862443333461414
17.1259,39.879123333461585
16.1451,39.895793333461505
17.6476,39.91250333346147
16.5604,39.92918333346164
17.0975,39.94590333346184
16.4826,39.96259333346179
16.523,39.979273333461954
16.2846,39.9959633334619
16.5093,40.012643333462066
16.8827,40.029353333462026
16.5924,40.04600333346194
17.2517,40.06267333346186
15.407,40.07933333346201
16.8173,40.09601333346218
17.3277,40.112693333462346
16.5172,40.1293533334625
16.7012,40.14605333346268
16.5727,40.16272333346261
16.6967,40.17942333346279
16.2667,40.1960733334627
17.1951,40.212773333462884
16.2638,40.22946333346283
18.0144,40.246163333463016
16.1643,40.26283333346294
17.1235,40.27950333346287
16.649,40.296183333463034
16.9013,40.312863333463206
16.3014,40.329553333463146
16.5949,40.3462133334633
16.471,40.36289333346346
16.7325,40.37955333346361
17.4046,40.3962533334638
16.3987,40.4129033334637
16.8446,40.42961333346367
16.0948,40.446273333463814
16.6186,40.462953333463986
16.6958,40.47961333346414
16.1483,40.49628333346406
17.2726,40.512993333464024
15.8656,40.52967333346419
16.7549,40.546343333464115
16.9898,40.563003333464266
16.3028,40.579693333464206
17.3831,40.59637333346438
16.6586,40.61305333346454
16.1279,40.629753333464734
16.972,40.64645333346492
16.3395,40.663123333464846
16.9596,40.67980333346501
16.3808,40.69649333346496
17.001,40.71320333346492
16.8398,40.729873333464845
16.2221,40.74655333346501
16.795,40.763203333464915
17.4725,40.7799033334651
16.2703,40.79658333346527
17.4056,40.813283333465456
15.0184,40.82996333346563
16.6455,40.846613333465534
16.7639,40.86328333346545
16.9151,40.879963333465625
16.774,40.89665333346557
17.3865,40.91336333346553
16.4528,40.93005333346547
16.6311,40.94670333346538
16.6891,40.96335333346529
17.0115,40.98002333346521
16.8137,40.996723333465404
15.8521,41.01344333346561
16.4192,41.03013333346555
16.8554,41.0468233334655
17.1581,41.06351333346544
16.4472,41.08019333346561
16.9429,41.09689333346579
16.5867,41.11357333346596
17.2234,41.13029333346616
16.4648,41.146953333466314
16.6976,41.16362333346624
16.6452,41.18026333346637
17.0214,41.19697333346633
16.7608,41.2136533334665
16.7306,41.23033333346667
16.2048,41.2469733334668
16.6738,41.263623333466704
16.9748,41.280333333466665
16.7369,41.29700333346659
16.6322,41.31367333346652
16.3389,41.330343333466445
17.0264,41.347033333466385
16.5053,41.3636833334663
16.6988,41.38032333346643
16.8933,41.39698333346657
16.299,41.413663333466744
17.0705,41.430353333466684
16.3275,41.44700333346659
16.6192,41.46366333346674
17.0738,41.480363333466926
16.8975,41.49708333346713
15.8079,41.513783333467316
16.3742,41.53045333346724
17.6546,41.54717333346745
16.2526,41.56387333346763
16.8017,41.58059333346784
17.2319,41.59729333346803
16.1156,41.613973333468195
16.4567,41.63065333346836
16.7504,41.64730333346827
16.8374,41.6639433334684
15.4867,41.68058333346853
17.3555,41.69730333346874
16.6554,41.7139833334689
16.3376,41.73063333346881
16.9834,41.747303333468736
17.1235,41.76395333346864
16.2966,41.7806633334686
16.3441,41.79733333346853
17.3634,41.8140133334687
15.9513,41.830693333468865
16.9591,41.84738333346881
16.9287,41.86402333346894
16.9743,41.88066333346907
16.8799,41.89738333346928
17.5705,41.91407333346922
16.3044,41.930763333469166
16.8965,41.94744333346933
16.4691,41.96415333346929
16.7711,41.98086333346926
16.3975,41.997563333469444
16.4454,42.01423333346937
16.868,42.030933333469555
16.3379,42.04760333346948
15.7711,42.06427333346941
16.3974,42.080923333469315
17.014,42.09759333346924
16.3132,42.11423333346937
16.8089,42.13088333346928
16.8501,42.147533333469184
16.9324,42.16421333346935
16.4023,42.18089333346952
16.8351,42.19758333346946
16.5222,42.21427333346941
17.3563,42.23092333346931
16.6193,42.24760333346948
16.7249,42.26428333346965
16.8117,42.28097333346959
16.8936,42.297663333469536
16.6091,42.3143733334695
16.5331,42.33103333346965
16.8881,42.34773333346983
16.295,42.36438333346974
17.0003,42.381073333469686
16.6249,42.39775333346985
16.5196,42.41442333346978
16.6385,42.431093333469704
17.3151,42.44781333346991
16.407,42.464513333470094
16.199,42.481173333470245
16.8,42.49785333347041
17.7422,42.51454333347036
16.1871,42.53122333347052
16.9463,42.54788333347067
16.0989,42.56456333347084
17.117,42.581273333470804
16.4908,42.59795333347097
16.4583,42.6145933334711
16.8688,42.631243333471005
16.8812,42.6479433334712
16.3102,42.66462333347136
15.9887,42.681303333471526
16.1281,42.69800333347172
17.3521,42.71472333347192
16.2431,42.73140333347209
16.7581,42.748073333472014
16.4631,42.764763333471954
16.8716,42.781463333472146
17.001,42.79816333347233
18.1909,42.81485333347227
14.7647,42.83153333347244
17.0615,42.84821333347261
17.0418,42.86487333347276
16.5737,42.88151333347289
16.7547,42.89819333347306
16.9036,42.914873333473224
16.5103,42.93155333347339
16.5055,42.948243333473336
16.401,42.96491333347326
16.5197,42.98156333347317
16.6672,42.998253333473116
16.8194,43.014923333473035
16.3532,43.03159333347296
16.6233,43.048273333473134
18.1017,43.06499333347334
16.5302,43.08166333347326
16.4983,43.098353333473206
16.4949,43.114993333473336
16.9643,43.13169333347352
16.2698,43.14836333347345
17.1761,43.16504333347361
16.6721,43.18173333347356
16.2806,43.19844333347352
17.0257,43.215163333473726
16.4118,43.231803333473856
16.4816,43.24847333347378
16.8152,43.26514333347371
16.4744,43.281823333473874
16.9138,43.29847333347378
17.1236,43.31517333347397
16.8282,43.33184333347389
16.7496,43.34851333347382
16.3972,43.365163333473724
17.137,43.38183333347365
16.3357,43.39851333347382
16.0077,43.41519333347399
16.5675,43.43189333347417
16.3067,43.44857333347434
16.8903,43.465283333474304
16.6659,43.48195333347423
16.5731,43.49862333347416
17.2372,43.51530333347432
16.5612,43.53199333347427
17.4369,43.54865333347442
16.7665,43.56536333347438
16.5004,43.582043333474545
16.8357,43.598723333474716
16.9837,43.615413333474656
20.3847,43.63206333347456
12.1865,43.64873333347449
15.3387,43.665423333474436
17.116,43.68207333347434
16.8637,43.69874333347427
16.652,43.715443333474454
16.7517,43.7321333334744
16.6602,43.748813333474565
17.2826,43.76549333347473
17.432,43.7822033334747
15.3644,43.79890333347488
17.4911,43.81560333347507
17.1057,43.83230333347525
15.0727,43.848983333475424
16.7955,43.86566333347559
16.421,43.88230333347572
17.3232,43.89896333347587
16.7404,43.915663333476054
16.7369,43.932353333476
16.684,43.94902333347593
16.3482,43.96568333347607
16.9611,43.98236333347624
16.3913,43.99902333347639
17.1972,44.01574333347659
16.5124,44.03245333347656
16.3346,44.0491433334765
17.1465,44.06580333347665
17.3704,44.08245333347656
15.5067,44.09913333347673
16.4481,44.115783333476635
17.0819,44.1324633334768
16.5923,44.14912333347695
16.3333,44.16579333347688
16.7721,44.18244333347678
16.6488,44.199103333476934
16.9144,44.215813333476895
16.9296,44.23251333347708
16.8861,44.24924333347706
16.0827,44.26589333347697
17.6741,44.28260333347693
14.8813,44.299273333476854
17.5104,44.315953333477026
16.5735,44.33263333347719
16.9882,44.349333333477375
16.7932,44.36602333347732
16.64,44.38270333347749
16.4528,44.39937333347741
16.7933,44.416033333477564
16.346,44.43271333347773
17.0358,44.4493933334779
16.7752,44.466073333478064
17.1956,44.48278333347803
16.2333,44.4994633334782
17.2891,44.51613333347812
16.342,44.53281333347829
16.6936,44.5494633334782
16.5369,44.56615333347814
16.1788,44.58281333347829
16.9522,44.59951333347848
16.7233,44.616203333478424
16.887,44.632893333478364
18.4746,44.649533333478495
16.6678,44.66622333347844
16.8205,44.682903333478606
16.5597,44.69956333347876
16.9823,44.71627333347872
14.0836,44.73293333347887
16.2232,44.74961333347903
16.816,44.76628333347896
16.5199,44.78292333347909
17.437,44.79963333347906
16.358,44.81633333347924
16.7072,44.83300333347917
17.7194,44.84966333347931
15.2435,44.86635333347926
16.7794,44.88299333347939
16.6566,44.899673333479555
16.9097,44.91634333347948
16.7138,44.93301333347941
16.8948,44.94972333347937
16.5636,44.9663633334795
17.2892,44.983033333479426
15.9182,44.9997133334796
16.3808,45.01639333347976
17.0607,45.03306333347969
16.9013,45.04977333347965
16.9153,45.06645333347982
16.5783,45.08314333347976
16.9715,45.09981333347969
16.5885,45.11649333347985
16.5022,45.1331833334798
17.2548,45.14989333347976
16.268,45.166613333479965
15.6065,45.18329333348014
16.9698,45.19998333348008
16.3229,45.21664333348023
17.026,45.23334333348041
16.87,45.2500433334806
16.4385,45.266713333480524
16.6872,45.28338333348045
16.4393,45.30005333348038
16.7775,45.316703333480284
17.2746,45.333343333480414
16.9408,45.3500433334806
16.5136,45.36670333348075
17.028,45.38341333348071
16.7007,45.40010333348066
16.604,45.416753333480564
16.9169,45.43347333348077
16.3237,45.450143333480696
16.4651,45.466833333480636
17.0232,45.48353333348082
16.847,45.50023333348101
16.1415,45.51689333348116
17.0047,45.533603333481125
16.4212,45.550243333481255
16.9252,45.5669033334814
16.5513,45.58360333348159
16.8602,45.6002533334815
15.9699,45.61692333348142
16.4023,45.63360333348159
16.7751,45.650253333481494
16.7319,45.66693333348166
16.3293,45.683603333481585
16.7252,45.70025333348149
16.6898,45.71694333348144
17.2357,45.7336233334816
16.5617,45.750283333481754
16.281,45.76695333348168
16.8372,45.78362333348161
16.5531,45.800293333481534
17.132,45.817003333481495
16.5134,45.83368333348166
16.595,45.850373333481606
17.9334,45.86706333348155
15.1493,45.88373333348147
17.5549,45.900413333481644
16.411,45.91711333348183
16.8004,45.93382333348179
16.3438,45.95051333348174
16.9104,45.96721333348192
16.4132,45.98386333348183
17.1405,46.000553333481776
18.3194,46.01727333348198
16.372,46.033973333482166
16.7287,46.05069333348237
16.8013,46.06738333348231
14.3778,46.08403333348222
17.1639,46.10071333348239
16.7305,46.11740333348233
16.6489,46.13406333348248
17.0111,46.150763333482665
16.6011,46.16741333348257
17.4283,46.18407333348272
16.5746,46.20073333348287
17.1293,46.2174033334828
16.6984,46.23406333348295
16.2054,46.250743333483115
17.1035,46.26743333348306
16.5792,46.284113333483226
16.435,46.30079333348339
17.0438,46.31748333348334
16.4477,46.334173333483285
16.4479,46.35082333348319
16.9872,46.36753333348315
16.6633,46.38418333348306
17.4014,46.40086333348323
16.7549,46.41755333348317
16.5734,46.4342233334831
16.422,46.45088333348325
16.9145,46.46759333348321
16.2716,46.484243333483114
17.8189,46.50093333348306
16.1232,46.51764333348302
16.0837,46.53428333348315
15.4395,46.55096333348332
16.2983,46.56763333348324
16.4982,46.58430333348317
17.0474,46.6009733334831
16.2585,46.61765333348326
17.5798,46.63434333348321
16.1619,46.65103333348315
17.0604,46.667723333483096
16.6835,46.68440333348327
16.353,46.70108333348343
16.8448,46.71777333348338
16.6326,46.73445333348354
16.5625,46.75114333348349
17.0419,46.767823333483655
16.8871,46.7845133334836
16.1643,46.80116333348351
16.3689,46.817833333483435
17.0069,46.83448333348334
16.6197,46.851143333483485
16.9588,46.86786333348369
17.6476,46.88453333348362
15.518,46.9012333334838
16.3266,46.91790333348373
17.3374,46.93460333348391
16.8711,46.95129333348386
16.1098,46.96796333348379
16.8306,46.98467333348375
16.6214,47.00135333348391
16.5822,47.01802333348384
16.8997,47.03470333348401
16.7369,47.051423333484216
16.6893,47.06808333348436
17.2395,47.08479333348433
16.8346,47.10147333348449
16.7561,47.11816333348444
16.2179,47.134833333484366
17.5942,47.15151333348453
16.0497,47.16818333348446
17.1327,47.18486333348462
16.777,47.20152333348477
16.4624,47.2181933334847
16.452,47.234863333484626
16.8347,47.25154333348479
15.3897,47.268193333484696
16.8394,47.28486333348462
16.3941,47.30155333348457
16.5935,47.318203333484476
17.5193,47.33490333348466
16.5332,47.351603333484846
17.216,47.368263333485
17.5377,47.38494333348516
16.2435,47.40163333348511
17.0674,47.41829333348526
14.8604,47.434963333485186
16.4192,47.451633333485105
16.5989,47.46831333348528
17.1143,47.48501333348546
16.3964,47.50167333348561
17.3722,47.51833333348576
16.9444,47.53501333348593
16.5103,47.55167333348608
16.7123,47.568343333486
16.9998,47.585033333485946
16.3438,47.60171333348612
16.9028,47.61840333348606
16.4183,47.635073333485984
17.1515,47.65172333348589
16.7179,47.668403333486054
17.0275,47.685083333486226
16.5929,47.70180333348643
16.7522,47.718503333486616
16.2617,47.73518333348679
17.2291,47.75188333348697
16.3312,47.76856333348714
16.9037,47.78526333348732
16.4381,47.801963333487514
16.846,47.8186633334877
16.4658,47.83535333348764
16.6497,47.85203333348781
16.6706,47.86867333348794
15.4266,47.88532333348785
17.1625,47.90203333348781
16.1405,47.91867333348794
17.0506,47.93537333348812
16.3339,47.95202333348803
16.8488,47.968713333487976
16.626,47.98539333348815
17.3832,48.002113333488346
16.6455,48.01881333348854
16.6099,48.03553333348874
16.2967,48.05222333348868
17.1993,48.068903333488855
16.109,48.08560333348904
16.4404,48.102263333489184
16.9656,48.11893333348911
16.551,48.135583333489016
17.1776,48.152273333488964
16.4054,48.16890333348885
16.4016,48.185563333489
16.8148,48.202193333488886
16.5778,48.21886333348881
16.878,48.235543333488984
16.3874,48.252203333489135
17.6564,48.268913333489095
16.8562,48.28561333348928
16.3015,48.30230333348923
16.7711,48.31896333348937
16.9765,48.33567333348934
17.0684,48.3523833334893
16.6485,48.36911333348928
16.2872,48.38578333348921
16.9163,48.402453333489134
16.8773,48.4191333334893
16.6979,48.43581333348946
16.2547,48.45248333348939
17.0826,48.46919333348936
16.9122,48.48586333348928
16.6871,48.50251333348919
16.8508,48.5191633334891
16.9742,48.535833333489016
16.3812,48.55252333348896
15.1358,48.56920333348913
16.2693,48.5858833334893
16.8907,48.60254333348945
16.5334,48.619203333489594
16.8182,48.63587333348952
16.6011,48.65254333348945
16.6335,48.66922333348962
16.9102,48.685923333489804
16.3575,48.702563333489934
16.9511,48.719253333489874
16.5896,48.735913333490025
16.972,48.75261333349021
16.1497,48.76928333349014
16.755,48.78596333349031
17.4602,48.80263333349023
16.6782,48.81933333349042
17.0435,48.836013333490584
16.657,48.852673333490735
18.3988,48.86939333349094
15.2722,48.886073333491105
15.3299,48.902753333491276
16.9684,48.91940333349118
16.3578,48.93607333349111
17.1013,48.95276333349105
16.5413,48.969433333490976
16.8267,48.9861033334909
17.3181,49.00278333349107
16.8276,49.01946333349124
16.5867,49.03610333349137
16.8864,49.052753333491275
16.4852,49.06943333349144
16.8847,49.086123333491386
16.3497,49.10280333349155
15.8914,49.11947333349148
16.3521,49.136143333491404
17.5196,49.15284333349159
16.7509,49.169543333491774
16.1506,49.1862133334917
17.1967,49.20292333349166
16.1885,49.21962333349185
17.3311,49.23632333349204
16.5391,49.25301333349198
16.9096,49.269733333492184
16.4286,49.286433333492376
16.5605,49.303153333492574
16.7563,49.31984333349252
16.4152,49.33651333349245
17.2016,49.35323333349265
16.4724,49.3698933334928
17.2361,49.386583333492744
16.7012,49.403263333492916
16.3769,49.4199633334931
16.4643,49.436623333493245
16.7445,49.45331333349319
16.4805,49.46995333349332
17.4208,49.48662333349325
16.7122,49.503293333493176
16.4831,49.51994333349308
16.879,49.53663333349302
16.6003,49.55331333349319
16.917,49.569973333493344
15.2029,49.586643333493264
16.3574,49.60331333349319
17.0489,49.61999333349336
16.8626,49.636673333493526
17.4084,49.65336333349347
16.6004,49.670053333493414
16.3528,49.68672333349334
16.5049,49.70338333349349
16.9645,49.72004333349364
16.5764,49.73671333349356
16.5883,49.75337333349371
16.8015,49.77004333349364
17.6727,49.786733333493586
16.4705,49.803453333493785
16.4019,49.8201033334937
16.7864,49.83676333349384
17.029,49.85346333349403
16.3185,49.8701433334942
15.4957,49.88684333349438
16.6706,49.90354333349457
16.7862,49.92024333349475
16.7795,49.93695333349472
16.5974,49.95359333349485
17.5301,49.97023333349498
17.2982,49.986913333495146
17.0382,50.00362333349511
16.2175,50.02028333349526
16.6469,50.036993333495225
16.3823,50.05367333349539
16.4789,50.070343333495316
16.6272,50.08700333349547
16.7423,50.10366333349561
16.9554,50.120383333495816
16.366,50.137083333496
16.8812,50.15379333349597
17.0133,50.17045333349611
16.9823,50.18717333349632
17.0935,50.203863333496265
14.3782,50.220523333496416
16.3942,50.23719333349634
16.9015,50.25387333349651
16.9095,50.27057333349669
16.6478,50.28721333349682
17.1112,50.303893333496994
16.1689,50.320563333496914
16.4976,50.33723333349684
17.0642,50.35389333349699
16.4177,50.37053333349712
16.9921,50.38724333349708
16.2496,50.403923333497254
16.8335,50.42060333349742
16.7925,50.437273333497345
16.5099,50.453953333497516
16.9786,50.470643333497456
16.7639,50.48732333349763
17.1447,50.50401333349757
16.6275,50.52067333349772
16.6896,50.53735333349788
17.0334,50.55400333349779
16.3573,50.57068333349796
16.5912,50.58735333349789
16.6138,50.60400333349779
18.2061,50.62070333349798
14.5668,50.637353333497884
17.2837,50.654033333498056
16.4406,50.670703333497976
17.0281,50.68741333349794
16.7775,50.70413333349815
16.4886,50.72084333349811
16.2292,50.73753333349806
17.4649,50.75424333349802
16.6181,50.77092333349818
18.3663,50.78760333349835
16.6249,50.80427333349828
16.8139,50.820933333498424
16.8598,50.83764333349839
16.641,50.85431333349831
16.3192,50.87095333349844
15.1326,50.88759333349857
16.0605,50.9042633334985
16.8609,50.920933333498425
16.255,50.93762333349837
16.9754,50.95431333349831
16.4758,50.97100333349826
16.9467,50.987703333498445
17.7109,51.004343333498575
16.8077,51.02102333349874
16.4201,51.03770333349891
16.954,51.05441333349887
16.5818,51.0710833334988
15.2855,51.08774333349895
16.8405,51.10442333349911
16.73,51.121083333499264
16.5558,51.13776333349943
16.8778,51.15441333349934
16.7406,51.17110333349928
16.5646,51.18775333349919
16.8626,51.20446333349915
16.816,51.221153333499096
16.4978,51.23784333349904
16.7984,51.25454333349923
16.1503,51.27124333349941
16.9965,51.2879433334996
16.6775,51.304613333499525
17.237,51.32128333349945
16.1548,51.337963333499616
16.3632,51.3546633334998
16.633,51.371313333499714
16.7738,51.387953333499844
17.1708,51.40465333350003
16.1989,51.421303333499935
17.2084,51.437993333499875
16.1389,51.45464333349979
16.8983,51.47136333349999
17.0911,51.488093333499975
17.1031,51.50479333350016
16.0185,51.521453333500304
17.1948,51.53814333350025
16.9432,51.554843333500436
15.7043,51.57150333350059
16.3917,51.58819333350053
17.0494,51.6048733335007
16.3926,51.621543333500625
17.3069,51.638203333500776
16.4522,51.65486333350092
16.2233,51.67152333350107
17.9917,51.688243333501276
16.0642,51.70490333350143
16.6194,51.72156333350157
17.0793,51.73827333350154
16.6452,51.754973333501724
16.3231,51.77162333350163
16.9968,51.788303333501794
17.0048,51.80499333350174
16.4493,51.82165333350189
16.9133,51.83835333350208
16.1471,51.85500333350198
16.6581,51.87169333350193
17.6097,51.888373333502095
15.7258,51.905023333502
16.9627,51.92170333350217
16.4892,51.93838333350234
16.5682,51.95506333350251
16.5911,51.97173333350243
16.7113,51.988423333502375
16.5747,52.0050933335023
16.6931,52.02176333350223
15.5575,52.03845333350217
16.4816,52.055143333502116
16.6076,52.07181333350204
16.7959,52.088473333502186
16.6957,52.10514333350211
17.2573,52.12186333350232
16.4203,52.138553333502266
16.2937,52.155223333502185
17.1473,52.17191333350213
16.5371,52.18860333350208
16.6985,52.205303333502265
16.3101,52.22198333350243
16.6411,52.2386633335026
17.385,52.25533333350252
16.8624,52.27202333350247
16.7445,52.28867333350237
16.755,52.30532333350228
16.0674,52.322023333502464
16.4222,52.33869333350239
16.6011,52.35537333350256
16.9945,52.37201333350269
16.8469,52.38870333350263
16.9642,52.405403333502825
16.4802,52.422113333502786
16.7855,52.43878333350271
17.5076,52.4554833335029
17.0388,52.47216333350306
31.9593,52.48883333350299
12.1175,52.505503333502915
8.6736,52.52217333350284
12.9784,52.53889333350305
16.0382,52.55555333350319
16.7568,52.57223333350336
16.5291,52.58889333350351
16.8454,52.60557333350368
17.2791,52.622243333503604
16.2882,52.638953333503565
16.6548,52.65562333350349
16.463,52.67230333350366
16.5916,52.6889933335036
16.6497,52.705633333503734
16.7098,52.722313333503905
16.5177,52.73897333350405
17.0555,52.75565333350422
16.763,52.77236333350418
16.4781,52.78903333350411
16.8266,52.805683333504014
16.7914,52.82236333350418
16.6821,52.83904333350435
16.2492,52.855723333504514
16.7691,52.87239333350444
18.3638,52.88907333350461
15.2453,52.90576333350455
17.3319,52.92247333350452
16.0478,52.939123333504426
17.4215,52.955793333504346
16.4381,52.97247333350452
16.6704,52.989143333504444
16.7055,53.00581333350437
15.6964,53.02248333350429
16.4518,53.03917333350424
16.8956,53.0558533335044
18.0737,53.07256333350437
16.6222,53.089233333504296
16.3248,53.105903333504216
17.1063,53.12258333350439
16.4199,53.13927333350433
16.9016,53.155963333504275
16.8905,53.17265333350422
16.137,53.189333333504386
16.6335,53.20601333350455
16.1796,53.22271333350474
16.5331,53.23938333350466
16.5542,53.256033333504575
16.9522,53.272723333504516
16.6205,53.28940333350469
16.7701,53.30607333350461
16.3223,53.32275333350478
17.348,53.33945333350496
16.3463,53.356133333505134
17.5081,53.37283333350532
16.8275,53.389533333505504
16.1821,53.406193333505655
17.0631,53.42291333350586
16.3828,53.4396033335058
17.3902,53.456303333505986
17.011,53.47299333350593
16.3486,53.48968333350587
16.9248,53.506363333506044
16.5592,53.523073333506005
16.5815,53.53974333350593
16.6389,53.55639333350584
16.5068,53.573063333505765
16.7997,53.589703333505895
16.8511,53.60638333350606
16.5416,53.62304333350621
16.8547,53.639743333506395
16.391,53.656403333506546
16.8163,53.67307333350647
17.3833,53.6897433335064
15.5178,53.706413333506326
16.1037,53.72312333350629
16.6126,53.73984333350649
16.0349,53.75652333350666
17.5603,53.77318333350681
16.4567,53.789853333506734
16.7921,53.80650333350664
16.6402,53.823183333506805
17.41,53.839863333506976
16.6514,53.85651333350688
16.7025,53.87321333350707
16.6716,53.8898533335072
15.4985,53.90649333350733
16.5139,53.92320333350729
16.4735,53.93988333350746
16.9266,53.95659333350742
16.3352,53.97326333350735
17.3317,53.98997333350731
16.5207,54.006643333507235
16.5979,54.02333333350718
16.7848,54.04002333350712
16.5252,54.05669333350705
16.215,54.07337333350722
17.0448,54.090023333507126
16.7611,54.10670333350729
17.048,54.12338333350746
17.0645,54.14006333350763
16.4873,54.15671333350753
16.7291,54.17338333350746
17.108,54.190083333507644
16.6293,54.20673333350755
17.1712,54.22344333350752
15.8914,54.24012333350768
16.7124,54.25681333350763
16.7659,54.27350333350757
16.4126,54.29016333350772
16.7557,54.306843333507885
17.3552,54.32355333350785
16.1475,54.34023333350802
16.7944,54.356923333507964
16.3755,54.37359333350789
17.0706,54.39028333350783
16.6103,54.40699333350779
16.8066,54.42366333350772
16.8979,54.44034333350789
16.9617,54.45705333350785
16.1336,54.473733333508015
16.0343,54.49038333350793
16.4939,54.50706333350809
16.6693,54.523723333508244
17.2649,54.54040333350841
16.9536,54.55704333350854
16.1602,54.573693333508444
16.7038,54.590373333508616
16.5693,54.60704333350854
17.6022,54.62371333350846
16.3497,54.640413333508654
17.0981,54.65711333350884
16.4346,54.67380333350878
17.0822,54.690473333508706
16.6358,54.70716333350865
16.6453,54.72384333350882
17.305,54.74052333350899
16.0974,54.75720333350915
16.7672,54.7738933335091
16.6441,54.79054333350901
17.3863,54.80723333350895
16.2406,54.823923333508894
15.8127,54.84059333350882
16.1273,54.857293333509006
16.505,54.87396333350893
16.9362,54.89067333350889
17.2241,54.9073933335091
18.1999,54.924063333509025
14.9669,54.94074333350919
16.4053,54.95742333350936
17.0084,54.974103333509525
16.4688,54.99075333350943
17.3636,55.0074633335094
16.7818,55.02415333350934
16.6433,55.040873333509545
16.5718,55.057513333509675
17.0124,55.0741833335096
16.4893,55.09089333350956
15.443,55.10756333350949
16.7361,55.12424333350966
16.9791,55.140923333509825
16.3989,55.15760333350999
16.7555,55.1742533335099
17.6846,55.19093333351007
15.5764,55.20759333351022
16.779,55.2243233335102
16.1689,55.240973333510105
16.7234,55.257633333510256
16.6352,55.27431333351042
16.7252,55.29099333351059
16.6612,55.3076433335105
16.7786,55.324313333510425
16.8924,55.341003333510365
17.445,55.35767333351029
16.3785,55.37434333351022
17.1581,55.39098333351035
16.8849,55.40768333351053
16.3292,55.42438333351072
16.6158,55.441103333510924
16.7551,55.457813333510884
16.273,55.47450333351083
17.0343,55.49122333351104
16.7868,55.50792333351122
16.418,55.52458333351137
17.266,55.541293333511334
16.7288,55.55801333351154
16.4049,55.574663333511445
17.0134,55.591323333511596
16.2318,55.60796333351173
16.0644,55.62464333351189
16.4404,55.64131333351182
16.7606,55.65799333351199
16.5802,55.67466333351191
16.3736,55.691333333511835
17.7854,55.70800333351176
16.9232,55.72467333351169
16.3966,55.74137333351187
16.7891,55.758083333511834
16.3027,55.77477333351178
17.1466,55.79141333351191
16.933,55.8081133335121
16.556,55.824763333512
15.8815,55.84145333351195
16.3607,55.858133333512114
16.5792,55.87480333351204
16.445,55.89144333351217
17.049,55.90813333351212
16.4916,55.92477333351225
17.7973,55.94144333351217
15.6163,55.958133333512116
16.6761,55.97479333351227
16.5422,55.99147333351243
16.9141,56.00814333351236
16.7089,56.024833333512305
16.8023,56.041523333512245
16.8782,56.05822333351243
16.5976,56.07487333351234
16.2988,56.09156333351228
16.8452,56.108243333512455
16.7967,56.124953333512416
16.1446,56.1416533335126
16.4643,56.15832333351253
17.2886,56.17501333351247
16.4022,56.191703333512415
16.6066,56.208343333512545
17.0484,56.22504333351273
16.6225,56.241743333512915
16.8646,56.25841333351284
16.7172,56.27509333351301
16.6041,56.29174333351292
16.6808,56.30840333351306
17.0646,56.32511333351303
16.9255,56.34177333351318
16.0992,56.35842333351309
17.0148,56.37515333351307
16.6657,56.39183333351323
16.3717,56.408493333513384
16.9201,56.42517333351355
16.6471,56.44187333351373
16.3322,56.45854333351366
17.1871,56.47524333351385
16.7343,56.491903333513996
17.0066,56.50856333351415
16.3592,56.525253333514094
17.1327,56.54192333351401
16.9922,56.558603333514185
16.0918,56.575293333514125
16.604,56.5919733335143
16.9645,56.60863333351445
16.6056,56.62536333351443
16.8759,56.64202333351457
15.1844,56.658703333514744
17.3166,56.675413333514705
17.0159,56.69211333351489
16.9535,56.70879333351506
16.6315,56.725473333515225
16.2372,56.74216333351517
16.0995,56.75888333351538
16.7562,56.77560333351558
16.3843,56.79225333351549
16.6154,56.808933333515654
17.1758,56.825593333515805
16.6935,56.84226333351573
16.3904,56.85891333351564
16.9431,56.87555333351577
16.8067,56.892223333515695
16.6981,56.908913333515635
17.5855,56.92558333351556
18.2733,56.94223333351547
14.996,56.958923333515415
16.5978,56.975613333515355
16.777,56.992343333515336
15.3222,57.00901333351526
17.29,57.02570333351521
17.265,57.04239333351515
16.732,57.0590833335151
16.5041,57.075753333515024
16.8439,57.09243333351519
16.5855,57.109123333515136
17.0146,57.12578333351528
16.8133,57.14248333351547
14.8774,57.1591233335156
16.6452,57.17579333351552
16.6884,57.19247333351569
16.8915,57.20917333351588
17.0071,57.22581333351601
16.9756,57.24251333351619
16.1832,57.259193333516365
16.6087,57.275883333516305
16.6892,57.29255333351623
17.1239,57.30922333351616
16.2768,57.32590333351632
17.5789,57.342603333516514
16.1202,57.35927333351644
17.0403,57.375953333516605
16.3757,57.39263333351677
17.0306,57.40929333351692
16.5499,57.42596333351685
16.9619,57.44261333351675
16.9237,57.459323333516714
16.5481,57.475983333516865
16.9555,57.49270333351707
16.6171,57.50935333351698
16.7045,57.526043333516924
16.3234,57.54269333351683
16.6551,57.559373333516994
16.6793,57.576033333517145
17.008,57.59272333351709
16.6488,57.60939333351701
17.072,57.626043333516925
16.3302,57.642733333516865
16.6432,57.65940333351679
15.3729,57.67610333351698
16.96,57.692773333516904
16.776,57.70945333351707
16.6928,57.726123333516995
17.5268,57.74282333351718
16.0782,57.759493333517106
16.8799,57.77617333351728
17.0191,57.79285333351744
16.6675,57.80954333351739
16.3014,57.826193333517296
16.7349,57.84286333351722
17.0606,57.85956333351741
16.7919,57.87626333351759
16.2196,57.89295333351754
16.7175,57.90961333351768
16.8892,57.926293333517854
16.6541,57.943003333517815
16.838,57.95968333351799
15.5094,57.97633333351789
16.9789,57.99303333351808
16.1527,58.009703333518004
16.8495,58.026393333517944
16.2766,58.04304333351785
17.4861,58.05975333351782
16.5725,58.07642333351774
16.8535,58.09312333351793
16.4389,58.10979333351786
16.228,58.12647333351802
17.1233,58.143153333518185
16.8686,58.15983333351836
16.3506,58.17651333351852
16.2361,58.19316333351843
17.0517,58.209853333518375
16.1749,58.226493333518505
17.536,58.24317333351867
17.8681,58.25982333351858
16.7097,58.2764933335185
16.829,58.293193333518694
16.4794,58.30987333351886
16.4642,58.32653333351901
15.4501,58.343213333519174
17.1874,58.35991333351936
16.3933,58.37661333351955
16.9667,58.39330333351949
16.8775,58.40999333351944
16.664,58.42668333351938
16.7134,58.44338333351957
16.3498,58.46005333351949
16.5611,58.47673333351966
16.994,58.493433333519846
16.6207,58.51011333352001
16.5732,58.52677333352016
17.4822,58.54345333352033
16.2771,58.5601333335205
16.2582,58.57683333352068
16.5562,58.59349333352083
17.5397,58.61018333352078
16.6819,58.626863333520944
16.6697,58.643573333520905
16.7616,58.66026333352085
16.6639,58.67698333352106
16.7482,58.69369333352102
16.6246,58.71035333352117
16.4517,58.727023333521096
17.2907,58.74370333352126
16.0559,58.76038333352143
17.2578,58.777063333521596
15.8705,58.79372333352175
16.6678,58.81040333352191
16.1703,58.82707333352184
16.9165,58.843743333521765
16.4247,58.86039333352167
16.9434,58.87708333352162
16.4397,58.89377333352156
17.0204,58.91045333352173
16.3814,58.927123333521656
17.8917,58.94377333352156
14.9088,58.96045333352173
17.1718,58.977123333521654
16.6442,58.99379333352158
16.5736,59.010443333521486
16.9599,59.02715333352145
16.4157,59.043823333521374
16.7959,59.060533333521334
16.3641,59.077193333521485
17.0244,59.09391333352169
16.5392,59.110613333521876
16.7037,59.12730333352182
17.0716,59.14395333352173
16.9636,59.16061333352188
16.5974,59.177293333522044
16.2985,59.19394333352195
17.2083,59.210643333522135
16.5598,59.22729333352204
16.5852,59.24399333352223
15.9298,59.260633333522364
16.8303,59.27728333352227
16.5993,59.2939533335222
17.2217,59.31065333352238
17.0965,59.32735333352257
16.2606,59.34403333352273
17.7275,59.3607433335227
16.5615,59.377393333522605
16.8321,59.394083333522545
15.3155,59.410763333522716
17.8601,59.42743333352264
16.5132,59.44411333352281
16.6171,59.46081333352299
16.9607,59.47752333352296
16.2681,59.494183333523104
17.0823,59.51090333352331
16.3601,59.527553333523215
16.8691,59.54423333352339
16.968,59.56091333352355
16.0962,59.57756333352346
15.6007,59.594253333523405
17.4528,59.61097333352361
17.2999,59.62766333352355
16.3227,59.64429333352344
16.7765,59.66096333352337
17.27,59.677593333523255
17.0098,59.69429333352344
16.3352,59.71097333352361
16.7143,59.72764333352353
16.6686,59.7443233335237
16.5817,59.76100333352387
16.5884,59.777643333524
15.1393,59.7942933335239
17.0286,59.81100333352387
16.8007,59.82772333352408
16.5693,59.84440333352424
16.4904,59.86106333352439
16.8225,59.877743333524556
16.9271,59.89444333352475
16.6143,59.91112333352491
16.7646,59.92783333352487
16.7543,59.94453333352506
17.4982,59.96125333352526
16.939,59.977913333525414
15.0286,59.994553333525545
16.7835,60.01124333352549
16.4854,60.027923333525656
16.6464,60.04460333352583
16.9003,60.06128333352599
17.2065,60.077963333526164
15.8077,60.09462333352631
16.948,60.11128333352646
16.9951,60.127933333526364
16.4479,60.14460333352629
16.6925,60.16129333352624
17.0052,60.1779733335264
16.4116,60.19464333352633
16.9211,60.211323333526494
17.1285,60.22801333352644
16.7639,60.244693333526605
16.543,60.2613933335268
16.2808,60.27806333352672
16.2446,60.29473333352664
16.6205,60.311443333526604
17.0121,60.328123333526776
16.6762,60.34480333352694
17.0507,60.36149333352689
16.253,60.37817333352705
17.1703,60.39484333352698
16.2277,60.411533333526926
17.0259,60.42821333352709
16.416,60.44490333352704
16.8813,60.4615833335272
17.1919,60.47823333352711
15.6118,60.494903333527034
16.8124,60.511583333527206
16.347,60.52825333352713
16.8302,60.54494333352707
16.6855,60.56159333352698
16.9069,60.57827333352715
16.7397,60.594923333527056
16.4048,60.61159333352698
16.8418,60.62828333352692
16.3506,60.644963333527095
17.2312,60.661693333527076
16.6489,60.67841333352728
16.4248,60.695113333527466
16.5304,60.71177333352761
17.8005,60.72845333352778
16.2548,60.74511333352793
17.8199,60.7617933335281
14.9605,60.77847333352827
16.7475,60.79514333352819
16.9149,60.81184333352838
16.8467,60.82848333352851
17.6932,60.84512333352864
17.1465,60.861823333528825
16.6958,60.87855333352881
16.7588,60.89523333352897
16.3979,60.91192333352892
16.4045,60.92860333352908
17.4308,60.94531333352905
16.2031,60.962013333529235
14.7114,60.978673333529386
16.9202,60.995343333529306
16.9717,61.01202333352948
16.5762,61.02866333352961
17.0813,61.045333333529534
16.027,61.06200333352946
17.6613,61.078703333529646
16.5406,61.095393333529586
16.9396,61.11207333352976
17.1888,61.1287633335297
16.1198,61.14544333352987
17.1245,61.162163333530074
16.6114,61.178853333530014
16.6994,61.1955533335302
16.4353,61.21221333353035
16.9612,61.22894333353033
16.6899,61.245643333530516
16.9972,61.26231333353044
16.62,61.27896333353035
17.032,61.29564333353052
16.4576,61.312323333530685
15.2466,61.32899333353061
16.0239,61.34566333353054
17.0438,61.36232333353069
16.7178,61.37901333353063
16.792,61.3956933335308
16.8863,61.412353333530945
17.426,61.42906333353091
16.5044,61.44577333353087
16.423,61.462433333531024
16.5316,61.47910333353095
17.2376,61.49579333353089
16.6484,61.51248333353084
16.7469,61.5291933335308
16.1424,61.54585333353095
17.6666,61.562523333530876
16.143,61.57918333353102
17.127,61.59584333353117
16.263,61.61249333353108
17.1431,61.629183333531024
16.0846,61.645873333530965
16.9619,61.66254333353089
16.7792,61.67923333353084
16.7486,61.695913333531
16.4116,61.712593333531174
16.9888,61.72927333353134
16.6079,61.7459833335313
16.5477,61.76266333353147
17.0798,61.779343333531635
16.0571,61.796003333531786
16.6226,61.81267333353171
16.8851,61.829333333531864
16.6611,61.84599333353201
16.6324,61.86264333353191
16.751,61.879323333532085
16.8471,61.89599333353201
16.6449,61.91264333353192
17.036,61.92933333353186
16.4158,61.946023333531805
17.8291,61.96270333353197
15.1312,61.97938333353214
16.8211,61.996083333532326
15.3222,62.01275333353225
17.3532,62.02947333353246
16.5256,62.046143333532385
16.7139,62.06282333353255
16.7654,62.07950333353272
16.8337,62.096183333532885
16.0156,62.11285333353281
16.7492,62.12954333353275
16.9786,62.14622333353292
17.2009,62.16290333353309
16.3371,62.17960333353328
16.7442,62.19626333353342
16.4158,62.21297333353339
16.6583,62.2296233335333
16.9827,62.24631333353324
16.5619,62.262983333533164
17.4103,62.27965333353309
16.8619,62.29632333353302
17.0174,62.31300333353318
16.2607,62.32966333353333
16.4384,62.34632333353348
16.8806,62.36297333353339
15.2216,62.379623333533296
16.7942,62.39630333353346
16.9683,62.41299333353341
16.5625,62.42965333353356
16.3354,62.4463433335335
16.8055,62.46302333353367
16.6628,62.479703333533834
16.6768,62.49637333353376
30.7053,62.513053333533925
13.406,62.52974333353387
10.6406,62.54642333353404
13.1464,62.56310333353421
16.1604,62.579753333534114
17.0193,62.596463333534075
16.5844,62.61316333353426
16.5425,62.62983333353419
17.1204,62.64655333353439
16.416,62.66326333353435
17.3985,62.679963333534545
16.1993,62.69663333353447
16.6603,62.713313333534636
16.9284,62.73000333353458
16.4962,62.74669333353452
16.6062,62.76334333353443
17.0402,62.7800233335346
16.588,62.79671333353454
16.5393,62.81335333353467
16.6761,62.83000333353458
16.9414,62.846693333534525
16.4506,62.863383333534465
16.8594,62.88007333353441
16.4644,62.89674333353434
17.243,62.91343333353428
16.2836,62.93011333353445
16.5231,62.9467733335346
20.6453,62.96344333353452
13.5771,62.98012333353469
14.9677,62.99679333353462
17.0016,63.01348333353456
16.6944,63.030183333534744
16.1074,63.046863333534915
16.6136,63.06354333353508
17.0864,63.08020333353523
16.9675,63.096903333535415
16.4657,63.11358333353559
16.9886,63.13030333353579
16.3131,63.14698333353596
17.2991,63.163673333535904
16.9505,63.18034333353583
16.2196,63.19699333353574
16.6275,63.21366333353566
16.9678,63.23034333353583
16.3426,63.24702333353599
16.7168,63.263673333535905
16.6731,63.28035333353607
16.8334,63.297003333535976
16.7851,63.31371333353594
16.4802,63.33039333353611
17.0656,63.34707333353627
16.5796,63.36378333353624
16.364,63.38047333353618
17.0742,63.39715333353635
16.6477,63.41382333353627
15.4298,63.43050333353644
17.1321,63.44717333353637
16.4321,63.463843333536296
16.995,63.4804933335362
16.266,63.49716333353613
17.33,63.51383333353605
16.1258,63.5304933335362
16.888,63.547193333536384
16.7291,63.56389333353657
17.9944,63.580613333536775
16.4103,63.59730333353672
17.1553,63.61400333353691
16.5857,63.63070333353709
16.5112,63.64741333353706
16.8637,63.664133333537265
16.141,63.68078333353717
17.0554,63.697483333537356
16.3637,63.71413333353726
16.9445,63.73082333353721
16.7109,63.74751333353715
16.9037,63.76422333353711
16.4887,63.7809233335373
16.6531,63.797583333537446
16.9927,63.81425333353737
16.4513,63.8309233335373
16.6759,63.847603333537464
16.7585,63.864283333537635
16.4483,63.880973333537575
15.8265,63.89765333353775
16.9303,63.91432333353767
17.052,63.93097333353758
16.8986,63.94761333353771
16.6716,63.96432333353767
16.3654,63.98098333353782
17.5616,63.99764333353797
15.7587,64.01432333353814
16.7704,64.03097333353804
17.0017,64.047683333538
16.7021,64.06436333353817
16.556,64.0810033335383
15.9063,64.09767333353822
16.9681,64.11437333353841
16.1497,64.13102333353832
16.9348,64.14772333353851
16.3784,64.16439333353844
16.7906,64.1810733335386
17.1068,64.19778333353857
16.544,64.21446333353873
16.7071,64.23112333353889
16.3864,64.24782333353907
16.655,64.26451333353901
16.5114,64.28117333353916
17.2051,64.29787333353934
16.1998,64.31452333353926
17.2801,64.33123333353922
16.087,64.34791333353938
16.9915,64.3645633335393
16.6114,64.38122333353944
16.5328,64.3979033335396
17.3697,64.41456333353976
16.5343,64.4312533335397
16.1063,64.44794333353964
15.767,64.46459333353955
16.4393,64.4812833335395
17.5616,64.49797333353943
16.7403,64.51469333353964
16.6829,64.53139333353984
16.527,64.54805333353998
17.0319,64.56475333354017
16.5951,64.58145333354035
16.4392,64.59810333354027
17.2071,64.6147933335402
15.2876,64.63147333354037
17.6072,64.64817333354056
16.1228,64.66482333354047
16.6206,64.68146333354059
16.7407,64.69812333354075
16.7281,64.71479333354067
17.1045,64.73144333354058
16.9335,64.74814333354077
16.4784,64.76485333354073
16.1392,64.78151333354087
16.8949,64.79822333354083
16.7781,64.81489333354077
17.2445,64.83157333354093
16.854,64.8482533335411
16.5311,64.86493333354127
15.6177,64.88161333354144
17.8873,64.89828333354136
17.0934,64.91494333354152
16.1835,64.93160333354166
17.1075,64.9482933335416
16.1903,64.96494333354151
16.9691,64.9816433335417
17.6507,64.99833333354164
14.2082,65.01500333354157
16.9889,65.03171333354153
16.2882,65.04840333354147
17.3479,65.06512333354168
16.7902,65.08178333354182
16.2509,65.098463333542
16.778,65.11514333354216
16.6379,65.13182333354233
16.8066,65.14848333354247
17.0471,65.1651533335424
16.9639,65.18184333354235
16.727,65.19851333354227
16.2565,65.2151833335422
17.8864,65.23185333354212
16.1307,65.2485533335423
16.512,65.26523333354248
16.6956,65.2819033335424
16.6369,65.29859333354234
17.3826,65.31527333354252
15.3347,65.33194333354244
16.6041,65.3486233335426
16.7492,65.36528333354276
16.6281,65.3819733335427
16.3744,65.3986233335426
17.4348,65.41530333354278
16.1061,65.43199333354272
16.4686,65.44867333354289
17.3103,65.46535333354305
16.8159,65.48205333354323
15.2998,65.49873333354341
17.0627,65.51541333354358
17.2614,65.53211333354376
16.3988,65.54879333354393
16.6647,65.56550333354389
16.4474,65.58217333354382
17.7553,65.59884333354374
16.3295,65.61551333354367
16.8079,65.6321833335436
16.7314,65.64885333354351
16.5501,65.66555333354371
17.2895,65.68223333354388
16.5483,65.69889333354402
16.6762,65.71556333354395
17.0315,65.73223333354387
16.3104,65.74891333354404
16.7491,65.765603333544
16.5807,65.78229333354393
16.8154,65.7989733335441
15.3765,65.81563333354424
17.1694,65.8323233335442
16.0594,65.84899333354412
16.7028,65.86566333354405
16.6858,65.88234333354421
17.0231,65.89903333354415
16.845,65.91571333354432
16.7393,65.93240333354427
16.1359,65.94908333354444
17.2079,65.9657933335444
16.2357,65.98246333354432
17.4814,65.99911333354423
16.0554,66.01580333354417
16.9267,66.03251333354413
16.8359,66.04919333354431
17.0442,66.06586333354423
16.4771,66.0825433335444
16.1567,66.09921333354433
16.616,66.11588333354425
17.0127,66.13255333354417
16.2991,66.14923333354434
16.6012,66.16591333354451
16.6251,66.18259333354467
16.8753,66.19924333354459
16.4309,66.21592333354475
17.1666,66.23260333354492
16.3386,66.24928333354508
16.919,66.26595333354501
16.3701,66.28263333354518
17.1446,66.29929333354532
16.6918,66.31598333354528
16.6463,66.3326533335452
16.9974,66.34932333354513
17.2477,66.36603333354509
16.2089,66.38273333354527
17.1245,66.39943333354546
16.5286,66.41610333354538
16.55,66.43277333354531
16.471,66.44945333354548
18.3568,66.46615333354566
16.1266,66.4828133335458
16.9465,66.49952333354578
16.4504,66.51620333354595
14.9902,66.53285333354584
16.4852,66.549513333546
16.8608,66.56615333354613
16.6981,66.58283333354629
16.5041,66.59952333354624
16.715,66.61621333354618
16.9681,66.63290333354612
16.549,66.64962333354633
16.9246,66.66631333354627
16.2251,66.68300333354622
17.2979,66.69969333354616
16.6395,66.71637333354633
17.1169,66.73305333354651
17.5484,66.74972333354643
15.3331,66.76639333354635
16.8823,66.78309333354653
16.2879,66.79974333354645
16.7753,66.81638333354657
16.7746,66.83304333354673
17.2512,66.84971333354665
17.0035,66.86638333354658
16.0164,66.88306333354674
16.9747,66.89976333354693
16.4084,66.91645333354687
16.9786,66.93317333354707
16.2359,66.94982333354699
17.3913,66.96652333354717
16.1459,66.98323333354713
17.0749,66.9999133335473
15.8764,67.0166333335475
16.1586,67.03331333354767
17.2727,67.05002333354764
16.5491,67.06668333354779
16.8985,67.08337333354773
16.1552,67.10002333354764
17.041,67.11674333354784
16.7548,67.13342333354801
17.182,67.15010333354817
16.2889,67.16677333354811
16.8943,67.18344333354803
16.5865,67.20013333354797
16.9122,67.21678333354788
17.2197,67.23350333354809
16.1907,67.25016333354823
17.1518,67.26685333354818
16.2439,67.28349333354831
16.7097,67.30016333354823
16.7946,67.31683333354816
16.8938,67.33353333354835
16.3377,67.35018333354824
16.5624,67.36685333354818
16.7748,67.38353333354834
17.5098,67.4001933335485
15.8731,67.41687333354866
16.8877,67.43357333354885
15.4716,67.45025333354901
16.6638,67.46691333354916
16.6869,67.48357333354932
17.272,67.50022333354921
17.1895,67.5169033335494
17.9154,67.5336233335496
16.1104,67.55029333354952
15.1504,67.56694333354943
16.3675,67.5836233335496
17.1958,67.60029333354952
16.928,67.61701333354972
16.4049,67.6337133335499
16.6455,67.65040333354986
16.532,67.66707333354978
17.0111,67.68378333354974
16.8069,67.70042333354988
16.7215,67.71713333354984
16.3689,67.73383333355002
17.5589,67.75051333355019
17.0416,67.76718333355011
16.1775,67.78383333355002
15.5911,67.80049333355016
16.8517,67.81719333355035
16.6217,67.83390333355032
16.7392,67.85058333355049
16.7541,67.86727333355043
16.3474,67.88393333355057
17.7098,67.90063333355077
16.3272,67.91730333355069
16.7965,67.93396333355084
17.0287,67.95063333355077
16.8351,67.96733333355095
16.5061,67.98398333355085
18.126,68.00064333355101
15.398,68.01729333355091
16.5726,68.0339933335511
16.3792,68.05067333355127
16.893,68.0673433335512
16.0501,68.08403333355113
15.794,68.10072333355109
17.1702,68.11742333355127
16.2268,68.13409333355119
17.1741,68.15079333355138
16.6002,68.16747333355156
17.0984,68.18417333355174
16.6297,68.20082333355164
16.9782,68.21752333355182
16.7103,68.23419333355176
18.033,68.25089333355194
16.4048,68.26755333355209
16.5651,68.28423333355225
16.7984,68.3009233335522
16.7373,68.31762333355239
16.4169,68.33430333355255
16.8758,68.3509933335525
16.5593,68.36769333355268
16.8413,68.38438333355263
16.2963,68.40104333355278
16.9883,68.41770333355292
16.4945,68.43439333355288
16.6278,68.4510633335528
16.7588,68.46773333355272
16.4538,68.48438333355263
14.8582,68.50106333355279
17.0535,68.51773333355273
16.6794,68.53438333355263
16.3665,68.55102333355276
17.0475,68.56774333355297
16.4291,68.58444333355315
16.8343,68.60112333355332
16.1553,68.61778333355346
17.1487,68.6344533335534
16.9373,68.65114333355334
16.8466,68.6678233335535
16.2892,68.68447333355341
16.697,68.70116333355335
17.7957,68.71787333355331
16.6832,68.73453333355347
16.4383,68.75119333355362
17.0198,68.76790333355358
16.4957,68.78460333355376
16.8174,68.80132333355397
16.4455,68.8179933335539
16.7673,68.83469333355409
16.6019,68.85138333355403
17.3966,68.86806333355419
16.1529,68.88470333355433
17.1876,68.90139333355427
16.5806,68.91808333355421
16.5757,68.93476333355439
16.1625,68.9514333335543
16.9587,68.96807333355443
17.1048,68.98476333355438
16.9674,69.00144333355455
14.8118,69.01812333355471
17.0453,69.03483333355467
16.2646,69.05155333355488
16.666,69.06820333355479
16.3327,69.08487333355471
17.3503,69.10154333355464
16.1353,69.11821333355456
17.0336,69.13493333355477
17.1954,69.15159333355491
16.788,69.16827333355509
16.6833,69.18497333355528
16.7689,69.2016433335552
17.2077,69.21832333355536
16.3619,69.23500333355554
16.8819,69.25170333355572
16.9089,69.26838333355589
16.6987,69.28506333355605
16.1128,69.30170333355619
16.6484,69.31838333355635
16.7543,69.3350433335565
17.4384,69.35173333355645
15.8822,69.36838333355635
16.8932,69.38506333355652
16.6352,69.40175333355647
16.7842,69.41843333355664
16.5482,69.43510333355655
16.4338,69.45178333355673
16.3222,69.46850333355692
17.0404,69.4851833335571
16.9906,69.50189333355706
16.7582,69.51855333355721
16.4721,69.53525333355739
16.6259,69.55191333355755
16.8014,69.56861333355774
16.4152,69.58528333355765
16.5785,69.60194333355781
16.8067,69.61862333355798
16.5841,69.6352633335581
15.3385,69.65193333355803
16.9487,69.66857333355816
17.191,69.68526333355811
16.4878,69.70192333355826
17.5435,69.71859333355818
18.2762,69.73524333355809
16.8299,69.75192333355825
16.359,69.76860333355842
16.7861,69.7852833335586
16.6918,69.80196333355876
16.9576,69.8186533335587
16.4162,69.83534333355864
16.6907,69.85199333355855
15.3266,69.86867333355872
15.8506,69.88535333355888
17.0656,69.90205333355907
16.5021,69.918723333559
17.3456,69.93542333355919
16.0548,69.9520933335591
17.222,69.96879333355929
16.5704,69.98547333355947
16.9071,70.00215333355963
15.809,70.01887333355984
16.2574,70.03557333356002
16.8033,70.05228333355998
16.8371,70.06897333355992
16.4034,70.08564333355986
17.019,70.1023333335598
16.57,70.11905333356
16.4192,70.13571333356015
17.3661,70.1524033335601
16.3268,70.16907333356002
17.0636,70.18574333355996
16.367,70.2024033335601
17.3154,70.21905333356
16.3783,70.23569333356014
16.9905,70.25239333356032
16.3952,70.26904333356023
16.7517,70.28569333356013
16.5106,70.3023733335603
17.4228,70.31908333356027
16.2226,70.33579333356023
16.4405,70.35244333356013
16.9991,70.36915333356009
16.4646,70.38584333356005
17.4327,70.40254333356023
16.097,70.41923333356017
16.5058,70.43591333356034
16.679,70.45260333356029
16.5908,70.46929333356023
17.8894,70.48596333356015
15.0695,70.5026533335601
16.8224,70.51933333356027
16.8387,70.53601333356043
16.2976,70.55267333356058
17.4651,70.56934333356051
16.8209,70.58599333356041
17.148,70.60271333356062
15.5254,70.6194133335608
16.6377,70.63612333356077
16.4653,70.65280333356094
16.7765,70.66947333356086
16.8636,70.68618333356082
15.9357,70.70283333356073
17.7577,70.71955333356094
16.4814,70.7362333335611
18.2866,70.75294333356106
16.4001,70.76960333356122
16.4763,70.78624333356134
16.5968,70.80287333356124
15.9923,70.81951333356136
16.6362,70.8361533335615
17.0526,70.85283333356166
16.5343,70.86953333356185
16.5817,70.88617333356198
16.6842,70.9028433335619
16.9929,70.91953333356184
16.5735,70.93621333356202
16.4937,70.95289333356219
16.8562,70.96960333356215
16.6291,70.98630333356233
18.0489,71.00299333356227
14.1917,71.0196633335622
16.7451,71.03632333356235
16.9005,71.05303333356231
16.457,71.06974333356227
16.3915,71.08639333356219
17.3055,71.10305333356233
16.8961,71.11975333356251
16.9831,71.13641333356267
16.6175,71.15310333356261
16.4733,71.16978333356278
16.6415,71.18644333356293
16.9491,71.2031233335631
17.0396,71.21980333356326
16.553,71.2364733335632
16.8932,71.25317333356338
16.6416,71.26986333356332
16.2757,71.28652333356347
16.7144,71.30322333356365
16.3302,71.31987333356356
17.1666,71.33659333356377
16.3217,71.35328333356371
16.9372,71.36999333356367
16.3091,71.38665333356383
17.0946,71.40334333356377
16.5051,71.42001333356369
17.0794,71.43671333356387
16.0484,71.45340333356383
17.422,71.47009333356377
16.0432,71.48677333356393
16.9158,71.50342333356384
16.587,71.52008333356399
15.5748,71.5367333335639
17.1649,71.55343333356409
17.0305,71.570103333564
16.0788,71.58676333356416
16.4776,71.60341333356406
16.7276,71.620083333564
16.8551,71.6367333335639
16.7416,71.65341333356406
17.1246,71.67011333356425
16.3419,71.68683333356445
16.5798,71.7035233335644
16.646,71.7201733335643
16.1659,71.73683333356446
17.5687,71.75354333356442
16.6437,71.77025333356438
16.4135,71.78694333356432
18.1745,71.80365333356428
16.1171,71.82033333356446
16.3754,71.83701333356463
17.0546,71.85368333356455
16.4954,71.8703433335647
16.5788,71.88702333356487
17.3416,71.90370333356503
16.4083,71.92035333356495
16.6527,71.93699333356507
16.7321,71.95369333356525
16.7049,71.97035333356541
16.0173,71.98707333356562
16.8122,72.00372333356552
16.1611,72.02037333356543
17.1934,72.0370533335656
15.72,72.05373333356576
16.8619,72.07040333356568
16.7669,72.08707333356561
16.6785,72.10375333356578
16.754,72.12041333356593
16.3311,72.13707333356608
16.533,72.1537133335662
17.0644,72.17042333356618
16.4302,72.18712333356636
17.1687,72.20383333356632
16.3776,72.22054333356628
16.7639,72.23723333356622
16.9362,72.25394333356618
16.9626,72.27066333356639
16.4267,72.28733333356632
16.7267,72.30404333356628
16.3154,72.32072333356645
17.106,72.33737333356636
16.6005,72.3540333335665
17.1535,72.37071333356667
16.4939,72.3873833335666
16.404,72.40406333356677
17.524,72.42075333356671
16.778,72.43741333356687
16.1723,72.45409333356703
16.6186,72.47075333356717
15.9227,72.48743333356734
16.4503,72.50410333356727
16.9449,72.52078333356744
17.0763,72.5374633335676
16.3415,72.55414333356777
16.8753,72.57082333356794
16.7191,72.58746333356807
17.5743,72.60415333356801
16.1977,72.62083333356819
16.8361,72.63752333356813
16.5716,72.65420333356829
16.621,72.67089333356824
16.8,72.68759333356843
16.5694,72.70424333356833
16.9414,72.72092333356849
16.5619,72.73759333356843
15.6499,72.75427333356859
16.3802,72.7709233335685
16.8003,72.78760333356867
16.8666,72.80426333356881
16.946,72.820963333569
16.4157,72.83763333356893
18.1287,72.85432333356887
16.0973,72.87100333356904
16.8406,72.8876633335692
16.3775,72.90435333356913
15.9431,72.9210633335691
16.6652,72.93774333356926
16.482,72.95442333356942
17.1041,72.9711033335696
16.6675,72.98776333356975
16.9349,73.0044733335697
16.7144,73.02115333356987
16.6019,73.03783333357005
17.2745,73.05451333357021
15.7841,73.07119333357038
17.2475,73.08787333357054
16.1804,73.10455333357072
17.1859,73.12123333357088
17.2531,73.13795333357109
16.6152,73.15464333357103
17.1664,73.1713233335712
16.7597,73.18797333357111
16.8483,73.2046733335713
16.2997,73.22134333357121
17.1319,73.2380433335714
16.5225,73.25469333357131
14.8031,73.27137333357147
17.4046,73.28805333357164
17.041,73.30470333357155
16.5719,73.32138333357172
17.0222,73.33807333357167
16.7375,73.35475333357184
17.0716,73.37144333357178
16.5239,73.38814333357196
17.0608,73.40479333357187
16.6735,73.42150333357183
15.9053,73.438183333572
16.1291,73.45488333357218
16.1397,73.47155333357212
17.0566,73.4882533335723
16.9715,73.50491333357245
16.0358,73.52159333357261
17.1273,73.53824333357252
16.8729,73.55491333357244
16.7344,73.57161333357263
16.4187,73.58826333357254
16.9042,73.6049733335725
16.382,73.62162333357242
16.7185,73.63830333357258
16.9455,73.65496333357272
16.9135,73.67164333357289
16.1864,73.68831333357282
16.9864,73.70502333357278
16.5956,73.72172333357297
17.0376,73.73838333357311
16.6943,73.75506333357329
16.8763,73.77171333357319
16.3605,73.78840333357314
15.5941,73.80507333357306
16.7837,73.8217333335732
16.3777,73.83839333357336
16.7136,73.85507333357353
17.6487,73.87174333357345
16.792,73.88842333357363
16.6846,73.90510333357379
15.9558,73.92180333357398
17.3298,73.93850333357416
16.2568,73.95518333357433
16.6859,73.97188333357451
16.4202,73.98856333357469
16.9139,74.00526333357487
16.4238,74.02195333357481
17.025,74.03863333357498
17.5292,74.05530333357491
15.5809,74.07201333357487
16.3598,74.08867333357502
17.2882,74.10536333357496
16.2211,74.12207333357493
16.4182,74.13874333357485
17.0985,74.15546333357506
16.479,74.172153333575
16.4259,74.18883333357516
16.9619,74.20548333357507
16.7306,74.22214333357522
16.9735,74.23883333357517
17.1057,74.25553333357536
16.667,74.27218333357526
16.9039,74.28885333357519
16.4509,74.30552333357511
16.7167,74.32217333357502
16.5618,74.33882333357492
17.0261,74.35553333357488
16.8555,74.37225333357509
16.0967,74.38894333357504
16.7933,74.40558333357517
16.8858,74.4222733335751
16.5387,74.43895333357528
16.5953,74.45561333357543
16.912,74.47229333357559
16.7728,74.48899333357578
16.6614,74.50567333357596
16.2049,74.52234333357588
16.2668,74.53899333357577
16.3539,74.55567333357595
16.6825,74.57235333357612
17.1503,74.58904333357606
16.4868,74.60572333357622
16.9659,74.6224333335762
16.2528,74.63911333357636
17.0121,74.65578333357628
16.2136,74.67246333357645
16.9849,74.6891233335766
16.9506,74.70582333357679
16.5865,74.72251333357673
16.6356,74.73919333357689
17.1565,74.75582333357679
16.6899,74.77250333357695
16.4861,74.78914333357709
17.1152,74.80585333357705
16.8575,74.82252333357697
15.3414,74.83921333357692
17.0541,74.85589333357709
16.437,74.872543333577
17.2592,74.88920333357714
17.6866,74.90590333357733
16.0238,74.92259333357727
17.006,74.93930333357723
16.4586,74.95603333357721
16.4221,74.97269333357737
16.7231,74.98936333357729
17.1417,75.00602333357745
16.3131,75.02270333357761
17.4593,75.03938333357777
15.4464,75.05610333357798
16.6612,75.07280333357816
16.5177,75.08950333357835
16.3548,75.10614333357849
17.0364,75.12280333357863
16.8609,75.13951333357859
16.3243,75.15618333357853
17.0407,75.17289333357849
16.5872,75.18959333357867
16.4342,75.20626333357859
17.8925,75.22292333357875
16.3594,75.23956333357887
16.592,75.25621333357878
17.2857,75.27291333357897
15.8361,75.28958333357889
17.1504,75.30622333357903
16.4211,75.32291333357897
17.1885,75.33961333357915
16.4513,75.35630333357909
16.7627,75.3730233335793
16.7123,75.38968333357946
16.4176,75.40636333357962
16.649,75.42304333357978
17.0145,75.43974333357997
16.7305,75.45644333358015
16.2112,75.47312333358033
16.7974,75.48981333358027
16.8857,75.5064533335804
16.695,75.52312333358033
16.4296,75.53977333358023
16.7991,75.55645333358041
16.6059,75.57313333358057
16.4989,75.58982333358051
16.7653,75.60646333358065
17.3988,75.62313333358057
16.2056,75.63982333358051
16.4564,75.65649333358044
16.7984,75.67316333358036
16.8342,75.68984333358053
16.4949,75.7065233335807
16.9741,75.72323333358067
16.7002,75.73994333358063
16.3626,75.75662333358079
16.4012,75.77333333358075
16.626,75.78998333358066
16.5454,75.8066733335806
16.7107,75.82337333358079
16.459,75.84005333358095
17.1659,75.85672333358089
15.7628,75.87340333358105
16.9218,75.89007333358097
16.319,75.90671333358111
17.1737,75.92342333358107
16.7371,75.94011333358101
16.7915,75.95679333358119
17.4665,75.97347333358135
16.2602,75.99015333358152
16.693,76.00684333358146
16.5981,76.02350333358162
17.9969,76.0402033335818
14.1265,76.0568533335817
17.4114,76.0735733335819
16.8435,76.09022333358182
16.5326,76.10688333358196
16.2292,76.12356333358213
17.16,76.1402433335823
16.3881,76.15690333358245
17.555,76.17359333358239
16.4921,76.19026333358232
17.0839,76.20695333358226
16.6268,76.22363333358243
16.2731,76.24027333358256
17.1128,76.25697333358275
16.6176,76.2736333335829
16.522,76.29031333358306
16.8306,76.30699333358324
16.6474,76.32368333358318
16.4331,76.3403533335831
16.6513,76.35704333358305
17.0019,76.37372333358321
16.3629,76.39041333358315
17.4726,76.40712333358312
16.0831,76.42379333358305
16.5465,76.44047333358321
16.373,76.4571733335834
16.6179,76.47383333358354
16.2016,76.49050333358348
17.1209,76.50722333358368
16.7457,76.52393333358364
16.743,76.54057333358377
17.1784,76.55728333358374
16.1444,76.57393333358364
17.4943,76.59062333358358
15.9775,76.60730333358376
16.7097,76.6239633335839
17.1273,76.64064333358407
16.6817,76.657313333584
16.7957,76.67395333358412
16.5762,76.69060333358404
17.0958,76.707313333584
16.3625,76.7239633335839
16.8256,76.74067333358387
16.3688,76.75732333358377
16.6517,76.7739933335837
17.1527,76.79066333358362
17.2798,76.80736333358381
16.5558,76.82405333358375
16.5155,76.84073333358393
16.4655,76.85740333358385
17.0949,76.87406333358399
16.2287,76.89073333358392
16.9501,76.90741333358409
14.8315,76.92409333358425
17.1313,76.94082333358423
16.6805,76.95754333358444
16.2868,76.97419333358435
17.0365,76.99088333358429
16.4846,77.00755333358421
16.4628,77.02424333358417
16.9531,77.04091333358409
17.6624,77.05759333358425
15.3802,77.07423333358439
17.006,77.09094333358435
17.1283,77.10759333358426
16.207,77.12423333358439
16.8496,77.14092333358433
16.8453,77.15759333358426
16.8933,77.17429333358444
16.6719,77.19099333358463
16.6719,77.20768333358457
17.1611,77.22438333358475
16.3791,77.24109333358473
17.0333,77.25778333358467
16.7071,77.27448333358485
17.291,77.29116333358502
17.0746,77.3078633335852
16.2172,77.32453333358514
17.2022,77.34122333358508
16.1583,77.35788333358522
16.5923,77.37455333358515
16.9907,77.3912433335851
16.4605,77.40791333358501
15.4601,77.42458333358495
16.5954,77.44126333358511
16.2415,77.45794333358528
16.9308,77.47462333358546
17.2451,77.49134333358565
17.1235,77.5080333335856
16.7977,77.52470333358552
17.2925,77.54141333358548
16.2538,77.5580633335854
16.8406,77.57472333358554
16.4084,77.59136333358568
16.7547,77.6080033335858
15.3942,77.62469333358575
16.3424,77.64134333358565
17.6509,77.65802333358582
16.1252,77.67466333358595
16.7869,77.69137333358591
16.6158,77.70802333358583
16.4344,77.72470333358599
16.7716,77.74138333358616
16.7968,77.75809333358612
17.021,77.77480333358608
16.9244,77.79152333358628
16.5598,77.80821333358622
16.2543,77.82485333358636
16.5464,77.84152333358628
16.8849,77.85819333358621
16.8283,77.8748933335864
16.3646,77.89157333358656
17.3517,77.90828333358652
16.2051,77.92495333358646
16.563,77.9416133335866
16.7088,77.9582433335865
16.4314,77.97491333358641
16.9133,77.9916133335866
16.7855,78.00832333358656
16.7671,78.02502333358676
16.6334,78.0417133335867
17.7015,78.05839333358686
15.8796,78.07504333358678
16.7584,78.09173333358672
16.6537,78.10841333358688
16.2966,78.12512333358684
16.6788,78.1418333335868
16.4686,78.15851333358698
16.6921,78.17517333358713
17.0922,78.19186333358707
16.3244,78.20851333358698
17.4356,78.22522333358694
16.4654,78.24191333358688
16.8588,78.25857333358704
16.6659,78.2752533335872
16.5378,78.29189333358732
17.1573,78.30856333358726
16.4764,78.3252233335874
16.7017,78.34192333358759
16.2613,78.35856333358772
16.6801,78.37523333358764
17.009,78.39190333358758
16.5825,78.40859333358752
16.5825,78.42527333358768
17.3219,78.4419433335876
17.5595,78.45863333358756
15.5936,78.4752933335877
16.558,78.49197333358786
17.0071,78.50865333358804
16.4848,78.52535333358823
15.7845,78.54204333358817
16.8982,78.55873333358811
16.421,78.57539333358827
16.4364,78.59206333358819
17.2729,78.60877333358815
16.5068,78.62544333358808
17.5009,78.64212333358824
16.2562,78.65880333358841
16.9807,78.67548333358857
16.6037,78.69213333358849
18.3392,78.70884333358845
16.3279,78.72549333358836
16.7689,78.74220333358832
16.7737,78.75891333358828
16.8407,78.77560333358822
16.3506,78.79229333358816
16.8784,78.80900333358814
16.8992,78.8256833335883
16.4082,78.84236333358847
16.3897,78.85904333358863
17.0208,78.87571333358856
16.3629,78.89239333358873
16.9969,78.90906333358865
16.3499,78.92571333358856
17.0243,78.94238333358848
16.2774,78.95907333358844
14.6723,78.97572333358833
16.9078,78.99244333358854
16.8968,79.0091233335887
16.4428,79.02584333358891
16.1428,79.04249333358882
17.8591,79.05916333358874
15.761,79.0758233335889
17.0336,79.09253333358886
16.4834,79.10918333358876
16.682,79.12584333358892
16.906,79.1425433335891
16.5272,79.159193333589
17.3597,79.17587333358918
16.1975,79.1925133335893
17.0311,79.20922333358926
16.6182,79.2259133335892
16.9048,79.2426133335894
16.2098,79.25925333358953
16.9489,79.27592333358945
16.7907,79.29263333358942
16.2488,79.30928333358932
17.1521,79.3259833335895
16.7423,79.34267333358946
16.6109,79.35939333358967
17.0755,79.3760833335896
16.6074,79.39279333358957
16.641,79.40945333358971
16.6977,79.42616333358967
16.4557,79.44285333358962
16.9311,79.45954333358956
16.6601,79.47626333358977
16.3952,79.4929033335899
16.9662,79.50954333359003
16.4221,79.52618333359015
17.1547,79.54286333359033
16.7104,79.55953333359025
16.3519,79.57622333359019
17.4688,79.59292333359039
15.1375,79.60960333359056
17.0585,79.6262633335907
16.5347,79.64291333359061
17.91,79.6596133335908
16.5105,79.67629333359096
16.954,79.69301333359117
16.2977,79.70966333359107
17.144,79.72632333359122
16.3575,79.74300333359139
16.5004,79.75964333359153
16.6703,79.77631333359145
16.9429,79.79297333359159
16.5683,79.80964333359152
14.9828,79.82630333359167
16.7263,79.84299333359161
17.7488,79.85966333359154
16.368,79.87635333359148
16.3906,79.89302333359142
17.0471,79.90973333359138
16.4453,79.92641333359154
17.7813,79.94310333359148
16.2839,79.95977333359141
16.1829,79.97648333359137
17.0065,79.99316333359154
15.8384,80.00986333359172
16.8246,80.02650333359186
17.1766,80.04320333359205
17.5788,80.05989333359199
15.7261,80.0765633335919
16.5947,80.09325333359186
17.0605,80.10996333359182
16.0179,80.126663333592
16.8245,80.1433133335919
16.663,80.15999333359208
17.202,80.176663333592
16.6467,80.19336333359219
16.2584,80.21000333359233
16.8713,80.22669333359227
16.7889,80.24334333359218
16.836,80.2600133335921
16.62,80.27665333359222
17.0062,80.29335333359242
16.7716,80.31006333359238
16.1003,80.32674333359255
16.9397,80.34341333359247
16.189,80.36007333359262
17.9959,80.37677333359281
16.5145,80.39346333359275
17.2353,80.41017333359271
16.3255,80.42685333359287
16.5851,80.44354333359283
16.6804,80.46022333359299
16.5869,80.47688333359314
16.7242,80.49356333359331
16.4914,80.51023333359323
16.6189,80.52692333359317
17.0402,80.54358333359333
16.8887,80.5602633335935
16.073,80.5769133335934
17.0866,80.59360333359335
