5.03963791765273,16.9679,5.05664631724358,15.1797,0.0,16.9679,1.0,-32.00443,0.564133,24.0479,1.0
5.03963791765273,15.8704,5.07268781773746,17.6146,0.0,16.41915,1.0,-3.262833,0.025366,19.6425,1.0
5.05664631724358,17.2515,5.08920201845467,15.2838,1.0,16.6966,1.0,12.33237,-0.032201,24.205,1.0
5.07268781773746,16.445,5.10586351901293,17.709,1.0,16.6337,1.0,14.63543,0.023632,22.2368,1.0
5.08920201845467,16.687,5.12249141931534,15.2982,1.0,16.64436,1.0,16.3036,-0.020135,23.4956,1.0
5.10586351901293,16.6277,5.14046691916883,17.8753,1.0,16.64158,1.0,16.38187,-0.017702,22.1015,1.0
5.12249141931534,16.769,5.1555636189878,16.643,1.0,16.65978,1.0,16.26753,-0.107969,23.363,1.0
5.14046691916883,16.4233,5.17318631894886,17.5223,1.0,16.63022,1.0,16.3522,-0.042936,23.2374,1.0
5.1555636189878,17.6586,5.18914281949401,14.5949,1.0,16.74449,1.0,16.22817,0.070097,24.3352,1.0
5.17318631894886,15.7237,5.20671132020652,18.8843,1.0,16.64241,1.0,16.49804,0.63743,21.2712,1.0
5.18914281949401,17.6788,5.22296272031963,15.9627,1.0,16.73663,1.0,16.3527,0.053163,24.4373,1.0
5.20671132020652,16.3093,5.24069241993129,18.3769,1.0,16.70102,1.0,16.25377,-0.035467,22.7202,1.0
5.22296272031963,15.03,5.25492001976818,15.6553,1.0,16.57248,1.0,15.34694,-0.386234,24.7894,1.0
5.25492001976818,19.3297,5.27312241960317,15.217,1.0,16.76942,1.0,-56.0311,-0.360501,25.4147,1.0
5.25492001976818,15.8725,5.28932901937515,17.2338,0.0,16.70963,1.0,4.362267,-0.574068,21.3024,1.0
5.27312241960317,16.2403,5.30589741934091,16.8951,1.0,16.68029,1.0,9.503834,0.387465,22.6638,1.0
5.30589741934091,18.4928,5.32257142011076,16.1066,1.0,16.78691,1.0,9.357601,-0.678002,23.3182,1.0
5.30589741934091,14.5919,5.33907782007009,15.5626,0.0,16.66497,1.0,9.643368,-0.996069,20.9307,1.0
5.32257142011076,16.4497,5.35645572002977,18.3781,1.0,16.65364,1.0,10.09713,-0.413636,21.9061,1.0
5.33907782007009,17.4094,5.37233151961118,14.7248,1.0,16.69143,1.0,10.3586,0.701897,23.8349,1.0
5.35645572002977,15.8139,5.38927031960338,18.0995,1.0,16.64964,1.0,9.904169,-0.25857,21.1503,1.0
5.37233151961118,17.2068,5.4060425190255,16.989,1.0,16.67496,1.0,9.974236,0.553063,23.4361,1.0
5.38927031960338,16.7543,5.42320921923965,17.3256,1.0,16.67841,1.0,9.737603,-0.398604,23.2186,1.0
5.4060425190255,16.1075,5.43924201931804,15.7398,1.0,16.65462,1.0,8.14707,-0.786271,23.7902,1.0
5.42320921923965,16.8831,5.45584971923381,16.5844,1.0,16.66376,1.0,11.00474,-0.467238,23.4226,1.0
5.43924201931804,16.6112,5.47300051990896,17.2179,1.0,16.66174,1.0,9.000004,-0.759105,23.1241,1.0
5.45584971923381,16.6694,5.48879221919924,16.1741,1.0,16.66203,1.0,9.676071,-0.515572,23.7308,1.0
5.47300051990896,15.1042,5.50579031836241,16.4379,1.0,16.60639,1.0,10.30824,-0.830239,23.2361,1.0
5.48879221919924,18.1909,5.52329681906849,17.8037,1.0,16.66103,1.0,9.792905,0.168194,24.5699,1.0
5.50579031836241,17.4631,5.53960231970996,14.812,1.0,16.68776,1.0,10.66597,-0.417373,24.1819,1.0
5.52329681906849,16.3077,5.5560620194301,17.604,1.0,16.6755,1.0,9.879739,0.15856,21.5319,1.0
5.53960231970996,16.5524,5.57273671869189,17.0132,1.0,16.67166,1.0,10.29501,-0.210107,22.8288,1.0
5.5560620194301,16.5972,5.58921211864799,15.4744,1.0,16.6694,1.0,9.354873,-0.144174,23.2887,1.0
5.57273671869189,16.4482,5.60618291888386,17.7664,1.0,16.66289,1.0,9.71204,-0.792841,22.1641,1.0
5.58921211864799,17.2012,5.62306741904467,17.1364,1.0,16.67827,1.0,8.833307,-0.575008,23.4882,1.0
5.62306741904467,16.9283,5.63937881868333,15.9308,1.0,16.68522,1.0,9.603074,0.532625,23.4242,1.0
5.62306741904467,16.0935,5.65618181880563,16.9453,0.0,16.66923,1.0,9.836741,0.656358,22.4269,1.0
5.63937881868333,16.7696,5.67293341923505,15.6733,1.0,16.67187,1.0,11.24171,-0.726809,23.278,1.0
5.65618181880563,16.7464,5.68998811859637,18.0433,1.0,16.67378,1.0,10.31647,-0.178776,22.1826,1.0
5.67293341923505,17.0641,5.70587061811239,14.821,1.0,16.68354,1.0,9.015342,-0.541743,23.4799,1.0
5.68998811859637,15.8279,5.72307741735131,18.3596,1.0,16.66267,1.0,8.856709,0.56019,21.2372,1.0
5.70587061811239,17.4738,5.73972441721708,16.9456,1.0,16.68198,1.0,10.06898,-0.186477,23.7693,1.0
5.72307741735131,16.639,5.75629671756178,16.3792,1.0,16.68098,1.0,9.398243,-0.117844,23.241,1.0
5.73972441721708,16.0418,5.77325191814452,16.7359,1.0,16.66645,1.0,9.02581,0.137189,22.9816,1.0
5.75629671756178,17.2815,5.78938671853393,15.0137,1.0,16.68012,1.0,8.862077,-0.328678,23.676,1.0
5.77325191814452,16.1212,5.80650921817869,18.2055,1.0,16.66797,1.0,9.541344,1.580755,21.4079,1.0
5.78938671853393,17.2263,5.82322541903704,15.5156,1.0,16.67985,1.0,10.88431,-0.644912,23.4932,1.0
5.80650921817869,16.5728,5.83983501885086,17.9896,1.0,16.67762,1.0,9.061678,0.788421,21.7827,1.0
5.82322541903704,16.7844,5.85624051932245,16.7448,1.0,16.6798,1.0,9.084245,0.192454,23.2,1.0
5.83983501885086,16.4196,5.87323381844908,15.3493,1.0,16.6746,1.0,9.255212,-0.065613,23.1601,1.0
5.85624051932245,16.8421,5.89210341777653,18.9101,1.0,16.67788,1.0,10.16938,0.67742,22.0899,1.0
5.87323381844908,16.6644,5.90629351790994,15.3176,1.0,16.67762,1.0,8.227546,-0.615847,24.1586,1.0
5.89210341777653,16.6409,5.92341501731426,17.3339,1.0,16.67693,1.0,9.701513,-0.143814,22.8036,1.0
5.90629351790994,16.8914,5.93935531657189,15.3687,1.0,16.6809,1.0,9.30638,-1.170981,23.5056,1.0
5.92341501731426,16.014,5.95652841683477,17.6486,1.0,16.66877,1.0,8.994547,0.252752,21.9823,1.0
5.93935531657189,17.1273,5.97295401711017,15.2035,1.0,16.67696,1.0,10.30921,0.807685,23.6171,1.0
5.95652841683477,16.3698,5.99046491738409,18.5082,1.0,16.67157,1.0,9.622581,-1.250482,21.6938,1.0
5.97295401711017,17.1809,6.00670571718365,15.1353,1.0,16.68036,1.0,9.361148,-0.443049,23.8326,1.0
5.99046491738409,16.5492,6.0234061172232,17.9423,1.0,16.67813,1.0,9.388615,-0.684716,21.7877,1.0
6.00670571718365,16.8701,6.03937111701816,16.2288,1.0,16.68133,1.0,8.934682,0.774517,23.1632,1.0
6.0234061172232,15.9755,6.05651091691107,15.6772,1.0,16.66976,1.0,8.972649,-0.78415,22.54,1.0
6.03937111701816,16.9705,6.07348011713475,18.2755,1.0,16.67461,1.0,9.085016,0.422883,22.2425,1.0
6.05651091691107,17.1964,6.08964111749083,16.2539,1.0,16.68289,1.0,9.131583,0.552616,23.5474,1.0
6.08964111749083,17.7111,6.10677131731063,17.0669,1.0,16.69896,1.0,8.89725,-1.087851,22.6054,1.0
6.08964111749083,15.3967,6.12332661729306,15.7082,0.0,16.67892,1.0,10.67272,0.427082,21.9603,1.0
6.10677131731063,16.513,6.14047851692885,18.0332,1.0,16.67641,1.0,7.956884,0.332615,22.2689,1.0
6.12332661729306,16.9816,6.15657721739262,14.8574,1.0,16.68097,1.0,8.821051,-0.377852,23.7961,1.0
6.14047851692885,16.2605,6.17349281813949,18.1683,1.0,16.67478,1.0,10.57422,-0.277719,21.674,1.0
6.15657721739262,16.8953,6.19055141787976,15.6469,1.0,16.67798,1.0,9.360385,0.832314,23.5816,1.0
6.17349281813949,16.6425,6.20702571701258,17.872,1.0,16.67747,1.0,8.814252,0.195647,22.3337,1.0
6.19055141787976,16.9872,6.22327111754566,14.7963,1.0,16.68183,1.0,9.409119,-0.05002,23.5635,1.0
6.20702571701258,16.2199,6.24010701756924,17.9186,1.0,16.67542,1.0,9.003586,-0.203787,21.3706,1.0
6.22327111754566,17.0305,6.25677271839231,16.9784,1.0,16.68028,1.0,8.651253,0.106346,23.0718,1.0
6.24010701756924,16.5165,6.27361401822418,16.7965,1.0,16.67807,1.0,10.70742,-0.300921,23.0196,1.0
6.25677271839231,16.7915,6.29141001868993,16.7593,1.0,16.67958,1.0,9.822287,0.382712,23.2986,1.0
6.27361401822418,17.8482,6.30696351826191,16.9156,1.0,16.69496,1.0,9.619154,-0.306255,23.2676,1.0
6.29141001868993,15.5744,6.32332671806216,14.8704,1.0,16.6804,1.0,9.294521,-0.452122,22.3349,1.0
6.30696351826191,16.2761,6.34177211858332,18.4348,1.0,16.67522,1.0,9.515088,-0.493289,21.6314,1.0
6.32332671806216,16.7225,6.35676951892674,16.0309,1.0,16.67582,1.0,8.839555,0.543244,23.7911,1.0
6.34177211858332,16.8529,6.37373241968453,17.1993,1.0,16.67803,1.0,10.18712,0.158777,23.1001,1.0
6.35676951892674,16.273,6.38998012058437,14.9908,1.0,16.67303,1.0,9.789289,0.56901,23.4461,1.0
6.37373241968453,16.8047,6.40677462145686,17.7328,1.0,16.67464,1.0,11.26116,0.301343,22.1642,1.0
6.38998012058437,16.7908,6.42326162196696,15.639,1.0,16.67604,1.0,9.046923,-0.540224,23.0926,1.0
6.40677462145686,16.4262,6.4421149212867,18.7459,1.0,16.67306,1.0,9.57489,0.342709,21.9412,1.0
6.42326162196696,17.1308,6.45632442086935,15.2525,1.0,16.67845,1.0,9.122657,0.546242,24.2611,1.0
6.4421149212867,16.1073,6.47360412031412,17.1542,1.0,16.67181,1.0,9.155924,0.181875,22.3829,1.0
6.45632442086935,17.1777,6.4898725207895,15.4178,1.0,16.67762,1.0,11.46789,0.526408,23.4298,1.0
6.47360412031412,16.2445,6.50784042105079,18.9587,1.0,16.6727,1.0,8.897158,-0.837559,21.6696,1.0
6.4898725207895,17.2146,6.52408042177558,16.4653,1.0,16.67879,1.0,8.543225,-0.796926,24.3843,1.0
6.50784042105079,17.0201,6.54024442099035,14.7886,1.0,16.68258,1.0,9.501892,-0.627193,23.6357,1.0
6.52408042177558,16.0203,6.55732692033052,18.2741,1.0,16.6753,1.0,8.895859,1.11174,21.4037,1.0
6.54024442099035,17.1924,6.57387541979551,15.3966,1.0,16.68093,1.0,8.337026,0.423173,23.6586,1.0
6.55732692033052,16.6997,6.59094861894846,18.548,1.0,16.68113,1.0,10.66019,0.362506,21.8631,1.0
6.57387541979551,17.0144,6.60802791826427,17.2523,1.0,16.68467,1.0,9.10276,1.212239,23.7107,1.0
6.59094861894846,17.1687,6.62406411767006,15.85,1.0,16.68977,1.0,7.986927,-0.403828,23.9493,1.0
6.60802791826427,15.8803,6.64046851731837,15.1149,1.0,16.68134,1.0,9.165994,0.305005,22.631,1.0
6.62406411767006,16.2085,6.65702881664038,17.9739,1.0,16.67646,1.0,9.320361,0.329038,21.8655,1.0
6.65702881664038,17.004,6.67411011643708,17.0047,1.0,16.6798,1.0,8.080728,0.068671,23.6318,1.0
6.65702881664038,16.7923,6.6905710157007,14.9274,0.0,16.68094,1.0,10.33949,-0.852796,23.6326,1.0
6.67411011643708,16.4605,6.70732721500099,17.6483,1.0,16.67874,1.0,9.522662,0.055137,21.767,1.0
6.6905710157007,17.0097,6.72444231435657,17.6952,1.0,16.68201,1.0,8.744529,0.15097,22.956,1.0
6.70732721500099,16.276,6.74075701460242,16.0329,1.0,16.67803,1.0,9.812396,0.370403,23.6419,1.0
6.72444231435657,16.9608,6.75744021497667,15.5192,1.0,16.68078,1.0,10.18396,-0.171164,23.3991,1.0
6.74075701460242,16.6531,6.77379941567779,17.5882,1.0,16.68051,1.0,9.36803,-0.630731,21.9334,1.0
6.75744021497667,16.6009,6.7907909154892,16.8835,1.0,16.67975,1.0,9.276497,-0.547198,22.8935,1.0
6.77379941567779,16.776,6.80731441639364,15.3438,1.0,16.68066,1.0,9.294364,-0.723765,23.1762,1.0
6.7907909154892,16.4929,6.82395221665502,18.1866,1.0,16.67891,1.0,9.317731,0.025568,21.7431,1.0
6.80731441639364,16.6261,6.84106201678514,15.7418,1.0,16.67842,1.0,6.797098,-1.175099,23.4382,1.0
6.82395221665502,17.1708,6.85776551626623,17.8161,1.0,16.68293,1.0,9.948865,0.319134,22.5538,1.0
6.84106201678514,16.8613,6.87365321628749,16.4923,1.0,16.68456,1.0,8.764032,0.542067,23.199,1.0
6.85776551626623,15.9388,6.8903881162405,15.9913,1.0,16.67784,1.0,8.975599,-1.5748,22.8306,1.0
6.87365321628749,16.7239,6.90764561668038,17.052,1.0,16.67825,1.0,9.100766,0.130033,22.8829,1.0
6.8903881162405,17.048,6.9240705166012,15.5081,1.0,16.68152,1.0,8.917433,0.815466,23.2116,1.0
6.90764561668038,16.4492,6.94112001731992,18.1028,1.0,16.67948,1.0,8.9657,0.636099,21.6718,1.0
6.9240705166012,17.0693,6.95738321729004,15.1472,1.0,16.68287,1.0,9.600867,-0.602668,23.2998,1.0
6.94112001731992,16.2042,6.9754204172641,18.1414,1.0,16.67875,1.0,10.66793,0.540465,21.4003,1.0
6.95738321729004,16.9167,6.98979801684618,15.974,1.0,16.68078,1.0,8.670901,-1.599702,23.3402,1.0
6.9754204172641,15.7419,7.00733541697264,17.264,1.0,16.67282,1.0,8.828368,-0.632869,22.3989,1.0
6.98979801684618,17.2609,7.02395311743021,16.5978,1.0,16.67776,1.0,8.667235,0.462664,23.9213,1.0
7.00733541697264,16.6445,7.04092721827328,15.7466,1.0,16.67749,1.0,8.945502,0.575997,23.2588,1.0
7.02395311743021,16.9856,7.05768831819296,18.1119,1.0,16.68003,1.0,10.74837,-1.22647,22.3601,1.0
7.04092721827328,16.7753,7.07496921904385,17.2692,1.0,16.68081,1.0,9.024136,0.249163,23.4873,1.0
7.05768831819296,16.2351,7.09092801995575,14.5774,1.0,16.67719,1.0,9.146503,0.412396,23.9817,1.0
7.07496921904385,16.9592,7.10887452028692,19.5428,1.0,16.67946,1.0,8.79057,0.476229,22.3237,1.0
7.09092801995575,17.0573,7.12465891987085,15.4999,1.0,16.68249,1.0,9.174737,0.435562,24.9074,1.0
7.10887452028692,15.5058,7.14065801911056,14.6606,1.0,16.67315,1.0,8.795104,1.096095,23.3503,1.0
7.12465891987085,17.1415,7.15765111893415,18.3461,1.0,16.67684,1.0,9.003071,1.227328,22.5054,1.0
7.14065801911056,17.254,7.17394261807203,16.3949,1.0,16.68135,1.0,9.295938,0.101461,23.7056,1.0
7.17394261807203,16.3223,7.19054461829364,16.3354,1.0,16.67856,1.0,8.464005,0.654494,22.8411,1.0
7.17394261807203,16.2024,7.20768041908741,17.3677,0.0,16.6749,1.0,8.406172,-0.638073,22.8622,1.0
7.19054461829364,17.3017,7.22433881834149,15.3272,1.0,16.67968,1.0,7.991839,0.13516,24.0344,1.0
7.20768041908741,16.5567,7.24095471762121,17.857,1.0,16.67875,1.0,10.37321,-0.124407,22.0602,1.0
7.22433881834149,16.8529,7.25748751685023,16.5316,1.0,16.68006,1.0,7.519573,-0.003174,23.3606,1.0
7.24095471762121,16.4134,7.27448961697519,16.6207,1.0,16.67807,1.0,8.51554,0.005159,23.0391,1.0
7.25748751685023,16.937,7.29165471717715,16.1043,1.0,16.67999,1.0,10.53641,0.205392,23.2451,1.0
7.27448961697519,17.1287,7.30875251628458,18.4415,1.0,16.68329,1.0,9.569974,0.057325,22.414,1.0
7.29165471717715,17.3898,7.32439981587231,15.9902,1.0,16.68845,1.0,7.915741,-0.940742,23.7267,1.0
7.30875251628458,15.3557,7.34087201580405,14.9573,1.0,16.67879,1.0,9.525808,0.264291,22.3285,1.0
7.32439981587231,16.5669,7.35854751616716,18.8691,1.0,16.67798,1.0,9.351075,-1.193676,21.9299,1.0
7.34087201580405,17.4719,7.37389141600579,14.1186,1.0,16.68365,1.0,10.51814,0.659557,24.2318,1.0
7.35854751616716,15.6709,7.39098261576146,18.6095,1.0,16.67647,1.0,8.939109,-0.07141,20.879,1.0
7.37389141600579,17.0751,7.40761101525277,16.8215,1.0,16.67928,1.0,8.821876,0.356123,23.8186,1.0
7.39098261576146,16.6498,7.42426111456007,15.3452,1.0,16.67907,1.0,9.157943,1.105856,23.5647,1.0
7.40761101525277,16.4554,7.44110351521522,18.0704,1.0,16.67752,1.0,8.76221,-0.578511,22.2602,1.0
7.42426111456007,17.1127,7.45765871461481,16.3734,1.0,16.68052,1.0,10.53918,-0.716778,23.8751,1.0
7.44110351521522,16.4446,7.47419671434909,16.5203,1.0,16.67891,1.0,7.095644,0.655155,23.1372,1.0
7.45765871461481,16.4186,7.49124851357192,17.1308,1.0,16.67713,1.0,8.397311,-0.911812,23.1963,1.0
7.47419671434909,17.0317,7.50758941378444,14.9165,1.0,16.67953,1.0,8.389978,-0.308879,23.9248,1.0
7.49124851357192,16.3576,7.52568921353668,19.7377,1.0,16.67737,1.0,10.23814,-1.017946,21.8108,1.0
7.50758941378444,18.2505,7.54133351426572,13.9372,1.0,16.68786,1.0,7.222112,0.384187,25.1904,1.0
7.52568921353668,15.1063,7.55834481399506,18.2461,1.0,16.67738,1.0,9.953579,0.04532,20.8779,1.0
7.54133351426572,17.488,7.57436801400036,14.6925,1.0,16.68272,1.0,9.493646,0.443953,24.0184,1.0
7.55834481399506,15.9446,7.59089651424438,17.7802,1.0,16.67789,1.0,8.944213,0.079386,21.2224,1.0
7.57436801400036,16.6622,7.6080735148862,17.3009,1.0,16.67779,1.0,8.84468,0.323019,23.0577,1.0
7.59089651424438,16.6681,7.6247274139896,15.3618,1.0,16.67773,1.0,9.458047,0.833752,23.6963,1.0
7.6080735148862,16.266,7.64113661367446,17.7504,1.0,16.67509,1.0,8.975614,0.401685,22.3916,1.0
7.6247274139896,17.3744,7.65758471284062,16.315,1.0,16.67954,1.0,9.347981,-0.090682,23.8761,1.0
7.64113661367446,16.4719,7.67481831368059,17.7625,1.0,16.67823,1.0,9.089748,0.561351,22.8171,1.0
7.65758471284062,16.9207,7.69146261457354,15.2341,1.0,16.67975,1.0,8.356015,-1.088416,24.1076,1.0
7.67481831368059,16.6055,7.70779591519386,17.361,1.0,16.67929,1.0,10.11238,-0.819083,22.4207,1.0
7.70779591519386,16.7026,7.72507681604475,17.1631,1.0,16.67943,1.0,8.202149,-1.11595,23.1767,1.0
7.70779591519386,17.2022,7.74153831694275,15.1699,0.0,16.68266,1.0,7.982616,0.145183,23.6374,1.0
7.72507681604475,16.3074,7.75815901625901,18.106,1.0,16.68036,1.0,7.862383,0.773316,21.6053,1.0
7.74153831694275,16.8373,7.77473701629788,16.8635,1.0,16.68131,1.0,6.94725,0.233249,23.4037,1.0
7.75815901625901,16.5882,7.7909964164719,15.7955,1.0,16.68075,1.0,10.76692,-0.709018,23.4302,1.0
7.77473701629788,16.0493,7.80829651560634,17.4862,1.0,16.67695,1.0,7.561284,0.278915,22.6382,1.0
7.7909964164719,17.2905,7.82466411497444,15.2572,1.0,16.68062,1.0,8.267951,0.420648,24.0756,1.0
7.80829651560634,16.4648,7.84158821497113,18.1747,1.0,16.67934,1.0,10.35442,0.317281,22.0426,1.0
7.82466411497444,16.8562,7.85818771552294,15.133,1.0,16.68038,1.0,7.317985,0.339614,23.753,1.0
7.84158821497113,16.5276,7.87555251549929,19.2825,1.0,16.67948,1.0,9.364952,-1.267953,22.0271,1.0
7.85818771552294,16.4199,7.89172751549631,15.7698,1.0,16.67797,1.0,9.290719,-0.97992,24.7833,1.0
7.87555251549929,17.2505,7.90834091510624,16.6358,1.0,16.6813,1.0,10.14319,-0.497787,24.135,1.0
7.89172751549631,16.6239,7.92469461541623,14.9923,1.0,16.68096,1.0,8.928953,0.506046,23.5034,1.0
7.90834091510624,16.2098,7.94201511610299,20.4857,1.0,16.67826,1.0,9.36862,0.155479,21.8727,1.0
7.94201511610299,22.1706,7.95790561567992,12.5845,1.0,16.70964,1.0,9.315887,0.310512,26.165,1.0
7.94201511610299,11.0123,7.97567061614245,17.8091,0.0,16.67727,1.0,9.206054,0.088045,16.5799,1.0
7.95790561567992,16.8628,7.9931971160695,19.571,1.0,16.67832,1.0,10.22202,0.123578,23.3765,1.0
7.9931971160695,31.6451,8.00771441590041,13.7228,1.0,16.7624,0.0,9.349288,-0.587889,26.0687,1.0
8.00771441590041,13.1383,8.02482591662556,15.7433,0.0,16.74215,0.0,9.123355,0.574544,8.1639,1.0
8.02482591662556,13.2647,8.04156491626054,18.1041,0.0,16.72284,0.0,9.409822,0.517577,10.7688,1.0
8.02482591662556,8.3872,8.05737641546875,15.7791,0.0,16.67678,1.0,9.607689,-0.59849,15.6088,1.0
8.04156491626054,16.2611,8.07488571573049,17.439,1.0,16.6745,1.0,9.306156,0.472243,23.0009,1.0
8.05737641546875,17.439,8.09097551647574,15.034,1.0,16.67867,1.0,10.10062,1.159476,24.1776,1.0
8.07488571573049,16.0987,8.10800891648978,17.932,1.0,16.67552,1.0,7.91429,-0.770991,21.7727,1.0
8.09097551647574,17.0905,8.12500781659037,15.6652,1.0,16.67777,1.0,10.20146,-0.159558,23.5981,1.0
8.10800891648978,16.337,8.14158521685749,17.868,1.0,16.67593,1.0,9.039424,0.482775,22.1811,1.0
8.12500781659037,17.2309,8.15772071760148,14.9393,1.0,16.6789,1.0,8.524091,0.734208,23.7139,1.0
8.14158521685749,16.1379,8.17570701707155,19.3315,1.0,16.67602,1.0,10.36036,0.630941,21.4228,1.0
8.15772071760148,18.0946,8.19174991641194,16.2831,1.0,16.68353,1.0,8.771125,-0.635626,24.614,1.0
8.17570701707155,15.1874,8.20798241626471,15.7238,1.0,16.67566,1.0,9.046692,-0.559193,22.8057,1.0
8.19174991641194,16.869,8.22543721552938,16.474,1.0,16.67667,1.0,9.225459,0.55034,23.3433,1.0
8.20798241626471,16.9844,8.24148451630026,17.515,1.0,16.67827,1.0,8.933326,0.573173,22.949,1.0
8.22543721552938,16.8028,8.25826231669635,16.7227,1.0,16.67892,1.0,8.585993,0.500206,23.4793,1.0
8.24148451630026,16.5824,8.27470841724426,15.0674,1.0,16.67842,1.0,8.18546,-1.080461,23.3997,1.0
8.25826231669635,16.442,8.29176111798733,18.2655,1.0,16.67721,1.0,8.525927,0.460772,21.885,1.0
8.27470841724426,17.2858,8.30847061891109,16.4895,1.0,16.68031,1.0,10.23929,0.663705,23.7074,1.0
8.30847061891109,18.1242,8.32521911803633,16.6203,1.0,16.68764,1.0,8.985161,-0.970962,22.9126,1.0
8.30847061891109,15.0236,8.34209621790797,16.9054,0.0,16.67924,1.0,9.383228,0.915571,21.4089,1.0
8.32521911803633,16.9584,8.35844541806728,15.2154,1.0,16.68064,1.0,9.242595,-0.705496,23.2906,1.0
8.34209621790797,16.5209,8.37538151722401,18.6266,1.0,16.67984,1.0,8.856162,-0.235263,21.5471,1.0
8.35844541806728,16.3945,8.39185711648315,15.034,1.0,16.67842,1.0,10.34323,-1.07083,23.6542,1.0
8.37538151722401,16.1489,8.40961201582104,17.9316,1.0,16.6758,1.0,8.612596,0.071503,22.2937,1.0
8.39185711648315,16.9982,8.42454911582172,16.3737,1.0,16.67739,1.0,8.747363,0.886736,24.0772,1.0
8.40961201582104,16.3409,8.44146541506052,16.1103,1.0,16.67574,1.0,8.48833,0.410769,23.4516,1.0
8.42454911582172,16.9861,8.45861751586199,17.4718,1.0,16.67725,1.0,9.277797,-0.594698,23.2019,1.0
8.44146541506052,17.1386,8.47576421499252,15.8429,1.0,16.67949,1.0,8.387664,-0.943165,23.7059,1.0
8.45861751586199,16.2514,8.49234211444855,17.499,1.0,16.67742,1.0,8.884631,0.135268,22.4104,1.0
8.47576421499252,17.6548,8.50823031365871,16.2192,1.0,16.68212,1.0,10.3603,-0.174799,23.6595,1.0
8.49234211444855,15.714,8.52485151402652,16.5338,1.0,16.67749,1.0,8.868365,-0.471666,22.2245,1.0
8.50823031365871,16.5943,8.54362851381302,17.6904,1.0,16.67709,1.0,8.932032,-0.174733,23.0243,1.0
8.52485151402652,14.4474,8.55783461406827,15.5782,1.0,16.66653,1.0,8.679399,0.3664,24.1396,1.0
8.55783461406827,18.7839,8.57521951384842,17.1868,1.0,16.67651,1.0,7.739866,-0.154267,25.2715,1.0
8.55783461406827,17.153,8.5919614136219,15.6599,0.0,16.67875,1.0,11.19973,-0.906434,23.675,1.0
8.57521951384842,16.7337,8.61021041311324,18.2113,1.0,16.67901,1.0,8.2411,-1.277001,22.1783,1.0
8.5919614136219,17.0369,8.62499841302633,15.8386,1.0,16.68067,1.0,7.533867,-0.290168,23.66,1.0
8.61021041311324,15.9673,8.64231951348484,17.351,1.0,16.67737,1.0,8.641634,-0.307135,22.4619,1.0
8.62499841302633,17.3024,8.65872061438859,15.1214,1.0,16.68025,1.0,8.937701,1.407798,23.8459,1.0
8.64231951348484,16.4338,8.67556171491742,18.4023,1.0,16.67912,1.0,9.257068,-0.397469,21.6651,1.0
8.65872061438859,16.6286,8.69162121415138,14.5423,1.0,16.67889,1.0,8.823335,-0.200236,23.6321,1.0
8.67556171491742,16.2686,8.70841571502388,18.2551,1.0,16.67702,1.0,10.0082,0.613197,21.5477,1.0
8.69162121415138,17.0147,8.72633611410856,17.9479,1.0,16.67855,1.0,8.470969,-1.09807,23.5347,1.0
8.70841571502388,16.475,8.74150651413947,15.1398,1.0,16.67764,1.0,8.577436,0.951663,24.4681,1.0
8.72633611410856,16.3985,8.76024421397597,18.6834,1.0,16.67638,1.0,8.701003,-0.569404,23.1334,1.0
8.74150651413947,17.6966,8.77487801387906,13.4338,1.0,16.68094,1.0,8.67777,0.019029,25.4182,1.0
8.76024421397597,15.6381,8.79251641407609,18.7709,1.0,16.6763,1.0,9.516337,0.906762,21.1555,1.0
8.77487801387906,17.7146,8.80838401429355,14.7345,1.0,16.6809,1.0,8.578004,-0.499405,24.2888,1.0
8.79251641407609,15.8099,8.8251554146409,17.5697,1.0,16.67706,1.0,11.37107,-1.162272,21.309,1.0
8.80838401429355,16.8812,8.84166151471436,15.6282,1.0,16.67796,1.0,6.620938,0.176061,23.0637,1.0
8.8251554146409,16.457,8.85865151509643,18.0873,1.0,16.67699,1.0,8.426105,-0.272506,21.8147,1.0
8.84166151471436,17.1681,8.87539801560342,16.9527,1.0,16.67913,1.0,8.594772,-1.326473,23.4448,1.0
8.85865151509643,16.561,8.89230791479349,16.8614,1.0,16.67862,1.0,8.252839,1.09786,23.2323,1.0
8.87539801560342,16.8443,8.90873921476305,15.1119,1.0,16.67933,1.0,7.594706,-0.530407,23.5277,1.0
8.89230791479349,16.4109,8.92522411420941,17.7441,1.0,16.67818,1.0,9.880673,-0.223074,21.7999,1.0
8.90873921476305,16.4193,8.94242251478136,17.0573,1.0,16.67707,1.0,9.22654,1.390659,23.1332,1.0
8.92522411420941,17.0061,8.95862641558051,15.5328,1.0,16.67847,1.0,7.181807,1.118492,23.7712,1.0
8.94242251478136,16.5103,8.97550171613693,17.6861,1.0,16.67776,1.0,9.580474,0.962225,22.2979,1.0
8.95862641558051,16.9207,8.9925929158926,15.7725,1.0,16.67878,1.0,8.592741,1.077258,23.4714,1.0
8.97550171613693,16.3398,9.00949661619961,18.1878,1.0,16.67736,1.0,8.111208,-0.088309,22.3246,1.0
8.9925929158926,17.0973,9.02566981688142,14.9036,1.0,16.67912,1.0,8.461675,0.453724,24.1746,1.0
9.00949661619961,16.6498,9.04270051605999,18.4244,1.0,16.67899,1.0,8.912242,-1.105243,21.9807,1.0
9.02566981688142,17.2358,9.05951981619,16.772,1.0,16.6813,1.0,8.225409,-0.26771,23.7565,1.0
9.04270051605999,15.9,9.07557401619852,14.8313,1.0,16.67808,1.0,8.124276,1.146123,23.2906,1.0
9.05951981619,16.7602,9.09239461645484,17.8886,1.0,16.67841,1.0,7.612643,0.023756,22.223,1.0
9.07557401619852,17.0836,9.10892501659691,16.8084,1.0,16.68007,1.0,9.38591,-0.129611,23.3532,1.0
9.09239461645484,16.3067,9.12543561682105,15.1504,1.0,16.67855,1.0,8.219077,-1.364978,23.0753,1.0
9.10892501659691,16.4365,9.1424373164773,18.0389,1.0,16.67757,1.0,9.428944,1.299055,21.9209,1.0
9.12543561682105,17.1647,9.15896141715348,16.8131,1.0,16.67954,1.0,8.187011,1.253688,23.5245,1.0
9.1424373164773,16.2903,9.17550201714039,14.9799,1.0,16.67797,1.0,7.939778,1.532221,23.1721,1.0
9.15896141715348,16.6467,9.19165201671422,18.1182,1.0,16.67784,1.0,10.23575,0.001954,21.8628,1.0
9.19165201671422,18.4398,9.20933301746845,16.8845,1.0,16.68489,1.0,7.833212,-0.387613,23.3349,1.0
9.19165201671422,15.6059,9.22573331743479,16.6558,0.0,16.68059,1.0,9.528679,-0.00768,21.779,1.0
9.20933301746845,16.2296,9.24262131750584,15.561,1.0,16.6788,1.0,8.093846,-0.047047,22.8266,1.0
9.22573331743479,16.4774,9.25937201827765,18.3355,1.0,16.67801,1.0,9.419413,-0.251014,22.16,1.0
9.24262131750584,16.8854,9.27580561861396,15.0475,1.0,16.67882,1.0,6.30248,0.095919,24.02,1.0
9.25937201827765,16.7255,9.29368691891432,17.7553,1.0,16.67901,1.0,8.037447,1.318852,22.1814,1.0
9.27580561861396,17.0631,9.30850221868604,17.879,1.0,16.68051,1.0,8.059014,-0.258915,23.2124,1.0
9.30850221868604,19.8999,9.32583631854504,15.3082,1.0,16.69303,1.0,9.197081,-0.921782,24.0276,1.0
9.30850221868604,13.1554,9.34255791921169,15.6654,0.0,16.67932,1.0,7.719548,0.571051,19.4302,1.0
9.32583631854504,16.6192,9.35903941933066,17.4968,1.0,16.67909,1.0,7.908015,-0.512016,21.9508,1.0
9.34255791921169,16.7013,9.37619541864842,17.3405,1.0,16.67917,1.0,9.625882,0.338117,22.8267,1.0
9.35903941933066,16.9749,9.39295141864568,15.5634,1.0,16.68031,1.0,9.027149,-0.12155,23.4688,1.0
9.37619541864842,16.7141,9.40928691904992,17.2825,1.0,16.68044,1.0,9.007716,0.314883,22.0553,1.0
9.39295141864568,16.2187,9.42571191955358,15.6014,1.0,16.67868,1.0,11.45088,-0.160384,22.6219,1.0
9.40928691904992,16.5135,9.44271922018379,18.0745,1.0,16.67806,1.0,9.07885,0.712349,22.009,1.0
9.42571191955358,16.9707,9.45948151964694,15.6234,1.0,16.67916,1.0,9.149217,-0.433018,23.5701,1.0
9.44271922018379,16.8366,9.47604571934789,17.5252,1.0,16.67975,1.0,8.367684,-0.144285,22.223,1.0
9.45948151964694,16.6694,9.49348731990904,17.9321,1.0,16.67971,1.0,9.103551,-0.465952,22.9101,1.0
9.47604571934789,16.4336,9.50918012019247,15.2001,1.0,16.67879,1.0,7.977018,-0.153119,24.1579,1.0
9.49348731990904,16.6048,9.52611102070659,16.2222,1.0,16.67852,1.0,10.30179,-0.196686,22.9408,1.0
9.50918012019247,16.9222,9.54195221979171,16.7881,1.0,16.67942,1.0,9.673052,-0.179753,22.5571,1.0
9.54195221979171,16.1035,9.55954231973737,17.3397,1.0,16.6773,1.0,11.29172,-1.35262,22.4236,1.0
9.54195221979171,16.7903,9.57625492010266,15.744,0.0,16.67771,1.0,7.802186,-0.340387,23.6618,1.0
9.55954231973737,17.1972,9.5932302204892,18.3987,1.0,16.67962,1.0,9.543553,0.013446,22.6158,1.0
9.57625492010266,16.3516,9.60973521973938,15.1711,1.0,16.67842,1.0,10.96502,-0.710121,23.8177,1.0
9.5932302204892,17.1461,9.62629611883312,17.7624,1.0,16.68012,1.0,9.704087,-0.328788,22.6379,1.0
9.60973521973938,16.6829,9.64259441848844,16.6171,1.0,16.68013,1.0,8.087554,-0.221755,23.2545,1.0
9.62629611883312,16.3621,9.65943981800228,15.2208,1.0,16.67898,1.0,8.808421,-0.248122,23.1825,1.0
9.64259441848844,16.6895,9.67764581833035,18.2858,1.0,16.67902,1.0,11.38239,0.330811,22.0479,1.0
9.65943981800228,17.004,9.69240171834826,15.9002,1.0,16.68018,1.0,9.669455,-0.366056,23.6424,1.0
9.67764581833035,16.0806,9.70964331924915,17.2131,1.0,16.67804,1.0,7.433422,0.279677,22.527,1.0
9.69240171834826,17.1589,9.7256885189563,15.6892,1.0,16.67975,1.0,9.157589,-0.49869,23.6736,1.0
9.70964331924915,16.0173,9.74251071922481,16.1694,1.0,16.6774,1.0,8.740456,-0.345057,22.2041,1.0
9.7256885189563,16.966,9.75963111966848,17.8775,1.0,16.67842,1.0,10.61022,0.069576,22.3563,1.0
9.74251071922481,17.0639,9.77627971954644,15.7521,1.0,16.67978,1.0,8.77989,-1.196091,23.2671,1.0
9.75963111966848,16.5516,9.7929647192359,18.0392,1.0,16.67933,1.0,9.290457,-1.153458,21.9539,1.0
9.77627971954644,16.7388,9.80913941934705,14.8074,1.0,16.67954,1.0,9.514324,-0.412925,23.4428,1.0
9.7929647192359,16.1183,9.82664971984923,18.7694,1.0,16.67758,1.0,8.841191,-0.149792,21.5104,1.0
9.80913941934705,17.5659,9.84314161911607,15.1986,1.0,16.68067,1.0,10.78316,-0.265559,24.1643,1.0
9.82664971984923,16.4383,9.86146151833236,18.2259,1.0,16.67983,1.0,9.030825,-1.552226,21.7966,1.0
9.84314161911607,16.8953,9.87591481860727,15.9792,1.0,16.68057,1.0,9.262392,0.117707,23.5859,1.0
9.86146151833236,16.1203,9.89359661843628,17.4425,1.0,16.67865,1.0,8.988359,0.22714,22.67,1.0
9.87591481860727,16.5279,9.90947881806642,15.7813,1.0,16.67813,1.0,8.916126,-0.060627,23.9925,1.0
9.89359661843628,16.819,9.9265938187018,15.9009,1.0,16.67861,1.0,11.29139,-0.154294,23.246,1.0
9.90947881806642,16.346,9.9427959183231,17.3626,1.0,16.67748,1.0,9.23336,0.158839,22.3284,1.0
9.9265938187018,16.9784,9.95960341859609,16.1299,1.0,16.6785,1.0,8.664527,0.433572,23.345,1.0
9.9427959183231,16.7699,9.97680471930653,18.0069,1.0,16.67881,1.0,8.607194,0.582672,22.4729,1.0
9.95960341859609,17.2308,9.99433491844684,17.7927,1.0,16.68067,1.0,16.25496,0.086422,23.7338,1.0
9.97680471930653,17.6435,10.0094374185428,14.7718,1.0,16.6839,1.0,16.10793,-0.074678,24.2965,1.0
9.99433491844684,14.9952,10.0269218189642,18.5017,1.0,16.67825,1.0,9.107928,-0.104478,21.4094,1.0
10.0094374185428,15.6489,10.0427895197645,15.8431,1.0,16.67482,1.0,10.34408,-0.999338,24.9296,1.0
10.0269218189642,17.5553,10.0605342192575,17.2436,1.0,16.67775,1.0,9.425278,0.256079,25.1256,1.0
10.0427895197645,16.9135,10.0766233196482,14.5825,1.0,16.67853,1.0,10.77758,-0.351106,24.8147,1.0
10.0605342192575,16.4151,10.0932872192934,18.1483,1.0,16.67766,1.0,9.706338,-1.052931,22.4842,1.0
10.0766233196482,16.6396,10.110044320114,15.1825,1.0,16.67753,1.0,11.05372,-0.101419,24.2181,1.0
10.0932872192934,17.3987,10.1267567193136,18.3312,1.0,16.6799,1.0,9.839906,0.828171,22.7612,1.0
10.110044320114,16.8801,10.1430339189246,16.4366,1.0,16.68055,1.0,9.826031,-0.956056,23.6941,1.0
10.1267567193136,16.1507,10.1596254194155,14.9024,1.0,16.67882,1.0,9.048519,-0.073272,23.249,1.0
10.1430339189246,16.5885,10.1765921199694,18.6299,1.0,16.67853,1.0,11.09533,-0.980948,22.0015,1.0
10.1596254194155,17.1986,10.1930201193318,16.1791,1.0,16.68021,1.0,8.946156,-1.019769,24.0424,1.0
10.1765921199694,16.2563,10.2096869191155,16.6321,1.0,16.67885,1.0,9.686472,-0.076395,23.0251,1.0
10.1930201193318,16.6439,10.2268552193418,15.6427,1.0,16.67873,1.0,7.884448,-1.403988,23.401,1.0
10.2096869191155,17.085,10.2437111185864,18.119,1.0,16.68004,1.0,8.975869,-0.252099,22.3985,1.0
10.2268552193418,16.3711,10.2603550190106,17.2723,1.0,16.67905,1.0,10.49109,-0.413265,23.4325,1.0
10.2437111185864,17.0255,10.2768753198907,14.8014,1.0,16.68015,1.0,9.937488,0.349699,24.3356,1.0
10.2603550190106,16.579,10.2938459189609,18.3935,1.0,16.67983,1.0,9.829899,-0.480626,22.1116,1.0
10.2768753198907,17.0605,10.3104396192357,15.5432,1.0,16.68104,1.0,10.38636,-0.241264,23.9265,1.0
10.2938459189609,16.6034,10.3278643200174,18.5077,1.0,16.68079,1.0,11.4798,-0.157127,22.4093,1.0
10.3104396192357,16.7198,10.3435259191319,14.5151,1.0,16.68091,1.0,9.792026,0.39616,24.3089,1.0
10.3278643200174,16.3266,10.3605557186529,17.9463,1.0,16.6798,1.0,11.73926,-0.263865,22.1095,1.0
10.3435259191319,17.2779,10.376760118641,16.4107,1.0,16.68167,1.0,10.31133,-0.355829,23.7278,1.0
10.3605557186529,15.3767,10.3935932191089,15.2503,1.0,16.67761,1.0,10.00144,0.182129,22.8443,1.0
10.376760118641,17.3844,10.4112954186276,17.7,1.0,16.6798,1.0,9.329765,-0.730996,22.7368,1.0
10.3935932191089,16.3329,10.4270706186071,17.2884,1.0,16.67873,1.0,10.25593,-0.345285,23.053,1.0
10.4112954186276,16.7931,10.44386871811,16.5181,1.0,16.67908,1.0,10.33527,0.499888,24.0084,1.0
10.4270706186071,17.1739,10.4603840177879,15.4653,1.0,16.6806,1.0,9.774896,0.208725,23.7338,1.0
10.44386871811,16.3278,10.4763449179009,17.5713,1.0,16.67952,1.0,10.21138,-0.074378,22.0226,1.0
10.4763449179009,16.4032,10.4931102180853,16.3026,1.0,16.67868,1.0,10.43611,-0.098434,23.2692,1.0
10.4763449179009,16.5254,10.510364218615,16.0554,0.0,16.67821,1.0,9.320975,-0.286534,23.169,1.0
10.4931102180853,16.7824,10.5264156190678,17.454,1.0,16.67853,1.0,11.18658,0.050972,22.6992,1.0
10.510364218615,16.5849,10.5435746191069,15.7245,1.0,16.67824,1.0,10.25383,0.223398,23.3712,1.0
10.5264156190678,17.0669,10.5606247195974,18.3973,1.0,16.67942,1.0,9.910234,-0.153221,22.5088,1.0
10.5435746191069,16.6564,10.5768583202735,14.7741,1.0,16.67935,1.0,11.09203,-0.021848,23.8399,1.0
10.5606247195974,16.0023,10.5934912199154,17.8684,1.0,16.67731,1.0,10.01,0.070384,21.9594,1.0
10.5768583202735,16.9096,10.6107170199975,17.5244,1.0,16.67801,1.0,9.556821,0.508305,23.8261,1.0
10.5934912199154,17.394,10.6266677202657,14.5494,1.0,16.68015,1.0,10.29775,-0.330432,24.441,1.0
10.6107170199975,16.1489,10.6438067210838,18.3088,1.0,16.67856,1.0,10.02382,0.2448,21.597,1.0
10.6266677202657,17.407,10.6598703218624,16.3561,1.0,16.68073,1.0,11.0261,0.13732,23.7554,1.0
10.6438067210838,15.8146,10.6771886227652,16.2405,1.0,16.67816,1.0,9.666032,0.066839,22.7063,1.0
10.6598703218624,17.2882,10.6936069233343,17.3729,1.0,16.67996,1.0,11.5103,0.303385,23.1301,1.0
10.6771886227652,16.6967,10.710674024187,17.5281,1.0,16.68001,1.0,9.84978,-0.230437,23.2158,1.0
10.6936069233343,16.5042,10.7270761234686,14.4223,1.0,16.6795,1.0,9.585361,-0.854508,24.0332,1.0
10.710674024187,16.6741,10.7441970231012,18.4899,1.0,16.67948,1.0,9.870215,0.288041,21.9674,1.0
10.7270761234686,17.1474,10.7606281237677,17.4185,1.0,16.68085,1.0,9.819037,0.134221,23.7836,1.0
10.7441970231012,15.9832,10.777761223726,16.2344,1.0,16.67882,1.0,11.47541,-0.930679,24.0481,1.0
10.7606281237677,16.6746,10.7939682239667,14.8756,1.0,16.6788,1.0,9.947959,0.234225,24.3067,1.0
10.777761223726,16.5746,10.8099470240995,17.4274,1.0,16.6785,1.0,11.11268,1.086545,22.508,1.0
10.7939682239667,16.7414,10.8272125246003,17.335,1.0,16.67868,1.0,9.802079,-0.108376,23.3609,1.0
10.8099470240995,16.4816,10.8438470242545,15.1623,1.0,16.67812,1.0,9.731075,0.358296,23.9547,1.0
10.8272125246003,17.1709,10.8606743244454,18.0571,1.0,16.67953,1.0,11.06306,-1.265904,22.6361,1.0
10.8438470242545,16.2086,10.8770021246746,15.0245,1.0,16.67819,1.0,8.829276,0.139422,23.5229,1.0
10.8606743244454,16.95,10.8936666240916,17.5874,1.0,16.67896,1.0,10.1894,-0.12564,22.3389,1.0
10.8770021246746,16.6788,10.9098083237186,15.111,1.0,16.67896,1.0,9.537104,0.764887,22.9766,1.0
10.8936666240916,16.1769,10.9270628234372,18.4051,1.0,16.67754,1.0,10.83728,0.161932,21.409,1.0
10.9098083237186,17.1289,10.9435599232092,15.3417,1.0,16.67881,1.0,9.86694,0.3114,23.6347,1.0
10.9270628234372,16.3509,10.9603249235079,18.0056,1.0,16.67789,1.0,11.33701,-1.241031,21.8484,1.0
10.9435599232092,16.6424,10.9768474241719,16.7423,1.0,16.67779,1.0,9.509068,0.044709,23.5057,1.0
10.9603249235079,16.9048,10.9941178234294,15.9444,1.0,16.67842,1.0,11.0544,0.408098,23.6053,1.0
10.9768474241719,16.6665,11.0116324229166,17.4921,1.0,16.67839,1.0,9.790631,-1.492995,22.6458,1.0
10.9941178234294,16.5441,11.0272383233532,16.9751,1.0,16.67802,1.0,10.22719,0.274446,23.4714,1.0
11.0116324229166,16.7524,11.043852022849,16.4103,1.0,16.67822,1.0,11.2317,0.118522,23.9026,1.0
11.0272383233532,17.0406,11.0606490233913,15.5958,1.0,16.67923,1.0,9.638995,0.696112,23.5613,1.0
11.043852022849,16.2243,11.0771567234769,17.703,1.0,16.67797,1.0,10.08375,0.033947,22.1167,1.0
11.0606490233913,16.7913,11.0937709240243,15.3653,1.0,16.67828,1.0,9.697178,0.281765,23.5952,1.0
11.0771567234769,16.7242,11.1106261247769,18.0771,1.0,16.67841,1.0,10.65979,0.697387,22.1694,1.0
11.0937709240243,17.0858,11.1274811243638,15.5985,1.0,16.67953,1.0,9.309353,0.438816,23.5224,1.0
11.1106261247769,16.0248,11.1438631238416,17.6826,1.0,16.67774,1.0,11.12953,0.019983,22.0324,1.0
11.1274811243638,17.2973,11.1605495242402,17.0876,1.0,16.67942,1.0,9.638913,0.149865,23.6941,1.0
11.1438631238416,15.8146,11.1773048238829,16.2685,1.0,16.67707,1.0,10.67178,0.189883,23.4805,1.0
11.1605495242402,17.4562,11.1940500242636,15.5067,1.0,16.67919,1.0,9.480117,0.299315,23.9381,1.0
11.1773048238829,16.755,11.2104660244659,17.7671,1.0,16.67939,1.0,11.36224,0.419134,21.9898,1.0
11.1940500242636,16.6158,11.2274061245844,16.8757,1.0,16.67922,1.0,10.12182,-0.841023,22.9999,1.0
11.2104660244659,16.717,11.2445361251011,15.8193,1.0,16.67932,1.0,9.823485,0.022972,23.2623,1.0
11.2274061245844,15.9654,11.2606931244954,17.5305,1.0,16.67741,1.0,9.706666,0.605051,22.3651,1.0
11.2445361251011,17.3974,11.2773088244721,15.3873,1.0,16.67933,1.0,9.645723,0.036331,23.9304,1.0
11.2606931244954,16.5961,11.2943617245182,18.1465,1.0,16.67911,1.0,9.409128,0.394898,21.8914,1.0
11.2773088244721,17.2696,11.3102011242881,17.758,1.0,16.68068,1.0,11.21125,-0.064935,23.4678,1.0
11.3102011242881,19.7154,11.3271761247888,15.6375,1.0,16.68873,1.0,9.456569,0.012426,23.9598,1.0
11.3102011242881,12.8138,11.3442879253998,15.8591,0.0,16.67848,1.0,10.1055,-0.081612,19.8824,1.0
11.3271761247888,17.2334,11.361305125989,17.8949,1.0,16.67994,1.0,9.578635,0.608924,22.9279,1.0
11.3442879253998,17.1816,11.3772579254583,16.0633,1.0,16.68126,1.0,11.26347,-0.436825,23.5868,1.0
11.361305125989,15.8283,11.3944632252678,16.8737,1.0,16.67903,1.0,10.20451,0.141467,22.4712,1.0
11.3772579254583,16.244,11.4109209245071,16.6786,1.0,16.67789,1.0,11.24128,-0.261055,23.4966,1.0
11.3944632252678,17.3228,11.4268523240462,14.5505,1.0,16.67957,1.0,9.175425,1.045244,23.9524,1.0
11.4109209245071,15.9102,11.444848424755,19.1946,1.0,16.67757,1.0,10.59333,0.589255,21.1778,1.0
11.4268523240462,17.2139,11.4604108249769,14.3684,1.0,16.67896,1.0,10.11946,0.129573,24.4648,1.0
11.444848424755,16.3603,11.4780245246366,18.9692,1.0,16.67813,1.0,11.37496,0.512169,21.6197,1.0
11.4604108249769,17.7728,11.4951977254823,15.8746,1.0,16.68096,1.0,9.097145,-0.686456,24.2262,1.0
11.4780245246366,16.1753,11.5126663250849,17.594,1.0,16.67966,1.0,9.314527,0.809918,22.3308,1.0
11.4951977254823,16.3673,11.5274887252599,16.3,1.0,16.67886,1.0,11.20363,-0.286954,23.7499,1.0
11.5126663250849,16.6222,11.5440443251282,15.9523,1.0,16.67871,1.0,9.608056,0.478879,23.6827,1.0
11.5274887252599,16.6855,11.5609453245997,15.8108,1.0,16.67873,1.0,10.89178,0.247844,23.0132,1.0
11.5440443251282,16.8979,11.5775890238583,18.0775,1.0,16.67929,1.0,9.031854,0.038084,22.1363,1.0
11.5609453245997,16.4188,11.5943652242422,16.7177,1.0,16.67863,1.0,8.468821,0.403881,23.3165,1.0
11.5775890238583,16.9716,11.6112157236785,15.8057,1.0,16.67937,1.0,9.302756,0.298542,23.6178,1.0
11.5943652242422,16.8616,11.6279036235064,17.5151,1.0,16.67983,1.0,10.86522,0.347407,22.4525,1.0
11.6112157236785,16.7395,11.6448134239763,15.794,1.0,16.67998,1.0,9.570019,0.809396,23.1038,1.0
11.6279036235064,15.8952,11.6615431234241,17.9331,1.0,16.678,1.0,9.247858,0.437765,22.1612,1.0
11.6448134239763,17.8737,11.6777901239693,15.1003,1.0,16.68101,1.0,11.01259,0.411689,24.1992,1.0
11.6615431234241,16.0452,11.6952653247863,19.1115,1.0,16.67941,1.0,10.0386,0.101979,21.4258,1.0
11.6777901239693,16.958,11.7108757244423,15.2362,1.0,16.68011,1.0,9.028235,0.394527,24.4926,1.0
11.6952653247863,16.2975,11.7280499236658,16.113,1.0,16.67916,1.0,9.676511,0.303867,22.7716,1.0
11.7108757244423,17.0332,11.7457599239424,17.455,1.0,16.68004,1.0,10.83952,0.252762,22.5868,1.0
11.7280499236658,16.4808,11.7605401240289,15.9981,1.0,16.67954,1.0,9.930173,0.655246,23.008,1.0
11.7457599239424,15.915,11.7779118232429,17.4478,1.0,16.67765,1.0,9.728333,0.635913,22.5268,1.0
11.7605401240289,17.0111,11.7945752236992,16.7425,1.0,16.67847,1.0,11.06514,-0.193342,24.06,1.0
11.7779118232429,17.0822,11.8109115231782,16.6725,1.0,16.67947,1.0,9.555554,-1.133978,23.7914,1.0
11.7945752236992,15.1877,11.8277892228216,16.418,1.0,16.6758,1.0,10.49939,0.574074,23.3823,1.0
11.8109115231782,18.0587,11.8442594222724,15.2255,1.0,16.67919,1.0,9.367442,-0.581546,24.6125,1.0
11.8277892228216,16.3026,11.8615145217627,18.6731,1.0,16.67827,1.0,9.551578,0.560672,21.7802,1.0
11.8442594222724,17.4342,11.8774388208985,14.597,1.0,16.68011,1.0,10.24053,0.169,24.1503,1.0
11.8615145217627,15.8465,11.8947768211365,18.6358,1.0,16.67809,1.0,9.871246,0.531855,21.3135,1.0
11.8774388208985,17.1804,11.9113620202988,15.2037,1.0,16.67931,1.0,11.04503,-0.785924,24.1033,1.0
11.8947768211365,16.3785,11.9285636208951,18.5459,1.0,16.67858,1.0,9.6226,0.131054,22.1269,1.0
11.9113620202988,16.8603,11.9442984201014,15.8203,1.0,16.67902,1.0,11.15835,0.02209,24.2946,1.0
11.9285636208951,16.4877,11.9614140205085,15.6291,1.0,16.67856,1.0,9.697724,0.359703,23.2547,1.0
11.9442984201014,17.1252,11.9779692199081,17.6211,1.0,16.67963,1.0,10.39565,0.41787,22.3966,1.0
11.9614140205085,16.713,11.9945956207812,16.7348,1.0,16.67971,1.0,9.81031,1.049856,22.8929,1.0
11.9779692199081,16.493,12.0118721202016,16.1882,1.0,16.67926,1.0,9.891697,0.284365,22.9151,1.0
11.9945956207812,16.2453,12.028761619702,18.4864,1.0,16.67823,1.0,10.82743,0.551,22.6105,1.0
12.0118721202016,18.1058,12.044716918841,14.5878,1.0,16.68163,1.0,9.393644,0.667312,24.8513,1.0
12.028761619702,15.5219,12.0615918189287,17.8991,1.0,16.67887,1.0,8.802335,0.008763,21.3338,1.0
12.044716918841,16.8964,12.0779740195721,16.4384,1.0,16.67939,1.0,10.9028,0.351626,23.7113,1.0
12.0615918189287,16.5608,12.0954227186739,16.1219,1.0,16.67911,1.0,8.047788,-0.14852,23.2538,1.0
12.0779740195721,16.4735,12.1115634180605,17.1499,1.0,16.67862,1.0,9.221637,-0.125482,22.8152,1.0
12.0954227186739,17.3315,12.1278300173581,16.6975,1.0,16.68016,1.0,11.23927,0.285118,23.4917,1.0
12.1115634180605,16.1157,12.1446945164353,15.3196,1.0,16.67883,1.0,9.57262,0.262034,22.856,1.0
12.1278300173581,16.0959,12.1614585164934,18.0227,1.0,16.67747,1.0,9.855682,0.202181,22.0555,1.0
12.1446945164353,17.1578,12.1784995160997,17.2332,1.0,16.67859,1.0,10.19508,0.043719,23.9894,1.0
12.1614585164934,16.4645,12.1945133153349,14.546,1.0,16.67809,1.0,9.505466,0.343447,24.065,1.0
12.1784995160997,16.9511,12.2115804161876,18.3013,1.0,16.67873,1.0,10.86042,0.772257,22.1468,1.0
12.1945133153349,17.1319,12.2284544166178,17.2116,1.0,16.67978,1.0,9.683481,1.159068,23.4943,1.0
12.2115804161876,16.8398,12.2445346172899,14.5993,1.0,16.68015,1.0,9.829453,0.185422,23.5534,1.0
12.2284544166178,15.9938,12.2616023179144,18.8732,1.0,16.67856,1.0,9.891043,0.041633,21.3325,1.0
12.2616023179144,19.3007,12.2779641170055,15.834,1.0,16.6846,1.0,10.47133,1.064249,24.2167,1.0
12.2616023179144,14.2712,12.2949891164899,16.8674,0.0,16.67906,1.0,8.717778,-1.404906,20.7501,1.0
12.2779641170055,16.9472,12.3123775161803,16.2644,1.0,16.67967,1.0,9.407367,-0.007678,23.3437,1.0
12.2949891164899,17.3163,12.3280983157456,16.8309,1.0,16.68113,1.0,11.12995,-0.999957,22.6615,1.0
12.3123775161803,15.7923,12.3448045160621,16.4765,1.0,16.6791,1.0,8.944006,-0.05373,22.1791,1.0
12.3280983157456,15.9194,12.3614778164774,17.4688,1.0,16.67737,1.0,11.50448,0.08875,22.8609,1.0
12.3448045160621,17.5557,12.3781836163253,15.4095,1.0,16.67937,1.0,9.572657,-0.084571,24.4129,1.0
12.3614778164774,16.5461,12.395995317027,19.0111,1.0,16.67906,1.0,9.42903,-0.160576,22.2656,1.0
12.3781836163253,17.8994,12.4116824176162,14.1691,1.0,16.68182,1.0,10.76405,0.31429,24.7327,1.0
12.395995317027,15.7496,12.4288820177317,18.5457,1.0,16.67972,1.0,9.374371,-0.08334,20.9969,1.0
12.4116824176162,16.3253,12.4446011185646,14.3348,1.0,16.67892,1.0,9.681276,-0.052309,23.797,1.0
12.4288820177317,16.2118,12.4615044184029,17.7842,1.0,16.67787,1.0,9.83781,0.347234,21.8092,1.0
12.4446011185646,17.3221,12.4778605177999,16.639,1.0,16.67932,1.0,9.38734,0.622351,23.3817,1.0
12.4615044184029,16.3152,12.4946167171001,15.7957,1.0,16.6785,1.0,11.15051,-0.036265,22.6972,1.0
12.4778605177999,16.6759,12.512913716957,18.0977,1.0,16.6785,1.0,8.098666,-0.229357,22.1765,1.0
12.4946167171001,16.3986,12.529184916988,17.6508,1.0,16.67787,1.0,10.83935,0.360953,23.6,1.0
12.512913716957,16.9197,12.5450975168496,16.0472,1.0,16.67841,1.0,9.277465,0.339926,24.8541,1.0
12.529184916988,17.1884,12.5620825160295,15.7439,1.0,16.67954,1.0,11.26706,0.051838,23.9819,1.0
12.5450975168496,17.0904,12.5791989155114,18.1657,1.0,16.68045,1.0,10.16375,-0.268504,22.5347,1.0
12.5620825160295,17.1644,12.5959359146655,16.6064,1.0,16.68152,1.0,9.539674,0.287868,23.6134,1.0
12.5791989155114,16.5554,12.6124252155423,15.2736,1.0,16.68124,1.0,10.85596,0.250215,23.0539,1.0
12.5959359146655,15.6001,12.6288134157658,17.735,1.0,16.67886,1.0,9.782904,-0.115374,21.7743,1.0
12.6124252155423,17.2829,12.6451945155859,15.2873,1.0,16.68019,1.0,10.14723,-1.020408,23.9091,1.0
12.6288134157658,16.352,12.6617592163384,21.7073,1.0,16.67947,1.0,9.063785,0.337331,21.911,1.0
12.6617592163384,26.4781,12.6782888155431,16.363,1.0,16.70086,1.0,10.51257,0.257973,27.2655,1.0
12.6782888155431,9.6136,12.6953279152513,15.5644,0.0,16.68542,1.0,9.830108,0.193458,17.1515,1.0
12.6782888155431,12.4982,12.7113891150802,17.5327,0.0,16.67632,1.0,9.349669,-0.168193,23.1009,1.0
12.7113891150802,20.8964,12.7279067151248,16.2332,1.0,16.68547,1.0,10.86443,0.37416,28.1361,1.0
12.7279067151248,15.5781,12.7461661156267,18.3208,0.0,16.68308,1.0,9.437442,-1.034161,23.4753,1.0
12.7461661156267,19.1496,12.7622270155698,16.3579,0.0,16.6884,1.0,9.250593,0.286103,26.2174,1.0
12.7461661156267,12.3953,12.7777369152755,14.2877,0.0,16.67915,1.0,10.13674,0.19122,23.4262,1.0
12.7777369152755,31.5687,12.796519914642,19.4412,1.0,16.71117,0.0,9.333261,-0.306564,25.3191,1.0
12.796519914642,6.2082,12.8117776149884,15.9893,0.0,16.68863,1.0,10.7583,0.35547,13.1731,1.0
12.796519914642,12.465,12.829151715152,17.7208,0.0,16.67959,1.0,9.26248,0.363975,22.973,1.0
12.8117776149884,17.2152,12.8458947157487,16.0553,1.0,16.68073,1.0,10.81086,0.019012,28.2292,1.0
12.8458947157487,26.403,12.8618807150051,16.3189,1.0,16.70147,1.0,8.20273,-0.709043,27.0704,1.0
12.8458947157487,6.053,12.8794545149431,17.2876,0.0,16.67881,1.0,9.116725,-0.151483,16.9865,1.0
12.8794545149431,18.0942,12.8945016153157,15.0556,1.0,16.68181,1.0,9.162688,-0.104952,28.2105,1.0
12.8945016153157,16.7848,12.9124838151038,17.8477,0.0,16.68203,1.0,10.85084,0.392531,25.1836,1.0
12.9124838151038,20.0048,12.9295286145061,17.5844,0.0,16.68906,1.0,7.074283,-0.366586,26.24,1.0
12.9295286145061,18.5419,12.9455428142101,13.9469,0.0,16.69297,1.0,11.16835,-0.041486,23.8283,1.0
12.9295286145061,9.0223,12.9615732133389,17.8633,0.0,16.67682,1.0,10.04007,0.00866,19.2339,1.0
12.9615732133389,24.2796,12.9806361142546,18.4334,1.0,16.69279,1.0,7.145286,-0.922021,28.0743,1.0
12.9615732133389,10.8134,12.9961563143879,16.1515,0.0,16.68046,1.0,10.18599,-0.108518,22.2311,1.0
12.9961563143879,25.6121,13.0127682145685,16.3436,1.0,16.69915,1.0,11.18794,-0.677493,27.5689,1.0
13.0127682145685,13.0535,13.0292105153203,16.7626,0.0,16.69154,1.0,9.759721,-0.311616,18.3,1.0
13.0292105153203,20.564,13.0442691156641,13.5034,0.0,16.69961,1.0,10.65572,0.072018,22.001,1.0
13.0442691156641,20.7933,13.0630289157853,19.2263,0.0,16.70812,0.0,9.896193,-0.012516,14.9494,1.0
13.0630289157853,5.3699,13.0783119155094,15.1688,0.0,16.68459,1.0,11.53352,-0.629318,13.3837,1.0
13.0630289157853,13.8443,13.095843215473,18.0256,0.0,16.67871,1.0,10.28438,0.634558,23.1828,1.0
13.0783119155094,16.6588,13.111860816367,15.7776,1.0,16.67867,1.0,11.29772,0.103728,27.3642,1.0
13.095843215473,16.6532,13.1284308163449,15.5243,1.0,16.67862,1.0,10.10802,-0.418927,26.4828,1.0
13.1284308163449,27.2476,13.1459541162476,18.5374,1.0,16.70037,0.0,11.84574,0.422505,25.3554,1.0
13.1619837163016,24.2848,13.1795064164326,34.6383,0.0,16.71594,0.0,9.195172,-0.207965,16.6451,1.0
13.1619837163016,1.5663,13.1955091161653,13.826,0.0,16.68489,2.0,9.589427,-0.113181,26.9995,1.0
13.1795064164326,18.0117,13.2125405156985,18.0616,1.0,16.68761,1.0,10.5444,-0.402199,39.2596,1.0
13.1955091161653,26.2461,13.2295902157202,17.9865,1.0,16.70712,1.0,10.75226,-0.016305,39.3101,1.0
13.2125405156985,14.3203,13.2456042161211,14.7023,1.0,16.70225,2.0,9.914681,-0.875116,31.0505,1.0
13.2295902157202,9.3706,13.2616353156045,17.071,1.0,16.68735,2.0,9.870599,0.077944,31.4334,1.0
13.2456042161211,16.0666,13.2785517154261,15.8432,1.0,16.68609,2.0,11.48291,0.263708,39.1343,1.0
13.2616353156045,18.2165,13.2961973147467,17.9758,1.0,16.68919,2.0,9.897216,-1.127031,38.9113,1.0
13.2616353156045,11.5447,13.3132278146222,17.0439,1.0,16.6788,2.0,10.09596,0.284529,38.6705,1.0
13.2961973147467,22.595,13.3287735143676,16.5295,2.0,16.69073,2.0,10.15559,0.035109,44.1701,1.0
13.2961973147467,12.1855,13.3457713136449,16.5841,1.0,16.68166,2.0,9.931731,-0.12209,38.1052,1.0
13.3287735143676,21.2935,13.3618280133232,14.7767,2.0,16.69092,2.0,11.39837,-0.648777,42.5044,1.0
13.3457713136449,14.1683,13.3783463137224,18.2394,1.0,16.68587,1.0,9.448291,-0.451315,35.9881,1.0
13.3618280133232,22.8675,13.396398014389,17.6178,1.0,16.69823,2.0,11.09299,0.030133,40.0598,1.0
13.3618280133232,6.3374,13.4124153135344,15.6698,1.0,16.67755,2.0,9.837977,0.491642,34.8117,1.0
13.396398014389,27.0307,13.4305897140875,18.5852,2.0,16.69817,2.0,10.13962,-1.258681,44.144,1.0
13.4124153135344,16.2215,13.4460993139073,13.8164,1.0,16.69723,2.0,10.70037,-0.441903,35.6989,1.0
13.4305897140875,19.2775,13.4639803143218,19.4328,1.0,16.70235,1.0,9.916258,-0.453893,33.2938,1.0
13.4460993139073,18.5423,13.478658313863,13.8976,1.0,16.70599,2.0,10.75588,-0.021087,33.449,1.0
13.4460993139073,5.0259,13.4952177135274,17.421,1.0,16.68291,2.0,9.937603,-0.832514,28.8061,1.0
13.478658313863,18.1804,13.5122485132888,17.3739,2.0,16.68586,2.0,10.39659,-0.158028,41.2009,1.0
13.4952177135274,15.3331,13.5303001133725,17.0347,1.0,16.6832,2.0,10.54069,-0.040679,40.3955,1.0
13.5122485132888,24.0923,13.5453129131347,15.5372,1.0,16.69775,2.0,9.519214,0.564513,42.0978,1.0
13.5303001133725,10.2635,13.562359912321,18.3278,1.0,16.68514,1.0,10.61513,-0.28586,33.5421,1.0
13.562359912321,33.1764,13.5803804118186,13.7172,1.0,16.71741,2.0,10.10928,0.26637,41.6069,1.0
13.562359912321,0.6996,13.5969375111163,20.0062,0.0,16.68612,2.0,11.13029,-0.02078,22.1496,1.0
13.562359912321,12.0503,13.612938111648,15.8469,1.0,16.67709,2.0,9.59886,0.2065,41.4535,1.0
13.5969375111163,24.2988,13.6294815111905,15.1163,2.0,16.69192,2.0,10.44063,-0.431689,45.2435,1.0
13.612938111648,17.4785,13.647029010579,16.808,1.0,16.69344,1.0,9.77088,-0.297013,36.0829,1.0
13.647029010579,37.9904,13.6640346106142,15.2568,1.0,16.73472,0.0,11.3314,0.901535,35.4141,1.0
13.6640346106142,15.0759,13.6794836102054,17.4399,0.0,16.73151,0.0,9.607589,-0.6028,12.6837,1.0
13.6640346106142,1.5126,13.6964815100655,15.3426,0.0,16.70213,2.0,11.74471,1.455917,15.0447,1.0
13.6640346106142,3.7489,13.7135075097904,16.6609,1.0,16.67717,2.0,10.16547,-0.576921,28.8761,1.0
13.6794836102054,16.8502,13.7303678104654,15.9008,2.0,16.6775,2.0,8.899,0.423176,41.7918,1.0
13.6964815100655,16.4747,13.74603281077,16.9736,2.0,16.67711,2.0,10.43608,-0.486821,40.8429,1.0
13.7135075097904,17.5644,13.7626146106049,15.915,2.0,16.67881,2.0,8.433721,-0.357581,41.3422,1.0
13.7303678104654,16.2171,13.7801300110295,17.0098,2.0,16.67793,2.0,11.67962,-0.534437,39.6927,1.0
13.74603281077,16.849,13.7968597104773,17.665,2.0,16.67826,2.0,9.589021,-1.551728,40.486,1.0
13.7626146106049,16.2318,13.8136241110042,17.022,2.0,16.67741,2.0,11.52978,-0.182954,41.3022,1.0
13.7801300110295,17.1259,13.8296336112544,16.0154,2.0,16.67826,2.0,10.64214,0.096631,42.0925,1.0
13.7968597104773,15.8494,13.8466858109459,15.8329,2.0,16.67669,1.0,11.69323,-0.156698,40.9833,1.0
13.8296336112544,33.5714,13.8636986101046,18.6255,2.0,16.70868,1.0,10.28455,-0.319775,40.964,1.0
13.8636986101046,30.5814,13.8792011104524,17.7727,1.0,16.73491,0.0,10.01157,0.199155,26.0212,1.0
13.8792011104524,5.8498,13.8962455112487,13.0261,0.0,16.71437,2.0,9.829898,-0.335916,13.2133,1.0
13.8792011104524,3.3211,13.9134756121784,18.1943,0.0,16.68915,2.0,11.39898,-0.155574,20.3892,1.0
13.8792011104524,9.4727,13.9294449128211,16.0476,1.0,16.67558,2.0,10.33195,0.278643,35.2599,1.0
13.8962455112487,18.3207,13.9471307136118,17.2902,2.0,16.67867,2.0,9.953916,0.537284,41.836,1.0
13.9134756121784,17.0472,13.9648175127804,18.768,2.0,16.67936,2.0,11.10017,0.004168,40.8077,1.0
13.9294449128211,16.0277,13.9804132124409,15.8349,2.0,16.67814,2.0,10.09176,0.363574,42.529,1.0
13.9471307136118,16.6653,13.9982507126406,16.0481,2.0,16.67812,2.0,11.00052,0.56397,42.3363,1.0
13.9804132124409,23.9295,14.0131472125649,15.9867,2.0,16.69162,2.0,9.491032,-0.109806,41.7194,1.0
13.9804132124409,9.0136,14.0297675132751,16.6445,1.0,16.67735,2.0,11.26823,-0.004919,33.7774,1.0
13.9982507126406,17.5084,14.0467743128538,17.1327,2.0,16.67889,1.0,9.52413,-0.120293,41.4078,1.0
14.0297675132751,31.7773,14.0635232124478,16.2849,2.0,16.70685,2.0,9.424506,-0.243543,41.0324,1.0
14.0297675132751,0.5849,14.0804575122893,15.9566,1.0,16.67705,2.0,11.28042,-0.007109,25.5405,1.0
14.0467743128538,17.2605,14.0969148129225,16.5556,2.0,16.67813,2.0,10.07239,-0.083947,40.9133,1.0
14.0635232124478,16.7087,14.1137952134013,17.9109,2.0,16.67818,2.0,9.943243,-0.270516,40.2083,1.0
14.0804575122893,16.5144,14.1304303128272,15.4062,2.0,16.67788,2.0,11.47211,-0.736859,41.4111,1.0
14.0969148129225,17.7058,14.1469399128109,17.7312,2.0,16.67977,2.0,10.11245,0.17165,40.3032,1.0
14.1137952134013,15.7469,14.1644403133541,16.2532,2.0,16.67806,2.0,9.976716,-0.150642,40.3291,1.0
14.1304303128272,17.2973,14.18033471331,17.3964,2.0,16.67919,2.0,11.69366,0.169955,40.835,1.0
14.1469399128109,16.5942,14.1977597139776,17.7461,2.0,16.67904,2.0,10.25995,0.207048,40.9351,1.0
14.1644403133541,16.896,14.2135456148535,13.9442,2.0,16.67943,2.0,10.05774,-0.092575,42.087,1.0
14.18033471331,16.5036,14.2297618146986,17.5341,2.0,16.67911,2.0,10.08125,0.150619,39.1353,1.0
14.1977597139776,16.5702,14.2463015150279,16.9723,2.0,16.67892,2.0,11.20135,-0.749288,40.1662,1.0
14.2135456148535,16.9669,14.263617515564,15.5431,2.0,16.67944,2.0,9.542375,-1.138621,40.5684,1.0
14.2297618146986,16.3888,14.2819679155946,18.3316,2.0,16.67891,2.0,11.17598,-0.090743,39.1453,1.0
14.2463015150279,16.2495,14.2990198154002,18.5356,2.0,16.67814,2.0,10.09909,-0.247532,41.0884,1.0
14.263617515564,17.1004,14.314617915079,15.5517,2.0,16.6789,2.0,8.910721,0.193693,43.3748,1.0
14.2819679155946,16.7647,14.3304801154882,14.4767,2.0,16.67905,2.0,10.28364,0.261685,41.8255,1.0
14.2990198154002,18.3983,14.347337115556,18.8249,2.0,16.68214,2.0,11.30093,-0.039152,39.538,1.0
14.314617915079,15.0212,14.3643474150449,14.9462,2.0,16.67916,2.0,10.48451,-0.305233,39.9619,1.0
14.3304801154882,16.9128,14.3803366143256,17.264,2.0,16.67958,2.0,9.821815,0.092711,39.8903,1.0
14.347337115556,16.6259,14.3967165146023,15.1838,2.0,16.67948,2.0,10.94305,0.060751,40.2422,1.0
14.3643474150449,16.9768,14.4135747142136,18.1052,2.0,16.68001,2.0,10.33813,-0.057501,38.8004,1.0
14.3803366143256,15.8006,14.430165713653,16.949,2.0,16.67845,2.0,11.41729,0.769986,39.9291,1.0
14.3967165146023,17.4052,14.4476956129074,15.8735,2.0,16.67974,2.0,10.01975,-0.266909,41.0775,1.0
14.4135747142136,16.0014,14.4652037136257,17.7067,2.0,16.67854,2.0,11.0782,-0.010529,39.5464,1.0
14.430165713653,16.9723,14.4816656131297,17.5187,2.0,16.67906,2.0,10.23401,-0.851951,41.2515,1.0
14.4476956129074,17.3191,14.4967035129666,15.1491,2.0,16.68019,2.0,8.980209,0.104352,41.7984,1.0
14.4652037136257,16.213,14.5139741133898,16.3303,2.0,16.67936,2.0,10.46103,0.11784,39.6282,1.0
14.4816656131297,16.8796,14.5307078137994,17.8962,2.0,16.67972,2.0,10.91315,0.418025,39.7459,1.0
14.4967035129666,16.4384,14.5465816128999,14.4458,2.0,16.67929,2.0,10.80965,0.254107,40.7594,1.0
14.5139741133898,16.7508,14.5642707124352,18.6864,2.0,16.67942,2.0,10.14776,0.171688,38.7698,1.0
14.5307078137994,16.5783,14.5814901124686,16.1258,2.0,16.67924,2.0,11.08508,-1.435041,40.7061,1.0
14.5465816128999,16.7455,14.597291411832,16.9903,2.0,16.67936,2.0,9.365393,-0.126722,40.2236,1.0
14.5642707124352,17.2263,14.6145902127028,17.7662,2.0,16.68031,2.0,10.87581,0.071859,40.499,1.0
14.5814901124686,15.8552,14.6309054121375,14.6194,2.0,16.67887,2.0,9.794041,-0.493424,41.0393,1.0
14.597291411832,17.134,14.6479737125337,18.6423,2.0,16.67966,2.0,9.854822,0.041834,39.8037,1.0
14.6145902127028,16.7702,14.6636144127697,15.4012,2.0,16.67982,2.0,11.31054,-0.577619,41.3118,1.0
14.6309054121375,16.468,14.6807212121785,17.194,2.0,16.67945,2.0,9.710324,-1.407223,39.943,1.0
14.6479737125337,16.1898,14.6976679116488,16.044,2.0,16.67861,2.0,10.48757,0.010253,40.6696,1.0
14.6636144127697,17.0683,14.7139086108655,17.0526,2.0,16.67928,2.0,9.955619,-0.048128,40.5239,1.0
14.6807212121785,16.5479,14.7304410114884,15.2396,2.0,16.67905,2.0,10.94402,-0.047659,40.5088,1.0
14.6976679116488,17.3858,14.7469915114343,18.3957,2.0,16.68027,2.0,11.45575,-0.510798,39.2007,1.0
14.7139086108655,15.5664,14.7645622119308,15.6439,2.0,16.67836,2.0,10.25673,0.281618,40.2105,1.0
14.7304410114884,17.5934,14.7808846123517,18.3095,2.0,16.67993,2.0,11.18486,0.09215,40.2883,1.0
14.7469915114343,16.6885,14.7975623123348,16.4307,2.0,16.67994,1.0,9.822898,1.68262,41.0009,1.0
14.7808846123517,29.708,14.814760113135,15.6455,2.0,16.70221,1.0,11.69838,-0.507553,40.747,1.0
14.7975623123348,11.8665,14.8302768133581,16.6692,1.0,16.69396,2.0,9.60865,0.5213,26.6848,1.0
14.7975623123348,9.5464,14.8476112131029,17.794,1.0,16.68178,2.0,11.09228,-0.270331,31.488,1.0
14.814760113135,15.5144,14.8634652122855,14.63,2.0,16.6798,2.0,9.546953,0.191457,39.7314,1.0
14.8302768133581,15.9295,14.8802713118494,17.3386,2.0,16.67852,2.0,10.2456,-0.254023,38.8511,1.0
14.8476112131029,16.8521,14.897270411253,17.1598,2.0,16.67882,2.0,9.484031,-0.215424,40.2611,1.0
14.8634652122855,16.5832,14.9140990115702,15.6298,2.0,16.67866,2.0,10.38134,0.365667,40.5688,1.0
14.8802713118494,16.7381,14.9304149113595,17.683,2.0,16.67876,2.0,11.16102,0.122399,39.616,1.0
14.897270411253,16.6525,14.9473736118525,17.2802,2.0,16.67871,2.0,10.47492,-0.4079,40.5614,1.0
14.9140990115702,17.2273,14.9650511126965,16.2007,2.0,16.67964,2.0,11.02653,0.393749,41.1891,1.0
14.9304149113595,16.4012,14.9805318126455,16.6788,2.0,16.67917,2.0,9.696401,-0.379971,40.163,1.0
14.9473736118525,16.6224,14.9982912121341,16.5054,2.0,16.67907,2.0,8.5889,0.702184,40.4407,1.0
14.9650511126965,16.4618,15.0155744114891,17.4733,2.0,16.67871,2.0,10.49405,0.111158,40.3234,1.0
14.9805318126455,17.1637,15.0314046116546,16.9061,2.0,16.67952,2.0,8.666271,0.100202,41.3358,1.0
14.9982912121341,16.4018,15.0474508116022,15.8968,2.0,16.67906,2.0,9.499016,0.158771,41.079,1.0
15.0155744114891,16.9829,15.064139011316,15.3776,2.0,16.67956,2.0,8.941142,0.137275,40.5742,1.0
15.0314046116546,16.5898,15.0807359116152,17.8995,2.0,16.67941,2.0,11.0382,-0.275575,38.9686,1.0
15.0474508116022,16.8568,15.0978408111259,16.9815,2.0,16.67971,2.0,9.568229,-0.335299,40.2787,1.0
15.064139011316,16.2068,15.1146243112162,15.5661,2.0,16.67892,2.0,11.06553,-0.11863,40.4036,1.0
15.0807359116152,17.7994,15.1307884110138,17.4748,2.0,16.68078,2.0,9.415375,-0.293144,39.7632,1.0
15.0978408111259,15.83,15.1481824116781,16.0408,2.0,16.67937,2.0,9.657199,-0.35159,39.4389,1.0
15.1146243112162,17.0885,15.1644469117746,17.8975,2.0,16.68005,2.0,11.43563,0.131276,39.6493,1.0
15.1307884110138,16.3704,15.1814935123548,15.5766,2.0,16.67954,2.0,9.484244,0.42394,40.4356,1.0
15.1481824116781,17.0789,15.1979179130867,17.8263,2.0,16.68019,2.0,9.98639,0.332591,39.6653,1.0
15.1644469117746,15.6752,15.2146424138919,17.0971,2.0,16.67854,2.0,10.03272,0.154739,40.4134,1.0
15.1814935123548,17.2263,15.2304257145151,14.1828,2.0,16.67944,2.0,11.07436,0.451308,41.8352,1.0
15.1979179130867,16.284,15.2484778137878,19.2978,2.0,16.67879,2.0,9.632309,0.361472,38.7921,1.0
15.2146424138919,16.6379,15.2643237141892,15.8945,2.0,16.67873,2.0,9.000261,1.178281,41.806,1.0
15.2304257145151,16.767,15.2815025141463,15.6962,2.0,16.67887,2.0,10.92129,0.028167,41.0629,1.0
15.2484778137878,16.6972,15.2980749150738,17.7603,2.0,16.6789,2.0,9.209028,0.398764,39.9856,1.0
15.2643237141892,16.7466,15.3152686143294,17.0322,2.0,16.67901,2.0,10.34452,-0.088908,41.056,1.0
15.2815025141463,16.9618,15.3312827134505,14.8715,2.0,16.67947,2.0,8.518633,0.042585,41.3421,1.0
15.2980749150738,17.0658,15.3477494129911,16.6149,2.0,16.6801,2.0,10.68664,0.146983,39.252,1.0
15.3152686143294,16.1594,15.3643858125433,18.1012,2.0,16.67925,2.0,9.421708,0.248755,38.8009,1.0
15.3312827134505,16.2124,15.3814108120278,15.4104,2.0,16.6785,2.0,9.688815,0.270774,40.7432,1.0
15.3477494129911,17.7584,15.3977309120819,17.7851,2.0,16.68024,2.0,11.12082,0.215371,39.9416,1.0
15.3643858125433,15.6615,15.4150466127321,15.9216,2.0,16.6786,2.0,10.09995,-0.57325,39.9652,1.0
15.3814108120278,17.1758,15.4319849135354,18.2391,2.0,16.6794,2.0,9.489226,-0.457626,40.2286,1.0
15.3977309120819,16.1642,15.4484976129606,17.0031,2.0,16.67857,2.0,9.653829,0.121865,41.2928,1.0
15.4150466127321,18.6807,15.4652250120416,15.1263,2.0,16.68178,2.0,10.86835,-0.56336,42.1317,1.0
15.4319849135354,16.0043,15.4808317124844,16.5182,2.0,16.6807,2.0,9.970526,-0.076502,38.5776,1.0
15.4484976129606,15.8226,15.4985131118447,17.8928,2.0,16.67933,2.0,10.35223,0.272982,39.0916,1.0
15.4652250120416,17.0704,15.5144290123135,14.8148,2.0,16.67995,2.0,10.97676,-0.122764,41.1622,1.0
15.4808317124844,16.7285,15.5315395127982,18.1133,2.0,16.68003,2.0,10.1997,-0.248177,38.907,1.0
15.4985131118447,16.7013,15.5485221128911,17.3566,2.0,16.68006,2.0,11.15162,0.408514,40.2922,1.0
15.5144290123135,17.2216,15.5650388132781,14.9948,2.0,16.68092,2.0,9.432964,-0.377132,40.9478,1.0
15.5315395127982,16.9162,15.5817999131978,17.98,2.0,16.6813,2.0,11.33928,-1.066297,38.7212,1.0
15.5485221128911,16.4542,15.5989971123636,17.2266,2.0,16.68093,2.0,10.15319,-0.547524,39.7495,1.0
15.5650388132781,16.8147,15.6154614128172,15.0573,2.0,16.68115,2.0,9.307432,0.095012,40.5586,1.0
15.5817999131978,15.755,15.6318955123425,17.7037,2.0,16.67969,2.0,11.4395,-0.199652,38.801,1.0
15.5989971123636,17.8449,15.6489698123187,17.3202,2.0,16.68152,2.0,9.810624,0.295435,40.7497,1.0
15.6154614128172,16.7002,15.6648812126368,14.4081,2.0,16.68155,2.0,10.13269,-0.060962,40.2254,1.0
15.6318955123425,15.3456,15.6807439122349,17.2939,2.0,16.67945,2.0,10.57375,0.410257,37.9336,1.0
15.6489698123187,16.1872,15.7006032131612,18.5984,2.0,16.67868,2.0,9.881165,0.148711,39.8822,1.0
15.6648812126368,17.168,15.7155885128304,16.2152,2.0,16.67945,2.0,9.031262,0.662893,42.2933,1.0
15.6807439122349,16.3664,15.7322643129155,15.5025,2.0,16.67896,2.0,11.29194,0.201888,41.3235,1.0
15.7006032131612,16.8001,15.7490123128518,17.0048,2.0,16.67915,2.0,9.482789,-0.486116,40.4771,1.0
15.7155885128304,16.101,15.7656510127708,16.3915,2.0,16.67825,2.0,8.741507,0.100199,40.6821,1.0
15.7322643129155,18.9493,15.7815963132307,17.0915,2.0,16.68178,2.0,9.186412,0.04268,40.9727,1.0
15.7490123128518,14.6734,15.7986180139706,17.1022,2.0,16.67866,2.0,10.99282,0.188649,39.11,1.0
15.7656510127708,17.0373,15.8148745140061,14.7934,2.0,16.67922,2.0,10.2407,-0.167337,41.5446,1.0
15.7815963132307,16.6808,15.8309737136588,17.2351,2.0,16.67922,2.0,9.58502,-0.157297,39.3005,1.0
15.7986180139706,16.7782,15.8487621145323,16.6422,2.0,16.67937,2.0,11.10235,-0.759656,39.8555,1.0
15.8148745140061,16.792,15.8646121146157,17.1166,2.0,16.67954,2.0,9.728337,-0.103793,39.7197,1.0
15.8309737136588,16.5573,15.8817097144201,15.9053,2.0,16.67936,2.0,11.3836,-0.304005,40.0448,1.0
15.8487621145323,16.6132,15.8980724150315,17.4718,2.0,16.67925,2.0,10.47616,-0.239394,39.3924,1.0
15.8646121146157,16.8923,15.9150695158169,17.5286,2.0,16.67958,2.0,12.04279,-0.401583,40.2513,1.0
15.8817097144201,16.3659,15.9323622165248,15.8055,2.0,16.6791,2.0,10.3146,0.234192,40.8878,1.0
15.8980724150315,16.561,15.9490786166862,16.8918,2.0,16.67892,2.0,11.65539,1.050901,40.3282,1.0
15.9150695158169,16.9685,15.9647981161252,16.6349,2.0,16.67936,2.0,10.32618,-0.018316,40.6593,1.0
15.9323622165248,16.8107,15.9817176153883,17.1185,2.0,16.67956,2.0,10.26241,-0.15874,40.326,1.0
15.9490786166862,16.3328,15.9990728152916,15.9983,2.0,16.67904,2.0,10.9986,-0.021268,40.6342,1.0
15.9647981161252,16.7381,16.0158785143867,18.1393,2.0,16.67912,2.0,10.18382,-0.199139,40.2993,1.0
15.9817176153883,16.739,16.0316479140893,14.3931,2.0,16.67922,2.0,9.88574,-0.206622,41.7008,1.0
15.9990728152916,16.9373,16.0479682134464,17.4985,2.0,16.67961,2.0,10.15147,-0.089631,39.3553,1.0
16.0158785143867,16.3578,16.0655242139474,16.2647,2.0,16.67912,2.0,11.24024,0.123443,39.917,1.0
16.0316479140893,17.0743,16.0825462145731,18.5652,2.0,16.67972,2.0,10.21442,-0.186794,39.8241,1.0
16.0479682134464,16.0277,16.0987576143816,16.5228,2.0,16.67873,2.0,11.52963,-0.181119,41.3156,1.0
16.0655242139474,17.4175,16.115383614786,16.3163,2.0,16.67985,2.0,10.13096,-0.095494,41.8108,1.0
16.0825462145731,16.5303,16.1320776147768,17.069,2.0,16.67962,2.0,11.21279,-0.08518,40.71,1.0
16.0987576143816,17.4083,16.1490331152454,16.2822,2.0,16.68072,2.0,10.20932,-0.291471,41.2487,1.0
16.115383614786,14.0132,16.166055415757,17.4593,2.0,16.67671,2.0,9.797694,-0.044391,40.1228,1.0
16.1320776147768,18.311,16.1818154165521,14.1442,2.0,16.67916,2.0,10.20858,0.433588,43.569,1.0
16.1490331152454,16.926,16.1987087158486,17.9513,2.0,16.67953,2.0,11.38487,-0.160919,39.4027,1.0
16.166055415757,16.6868,16.2149094166234,15.1526,2.0,16.67954,2.0,10.29639,-0.211051,40.4285,1.0
16.1818154165521,16.7612,16.2323947167024,19.0566,2.0,16.67966,2.0,10.09951,0.161639,38.8946,1.0
16.1987087158486,16.2024,16.249315016903,15.4573,2.0,16.67895,2.0,10.96022,-0.580142,41.1908,1.0
16.2149094166234,16.8375,16.2653365163133,17.0003,2.0,16.67919,2.0,10.10215,-0.370073,40.445,1.0
16.2323947167024,16.3446,16.282763316296,18.2917,2.0,16.67869,2.0,11.40076,-0.816152,40.6088,1.0
16.249315016903,16.9564,16.2983130160719,13.6474,2.0,16.6791,2.0,9.934542,0.340804,42.5559,1.0
16.2653365163133,16.6142,16.3169231154025,20.2504,2.0,16.67901,2.0,8.861873,-0.37356,39.2473,1.0
16.282763316296,16.568,16.3325725160539,15.3235,2.0,16.67884,2.0,9.903852,0.176115,42.8837,1.0
16.2983130160719,18.3821,16.3486320152879,14.6133,2.0,16.68136,2.0,10.7276,-0.111771,41.6397,1.0
16.3169231154025,14.7964,16.3644902147353,17.1528,2.0,16.67858,2.0,9.51506,-0.776241,37.8709,1.0
16.3325725160539,17.1188,16.3830199148506,19.0321,2.0,16.67923,2.0,10.13078,0.529793,40.2275,1.0
16.3486320152879,16.6761,16.3986563142389,13.9502,2.0,16.67922,2.0,9.997671,-0.645567,42.1412,1.0
16.3644902147353,16.7168,16.415176814422,17.9241,2.0,16.67928,2.0,9.999041,-1.072601,39.4161,1.0
16.3830199148506,16.0443,16.4315512143075,16.2821,2.0,16.67835,2.0,12.12871,0.836736,40.6232,1.0
16.3986563142389,17.1684,16.4485050141811,15.7415,2.0,16.67907,2.0,9.612667,0.207677,40.8611,1.0
16.415176814422,16.9397,16.4656149148941,18.5962,2.0,16.67945,2.0,11.9233,-0.249879,39.4347,1.0
16.4315512143075,16.3294,16.4813490156084,15.746,2.0,16.67893,2.0,9.633464,-0.43039,41.0914,1.0
16.4485050141811,16.8046,16.4983895160258,15.3685,2.0,16.67912,2.0,10.44092,-0.202418,40.508,1.0
16.4656149148941,16.5705,16.5154314152896,18.1149,2.0,16.67896,2.0,9.525479,-0.193506,39.0724,1.0
16.4813490156084,16.9157,16.5318539161235,15.7564,2.0,16.6793,2.0,9.90259,-0.099331,40.6174,1.0
16.4983895160258,16.6402,16.5490999165922,16.858,2.0,16.67925,2.0,10.63102,0.017401,39.4583,1.0
16.5154314152896,17.2147,16.5660297162831,18.3319,2.0,16.68002,2.0,11.50231,0.022171,39.6767,1.0
16.5318539161235,17.2228,16.5821173153818,15.957,2.0,16.68081,2.0,10.10103,0.307891,40.7901,1.0
16.5490999165922,15.9581,16.5987570155412,15.3498,2.0,16.67977,2.0,10.0625,0.344187,39.5287,1.0
16.5660297162831,17.0764,16.6149905156344,17.297,2.0,16.68034,2.0,10.94043,-0.098821,38.9209,1.0
16.5821173153818,15.8914,16.6339956149459,18.0234,2.0,16.6792,2.0,10.10391,0.717065,39.1363,1.0
16.5987570155412,17.0835,16.6485224151984,16.0335,2.0,16.67978,2.0,10.99121,-0.425746,41.2738,1.0
16.6149905156344,16.0394,16.6659500161186,17.2814,2.0,16.67886,2.0,9.737521,0.096697,40.2207,1.0
16.6485224151984,19.2218,16.6826300164685,16.5853,2.0,16.68251,2.0,11.31874,-0.02574,41.4664,1.0
16.6485224151984,14.4627,16.6994853159413,15.4476,1.0,16.67933,2.0,8.887046,-0.669783,38.8298,1.0
16.6659500161186,16.901,16.7157931150869,18.1785,2.0,16.67965,2.0,10.3317,-0.034733,39.815,1.0
16.6826300164685,15.8216,16.7314514154568,15.3652,2.0,16.67842,2.0,10.89964,-0.063407,41.0929,1.0
16.6994853159413,17.317,16.7495725145563,16.6766,2.0,16.67933,2.0,10.12478,-0.492075,40.6367,1.0
16.7157931150869,16.2628,16.7661697147414,18.387,2.0,16.67874,2.0,10.80413,-0.178378,39.9969,1.0
16.7314514154568,17.2092,16.7827196149155,16.0693,2.0,16.67949,2.0,10.03361,-0.42507,42.121,1.0
16.7495725145563,16.1329,16.7997805150226,17.0852,2.0,16.67872,2.0,9.969175,0.152358,40.9817,1.0
16.7661697147414,17.0847,16.8155233142897,15.9961,2.0,16.67929,2.0,9.971778,-0.574557,41.934,1.0
16.7827196149155,16.8945,16.8328486150131,16.9743,2.0,16.6796,2.0,10.25507,0.064756,40.8459,1.0
16.7997805150226,14.9701,16.849504715763,15.3267,2.0,16.67718,2.0,11.71004,0.00765,40.9263,1.0
16.8155233142897,18.2673,16.8660851148888,17.7776,2.0,16.67943,2.0,9.715157,0.491472,41.2821,1.0
16.8328486150131,16.3335,16.8826648155227,15.3626,2.0,16.67894,2.0,11.79814,-0.424745,40.7929,1.0
16.849504715763,16.9458,16.8990042163059,17.4896,2.0,16.67931,2.0,9.84105,-0.026901,39.8226,1.0
16.8660851148888,16.208,16.9153723167256,15.3792,2.0,16.67865,2.0,11.31863,-0.168631,40.3672,1.0
16.8826648155227,17.6854,16.9329639161006,18.9534,2.0,16.68007,2.0,9.449645,-0.215241,39.5385,1.0
16.8990042163059,15.7924,16.9486091164872,14.4874,2.0,16.67882,2.0,10.3094,0.404296,40.7974,1.0
16.9153723167256,16.9635,16.9665297167376,19.6265,2.0,16.67922,2.0,11.36253,-0.692331,39.5019,1.0
16.9329639161006,16.9875,16.9827695162967,14.6434,2.0,16.67965,2.0,10.41964,-0.114157,42.1651,1.0
16.9486091164872,16.4107,16.999246516265,17.5106,2.0,16.67927,2.0,10.3653,0.085772,39.8216,1.0
16.9665297167376,16.4853,17.0161022162065,15.4101,2.0,16.679,2.0,10.85653,-0.274015,40.9218,1.0
16.9827695162967,17.066,17.033171816729,18.6314,2.0,16.67954,2.0,9.048157,0.439978,39.8467,1.0
16.999246516265,16.5158,17.0486217169091,15.6301,2.0,16.67932,2.0,11.14493,-0.043344,41.4127,1.0
17.0161022162065,17.0035,17.0660626171157,15.6273,2.0,16.67977,2.0,9.923615,-0.465502,40.5272,1.0
17.033171816729,16.543,17.0841174172238,18.1838,2.0,16.67957,2.0,10.18882,-0.298135,39.1515,1.0
17.0486217169091,16.4825,17.1003249166533,17.5783,2.0,16.6793,2.0,10.74734,-0.161503,40.7626,1.0
17.0660626171157,16.157,17.1157875163481,15.0902,2.0,16.67858,2.0,10.2775,0.166107,41.8885,1.0
17.0841174172238,17.0002,17.1318227155134,15.0318,2.0,16.67902,2.0,10.25844,-0.503284,40.8215,1.0
17.1003249166533,17.575,17.1495260158554,19.2351,2.0,16.68026,2.0,11.6214,-0.25561,38.8532,1.0
17.1157875163481,15.9532,17.1677548149601,16.7219,2.0,16.67926,2.0,10.27529,0.043013,40.5137,1.0
17.1318227155134,16.9987,17.1824181145057,15.8514,2.0,16.6797,2.0,9.720084,-0.517835,41.283,1.0
17.1495260158554,16.0567,17.1985856136307,16.2319,2.0,16.67884,2.0,11.85691,-0.223998,40.136,1.0
17.1677548149601,17.6024,17.2175330137834,17.6746,2.0,16.68011,2.0,10.23679,-0.492402,40.3114,1.0
17.1824181145057,16.1421,17.234693213366,17.1829,2.0,16.67937,2.0,9.704035,-0.156558,40.3609,1.0
17.1985856136307,16.1726,17.2493233131245,16.043,2.0,16.67868,2.0,11.8011,0.605471,41.4251,1.0
17.2175330137834,16.6565,17.2656617136672,16.2586,2.0,16.67865,2.0,9.611002,-0.418957,41.2954,1.0
17.234693213366,16.6791,17.2823676140979,17.0452,2.0,16.67865,2.0,10.45696,-0.328256,40.8981,1.0
17.2493233131245,17.4861,17.3004408134148,18.5906,2.0,16.67975,2.0,10.27173,-1.482624,41.2637,1.0
17.2656617136672,15.8883,17.316116114147,13.7016,2.0,16.67867,2.0,10.68946,-0.343489,42.3691,1.0
17.2823676140979,16.9889,17.3340937150642,19.2407,2.0,16.67909,2.0,10.53756,0.772149,40.1782,1.0
17.3004408134148,17.1292,17.3492581155151,13.8155,2.0,16.6797,2.0,10.71002,-1.293374,42.4352,1.0
17.316116114147,18.5815,17.3662553150207,17.9994,2.0,16.68228,2.0,9.942689,0.356807,39.1222,1.0
17.3340937150642,14.8176,17.3838445153087,17.9558,2.0,16.67976,2.0,11.21555,-0.606314,38.5248,1.0
17.3492581155151,16.4406,17.400395816192,15.0877,2.0,16.67944,2.0,8.890474,-0.359885,41.6789,1.0
17.3662553150207,18.6264,17.4174940157682,17.2021,2.0,16.68206,2.0,11.40589,-0.6832,40.3256,1.0
17.3838445153087,14.4534,17.4335376154631,17.4242,2.0,16.67906,2.0,9.536514,-0.622301,38.9019,1.0
17.400395816192,17.3979,17.4494695160538,15.8282,2.0,16.68003,2.0,11.88319,-0.385196,41.8731,1.0
17.4174940157682,15.8461,17.4665211159736,15.7267,2.0,16.67891,2.0,10.7707,0.619632,40.3032,1.0
17.4335376154631,17.0043,17.4836386162788,18.0926,2.0,16.67934,2.0,10.8169,-0.176577,40.1526,1.0
17.4494695160538,16.5459,17.4987815162167,14.4872,2.0,16.67916,2.0,11.7032,-1.443217,41.2736,1.0
17.4665211159736,16.9976,17.5165870161727,18.432,2.0,16.67959,2.0,10.28287,0.476634,39.2151,1.0
17.4836386162788,16.5014,17.5336108161137,15.9857,2.0,16.67935,2.0,9.308877,0.548217,40.6496,1.0
17.4987815162167,16.3286,17.550417416729,18.1002,2.0,16.67888,2.0,9.934017,0.396578,40.1345,1.0
17.5165870161727,16.6243,17.5657043168321,15.539,2.0,16.67881,2.0,10.87927,0.054315,41.9065,1.0
17.5336108161137,17.4074,17.5832547163591,15.9251,2.0,16.67978,2.0,9.396683,-0.233473,40.8212,1.0
17.550417416729,15.9602,17.6023349156603,19.1445,2.0,16.67882,2.0,9.471422,-0.278943,39.3394,1.0
17.5657043168321,16.8304,17.616681615822,15.7963,2.0,16.67903,2.0,10.88109,-0.449107,42.5239,1.0
17.5832547163591,16.7998,17.6337283151224,15.5819,2.0,16.67919,2.0,9.823773,-0.10713,41.4907,1.0
17.6023349156603,16.7071,17.650795715861,18.4773,2.0,16.67922,2.0,11.21054,-0.749451,40.273,1.0
17.616681615822,16.5752,17.6678677154705,17.3271,2.0,16.67908,2.0,6.193607,-0.905526,42.0432,1.0
17.6337283151224,16.7903,17.6825914150104,12.9806,2.0,16.67923,2.0,6.52163,0.679996,42.7949,1.0
17.650795715861,16.2825,17.7021436141804,19.5649,2.0,16.67871,2.0,7.635851,0.014691,38.9859,1.0
17.6678677154705,17.2653,17.7164478143677,15.1517,2.0,16.67948,2.0,6.785826,-1.144262,42.2685,1.0
17.6825914150104,16.8169,17.7326466152444,16.8751,2.0,16.67966,2.0,7.239904,0.217085,40.1554,1.0
17.7021436141804,16.4395,17.7504543149844,16.3111,2.0,16.67935,2.0,5.607609,-0.44485,40.214,1.0
17.7164478143677,16.9559,17.7673380142078,18.3938,2.0,16.67971,2.0,5.926862,0.235059,40.0854,1.0
17.7326466152444,16.1041,17.7827019141987,14.0634,2.0,16.67896,2.0,8.325215,0.275524,41.5238,1.0
17.7504543149844,17.328,17.8006472149864,19.4267,2.0,16.6798,2.0,5.57155,-0.400041,39.4832,1.0
17.7673380142078,15.8829,17.816514515318,14.1436,2.0,16.67876,2.0,6.263741,-0.55465,41.5827,1.0
17.7827019141987,16.5627,17.8335885154083,17.9528,2.0,16.67861,2.0,5.224776,-1.185164,39.8441,1.0
17.8006472149864,17.3756,17.8503307150677,17.5133,2.0,16.67952,2.0,5.873941,0.151904,41.2348,1.0
17.816514515318,16.3264,17.8665929147974,14.6239,2.0,16.67906,2.0,6.23155,0.485547,41.3728,1.0
17.8335885154083,17.0311,17.8838070156053,18.5726,2.0,16.67952,2.0,5.627864,-0.165319,39.6708,1.0
17.8503307150677,15.9622,17.9003661153838,17.0861,2.0,16.67859,2.0,7.254696,-0.817836,41.2131,1.0
17.8665929147974,18.4626,17.9168706154451,14.775,2.0,16.6809,2.0,6.096953,1.526175,42.337,1.0
17.8838070156053,15.7497,17.9339721156284,18.6853,2.0,16.67969,2.0,5.206519,0.373112,38.6499,1.0
17.9003661153838,16.0392,17.9502938156947,16.4586,2.0,16.67887,2.0,7.937636,-0.300637,41.5852,1.0
17.9168706154451,17.0487,17.966733715497,14.6941,2.0,16.67934,2.0,6.755425,0.046525,42.0056,1.0
17.9339721156284,16.5072,17.9836149150506,18.0911,2.0,16.67912,2.0,5.017088,-1.599481,39.6436,1.0
17.9502938156947,16.807,18.0004194146022,17.3918,2.0,16.67929,2.0,5.556037,-0.268987,41.2351,1.0
17.966733715497,16.9843,18.0165061140433,14.3905,2.0,16.67968,2.0,5.913475,-0.93378,41.8201,1.0
17.9836149150506,15.9886,18.0343603147194,19.3514,2.0,16.67879,2.0,5.844781,-0.085593,39.2265,1.0
18.0004194146022,16.6851,18.0513973152265,17.4029,2.0,16.6788,2.0,9.050787,-0.743164,42.5824,1.0
18.0165061140433,16.9037,18.0667201150209,13.2865,2.0,16.67909,2.0,6.50978,-0.874683,43.3079,1.0
18.0343603147194,16.6555,18.0824599154294,17.1325,2.0,16.67906,2.0,8.020393,-0.032902,39.6905,1.0
18.0513973152265,16.7617,18.1005872152746,18.4587,2.0,16.67916,2.0,6.673864,-0.705868,40.1683,1.0
18.0667201150209,16.7038,18.1167089156806,14.4374,2.0,16.67919,2.0,7.575383,0.129366,41.8652,1.0
18.0824599154294,17.1139,18.1327768154442,17.3001,2.0,16.67975,2.0,8.732702,-0.546942,39.5998,1.0
18.1005872152746,16.6742,18.1502717155963,17.5994,2.0,16.67974,2.0,6.895768,-0.21325,39.7863,1.0
18.1167089156806,16.6691,18.1674671154469,15.7502,2.0,16.67973,2.0,16.16953,0.115434,40.7117,1.0
18.1327768154442,16.348,18.1837186161429,17.8652,2.0,16.67931,2.0,5.647542,-0.545719,39.7891,1.0
18.1502717155963,16.7711,18.1994268167764,15.8286,2.0,16.67942,2.0,8.50535,-1.199013,41.3102,1.0
18.1674671154469,16.9846,18.216987516731,16.0878,2.0,16.67981,2.0,7.159466,-0.974905,40.3681,1.0
18.1837186161429,16.0673,18.2346372175962,18.9689,2.0,16.67903,2.0,5.857819,-0.013504,39.4715,1.0
18.1994268167764,16.754,18.2505493182689,16.1316,2.0,16.67913,2.0,7.843413,0.330869,42.3736,1.0
18.216987516731,16.8251,18.2670161183923,15.0756,2.0,16.67931,2.0,7.463805,-0.824293,41.7512,1.0
18.2346372175962,15.9229,18.283798718825,18.005,2.0,16.67836,2.0,8.298904,-0.493015,40.0021,1.0
18.2505493182689,17.6779,18.3003316186368,16.9853,2.0,16.67962,2.0,7.015631,-1.146482,42.0847,1.0
18.2670161183923,16.2325,18.3165960181504,14.3729,2.0,16.67905,2.0,6.650993,-1.304649,41.3842,1.0
18.283798718825,16.1551,18.3338637184352,18.4685,2.0,16.6784,2.0,6.816315,0.058801,39.5328,1.0
18.3003316186368,17.777,18.3507008180022,17.4775,2.0,16.67978,2.0,6.920082,-0.610273,41.8468,1.0
18.3165960181504,17.4755,18.3673431184143,14.7357,2.0,16.68077,2.0,8.832749,0.850401,41.5474,1.0
18.3338637184352,15.3805,18.3846361190081,19.1449,2.0,16.67915,2.0,7.266199,-0.330945,38.8001,1.0
18.3507008180022,16.5747,18.3995141191408,14.0816,2.0,16.67901,2.0,6.351373,0.001909,42.5723,1.0
18.3673431184143,16.5932,18.4177803182974,17.1531,2.0,16.67891,2.0,7.380099,-1.164397,40.0789,1.0
18.3846361190081,17.053,18.4324650187045,16.2534,2.0,16.67937,2.0,5.498045,-1.285457,40.6392,1.0
18.3995141191408,17.0142,18.4503356181085,17.4407,2.0,16.67979,2.0,8.382591,-0.947754,39.7964,1.0
18.4324650187045,16.2093,18.4671444185078,15.7473,2.0,16.67921,2.0,5.627797,0.388693,40.2675,1.0
18.4324650187045,16.9172,18.4841241184622,18.29,1.0,16.6795,2.0,8.421957,-1.271044,39.8051,1.0
18.4503356181085,16.6871,18.4996966188774,14.1854,2.0,16.67951,2.0,7.685654,-0.912481,41.1776,1.0
18.4671444185078,17.1654,18.5169539181516,19.2642,2.0,16.68011,2.0,7.013407,0.421694,38.6768,1.0
18.4841241184622,16.1637,18.5339798172936,15.2319,2.0,16.67947,2.0,6.661744,0.259706,40.775,1.0
18.4996966188774,16.9201,18.5514199165627,18.5125,2.0,16.67977,2.0,7.811681,-0.40511,39.8394,1.0
18.5169539181516,15.7346,18.5665113162249,15.4633,2.0,16.6786,2.0,6.169606,-0.564253,41.437,1.0
18.5339798172936,17.3919,18.5837735161185,15.4956,2.0,16.67948,2.0,9.129994,0.256904,41.1585,1.0
18.5514199165627,16.5956,18.6004380155355,18.0558,2.0,16.67938,2.0,5.81651,0.580161,39.2697,1.0
18.5665113162249,17.0441,18.6168344151229,16.5584,2.0,16.67983,2.0,6.645453,-0.650256,40.7307,1.0
18.5837735161185,16.6455,18.6333659142256,14.9284,2.0,16.67979,2.0,8.226596,-0.305426,40.2454,1.0
18.6004380155355,16.8501,18.6503662150353,18.625,2.0,16.68,2.0,8.113139,0.041771,38.5283,1.0
18.6168344151229,16.4646,18.6674354150891,16.9648,2.0,16.67973,2.0,9.596356,0.222158,40.2696,1.0
18.6333659142256,16.7917,18.6840557157993,16.7877,2.0,16.67987,2.0,8.835526,-0.802855,40.804,1.0
18.6503662150353,16.2246,18.7013414166868,15.8841,2.0,16.67931,2.0,10.17293,-0.881885,40.8,1.0
18.6674354150891,16.9822,18.7165096169338,16.1405,2.0,16.67968,2.0,10.19214,-0.046442,40.46,1.0
18.6840557157993,16.1731,18.7349834172055,17.3299,2.0,16.67907,2.0,10.97225,-0.054648,39.6183,1.0
18.7013414166868,16.7981,18.7505738176405,16.6715,2.0,16.67921,2.0,10.67589,0.021393,40.7757,1.0
18.7165096169338,16.2013,18.7675368171185,15.7926,2.0,16.67863,2.0,11.44284,-0.634393,40.6493,1.0
18.7349834172055,17.6772,18.7840878162533,17.9166,2.0,16.67984,2.0,11.11565,-0.257879,40.233,1.0
18.7505738176405,16.1494,18.800619315356,17.0465,2.0,16.6792,2.0,10.12531,0.067937,40.4807,1.0
18.7675368171185,17.0326,18.8174365162849,14.9916,2.0,16.67963,2.0,9.775393,-1.132547,41.3772,1.0
18.7840878162533,15.8647,18.8351454157382,19.4141,2.0,16.67864,2.0,10.43848,-0.800595,39.337,1.0
18.800619315356,16.9427,18.8506840160117,15.3061,2.0,16.67896,2.0,11.32036,-0.261678,42.8865,1.0
18.8174365162849,16.8935,18.8689428167418,17.1636,2.0,16.67922,2.0,9.404247,-0.932847,41.2504,1.0
18.8351454157382,16.387,18.8858451163396,16.5476,2.0,16.67887,2.0,8.320495,0.053994,41.5203,1.0
18.8506840160117,16.8205,18.9014758160338,16.1203,2.0,16.67904,2.0,11.97878,1.064653,41.6811,1.0
18.8689428167418,16.451,18.9183363160118,16.34,2.0,16.67876,2.0,10.46315,-0.019764,40.9817,1.0
18.8858451163396,16.8701,18.9336107159033,16.808,2.0,16.67899,2.0,11.08251,-0.010385,40.8709,1.0
18.9014758160338,17.5361,18.9513123156503,17.1478,2.0,16.68002,2.0,10.47735,-0.612735,40.8088,1.0
18.9183363160118,16.3426,18.9675030158833,16.3166,2.0,16.67962,2.0,8.386964,-0.718726,40.4217,1.0
18.9336107159033,16.5862,18.9839922161773,15.4058,2.0,16.6795,2.0,9.244285,-0.351617,40.3952,1.0
18.9513123156503,16.9094,19.0006024157628,18.1081,2.0,16.67978,2.0,9.874935,-0.285968,39.215,1.0
18.9675030158833,16.0285,19.0174018153921,15.4153,2.0,16.679,2.0,10.56623,-0.069596,40.4145,1.0
18.9839922161773,16.8251,19.0337236160412,17.9779,2.0,16.67918,2.0,10.60562,-0.24198,39.8009,1.0
19.0006024157628,16.422,19.0512728160247,16.0464,2.0,16.67887,2.0,10.14697,-0.075763,40.9547,1.0
19.0174018153921,17.5664,19.0675163166597,17.1784,2.0,16.67993,2.0,10.549,-0.145032,40.5791,1.0
19.0337236160412,15.8235,19.0849079163745,17.895,2.0,16.67891,2.0,11.27068,-0.313392,40.1878,1.0
19.0512728160247,16.9352,19.100425616838,13.8801,2.0,16.67921,2.0,11.39436,0.516416,42.2632,1.0
19.0675163166597,16.17,19.1197385163978,19.4179,2.0,16.67861,2.0,10.16453,-0.332721,39.2081,1.0
19.0849079163745,16.8439,19.1343469163403,15.6608,2.0,16.6788,2.0,11.43889,0.470247,42.4558,1.0
19.100425616838,17.2123,19.1505234157667,16.0135,2.0,16.67944,2.0,10.38698,-0.437566,41.2734,1.0
19.1197385163978,16.7447,19.1680558165535,16.5385,2.0,16.67951,2.0,10.81502,-0.936181,40.0746,1.0
19.1343469163403,16.9306,19.1848239162937,18.0667,2.0,16.67981,2.0,10.09565,-1.009418,39.8685,1.0
19.1505234157667,16.1571,19.2007104167715,14.5364,2.0,16.67919,2.0,9.026866,-0.416729,41.005,1.0
19.1680558165535,17.4186,19.2179494174197,18.5232,2.0,16.68006,2.0,11.76808,-0.098165,39.3847,1.0
19.1848239162937,15.9387,19.235609116964,16.47,2.0,16.67919,2.0,10.91202,1.666938,40.4896,1.0
19.2007104167715,17.4448,19.2514734165743,17.3242,2.0,16.68009,2.0,10.61773,0.495187,41.0214,1.0
19.2179494174197,15.9521,19.2677639173344,16.0352,2.0,16.67924,2.0,11.75607,-0.268451,40.9008,1.0
19.235609116964,16.9524,19.2844145176932,15.3392,2.0,16.67956,2.0,10.10416,-0.078512,40.9845,1.0
19.2514734165743,16.303,19.3003557184711,17.0489,2.0,16.67912,2.0,8.247813,0.186209,39.3713,1.0
19.2677639173344,16.7113,19.3178108176216,17.3669,2.0,16.67915,2.0,9.375451,-0.518974,40.1174,1.0
19.2844145176932,16.8535,19.3346853172407,16.0032,2.0,16.67936,2.0,11.58291,-0.741587,40.7733,1.0
19.3003557184711,16.7564,19.3515054164454,17.8756,2.0,16.67945,2.0,9.434591,-0.580236,39.9228,1.0
19.3178108176216,17.7495,19.3674646159634,16.1869,2.0,16.68069,2.0,11.17327,-0.635375,41.0429,1.0
19.3346853172407,15.5299,19.3849745159969,16.0639,2.0,16.67935,2.0,10.58619,0.178588,39.4759,1.0
19.3515054164454,16.4132,19.4017673162743,18.0354,2.0,16.67904,2.0,12.08314,0.047831,40.015,1.0
19.3674646159634,16.2605,19.4177319156006,14.8977,2.0,16.67856,2.0,10.65827,0.766944,41.6368,1.0
19.3849745159969,17.3599,19.4352628150955,18.6333,2.0,16.67935,2.0,10.38441,-0.88672,40.2744,1.0
19.4017673162743,16.6147,19.4504231149331,13.8253,2.0,16.67927,2.0,11.19557,-0.267536,41.5484,1.0
19.4177319156006,16.8587,19.4679447142407,18.6468,2.0,16.67948,2.0,10.16786,-0.239628,38.7591,1.0
19.4352628150955,16.6846,19.4848033143207,15.734,2.0,16.67949,2.0,9.33212,-1.037545,40.5479,1.0
19.4504231149331,16.8118,19.5004825135693,16.9883,2.0,16.67964,2.0,10.86294,-0.022385,39.6019,1.0
19.4679447142407,16.0091,19.5176120130345,17.4535,2.0,16.67887,2.0,11.21233,0.505159,39.7786,1.0
19.4848033143207,17.3304,19.5347158135846,15.528,2.0,16.67962,2.0,9.993045,-0.353052,41.2233,1.0
19.5004825135693,15.9736,19.550574013032,17.1893,2.0,16.6788,2.0,12.22859,0.280675,39.4184,1.0
19.5176120130345,16.813,19.5690778130665,18.9854,2.0,16.67896,2.0,10.22514,-0.09469,40.6373,1.0
19.5347158135846,17.2889,19.5846483130008,13.9188,2.0,16.67966,2.0,10.78325,0.341088,42.8102,1.0
19.550574013032,16.1765,19.6011030133814,17.7543,2.0,16.67908,2.0,10.47052,-0.767367,39.4352,1.0
19.5690778130665,16.9386,19.6179429125041,16.8355,2.0,16.67938,2.0,9.38409,-0.329375,41.0184,1.0
19.5846483130008,16.9132,19.6353073120117,15.8475,2.0,16.67965,2.0,11.44711,-0.089856,40.9154,1.0
19.6011030133814,16.5609,19.6522955112159,18.5404,2.0,16.67951,2.0,9.480567,-0.49751,39.85,1.0
19.6179429125041,16.4254,19.6678853109479,15.4438,2.0,16.67922,2.0,10.76118,-0.708981,41.8299,1.0
19.6353073120117,17.2635,19.6848792117089,15.5369,2.0,16.67989,2.0,10.24516,-0.764838,40.8489,1.0
19.6522955112159,16.9964,19.7006462123245,16.7277,2.0,16.68025,2.0,10.88351,0.037836,39.1223,1.0
19.6678853109479,15.4828,19.7186602130532,17.149,2.0,16.67889,2.0,10.51108,-0.281305,38.8439,1.0
19.6848792117089,17.3595,19.7354085128754,16.7915,2.0,16.67966,2.0,11.94584,-0.287046,40.5203,1.0
19.7006462123245,16.1075,19.7515789121389,17.5494,2.0,16.67901,2.0,10.23276,-0.698357,39.953,1.0
19.7186602130532,18.3015,19.7684830129147,17.2734,2.0,16.68085,2.0,11.27711,-0.88544,41.395,1.0
19.7354085128754,15.3909,19.7845655120909,14.3329,2.0,16.67939,1.0,9.640946,-0.229737,40.3665,1.0
19.7684830129147,30.4967,19.8024505116045,17.9102,2.0,16.69502,1.0,9.913457,-1.13486,39.3091,1.0
19.7845655120909,11.2938,19.8180395113304,16.9468,1.0,16.68892,2.0,10.95884,-0.944778,26.7231,1.0
19.7845655120909,8.1813,19.8354487111792,16.0492,1.0,16.67931,2.0,10.96654,-0.643734,32.3762,1.0
19.8024505116045,15.9125,19.8517269110307,17.6515,2.0,16.67845,2.0,9.85276,-0.49649,40.2438,1.0
19.8180395113304,17.4571,19.8689233111218,17.4779,2.0,16.67933,2.0,11.89298,-0.848402,41.9833,1.0
19.8354487111792,17.0376,19.8847489105538,14.1306,2.0,16.67973,2.0,11.24163,-0.565338,42.0047,1.0
19.8517269110307,16.0204,19.9014907097444,18.0344,2.0,16.67899,2.0,10.76439,0.422894,39.0984,1.0
19.8689233111218,16.2585,19.9178102100268,16.7937,2.0,16.67852,2.0,11.8139,-0.809478,41.112,1.0
19.8847489105538,16.941,19.9354588100687,15.917,2.0,16.67881,2.0,10.81004,0.252814,41.6478,1.0
19.9014907097444,16.7587,19.9524187101051,18.8476,2.0,16.6789,2.0,10.20831,-0.508405,40.6239,1.0
19.9178102100268,17.2076,19.9686517110094,15.7798,2.0,16.67949,2.0,10.68838,-0.017761,42.7132,1.0
19.9354588100687,16.3397,19.9852661108598,15.0459,2.0,16.67911,2.0,10.68999,-0.593923,41.2866,1.0
19.9524187101051,16.6082,20.001857011579,16.6547,2.0,16.67903,2.0,10.8653,-0.564836,39.9933,1.0
19.9686517110094,16.5261,20.0178771121427,17.089,2.0,16.67886,2.0,10.07316,-0.673243,40.0397,1.0
19.9852661108598,16.9445,20.0367665113881,17.7993,2.0,16.67916,2.0,9.846023,-0.193166,40.603,1.0
20.001857011579,17.1513,20.0527699114755,17.4218,2.0,16.67968,2.0,10.62914,-0.127044,41.4581,1.0
20.0178771121427,16.1745,20.0690342122689,14.867,2.0,16.67912,2.0,11.93404,-0.679916,41.7289,1.0
20.0367665113881,17.2956,20.0858863117173,18.1796,2.0,16.67981,2.0,10.71247,0.057037,40.4216,1.0
20.0527699114755,15.669,20.1018092120066,14.6826,2.0,16.67868,2.0,10.41184,-0.3444,41.3064,1.0
20.0690342122689,17.4208,20.1185680115595,18.4232,2.0,16.67951,2.0,11.52802,0.020606,40.3199,1.0
20.0858863117173,16.3128,20.1358117116615,17.1452,2.0,16.6791,2.0,10.72446,-0.242638,41.3228,1.0
20.1018092120066,17.2533,20.1526242112741,15.1307,2.0,16.67974,2.0,11.3734,-0.17508,42.1553,1.0
20.1185680115595,16.0675,20.1695526121184,18.6115,2.0,16.67906,2.0,10.15529,-1.045574,40.0327,1.0
20.1358117116615,16.651,20.1858063125983,16.0079,2.0,16.67903,2.0,11.25694,0.273998,42.5772,1.0
20.1526242112741,16.8111,20.2023322125897,16.4743,2.0,16.67917,2.0,10.11008,-0.561874,41.9342,1.0
20.1695526121184,16.7604,20.2173369126394,13.5742,2.0,16.67926,2.0,9.691974,-0.046875,41.598,1.0
20.1858063125983,16.8656,20.2356078131124,19.8242,2.0,16.67947,2.0,12.191,-0.116787,38.4118,1.0
20.2023322125897,16.3121,20.251439913176,14.2996,2.0,16.67907,2.0,9.571174,0.289142,41.3711,1.0
20.2173369126394,17.8433,20.2695531127974,19.7062,2.0,16.68034,2.0,10.35658,-0.344155,39.3581,1.0
20.2356078131124,15.582,20.2869444126263,15.993,2.0,16.67914,2.0,11.34279,-0.576309,41.2215,1.0
20.251439913176,16.7025,20.3016580129042,15.948,2.0,16.67916,2.0,10.26006,-0.633309,41.6326,1.0
20.2695531127974,16.6383,20.3185821129009,17.3393,2.0,16.67912,2.0,9.911155,-0.231551,40.8787,1.0
20.2869444126263,16.9283,20.335860713385,15.4812,2.0,16.67939,2.0,11.72161,-0.587552,41.5799,1.0
20.3016580129042,16.0975,20.352546912618,18.0795,2.0,16.67876,2.0,11.78521,0.052347,40.1333,1.0
20.3185821129009,18.1032,20.3685204135254,16.3023,2.0,16.68031,2.0,10.36205,0.328873,42.1149,1.0
20.335860713385,15.7112,20.3857400128618,15.5594,2.0,16.67925,2.0,11.63335,0.133491,40.3145,1.0
20.352546912618,16.8359,20.4015430128202,17.0035,2.0,16.67942,2.0,10.52645,0.154293,40.1634,1.0
20.3685204135254,16.1658,20.4194232122973,16.5196,2.0,16.67887,2.0,11.28503,-0.959034,40.331,1.0
20.3857400128618,16.9968,20.4360088119283,18.0675,2.0,16.67921,2.0,9.724309,0.103315,40.685,1.0
20.4015430128202,17.6603,20.452496512793,15.1638,2.0,16.68027,2.0,9.405107,-0.699313,41.7567,1.0
20.4194232122973,16.4441,20.4698823122308,17.505,2.0,16.68002,2.0,10.95933,-0.311875,39.26,1.0
20.4360088119283,16.1332,20.4854598119855,16.7366,2.0,16.67943,2.0,11.12459,-0.003397,40.321,1.0
20.452496512793,16.8589,20.5024844128639,16.7623,2.0,16.67962,2.0,9.910713,-0.100692,40.9246,1.0
20.4698823122308,16.3292,20.5191145129502,15.549,2.0,16.67924,2.0,11.77717,-0.063227,40.8288,1.0
20.4854598119855,16.4766,20.5361875128001,17.1484,2.0,16.67903,2.0,10.3452,0.452326,40.0491,1.0
20.5024844128639,17.0458,20.5516900131479,16.819,2.0,16.67942,2.0,9.665692,0.28924,40.7203,1.0
20.5191145129502,16.1379,20.5684496136382,15.359,2.0,16.67884,2.0,11.35953,-0.065681,40.4944,1.0
20.5361875128001,17.6669,20.5860195131972,19.2366,2.0,16.6799,2.0,10.06057,0.421569,39.7157,1.0
20.5516900131479,15.9227,20.6014578128234,13.8228,2.0,16.67909,2.0,9.51366,-0.393684,41.2856,1.0
20.5684496136382,16.966,20.6194158131257,19.4579,2.0,16.6794,2.0,11.14138,-1.234165,39.1856,1.0
20.5860195131972,16.4281,20.6360248131678,17.2015,2.0,16.67913,2.0,10.11783,2.051988,41.678,1.0
20.6014578128234,17.5152,20.6526607135311,14.9252,2.0,16.68002,2.0,9.478384,0.32183,42.4519,1.0
20.6194158131257,15.9588,20.6688392134383,17.3496,2.0,16.67925,2.0,11.75216,0.324983,39.862,1.0
20.6360248131678,16.171,20.6854366129264,17.004,2.0,16.67871,2.0,11.13621,-0.753664,41.2534,1.0
20.6526607135311,17.6236,20.702378812246,14.9532,2.0,16.67971,2.0,9.21967,-0.783943,42.0861,1.0
20.6688392134383,16.1822,20.7185255130753,17.5518,2.0,16.67918,2.0,9.681617,-0.396003,39.417,1.0
20.6854366129264,16.513,20.7361251125112,16.1807,2.0,16.67901,2.0,10.85926,-0.058219,40.7864,1.0
20.702378812246,16.7317,20.7543057119474,18.1518,2.0,16.67906,2.0,10.53594,-0.472537,40.4546,1.0
20.7185255130753,16.8303,20.7688711117953,16.0387,2.0,16.67922,2.0,10.8248,-1.024408,41.8746,1.0
20.7361251125112,16.4362,20.7856362126768,16.9417,2.0,16.67897,2.0,10.41082,0.059547,41.0831,1.0
20.7543057119474,17.1159,20.8027770128101,15.625,2.0,16.67943,2.0,9.989237,-0.77781,41.5891,1.0
20.7688711117953,16.3649,20.819294212386,18.062,2.0,16.6791,2.0,11.87701,-0.407465,40.0982,1.0
20.7856362126768,17.203,20.8361684121192,15.3088,2.0,16.67965,2.0,11.31905,-0.734247,41.7958,1.0
20.8027770128101,16.388,20.8528284113854,18.4798,2.0,16.67934,2.0,11.36021,-0.369348,39.902,1.0
20.819294212386,16.2478,20.868298811838,13.8375,2.0,16.67889,2.0,10.92227,0.293032,41.9933,1.0
20.8361684121192,17.1529,20.8866209127009,19.1957,2.0,16.67939,2.0,11.69905,-1.033231,39.584,1.0
20.8528284113854,16.2189,20.9026957135648,16.7114,2.0,16.6789,2.0,10.90575,-0.659395,41.6273,1.0
20.868298811838,17.2085,20.92063251324,16.4085,2.0,16.67946,2.0,10.05537,-0.44773,42.1196,1.0
20.8866209127009,16.2951,20.936316812411,17.2751,2.0,16.67905,2.0,10.93243,0.248345,41.3201,1.0
20.9026957135648,16.81,20.9523596130311,14.3366,2.0,16.67919,2.0,10.7198,0.338829,42.3004,1.0
20.92063251324,16.4156,20.9686380121857,18.1359,2.0,16.67892,2.0,10.75963,-0.523079,39.8271,1.0
20.936316812411,17.3589,20.9866331126541,17.6094,2.0,16.67963,2.0,10.32586,-0.899499,41.548,1.0
20.9523596130311,16.3359,21.0024963133037,14.3505,2.0,16.67927,2.0,11.00717,0.009783,41.7811,1.0
20.9686380121857,16.6194,21.0199291128665,17.459,2.0,16.67921,2.0,9.547479,0.31225,39.8139,1.0
20.9866331126541,16.7585,21.0363046135753,16.5117,2.0,16.67929,2.0,11.836,-0.160597,40.6534,1.0
21.0024963133037,16.7572,21.0545852128416,18.3126,2.0,16.67937,2.0,11.01702,-0.237119,40.4071,1.0
21.0199291128665,16.5338,21.070773312822,17.7103,2.0,16.67922,2.0,11.43385,-0.213137,41.9626,1.0
21.0363046135753,17.3334,21.0858329124749,13.6673,2.0,16.6799,2.0,9.547897,0.035951,43.1394,1.0
21.0545852128416,16.0493,21.1024256125093,17.9442,2.0,16.67924,2.0,9.704319,0.425288,39.4733,1.0
21.070773312822,16.7278,21.119302611798,16.7956,2.0,16.67929,2.0,10.06434,-0.539844,41.3687,1.0
21.0858329124749,16.806,21.1373529117554,17.076,2.0,16.67942,2.0,9.673249,-0.246887,41.4369,1.0
21.1024256125093,16.4367,21.1526203118265,16.3203,2.0,16.67917,2.0,10.07721,-0.735452,41.7067,1.0
21.119302611798,16.9122,21.1707540117204,16.5543,2.0,16.67941,2.0,9.297144,0.024794,41.5911,1.0
21.1373529117554,16.2022,21.1872245110571,16.4139,2.0,16.67892,2.0,11.83429,0.279804,41.2181,1.0
21.1526203118265,17.0986,21.2026498112828,16.7342,2.0,16.67936,2.0,10.56165,-0.362688,41.4445,1.0
21.1707540117204,16.5644,21.2192274108529,15.2402,2.0,16.67924,2.0,12.09081,0.343508,41.0814,1.0
21.1872245110571,16.8778,21.236174210906,18.5175,2.0,16.67944,2.0,9.691496,-0.8374,39.757,1.0
21.2026498112828,16.5533,21.2526691108942,14.7494,2.0,16.67931,2.0,10.93369,1.135156,41.3975,1.0
21.2192274108529,16.7822,21.2695688102394,18.895,2.0,16.67942,2.0,10.61199,0.132996,39.5938,1.0
21.236174210906,16.015,21.2864340096712,16.5714,2.0,16.67873,2.0,8.9996,-0.508584,41.7074,1.0
21.2526691108942,17.1146,21.3027678094804,14.8307,2.0,16.67918,2.0,12.03494,-1.316012,42.2636,1.0
21.2695688102394,16.8006,21.3197270091623,18.5508,2.0,16.67931,2.0,8.460504,0.546565,39.9803,1.0
21.2864340096712,16.558,21.3364025093615,17.0586,2.0,16.67918,2.0,9.823184,-0.552514,41.7306,1.0
21.3027678094804,17.2106,21.3533170092851,14.9105,2.0,16.67973,2.0,11.89221,-0.659762,42.2313,1.0
21.3197270091623,16.1597,21.3702344093472,18.248,2.0,16.67919,2.0,11.41883,-0.938427,39.9316,1.0
21.3364025093615,17.4909,21.3856045091525,15.5009,2.0,16.68002,2.0,9.065814,-0.685073,42.0201,1.0
21.3533170092851,16.0777,21.4023241093382,15.1594,2.0,16.67941,2.0,11.79606,-0.266208,40.0308,1.0
21.3702344093472,15.4212,21.4195347102359,18.6053,2.0,16.67813,2.0,10.54993,-1.213626,39.1121,1.0
21.3856045091525,17.5915,21.4367109099403,17.4445,2.0,16.67906,2.0,10.94867,-0.844586,42.2966,1.0
21.4023241093382,16.6209,21.4523337101564,13.9077,2.0,16.679,2.0,11.88821,-0.52939,42.1503,1.0
21.4195347102359,16.2303,21.4702542098239,19.3176,2.0,16.67854,2.0,9.969726,-0.803538,39.4372,1.0
21.4367109099403,17.1429,21.4853932093829,15.3995,2.0,16.67901,2.0,10.90409,-0.199062,42.5253,1.0
21.4523337101564,16.6618,21.5041074100882,17.3817,2.0,16.679,2.0,12.21639,-0.029471,40.7819,1.0
21.4702542098239,16.309,21.5196993099526,16.863,2.0,16.67862,2.0,10.78054,-0.593836,41.5017,1.0
21.4853932093829,16.9252,21.5368494102731,17.2341,2.0,16.67887,2.0,11.70586,-0.560373,42.0564,1.0
21.5041074100882,16.8712,21.5526795098558,15.8796,2.0,16.67906,2.0,11.52977,-1.085573,42.3655,1.0
21.5196993099526,16.3384,21.5696599101648,15.2974,2.0,16.67872,2.0,9.877336,1.317345,41.3738,1.0
21.5368494102731,16.7646,21.5864243106917,18.2682,2.0,16.67881,2.0,10.60127,-0.891017,40.3336,1.0
21.5526795098558,16.6806,21.6033694101498,15.4166,2.0,16.67881,2.0,11.93137,-0.079727,41.8375,1.0
21.5696599101648,16.7951,21.6202630093321,16.9745,2.0,16.67893,2.0,11.31476,-0.148257,40.5738,1.0
21.5864243106917,16.9916,21.6367839099839,17.9509,2.0,16.67924,2.0,9.972017,0.025296,40.7538,1.0
21.6033694101498,16.566,21.6526827095076,14.4338,2.0,16.67913,2.0,10.61893,-0.341725,41.7132,1.0
21.6202630093321,16.7144,21.6704723099247,19.3805,2.0,16.67916,2.0,10.01896,-1.325957,39.5813,1.0
21.6367839099839,16.7263,21.6863247090951,14.4561,2.0,16.67921,2.0,10.1154,0.114504,42.2476,1.0
21.6526827095076,16.8502,21.7030634088442,17.6629,2.0,16.67938,2.0,11.34243,0.03031,39.9782,1.0
21.6704723099247,16.3899,21.7198829082772,17.1611,2.0,16.67909,2.0,9.842857,-0.088007,40.7906,1.0
21.6863247090951,17.0106,21.7368719084188,15.4575,2.0,16.67942,2.0,11.1627,0.2104,41.5624,1.0
21.7030634088442,17.0215,21.7529631080106,16.1463,2.0,16.67976,2.0,11.16139,-0.723098,40.0096,1.0
21.7198829082772,16.0997,21.7702853074297,18.7082,2.0,16.67919,2.0,9.456407,-0.008778,39.1346,1.0
21.7368719084188,16.2616,21.7862347075716,14.6541,2.0,16.67877,2.0,10.0669,-0.019704,41.7435,1.0
21.7529631080106,17.3624,21.8024662071839,17.3288,2.0,16.67945,2.0,9.662498,-0.133842,40.1362,1.0
21.7702853074297,15.9274,21.8202946064994,18.4947,2.0,16.6787,2.0,10.34128,-0.245756,40.1026,1.0
21.7862347075716,16.8218,21.8369847061113,14.8835,2.0,16.67884,2.0,10.0532,-0.573907,42.6706,1.0
21.8024662071839,16.9349,21.8535624062642,18.0626,2.0,16.6791,2.0,11.40684,-0.876372,40.7324,1.0
21.8202946064994,16.8368,21.870119006373,16.6347,2.0,16.67925,2.0,10.30766,0.064108,41.8602,1.0
21.8369847061113,16.8288,21.8854062063619,13.7011,2.0,16.6794,2.0,11.62821,-1.040811,41.6588,1.0
21.8535624062642,16.3671,21.9043156066909,18.8396,2.0,16.67909,2.0,10.81627,0.233939,38.5311,1.0
21.870119006373,16.7362,21.9196091070771,16.3562,2.0,16.67915,2.0,12.11789,-0.218235,41.0042,1.0
21.8854062063619,16.5364,21.9369005076587,16.2767,2.0,16.67901,2.0,9.843411,-0.394039,40.6247,1.0
21.9043156066909,16.8161,21.9548496082425,19.7395,2.0,16.67914,2.0,12.03786,-0.250182,40.365,1.0
21.9196091070771,16.9584,21.9704094082117,15.4971,2.0,16.67942,2.0,9.086735,0.098603,43.2881,1.0
21.9369005076587,16.5343,21.9870605077595,14.8846,2.0,16.67928,2.0,11.12824,-1.179662,41.8276,1.0
21.9548496082425,16.5862,22.0053133070469,18.3661,2.0,16.67919,2.0,10.31108,-0.406737,40.1783,1.0
21.9704094082117,16.7911,22.0201390068978,16.2045,2.0,16.67929,2.0,11.5814,-0.674739,41.9582,1.0
21.9870605077595,15.9201,22.0369574073702,17.0669,2.0,16.67855,2.0,9.625662,0.570981,41.372,1.0
22.0053133070469,16.7674,22.0536210071295,15.1137,2.0,16.67864,2.0,10.67824,-0.635143,42.5191,1.0
22.0201390068978,17.1432,22.0703835077584,17.8542,2.0,16.67909,2.0,11.73634,-1.307503,40.865,1.0
22.0369574073702,16.5282,22.0868234075606,15.1106,2.0,16.67894,2.0,10.23032,-0.234362,41.577,1.0
22.0536210071295,17.1835,22.1043506078422,19.0694,2.0,16.67944,2.0,9.330443,1.30744,40.1596,1.0
22.0703835077584,16.0143,22.120629908517,16.6075,2.0,16.67879,2.0,10.922,-0.775802,42.0463,1.0
22.0868234075606,17.1592,22.1371554080397,14.5911,2.0,16.67926,2.0,12.57086,-1.259711,42.6392,1.0
22.1043506078422,16.7947,22.1538799088448,16.7713,2.0,16.67937,2.0,10.01296,1.013117,40.0521,1.0
22.120629908517,16.7451,22.1707984097302,17.0318,2.0,16.67943,2.0,9.977202,-0.087962,40.0083,1.0
22.1371554080397,16.7969,22.1870639100671,17.4859,2.0,16.67955,2.0,10.80441,-0.565411,40.3422,1.0
22.1538799088448,16.2562,22.2045122105628,17.7493,2.0,16.67914,2.0,11.25308,-0.89866,41.0316,1.0
22.1707984097302,16.9792,22.2204123102129,14.5252,2.0,16.67943,2.0,10.26946,-0.870309,42.5247,1.0
22.1870639100671,16.6581,22.2371047101915,18.0538,2.0,16.67941,2.0,9.766511,0.424019,40.0712,1.0
22.2045122105628,16.3018,22.2533918097615,14.7218,2.0,16.67904,2.0,10.40006,-0.476175,41.467,1.0
22.2204123102129,16.5478,22.270469808951,18.6642,2.0,16.67891,2.0,10.82111,0.82042,39.8737,1.0
22.2371047101915,17.0832,22.2868279088289,14.953,2.0,16.6793,2.0,10.44888,-0.703562,42.0046,1.0
22.2533918097615,16.8491,22.3039917089045,18.577,2.0,16.67947,2.0,8.529375,-0.35192,39.8747,1.0
22.270469808951,16.624,22.3195614088327,13.9989,2.0,16.67941,2.0,11.51688,-0.917055,41.6032,1.0
22.2868279088289,16.9033,22.3372349087149,18.8153,2.0,16.67963,2.0,8.963062,0.427782,38.9782,1.0
22.3039917089045,16.1161,22.3541021086276,15.7073,2.0,16.67909,2.0,11.83152,-0.266777,40.8906,1.0
22.3195614088327,18.4702,22.3707500081509,18.0933,2.0,16.68081,2.0,10.50986,0.209796,40.4819,1.0
22.3372349087149,15.3907,22.387524407357,17.2367,2.0,16.67957,2.0,9.236418,-0.55131,40.0906,1.0
22.3541021086276,16.4298,22.4035891070962,14.201,2.0,16.67933,2.0,10.82518,-0.210352,41.9518,1.0
22.3707500081509,16.1849,22.4202417079359,17.8177,2.0,16.67886,2.0,10.3053,0.228184,39.7079,1.0
22.387524407357,16.58,22.4372442085296,17.1847,2.0,16.67876,2.0,9.56351,-1.304206,41.3565,1.0
22.4035891070962,17.0055,22.453917408362,15.2437,2.0,16.67908,2.0,10.41335,-0.175658,41.9618,1.0
22.4202417079359,17.255,22.4704780075699,17.998,2.0,16.67963,2.0,11.36642,0.166459,40.1924,1.0
22.4372442085296,16.3913,22.4877543076873,15.8678,2.0,16.67935,2.0,9.957506,0.318448,40.9435,1.0
22.453917408362,16.8555,22.5047755073756,17.0521,2.0,16.67952,2.0,12.15036,-1.109733,40.4205,1.0
22.4704780075699,16.8702,22.5205314066261,15.8246,2.0,16.6797,2.0,10.39994,-0.264957,40.6172,1.0
22.4877543076873,15.6969,22.5386722069234,18.2939,2.0,16.67876,2.0,11.09385,0.473318,39.5718,1.0
22.5047755073756,16.9115,22.553227506578,15.9318,2.0,16.67899,2.0,9.673933,-0.204167,42.1689,1.0
22.5205314066261,17.5348,22.5696016065776,14.7826,2.0,16.6798,2.0,10.81226,0.154011,41.1893,1.0
22.5386722069234,15.7188,22.5865661073476,18.2938,2.0,16.67889,2.0,11.57008,0.528126,38.4377,1.0
22.553227506578,17.4227,22.6037829071283,17.2215,2.0,16.67959,2.0,9.105367,0.954194,41.0132,1.0
22.5696016065776,16.1231,22.6204342078418,15.2567,2.0,16.67907,2.0,9.983789,-1.000814,40.8124,1.0
22.5865661073476,16.8053,22.6366532072425,17.5896,2.0,16.67919,2.0,11.08877,0.269805,39.9463,1.0
22.6037829071283,15.2722,22.6538063064218,15.8289,2.0,16.67785,2.0,9.289306,-0.475057,40.7308,1.0
22.6204342078418,18.2473,22.6704774070531,18.1322,2.0,16.67934,2.0,8.640114,-1.008203,41.288,1.0
22.6366532072425,17.039,22.6875766068697,15.6656,2.0,16.67968,2.0,12.34179,0.156588,41.1732,1.0
22.6538063064218,16.3039,22.7034096065909,17.338,2.0,16.67932,2.0,9.457357,0.343633,39.8003,1.0
22.6704774070531,16.9011,22.720523705706,17.3135,2.0,16.67953,2.0,10.9823,-0.920871,40.8345,1.0
22.6875766068697,16.936,22.7377231065184,15.4471,2.0,16.67977,2.0,10.78801,0.235766,41.2467,1.0
22.7034096065909,15.9654,22.7537255063653,17.7877,2.0,16.6791,2.0,11.15867,-0.572945,39.7464,1.0
22.720523705706,16.4896,22.7715308070183,17.3799,2.0,16.67892,2.0,9.442071,-0.076265,41.5741,1.0
22.7377231065184,17.4255,22.7889475077391,16.1266,2.0,16.67962,2.0,12.05913,-0.118825,42.4721,1.0
22.7537255063653,15.8363,22.8042774079368,15.2843,2.0,16.67883,2.0,9.309945,-0.507443,41.1738,1.0
22.7715308070183,17.4749,22.8205473078415,17.7081,2.0,16.67958,2.0,11.84826,0.093671,40.6223,1.0
22.7889475077391,16.1263,22.8379209069535,16.0095,2.0,16.67906,2.0,10.57312,-0.052829,40.8487,1.0
22.8042774079368,16.8197,22.8545887069777,18.0537,2.0,16.67919,2.0,9.741843,-0.311023,40.7386,1.0
22.8205473078415,16.5391,22.8712254064158,15.4232,2.0,16.67906,2.0,11.79923,0.187412,41.9729,1.0
22.8379209069535,17.2902,22.8863722067326,16.2388,2.0,16.67963,2.0,9.905029,-0.169431,40.8578,1.0
22.8545887069777,16.6437,22.9045309070498,16.8594,2.0,16.6796,2.0,9.499723,-0.409052,39.807,1.0
22.8712254064158,16.6037,22.9213098064065,18.1492,2.0,16.67953,2.0,11.40709,-0.286538,40.0227,1.0
22.8863722067326,16.1433,22.9364239061251,15.1429,2.0,16.67903,2.0,9.398131,-0.113816,41.5428,1.0
22.9045309070498,17.1431,22.9543479057029,16.3674,2.0,16.67946,2.0,9.618952,-0.715106,40.5681,1.0
22.9213098064065,16.6137,22.9703088058159,17.3005,2.0,16.6794,2.0,11.57044,0.407496,39.7933,1.0
22.9364239061251,16.645,22.988023606129,18.067,2.0,16.67937,2.0,10.19652,0.850309,40.4802,1.0
22.9543479057029,17.2596,23.0044835070148,14.8252,2.0,16.67991,2.0,9.482306,-0.536447,41.9027,1.0
22.9703088058159,17.0048,23.0207195067778,17.7388,2.0,16.68021,2.0,11.7724,-1.536309,39.4685,1.0
22.988023606129,15.87,23.0372684067115,16.8524,2.0,16.67946,2.0,9.100391,-0.009602,40.2031,1.0
23.0044835070148,17.7582,23.0546792065725,15.8448,2.0,16.68046,2.0,8.375747,-0.56515,41.1857,1.0
23.0207195067778,15.2727,23.0718163074926,18.1791,2.0,16.67915,2.0,11.77261,-1.278791,39.2727,1.0
23.0372684067115,16.9626,23.089080507867,17.7423,2.0,16.67941,2.0,11.3121,-0.392418,42.1796,1.0
23.0546792065725,16.7768,23.1037878077477,13.0539,2.0,16.6795,2.0,9.53545,0.152576,42.9599,1.0
23.0718163074926,16.1675,23.1225417070091,18.6852,2.0,16.67903,2.0,11.78279,-0.285046,39.2372,1.0
23.089080507867,16.9374,23.1392468065023,18.093,2.0,16.67927,2.0,11.16342,-1.253155,41.7549,1.0
23.1037878077477,16.7642,23.1536495061591,14.2303,2.0,16.67935,2.0,10.24302,-0.356089,42.9107,1.0
23.1225417070091,16.406,23.1714386055246,16.5194,2.0,16.6791,2.0,11.17605,0.554082,40.3775,1.0
23.1392468065023,17.1835,23.1882032053545,18.2201,2.0,16.67956,2.0,9.988055,-0.217731,40.4914,1.0
23.1536495061591,16.641,23.2040819050744,14.4842,2.0,16.67953,2.0,10.83879,-0.47199,41.5279,1.0
23.1714386055246,16.4396,23.2216058047488,18.9821,2.0,16.6793,2.0,11.43082,-0.282008,39.3717,1.0
23.1882032053545,16.709,23.2381924046203,15.2532,2.0,16.67933,2.0,9.142231,-0.452063,41.9142,1.0
23.2040819050744,16.8389,23.2547532049939,17.9384,2.0,16.67948,2.0,9.68699,-0.84926,40.4586,1.0
23.2216058047488,16.3796,23.2707140045241,16.1794,2.0,16.6792,2.0,11.29521,-0.335136,41.5587,1.0
23.2381924046203,16.8425,23.2887179041281,16.3663,2.0,16.67935,2.0,9.967563,-0.097909,41.3585,1.0
23.2547532049939,16.596,23.3036885038018,16.0574,2.0,16.67928,2.0,9.66116,-0.122754,40.8827,1.0
23.2707140045241,16.5447,23.3223547041416,19.4097,2.0,16.67915,2.0,11.97044,0.457731,40.3442,1.0
23.2887179041281,16.6828,23.3385791033506,14.3914,2.0,16.67916,2.0,10.18121,-1.420877,43.2093,1.0
23.3036885038018,16.5269,23.3545935042202,16.8905,2.0,16.67902,2.0,9.382854,0.253049,40.9185,1.0
23.3223547041416,17.1872,23.3712736032903,17.0974,2.0,16.67948,2.0,11.32897,-1.776742,41.2529,1.0
23.3385791033506,17.9597,23.3880938030779,15.4203,2.0,16.68065,2.0,8.861777,-0.570248,41.1926,1.0
23.3545935042202,16.3847,23.4047575034201,18.4954,2.0,16.68038,2.0,11.46095,-0.45215,38.6333,1.0
23.3712736032903,15.1666,23.4206293039024,15.5174,2.0,16.679,2.0,10.98984,-0.164061,40.7647,1.0
23.3880938030779,17.2951,23.4384689033031,16.4629,2.0,16.67956,2.0,11.41515,-1.315874,41.1158,1.0
23.4047575034201,16.3483,23.4550204034895,16.9568,2.0,16.67926,2.0,10.65475,-0.669048,40.2841,1.0
23.4206293039024,16.9568,23.4715150035918,17.7011,2.0,16.67951,2.0,11.58956,-0.314519,40.8923,1.0
23.4384689033031,16.3497,23.4877016041428,14.5325,2.0,16.67921,2.0,9.975174,0.443676,41.6295,1.0
23.4550204034895,17.4827,23.5042213033885,18.0366,2.0,16.67994,2.0,12.47515,-1.121908,39.8201,1.0
23.4715150035918,16.6658,23.521228402853,15.6725,2.0,16.67993,2.0,9.887919,-0.556989,40.3748,1.0
23.4877016041428,16.9295,23.537633003667,17.9674,2.0,16.68015,2.0,11.33842,-0.559718,39.3824,1.0
23.5042213033885,15.9237,23.555022103712,17.3499,2.0,16.67947,2.0,9.505608,-0.933505,40.4112,1.0
23.521228402853,17.2332,23.571377504617,15.7804,2.0,16.67997,2.0,10.72289,-1.007101,41.8466,1.0
23.537633003667,16.3784,23.5874336045235,16.6508,2.0,16.6797,2.0,11.90992,-0.657533,40.3943,1.0
23.555022103712,16.2936,23.6050196047872,17.3773,2.0,16.67935,2.0,10.5324,-0.322302,40.6673,1.0
23.571377504617,14.7909,23.6213643047959,14.7656,2.0,16.67765,2.0,10.6524,-0.311915,41.7509,1.0
23.5874336045235,19.5054,23.6384255047888,17.1446,2.0,16.68019,2.0,12.40723,0.254002,41.7263,1.0
23.6050196047872,16.6367,23.6543892044574,16.988,2.0,16.68015,2.0,10.4608,-1.269663,39.3652,1.0
23.6213643047959,16.1181,23.6707680039108,15.435,2.0,16.67965,2.0,10.17612,0.565127,39.7,1.0
23.6384255047888,16.9728,23.6905160043389,21.3164,2.0,16.67991,2.0,10.0679,-0.530101,39.0343,1.0
23.6543892044574,16.633,23.7054304042831,13.1874,2.0,16.67987,2.0,10.86586,-0.294143,43.3784,1.0
23.6707680039108,16.4686,23.721476004459,17.4097,2.0,16.67968,2.0,11.40437,-0.376041,39.9269,1.0
23.6905160043389,16.2775,23.7386955050752,15.9555,2.0,16.67932,2.0,10.7559,-0.527467,40.8745,1.0
23.7054304042831,16.4929,23.7544282050803,16.8662,2.0,16.67916,2.0,10.76454,-0.399107,40.5529,1.0
23.721476004459,16.3271,23.7714145043865,18.2407,2.0,16.67884,2.0,11.64854,0.666234,40.9268,1.0
23.7386955050752,17.183,23.7907912051305,17.9556,2.0,16.67929,2.0,10.41467,-0.516084,42.8406,1.0
23.7544282050803,16.3953,23.8049058048055,15.1002,2.0,16.67904,2.0,10.04661,1.04265,43.6136,1.0
23.7714145043865,16.5847,23.8215167047456,15.8724,2.0,16.67896,2.0,11.73607,-0.052486,42.3188,1.0
23.7907912051305,17.1352,23.8387052053586,16.0177,2.0,16.67936,2.0,8.999984,0.218752,41.6063,1.0
23.8049058048055,16.2659,23.8550763046369,17.6314,2.0,16.67899,2.0,10.37445,0.41546,40.4896,1.0
23.8215167047456,15.0838,23.8717119051144,16.8049,2.0,16.67758,2.0,9.890886,-0.961361,41.8559,1.0
23.8387052053586,18.661,23.8888121051714,15.5534,2.0,16.67934,2.0,10.02285,-0.047377,43.5767,1.0
23.8550763046369,16.2586,23.9046090049669,17.0207,2.0,16.67896,2.0,10.58154,-0.449381,40.4696,1.0
23.8717119051144,15.1131,23.9217105051503,16.0766,2.0,16.67758,2.0,10.92426,-0.62576,41.2326,1.0
23.8888121051714,19.2708,23.9396906057373,19.7274,2.0,16.67987,2.0,10.79448,-0.724961,42.1957,1.0
23.9046090049669,16.6438,23.955658105202,13.9831,2.0,16.67984,2.0,10.33008,-0.606237,42.6534,1.0
23.9217105051503,16.0097,23.972436205484,18.4149,2.0,16.67925,2.0,10.69216,-1.030206,39.9925,1.0
23.9396906057373,17.0317,23.9887842060998,16.6551,2.0,16.67956,2.0,11.96816,-0.072532,42.3981,1.0
23.955658105202,16.3783,24.0043448060751,13.6601,2.0,16.67929,2.0,10.53714,-0.562439,42.0215,1.0
23.972436205484,16.3761,24.021655805409,18.8793,2.0,16.67903,2.0,11.80181,0.187849,39.3029,1.0
23.9887842060998,16.9147,24.0388984046876,17.7358,2.0,16.67923,2.0,10.50093,-0.942459,41.8071,1.0
24.0043448060751,16.6705,24.0553598050028,14.6634,2.0,16.67923,2.0,11.13754,0.395638,42.6286,1.0
24.021655805409,16.7654,24.0723544042557,18.6538,2.0,16.6793,2.0,10.63975,-0.417997,40.622,1.0
24.0388984046876,16.3221,24.0884203035384,14.2131,2.0,16.67899,2.0,9.422759,-0.897509,42.5105,1.0
24.0553598050028,16.7297,24.1058214027435,19.5235,2.0,16.67903,2.0,12.22216,-0.192117,40.4018,1.0
24.0723544042557,16.3122,24.1215862035751,13.4705,2.0,16.67871,2.0,9.481997,0.011191,43.1964,1.0
24.0884203035384,17.3105,24.1387765035033,19.0827,2.0,16.67926,2.0,10.50291,-0.766172,40.3549,1.0
24.1058214027435,16.6729,24.1549010034651,15.9495,2.0,16.67926,2.0,11.16962,-0.216263,42.1272,1.0
24.1215862035751,16.4427,24.1718550026417,15.4001,2.0,16.67905,2.0,11.31421,0.676447,41.4006,1.0
24.1387765035033,16.8559,24.188567603007,18.2816,2.0,16.67921,2.0,9.926372,-0.044089,40.3608,1.0
24.1549010034651,16.9529,24.2064336035401,16.1148,2.0,16.67944,2.0,12.07106,-0.489845,41.7878,1.0
24.1718550026417,16.8851,24.2218286031857,16.7024,2.0,16.67962,2.0,10.22665,-0.46396,40.9506,1.0
24.188567603007,15.6911,24.2390217026696,17.7664,2.0,16.67876,2.0,10.43919,-1.210013,40.7679,1.0
24.2064336035401,17.6236,24.2549916030839,14.1865,2.0,16.67958,2.0,9.793145,-0.43127,42.8436,1.0
24.2218286031857,15.8578,24.2713003037497,17.51,2.0,16.67887,2.0,10.43936,-0.304316,39.4067,1.0
24.2390217026696,17.2928,24.2892716033384,18.4822,2.0,16.6794,2.0,11.78081,-0.15431,41.059,1.0
24.2549916030839,17.097,24.3056304035708,14.8471,2.0,16.67977,2.0,11.41057,-0.839064,42.2487,1.0
24.2713003037497,15.8652,24.3221698040143,17.7908,2.0,16.67906,2.0,10.72302,0.005492,39.9996,1.0
24.2892716033384,16.8861,24.3393327044323,17.6121,2.0,16.67924,2.0,11.40211,0.064734,41.9255,1.0
24.3056304035708,17.001,24.3555903052911,14.3195,2.0,16.67952,2.0,10.20686,-0.676215,42.6518,1.0
24.3221698040143,15.9157,24.371834305115,17.9052,2.0,16.67886,2.0,10.70151,0.237611,39.9704,1.0
24.3393327044323,17.2361,24.3890218054876,17.0342,2.0,16.67934,2.0,11.31757,-1.30767,41.9602,1.0
24.3555903052911,17.5094,24.4055450046435,15.0877,2.0,16.68005,2.0,9.959015,-0.434157,41.7586,1.0
24.371834305115,15.0839,24.4223080044612,18.2273,2.0,16.67868,2.0,11.74389,-0.244397,39.3326,1.0
24.3890218054876,17.7231,24.4374773046002,13.7551,2.0,16.67958,2.0,9.78947,-1.249264,42.4807,1.0
24.4055450046435,15.8872,24.4555553039536,19.4156,2.0,16.6789,2.0,12.64606,-0.797481,38.5133,1.0
24.4223080044612,16.8071,24.4731728034094,18.1624,2.0,16.67901,2.0,10.6735,-0.365286,42.0422,1.0
24.4374773046002,16.8749,24.4886292032897,13.5844,2.0,16.67917,2.0,11.62006,-1.245345,43.3976,1.0
24.4555553039536,16.1267,24.5052042026073,18.038,2.0,16.6787,2.0,11.30938,0.626196,40.0981,1.0
24.4731728034094,16.5046,24.5216569025069,16.7098,2.0,16.67855,2.0,10.53659,-0.483486,42.0193,1.0
24.4886292032897,17.0453,24.5394148025662,15.992,2.0,16.67887,2.0,11.68795,-0.667766,42.2246,1.0
24.5052042026073,16.7363,24.5562333017588,18.4122,2.0,16.67892,2.0,11.1777,-0.574913,41.1716,1.0
24.5216569025069,16.7673,24.5722510013729,15.7076,2.0,16.67899,2.0,8.871086,0.166075,42.8475,1.0
24.5394148025662,16.9041,24.589314000681,15.8278,2.0,16.67918,2.0,11.63417,0.396554,41.788,1.0
24.5562333017588,16.3441,24.605365101248,17.0007,2.0,16.6789,2.0,10.55861,-0.709534,40.7124,1.0
24.5722510013729,17.1676,24.6213680021465,15.048,2.0,16.67931,2.0,10.40312,-0.370582,41.3694,1.0
24.589314000681,16.5399,24.6392787024379,17.7555,2.0,16.6792,2.0,11.23615,-1.282768,39.2506,1.0
24.605365101248,16.9872,24.6552748028189,17.5814,2.0,16.67946,2.0,9.372234,0.050073,40.4658,1.0
24.6213680021465,16.4922,24.6723606027663,15.7752,2.0,16.6793,2.0,10.61158,0.117463,41.0609,1.0
24.6392787024379,16.5021,24.6886791028082,17.6359,2.0,16.67915,2.0,11.75747,-0.369486,40.3444,1.0
24.6552748028189,16.2855,24.7056320030242,15.3636,2.0,16.67881,2.0,11.70823,-0.167175,41.4784,1.0
24.6723606027663,17.2208,24.7223322037607,18.0737,2.0,16.67927,2.0,11.24114,-0.776064,40.5572,1.0
24.6886791028082,16.0656,24.7395371031016,17.7041,2.0,16.67875,2.0,11.12969,0.454117,41.41,1.0
24.7056320030242,17.0951,24.7563869021833,15.0343,2.0,16.67911,2.0,10.25508,-0.638397,43.0492,1.0
24.7223322037607,16.5382,24.771395502612,16.1193,2.0,16.67899,2.0,9.660364,0.086654,40.9886,1.0
24.7395371031016,17.1855,24.789106503129,18.0983,2.0,16.67941,2.0,12.03148,-0.283772,40.5701,1.0
24.7563869021833,16.5745,24.8060353025794,15.6321,2.0,16.67933,2.0,10.8009,0.183199,41.4827,1.0
24.771395502612,16.1825,24.8232624027878,18.3354,2.0,16.67891,2.0,10.53185,-0.647589,40.5413,1.0
24.789106503129,16.7543,24.8387955026701,15.5536,2.0,16.67897,2.0,11.16257,-0.579105,42.6944,1.0
24.8060353025794,16.6435,24.8554367022589,15.4108,2.0,16.67894,2.0,10.1911,-0.981215,41.494,1.0
24.8232624027878,17.0152,24.872501402162,18.4057,2.0,16.67922,2.0,9.392889,0.023085,40.255,1.0
24.8387955026701,16.273,24.8903777012601,18.1507,2.0,16.67888,2.0,11.9438,0.340594,41.6518,1.0
24.8554367022589,17.5248,24.9055859008804,13.4648,2.0,16.67959,2.0,10.58692,-0.126018,43.5234,1.0
24.872501402162,16.0637,24.9215383017436,17.3999,2.0,16.67908,2.0,10.47132,-0.211151,39.4641,1.0
24.8903777012601,15.8677,24.9399914024398,18.3493,2.0,16.67839,2.0,11.23661,-0.301613,40.8072,1.0
24.9055859008804,17.0142,24.9557671016082,14.383,2.0,16.67868,2.0,9.063718,-0.946671,43.2889,1.0
24.9215383017436,17.301,24.9715270018205,16.8774,2.0,16.6792,2.0,9.965751,1.215846,40.658,1.0
24.9399914024398,17.193,24.9895865013823,18.5704,2.0,16.67963,2.0,11.60171,0.569824,40.2347,1.0
24.9557671016082,16.3767,25.0056209014729,14.5512,2.0,16.67937,2.0,11.62607,0.167318,41.6128,1.0
24.9715270018205,16.6513,25.0223686015233,18.2354,2.0,16.67935,2.0,11.21505,0.293033,39.7875,1.0
24.9895865013823,16.5555,25.0400107009336,16.199,2.0,16.67925,2.0,10.09778,-0.392874,41.3722,1.0
25.0056209014729,16.8479,25.0555219007656,16.7182,2.0,16.67939,2.0,9.354282,-0.394775,41.0162,1.0
25.0223686015233,16.4218,25.0725338002667,15.7417,2.0,16.67917,2.0,11.16797,0.225689,40.8864,1.0
25.0400107009336,16.909,25.0889348005876,17.7819,2.0,16.67937,2.0,9.667674,0.317329,40.2064,1.0
25.0555219007656,16.7849,25.1056161010638,16.7374,2.0,16.67945,2.0,11.66658,0.4734,41.0795,1.0
25.0725338002667,16.5565,25.1227260017768,15.5887,2.0,16.67935,2.0,9.920411,0.161825,41.0319,1.0
25.0889348005876,16.6361,25.140148001723,19.2307,2.0,16.67931,2.0,9.454571,0.015861,40.0645,1.0
25.1056161010638,16.5239,25.1562782013789,15.6546,2.0,16.67919,2.0,11.0091,-1.667908,42.6582,1.0
25.1227260017768,16.8216,25.17336870078,17.1015,2.0,16.6793,2.0,9.075375,-0.057974,41.7901,1.0
25.140148001723,16.6531,25.1886370005086,13.9841,2.0,16.67928,2.0,9.747039,-0.894916,42.0712,1.0
25.1562782013789,16.9229,25.2061987007037,18.9858,2.0,16.67948,2.0,9.953508,0.475945,39.4026,1.0
25.17336870078,16.2408,25.223449899815,15.7357,2.0,16.67912,2.0,13.06137,1.18218,41.4656,1.0
25.1886370005086,17.1102,25.2402364006266,18.4527,2.0,16.67948,2.0,9.916616,-0.76984,40.9491,1.0
25.2061987007037,15.9481,25.2564447009936,14.5687,2.0,16.67887,2.0,12.29745,-0.504032,42.3029,1.0
25.223449899815,17.3056,25.2727811010554,17.8236,2.0,16.67939,2.0,9.27042,0.11401,40.9245,1.0
25.2402364006266,16.5716,25.2903046002612,16.1915,2.0,16.6793,2.0,9.95904,0.102201,41.443,1.0
25.2564447009936,16.6067,25.3062221007422,17.1898,2.0,16.67924,2.0,10.69223,-0.599554,41.0628,1.0
25.2727811010554,16.8597,25.323379301466,15.7353,2.0,16.67939,2.0,10.03029,-0.069579,41.6464,1.0
25.2903046002612,16.748,25.3404123010114,17.0583,2.0,16.67945,2.0,11.2324,-0.930646,40.5223,1.0
25.3062221007422,16.755,25.3553841011599,16.6945,2.0,16.67951,2.0,9.830854,0.227542,40.8324,1.0
25.323379301466,16.4342,25.3725236011669,15.7395,2.0,16.67931,2.0,10.20808,0.174667,40.772,1.0
25.3404123010114,16.1777,25.3895792020485,18.5353,2.0,16.6789,2.0,11.33045,-0.021852,40.0779,1.0
25.3553841011599,18.2673,25.4058329025283,15.6144,2.0,16.6802,2.0,11.00616,-0.43758,42.4355,1.0
25.3725236011669,15.3728,25.4234149018303,16.3474,2.0,16.67913,2.0,11.16833,-0.450302,39.7762,1.0
25.3895792020485,16.6508,25.4394790017977,17.411,2.0,16.6791,2.0,9.778652,-0.104846,40.758,1.0
25.4058329025283,15.7555,25.4559198012576,15.0337,2.0,16.67835,2.0,11.29768,-0.171672,41.5176,1.0
25.4234149018303,17.996,25.4725191006437,16.6165,2.0,16.67942,2.0,10.473,0.266708,40.797,1.0
25.4394790017977,16.9337,25.4896451001987,18.4772,2.0,16.67963,2.0,10.41615,-0.91933,39.4179,1.0
25.4559198012576,16.2596,25.5078221010044,17.0622,2.0,16.67929,2.0,10.33687,-0.83903,40.9618,1.0
25.4725191006437,16.9848,25.5235959002748,16.9783,2.0,16.67954,2.0,11.46869,0.059383,41.7642,1.0
25.4896451001987,16.1278,25.5392932007089,14.4418,2.0,16.67909,2.0,10.99913,-1.197412,41.7588,1.0
25.5078221010044,16.7893,25.5562454005703,18.5093,2.0,16.67918,2.0,10.85943,0.073962,40.0725,1.0
25.5235959002748,16.4844,25.5735614011064,16.9618,2.0,16.67902,2.0,12.18152,-0.033358,41.7919,1.0
25.5392932007089,17.0316,25.5896691018716,14.9511,2.0,16.67931,2.0,9.622112,0.004993,42.2702,1.0
25.5562454005703,16.2627,25.6059123026207,17.8013,2.0,16.67897,2.0,12.48114,-0.539314,40.1904,1.0
25.5735614011064,16.9972,25.6233061021194,15.576,2.0,16.67923,2.0,9.700458,-0.596528,41.7286,1.0
25.5896691018716,16.5422,25.6397709017619,18.4408,2.0,16.67912,2.0,9.178807,-0.449412,40.3081,1.0
25.6059123026207,16.7275,25.6562718013301,15.9882,2.0,16.67916,2.0,10.93041,-0.937619,42.2066,1.0
25.6233061021194,17.0003,25.6729172011837,15.3251,2.0,16.67941,2.0,10.26523,0.030918,41.4684,1.0
25.6397709017619,15.9449,25.6904752003029,19.1107,2.0,16.67882,2.0,9.939912,-0.240706,39.7933,1.0
25.6562718013301,17.211,25.7079589003697,17.4824,2.0,16.67925,2.0,11.66902,-0.626672,42.9594,1.0
25.6729172011837,17.2208,25.7233800003305,14.1936,2.0,16.67969,2.0,10.79408,-0.528201,43.2056,1.0
25.6904752003029,16.6157,25.7406917000189,18.6123,2.0,16.67964,2.0,11.29581,-0.036397,40.1886,1.0
25.7079589003697,15.8121,25.7566341003403,14.2924,2.0,16.67894,2.0,9.822872,-0.217247,42.2008,1.0
25.7233800003305,16.864,25.773727000691,18.4629,2.0,16.67909,2.0,10.4646,-0.026589,40.6815,1.0
25.7406917000189,17.0774,25.7906706007197,15.8508,2.0,16.67941,2.0,10.2017,-0.061476,42.2807,1.0
25.7566341003403,16.9992,25.8069476010278,17.4101,2.0,16.67966,2.0,11.25885,-1.295362,41.0547,1.0
25.773727000691,16.1606,25.8231651009992,16.2788,2.0,16.67925,2.0,9.868389,0.380036,41.4656,1.0
25.7906706007197,16.6096,25.8395615005866,15.0069,2.0,16.67919,2.0,11.24728,-0.200323,41.5844,1.0
25.8069476010278,17.3137,25.8564202012494,17.93,2.0,16.6797,2.0,9.439762,0.993022,39.9822,1.0
25.8231651009992,15.7812,25.8733726004139,17.3487,2.0,16.67898,2.0,12.28636,0.02593,40.5987,1.0
25.8395615005866,17.0526,25.8904863996431,15.6369,2.0,16.67928,2.0,9.772223,-0.608586,42.1665,1.0
25.8564202012494,16.4424,25.9074186990038,18.2287,2.0,16.67909,2.0,9.738178,-0.985814,40.7511,1.0
25.8733726004139,16.7768,25.9236357985064,16.5915,2.0,16.67917,2.0,10.01247,0.343218,42.5375,1.0
25.8904863996431,16.9204,25.9402554975823,14.9385,2.0,16.67936,2.0,9.410386,-0.495888,42.3525,1.0
25.9074186990038,16.9522,25.9567841971293,17.813,2.0,16.67958,2.0,11.76181,-1.153177,40.3574,1.0
25.9236357985064,15.6487,25.9732688972726,16.5572,2.0,16.67876,2.0,10.30258,-0.052447,41.2319,1.0
25.9402554975823,17.4203,25.9896324975416,14.8634,2.0,16.67935,2.0,9.373188,0.521135,42.141,1.0
25.9567841971293,16.74,26.0072486968711,19.508,2.0,16.6794,2.0,11.70408,1.020236,39.5844,1.0
25.9732688972726,16.4617,26.0235525975004,16.0197,2.0,16.67922,2.0,10.92425,-0.539307,42.3519,1.0
25.9896324975416,16.7152,26.0410152981058,17.7668,2.0,16.67925,2.0,11.09107,-0.649001,41.9105,1.0
26.0072486968711,16.8742,26.0563821978867,14.9323,2.0,16.67941,2.0,9.459364,-0.468926,42.9626,1.0
26.0235525975004,15.5208,26.0736492983997,15.8665,2.0,16.67849,2.0,8.426707,0.9433,41.0212,1.0
26.0410152981058,17.7885,26.0901881977916,16.4609,2.0,16.67937,2.0,11.4404,-0.593915,41.3668,1.0
26.0563821978867,17.8679,26.1065906975418,17.8073,2.0,16.68031,2.0,10.17323,0.937663,40.0396,1.0
26.0736492983997,15.3622,26.1233957968652,15.4748,2.0,16.67926,2.0,10.0591,0.809208,39.9789,1.0
26.0901881977916,17.0149,26.1402780972421,18.1898,2.0,16.67953,2.0,9.661615,-0.496928,40.0918,1.0
26.1065906975418,16.3691,26.1577128972858,16.2036,2.0,16.67929,2.0,10.02414,-0.544769,41.2679,1.0
26.1233957968652,16.9641,26.1723304968327,15.7515,2.0,16.67951,2.0,10.15129,-0.31998,41.1017,1.0
26.1402780972421,16.0354,26.1902401968837,16.6664,2.0,16.679,2.0,10.41733,-0.519997,39.8904,1.0
26.1577128972858,17.2761,26.2071128971875,18.4452,2.0,16.67947,2.0,10.36207,-0.312931,40.5207,1.0
26.1723304968327,16.0949,26.223147297278,14.4552,2.0,16.67901,2.0,11.80198,-0.115213,41.6911,1.0
26.1902401968837,17.2474,26.2405609972775,18.9043,2.0,16.67946,2.0,9.961497,-0.468919,40.0513,1.0
26.2071128971875,16.2672,26.2565183974802,14.8342,2.0,16.67913,2.0,11.89503,-0.177601,41.7079,1.0
26.223147297278,17.3331,26.2733927983791,17.8991,2.0,16.67965,2.0,9.674913,-0.178627,40.2757,1.0
26.2405609972775,16.2649,26.2893194984645,15.9812,2.0,16.67932,2.0,9.779719,-0.009521,40.8416,1.0
26.2565183974802,16.7766,26.3068188987672,16.0606,2.0,16.6794,2.0,11.6381,0.336756,40.5584,1.0
26.2733927983791,16.8872,26.322620999068,17.3146,2.0,16.67956,2.0,9.764427,-1.041053,39.8433,1.0
26.2893194984645,16.1411,26.3405006993562,18.1184,2.0,16.67914,2.0,9.384421,-0.926779,40.2707,1.0
26.3068188987672,16.8566,26.3563954997808,14.2996,2.0,16.67928,2.0,11.15874,-0.434435,42.2482,1.0
26.322620999068,17.5565,26.3746156990528,19.4101,2.0,16.67997,2.0,9.589153,-0.000932,39.6927,1.0
26.3405006993562,16.2684,26.3902996983379,16.158,2.0,16.67964,2.0,10.76748,-1.011073,41.5383,1.0
26.3563954997808,16.8139,26.406688997522,14.7831,2.0,16.67975,2.0,12.28994,0.284015,41.436,1.0
26.3746156990528,16.1945,26.4238847978413,18.793,2.0,16.67937,2.0,10.36203,-1.29518,39.4058,1.0
26.3902996983379,16.5966,26.4394526975229,14.0083,2.0,16.67931,2.0,9.596973,0.7304,42.0043,1.0
26.406688997522,17.0364,26.4564735973254,19.0266,2.0,16.67958,2.0,12.37549,-0.36657,39.4164,1.0
26.4238847978413,16.8321,26.4747270969674,16.0804,2.0,16.6797,2.0,9.73558,0.064866,41.407,1.0
26.4394526975229,16.3618,26.4903822978958,17.202,2.0,16.67945,2.0,11.016,-0.771754,40.6558,1.0
26.4564735973254,16.4698,26.5078318985179,17.5738,2.0,16.67929,2.0,10.31427,-0.449761,41.4963,1.0
26.4747270969674,17.246,26.5234222989529,14.0808,2.0,16.67973,2.0,10.12723,-0.38727,42.6005,1.0
26.4903822978958,16.3391,26.540410399437,18.7588,2.0,16.67947,2.0,9.573354,-0.111296,39.4359,1.0
26.5078318985179,16.5099,26.5574811995029,16.8829,2.0,16.67934,2.0,10.37276,0.122164,41.8556,1.0
26.5234222989529,16.268,26.5736816003919,14.6221,2.0,16.67902,2.0,11.75817,-0.066962,42.2286,1.0
26.540410399437,17.0116,26.5905405003577,18.2658,2.0,16.67928,2.0,10.1679,-0.808024,40.5836,1.0
26.5574811995029,17.1503,26.6081191003323,17.8629,2.0,16.67964,2.0,11.43294,0.341867,41.838,1.0
26.5736816003919,16.2314,26.623872499913,13.9951,2.0,16.67929,2.0,11.13686,-0.537113,42.5505,1.0
26.5905405003577,17.2625,26.640495499596,18.0202,2.0,16.67974,2.0,9.866124,-0.456604,40.3148,1.0
26.6081191003323,16.7874,26.6578110996634,15.9702,2.0,16.67983,2.0,12.11383,-0.289826,41.073,1.0
26.623872499913,16.0966,26.6734618991613,17.0405,2.0,16.67938,2.0,9.411313,-0.02489,40.2558,1.0
26.640495499596,16.3358,26.6912352982908,16.3513,2.0,16.67911,2.0,11.6373,-0.639275,41.1998,1.0
26.6578110996634,17.4373,26.7067958982661,16.6513,2.0,16.6797,2.0,10.65533,0.021856,41.2154,1.0
26.6734618991613,15.9704,26.7237988980487,15.9112,2.0,16.67915,2.0,10.16929,-0.670794,40.4301,1.0
26.6912352982908,16.8961,26.7414543973282,19.21,2.0,16.67932,2.0,11.39678,-1.162695,40.371,1.0
26.7067958982661,17.216,26.7581890979782,15.2672,2.0,16.67973,2.0,11.92884,0.032461,42.6854,1.0
26.7237988980487,16.4903,26.7739054979756,17.1057,2.0,16.67958,2.0,9.898194,-0.080237,40.7367,1.0
26.7414543973282,15.933,26.7906846972182,15.4702,2.0,16.67901,2.0,11.9236,-0.093391,41.3528,1.0
26.7581890979782,17.0904,26.8075823979452,17.9497,2.0,16.67933,2.0,11.27614,-0.192493,40.8903,1.0
26.7739054979756,16.5929,26.825048497878,16.0534,2.0,16.67926,2.0,9.457737,-1.617786,41.7502,1.0
26.7906846972182,17.1302,26.8406025981531,16.7701,2.0,16.67961,2.0,11.25949,-1.042636,41.2107,1.0
26.8075823979452,16.223,26.8568144990131,14.9659,2.0,16.67926,2.0,9.866393,-0.809545,40.8443,1.0
26.825048497878,16.9683,26.8733348986134,17.6581,2.0,16.67948,2.0,9.918886,-0.147889,39.5939,1.0
26.8406025981531,16.4548,26.8914121994749,17.1246,2.0,16.67931,2.0,12.89954,1.053192,40.285,1.0
26.8568144990131,17.4029,26.9066268997267,16.6476,2.0,16.67986,2.0,10.73454,-0.037484,40.9547,1.0
26.8733348986134,15.7381,26.9236706988886,15.7135,2.0,16.67914,2.0,11.06349,-0.039869,40.1994,1.0
26.8914121994749,17.516,26.9404797991738,18.3454,2.0,16.67978,2.0,11.46621,-0.192864,40.1755,1.0
26.9066268997267,15.5469,26.9580330988392,15.9986,2.0,16.67892,2.0,8.404884,-0.324813,41.0045,1.0
26.9236706988886,17.4154,26.9739445997402,17.3687,2.0,16.67948,2.0,9.587969,-0.230949,41.4575,1.0
26.9404797991738,16.5183,26.9913983000442,16.0353,2.0,16.67935,2.0,11.38676,-0.235141,41.4114,1.0
26.9580330988392,17.0012,27.0070781009272,17.0114,2.0,16.6796,2.0,9.698213,-0.158285,40.9283,1.0
26.9739445997402,16.109,27.0236899005249,15.2083,2.0,16.67916,2.0,10.17305,-0.398123,40.9387,1.0
26.9913983000442,17.1338,27.0415203003213,19.3593,2.0,16.67951,2.0,9.783441,0.47839,40.0381,1.0
27.0070781009272,16.0581,27.0573471998796,14.0813,2.0,16.67904,2.0,11.35069,0.031733,42.2634,1.0
27.0236899005249,17.7547,27.074527499266,18.7574,2.0,16.67985,2.0,10.17582,-0.068336,40.2878,1.0
27.0415203003213,15.7765,27.0903217988089,14.2684,2.0,16.67917,2.0,11.74911,-0.069869,41.2913,1.0
27.0573471998796,16.5595,27.1074799979106,18.6378,2.0,16.67908,2.0,9.356467,-1.034617,39.7836,1.0
27.074527499266,16.4191,27.12458529789,15.655,2.0,16.67888,2.0,9.426836,-0.228453,41.862,1.0
27.0903217988089,18.2304,27.1406555986032,17.8042,2.0,16.68005,2.0,11.51967,0.56752,41.0981,1.0
27.1074799979106,15.9392,27.158066499047,15.6466,2.0,16.67949,2.0,11.42262,-0.253887,40.6725,1.0
27.12458529789,16.2877,27.1748745990917,18.5483,2.0,16.6792,2.0,11.07045,-0.212028,40.3803,1.0
27.1406555986032,16.6984,27.1912670983002,14.752,2.0,16.67921,2.0,10.26378,-0.605541,42.641,1.0
27.158066499047,17.0728,27.2079119989648,17.8355,2.0,16.67951,2.0,9.194687,-0.191346,40.6948,1.0
27.1748745990917,16.0412,27.2254479983822,16.1763,2.0,16.67903,2.0,11.35123,-0.559515,41.4578,1.0
27.1912670983002,17.8756,27.2405674988404,16.5245,2.0,16.67993,2.0,9.973741,-0.00593,41.5931,1.0
27.2079119989648,16.3079,27.2578233992681,15.8215,2.0,16.67965,2.0,11.93465,-1.169861,40.2379,1.0
27.2254479983822,16.3516,27.2734829997644,17.0295,2.0,16.6794,2.0,9.948115,-0.228049,39.7567,1.0
27.2405674988404,16.6267,27.2914357995614,16.727,2.0,16.67936,2.0,11.67583,0.009737,40.4352,1.0
27.2578233992681,17.3408,27.3076193993911,17.8219,2.0,16.67986,2.0,9.778361,0.000765,40.5358,1.0
27.2734829997644,16.1985,27.3255404988304,16.4275,2.0,16.6795,2.0,12.46235,0.087433,41.0174,1.0
27.2914357995614,17.0825,27.3416357981041,17.3287,2.0,16.6798,2.0,10.32716,-0.509024,41.2464,1.0
27.3076193993911,16.1002,27.3591096987948,16.0692,2.0,16.67937,2.0,11.29714,-0.583586,41.4927,1.0
27.3255404988304,16.5139,27.3755608992651,17.7252,2.0,16.67924,2.0,9.883967,-0.249861,41.4624,1.0
27.3416357981041,16.7223,27.3914210991934,14.6821,2.0,16.67928,2.0,9.324524,-0.258688,42.6742,1.0
27.3591096987948,17.3108,27.4081552987918,18.0597,2.0,16.67975,2.0,11.80559,-0.348339,40.6339,1.0
27.3755608992651,16.9252,27.4243157980964,14.9938,2.0,16.67993,2.0,10.66956,0.237742,41.3836,1.0
27.3914210991934,16.1553,27.4405918987468,17.1446,2.0,16.67954,2.0,10.16519,-0.785159,39.4524,1.0
27.4081552987918,16.0712,27.4574860995635,15.783,2.0,16.67909,2.0,11.60474,-0.376723,40.4424,1.0
27.4243157980964,17.6084,27.4751741988584,19.1873,2.0,16.67978,2.0,10.28396,-0.148508,40.1538,1.0
27.4405918987468,15.718,27.4915596982464,14.8008,2.0,16.67906,2.0,11.09746,-1.003109,41.7332,1.0
27.4574860995635,17.525,27.5079113980755,17.8395,2.0,16.67969,2.0,10.72602,-1.304195,40.8162,1.0
27.4751741988584,15.968,27.5244203982875,16.8295,2.0,16.67916,2.0,11.58131,-0.994688,41.1312,1.0
27.4915596982464,17.4721,27.5416860980913,15.6418,2.0,16.67975,2.0,9.964709,-0.480553,41.9931,1.0
27.5079113980755,15.7772,27.5587449977174,18.5267,2.0,16.67908,2.0,10.71049,-0.601738,40.1628,1.0
27.5244203982875,16.4607,27.5749382982031,14.5514,2.0,16.67892,2.0,12.61219,-0.976589,42.9121,1.0
27.5416860980913,17.4136,27.5917253987864,18.5351,2.0,16.67946,2.0,10.99665,-0.511926,41.0034,1.0
27.5587449977174,16.2735,27.6084408992901,15.1252,2.0,16.67916,2.0,10.45404,-0.486103,42.1253,1.0
27.5749382982031,16.9307,27.6256903996691,18.6172,2.0,16.67935,2.0,11.87829,-0.147725,40.9772,1.0
27.5917253987864,16.3136,27.6416095001623,15.9853,2.0,16.67908,2.0,10.96393,-0.974257,42.664,1.0
27.6084408992901,16.6489,27.6576993996277,14.8429,2.0,16.67906,2.0,11.8179,-0.505831,42.336,1.0
27.6256903996691,16.5375,27.6744300993159,17.7638,2.0,16.67895,2.0,10.36362,-0.021031,40.5304,1.0
27.6416095001623,17.0658,27.6914816992357,17.2041,2.0,16.67924,2.0,11.38136,-0.668353,41.7564,1.0
27.6576993996277,16.7006,27.7087613986805,15.6902,2.0,16.67925,2.0,10.72263,0.397823,41.895,1.0
27.6744300993159,16.6565,27.7249001981691,17.629,2.0,16.67924,2.0,10.08843,1.192891,40.8851,1.0
27.6914816992357,16.3344,27.7416593981907,15.2927,2.0,16.67898,2.0,11.32245,-0.132288,41.8581,1.0
27.7087613986805,17.443,27.7581300986931,17.7372,2.0,16.67954,2.0,10.21238,-0.590148,40.8169,1.0
27.7249001981691,15.7085,27.7748501980677,15.6136,2.0,16.67883,2.0,9.513409,0.09516,41.1112,1.0
27.7416593981907,17.8808,27.7913362989202,17.7241,2.0,16.67971,2.0,10.06649,0.116899,41.0166,1.0
27.7581300986931,15.9941,27.8078021993861,16.6357,2.0,16.67921,2.0,11.46285,0.008167,40.8604,1.0
27.7748501980677,16.5239,27.8256006995216,16.4009,2.0,16.6791,2.0,10.43154,-1.500132,41.5019,1.0
27.7913362989202,16.8212,27.8405921999365,16.2626,2.0,16.6792,2.0,11.1045,-0.03066,41.3797,1.0
27.8078021993861,17.1419,27.8586429990828,16.8489,2.0,16.67954,2.0,9.730133,0.101612,40.8212,1.0
27.8256006995216,16.4932,27.8755264990032,18.2314,2.0,16.6794,2.0,10.99013,-1.422348,40.5286,1.0
27.8405921999365,16.3904,27.8913250993937,15.4898,2.0,16.67919,2.0,11.42336,-0.235447,42.2675,1.0
27.8586429990828,16.5873,27.9077607989311,15.2819,2.0,16.67912,2.0,11.25259,-0.937214,41.3668,1.0
27.8755264990032,16.6791,27.9252623990178,18.5077,2.0,16.67912,2.0,9.776748,0.11418,40.0615,1.0
27.8913250993937,17.0853,27.941723998636,16.8635,2.0,16.67942,2.0,11.31825,-0.133128,41.8906,1.0
27.9077607989311,16.6741,27.9592043980956,15.9064,2.0,16.67942,2.0,11.64841,-0.600084,41.6691,1.0
27.9252623990178,16.8074,27.9747515982017,17.0613,2.0,16.67951,2.0,11.02632,-0.71534,40.9018,1.0
27.941723998636,16.7684,27.9918842976913,15.7582,2.0,16.67957,2.0,9.639828,-0.031593,41.1564,1.0
27.9592043980956,16.8886,28.0088637983426,18.3211,2.0,16.67973,2.0,11.49638,0.438892,40.1463,1.0
27.9747515982017,15.9282,28.0246576974168,14.4553,2.0,16.67918,2.0,10.43634,1.053787,41.5796,1.0
27.9918842976913,17.232,28.0420872969553,18.6349,2.0,16.67958,2.0,10.26369,-0.915445,40.1066,1.0
28.0088637983426,16.8158,28.059160397388,17.2715,2.0,16.67968,2.0,11.10061,-0.388215,41.5099,1.0
28.0246576974168,17.1704,28.0753726968542,14.7408,2.0,16.68004,2.0,9.597913,1.167236,41.9655,1.0
28.0420872969553,15.1276,28.09153619688,17.4602,2.0,16.67891,2.0,8.538445,-1.093361,39.537,1.0
28.059160397388,17.2534,28.1079374970868,15.2433,2.0,16.67933,2.0,12.16521,0.011678,41.8693,1.0
28.0753726968542,16.7001,28.1257001971826,18.6461,2.0,16.67934,2.0,10.16106,0.055952,39.8436,1.0
28.09153619688,16.5947,28.1415876979008,16.4211,2.0,16.67928,2.0,8.744861,-0.706553,41.8065,1.0
28.1079374970868,17.4016,28.1602191971615,17.2709,2.0,16.6798,2.0,11.19512,0.103415,41.6335,1.0
28.1257001971826,15.9155,28.1746766967699,15.7161,2.0,16.67925,2.0,11.35725,0.000636,41.5023,1.0
28.1415876979008,16.8914,28.191592396237,17.3573,2.0,16.67941,2.0,9.815153,-0.069768,41.3039,1.0
28.1602191971615,16.7309,28.2091646967456,15.9163,2.0,16.67944,2.0,12.01268,-0.756221,41.7697,1.0
28.1746766967699,16.5693,28.2249616971239,17.5098,2.0,16.67936,2.0,9.701664,0.533102,40.9563,1.0
28.191592396237,16.7784,28.2422990975901,15.4185,2.0,16.67943,2.0,11.13907,-1.200052,41.8968,1.0
28.2091646967456,16.0147,28.2589571969584,18.2005,2.0,16.67896,2.0,9.879221,0.76189,40.5371,1.0
28.2249616971239,16.4472,28.2746414961293,15.4085,2.0,16.67879,2.0,10.3778,0.292871,42.7233,1.0
28.2422990975901,17.2579,28.2930279960856,17.1162,2.0,16.67921,2.0,10.69335,-0.390311,41.6852,1.0
28.2589571969584,16.4885,28.3084395956248,16.7551,2.0,16.67907,2.0,11.31761,-0.325958,41.5436,1.0
28.2746414961293,15.6976,28.3246203958988,14.8784,2.0,16.67837,2.0,8.580429,-0.183836,41.8104,1.0
28.2930279960856,18.384,28.3422796949744,19.1235,2.0,16.67959,2.0,10.87421,-0.226739,40.9911,1.0
28.3084395956248,16.3689,28.3585273958743,14.7788,2.0,16.67937,2.0,10.66646,-1.002801,41.7316,1.0
28.3246203958988,16.878,28.3757627960294,18.6993,2.0,16.67951,2.0,10.24944,0.151938,40.1416,1.0
28.3422796949744,15.1028,28.3913583960384,14.1557,2.0,16.67838,2.0,11.50874,-0.000175,41.9638,1.0
28.3585273958743,17.0334,28.4090354964137,19.0441,2.0,16.67863,2.0,9.691001,-0.161489,41.0159,1.0
28.3757627960294,17.5493,28.4252501968294,14.826,2.0,16.67925,2.0,10.84826,-0.62933,43.0278,1.0
28.3913583960384,17.0464,28.4425918962806,18.663,2.0,16.67952,2.0,11.07047,-0.905958,40.3049,1.0
28.4090354964137,16.8019,28.4586933963001,14.6345,2.0,16.6796,2.0,10.77239,-0.496511,41.9222,1.0
28.4252501968294,16.3488,28.4749163966626,17.8857,2.0,16.67937,2.0,9.75383,-0.814782,39.7546,1.0
28.4425918962806,16.2105,28.4915682971478,15.0835,2.0,16.67904,2.0,11.92376,-0.046352,41.2855,1.0
28.4586933963001,16.998,28.5089343972504,18.7522,2.0,16.67926,2.0,10.56451,-0.419651,40.1653,1.0
28.4749163966626,16.5643,28.5263808965683,16.0479,2.0,16.67918,2.0,11.57278,-1.021602,41.9205,1.0
28.4915682971478,17.0004,28.542509296909,17.5072,2.0,16.67941,2.0,10.28435,-0.123057,41.4039,1.0
28.5089343972504,16.3516,28.5582898966968,14.38,2.0,16.67917,2.0,9.615451,-0.44125,41.9112,1.0
28.5263808965683,16.5882,28.575531097129,18.5495,2.0,16.67911,2.0,10.517,-0.115104,39.9401,1.0
28.542509296909,16.3859,28.5924098975956,15.6032,2.0,16.6789,2.0,10.53876,-0.780254,41.9019,1.0
28.5582898966968,17.9043,28.6088960971683,17.6887,2.0,16.67977,2.0,9.84645,-1.145067,41.119,1.0
28.575531097129,15.9076,28.6258172970265,15.7896,2.0,16.67922,2.0,11.7589,1.980862,40.9038,1.0
28.5924098975956,16.997,28.6427676975727,18.2345,2.0,16.67945,2.0,11.29835,0.23728,40.7864,1.0
28.6088960971683,16.5611,28.6586590968072,14.5985,2.0,16.67937,2.0,10.99047,-0.389243,42.0248,1.0
28.6258172970265,16.4906,28.6759586967528,18.6918,2.0,16.67923,2.0,12.23524,0.1168,40.0617,1.0
28.6427676975727,16.9601,28.6917337961495,14.3596,2.0,16.67943,2.0,7.59132,-0.802543,42.2639,1.0
28.6586590968072,16.4082,28.708801696077,18.5467,2.0,16.67924,2.0,11.09324,-0.502835,39.6635,1.0
28.6759586967528,16.5319,28.7255803961307,15.2207,2.0,16.67913,2.0,10.3595,2.144726,41.8026,1.0
28.6917337961495,16.8684,28.7425823956728,18.2738,2.0,16.67927,2.0,11.08554,-0.393729,40.4919,1.0
28.708801696077,16.1918,28.7605110965669,16.7282,2.0,16.67892,2.0,10.89804,-0.45259,41.8975,1.0
28.7255803961307,17.7503,28.7757421964779,16.5729,2.0,16.67968,2.0,9.332574,0.042216,42.4345,1.0
28.7425823956728,15.6523,28.792298196815,16.9325,2.0,16.67896,2.0,8.055329,-0.240563,41.2573,1.0
28.7605110965669,17.3763,28.8082589963451,14.2698,2.0,16.67945,2.0,9.64029,-0.323699,42.5376,1.0
28.7757421964779,15.9393,28.8255080962554,18.5817,2.0,16.67893,2.0,10.44638,0.122537,39.4315,1.0
28.792298196815,17.8854,28.8424245966598,15.5665,2.0,16.67977,2.0,11.12756,-0.788142,42.0737,1.0
28.8082589963451,16.1265,28.8599759964272,19.1589,2.0,16.67938,2.0,10.1758,-0.313112,39.7537,1.0
28.8255080962554,16.2251,28.8764410959557,14.906,2.0,16.67907,2.0,10.04926,0.95825,42.788,1.0
28.8424245966598,16.3885,28.8920686962083,17.1486,2.0,16.67886,2.0,11.17454,0.239203,41.4687,1.0
28.8599759964272,16.9617,28.9085477953777,14.9979,2.0,16.67906,2.0,10.83491,0.315445,42.2296,1.0
28.8764410959557,16.4108,28.9266237961128,19.4234,2.0,16.67887,2.0,11.43845,-0.022248,40.2658,1.0
28.8920686962083,16.7172,28.9425578964874,14.4404,2.0,16.6789,2.0,8.386797,-1.128674,43.279,1.0
28.9085477953777,17.032,28.9588739955798,17.6628,2.0,16.67915,2.0,11.08296,-0.491107,41.0021,1.0
28.9266237961128,16.7262,28.9755855957046,15.4818,2.0,16.67918,2.0,9.352148,0.103567,41.634,1.0
28.9425578964874,17.0909,28.9922445965931,17.5819,2.0,16.67947,2.0,9.374774,-0.131334,40.3887,1.0
28.9588739955798,15.5754,29.009119396098,15.827,2.0,16.6787,2.0,12.39661,0.194178,40.8655,1.0
28.9755855957046,17.9501,29.0259741963819,18.0606,2.0,16.67958,2.0,10.19543,-0.450055,41.1325,1.0
28.9922445965931,15.9918,29.0424580955878,15.3495,2.0,16.67911,2.0,9.136834,0.255933,41.2435,1.0
29.009119396098,17.0273,29.0590136954561,18.2713,2.0,16.67935,2.0,11.15842,-0.637631,40.6013,1.0
29.0259741963819,16.7832,29.0765733951703,15.8654,2.0,16.67942,2.0,9.183655,-0.130689,41.8459,1.0
29.0424580955878,16.3663,29.0915487948805,15.8148,2.0,16.6792,2.0,11.65107,-0.724041,40.9282,1.0
29.0590136954561,16.3233,29.1092352941632,18.4459,2.0,16.67896,2.0,8.804731,-0.549347,40.3777,1.0
29.0765733951703,17.6732,29.1273283939809,16.4319,2.0,16.67964,2.0,12.01639,-0.361991,42.5005,1.0
29.0915487948805,16.0158,29.1434569936246,17.7897,2.0,16.67918,2.0,9.610441,0.753086,41.2589,1.0
29.1092352941632,16.8492,29.1596448943019,14.5543,2.0,16.6793,2.0,10.34135,-0.490978,43.0333,1.0
29.1273283939809,16.8431,29.1767300944775,18.6878,2.0,16.67941,2.0,11.62279,0.027737,40.7392,1.0
29.1434569936246,16.0654,29.1944939941168,17.7115,2.0,16.67899,2.0,10.01971,-0.720934,42.5841,1.0
29.1596448943019,16.9532,29.2104929946363,14.42,2.0,16.67918,2.0,10.58768,-1.030638,44.2303,1.0
29.1767300944775,16.7483,29.2260837946087,17.2637,2.0,16.67923,2.0,10.56456,0.196096,41.6976,1.0
29.1944939941168,15.4988,29.242735395208,15.2134,2.0,16.67841,2.0,9.478034,-0.127664,42.213,1.0
29.2104929946363,17.759,29.259356494993,17.7744,2.0,16.67916,2.0,11.97534,-0.236304,41.919,1.0
29.2260837946087,16.9168,29.2763075958937,17.1794,2.0,16.67932,2.0,11.1422,0.262478,41.9438,1.0
29.242735395208,16.9122,29.2926484961063,14.9401,2.0,16.67948,2.0,9.337664,-0.10518,42.2065,1.0
29.259356494993,16.7084,29.3102965969592,19.0297,2.0,16.6795,2.0,11.1752,-0.586619,40.235,1.0
29.2763075958937,16.3573,29.3263790961355,16.1371,2.0,16.67928,2.0,10.05922,-0.080073,42.5558,1.0
29.2926484961063,17.3459,29.3432548958808,15.5531,2.0,16.67974,2.0,9.12648,-0.216153,42.3367,1.0
29.3102965969592,16.3901,29.3592779953033,16.8877,2.0,16.67954,2.0,11.49432,-0.250131,40.544,1.0
29.3263790961355,17.1868,29.3757115956396,16.9202,2.0,16.67989,2.0,10.26767,-1.625128,41.0429,1.0
29.3432548958808,16.8314,29.3929084949195,15.8247,2.0,16.67999,2.0,9.910653,-0.228135,40.776,1.0
29.3592779953033,16.4164,29.4096786957234,18.0613,2.0,16.67981,2.0,11.50493,0.63379,39.7694,1.0
29.3757115956396,16.4011,29.4258540961891,16.486,2.0,16.67962,2.0,9.957928,-0.605312,41.415,1.0
29.3929084949195,17.2703,29.4433308970183,15.6402,2.0,16.68002,2.0,12.88223,-0.665364,41.4999,1.0
29.4096786957234,15.4931,29.4603011962026,18.4987,2.0,16.67921,2.0,10.14421,-0.90823,39.8705,1.0
29.4258540961891,17.2,29.4764027968049,16.3394,2.0,16.67957,2.0,8.654212,0.165955,42.8762,1.0
29.4433308970183,16.8413,29.493107996881,14.9248,2.0,16.67968,2.0,11.73036,0.311064,42.0162,1.0
29.4603011962026,16.2997,29.5103328973055,18.7791,2.0,16.67942,2.0,10.40103,-0.294919,40.0996,1.0
29.4764027968049,15.5568,29.5263386964798,16.1135,2.0,16.67866,2.0,10.36674,-0.058316,42.5795,1.0
29.493107996881,17.7847,29.5425140969455,14.6663,2.0,16.67941,2.0,11.05804,-0.54663,43.1364,1.0
29.5103328973055,16.5636,29.5595059972256,18.0703,2.0,16.67933,2.0,9.326119,-1.248925,40.0183,1.0
29.5263386964798,16.4655,29.5764313973486,15.801,2.0,16.67918,2.0,10.29742,-0.011482,41.5247,1.0
29.5425140969455,16.9918,29.5932788979262,16.9804,2.0,16.6794,2.0,11.15183,-0.71878,40.8607,1.0
29.5595059972256,16.4584,29.609501298517,17.3715,2.0,16.67925,2.0,10.82973,-0.300328,40.8435,1.0
29.5764313973486,17.0284,29.626643197611,17.2384,2.0,16.67948,2.0,12.46378,-0.661841,41.7635,1.0
29.5932788979262,16.7608,29.6425544973463,14.4913,2.0,16.67954,2.0,11.38808,-0.410314,41.9737,1.0
29.609501298517,16.4995,29.6606228966266,19.6026,2.0,16.67942,2.0,10.48473,-0.378767,39.7049,1.0
29.626643197611,14.9137,29.6766625959426,15.5918,2.0,16.67822,2.0,11.39084,0.159027,42.8077,1.0
29.6425544973463,18.3305,29.6933240965009,15.445,2.0,16.67934,2.0,10.43261,0.285241,43.4864,1.0
29.6606228966266,16.9671,29.7105709966272,18.6223,2.0,16.67953,2.0,11.75027,-1.369174,40.6011,1.0
29.6766625959426,14.7165,29.7264120969921,14.4557,2.0,16.67821,2.0,10.35547,-0.3685,42.2574,1.0
29.6933240965009,17.9751,29.7425676975399,17.6748,2.0,16.67908,2.0,9.328559,-0.035707,41.996,1.0
29.7105709966272,16.973,29.7605706974864,16.5905,2.0,16.67928,2.0,10.97727,0.402723,41.6967,1.0
29.7264120969921,16.5793,29.7759545976296,16.5846,2.0,16.67921,2.0,11.5367,-0.703017,41.3142,1.0
29.7425676975399,16.4267,29.7927150977775,15.6795,2.0,16.67904,2.0,10.11431,-0.70744,41.3197,1.0
29.7605706974864,17.1654,29.8103434974328,19.1335,2.0,16.67937,2.0,11.16418,-0.292022,40.5727,1.0
29.7759545976296,16.2024,29.8264951976016,14.6824,2.0,16.67905,2.0,9.509517,0.887185,42.5411,1.0
29.7927150977775,17.4313,29.843557597138,18.2648,2.0,16.67956,2.0,10.63704,-0.63429,41.021,1.0
29.8103434974328,15.8097,29.8595587974414,14.8976,2.0,16.67897,2.0,11.90562,-1.325585,41.8552,1.0
29.8264951976016,17.2107,29.8762893965468,17.8186,2.0,16.67933,2.0,10.17912,0.443139,40.9437,1.0
29.843557597138,16.3663,29.8935768967494,15.7575,2.0,16.67912,2.0,8.70679,-0.459658,41.5523,1.0
29.8595587974414,16.8714,29.9102982962504,18.2274,2.0,16.67925,2.0,11.92268,-1.339185,40.9431,1.0
29.8762893965468,17.0991,29.9255452966318,13.9059,2.0,16.67953,2.0,11.20066,-0.014559,42.3,1.0
29.8935768967494,16.2483,29.943741097115,19.5423,2.0,16.67924,2.0,9.529958,-0.66991,39.1072,1.0
29.9102982962504,16.3868,29.9594945972785,14.2802,2.0,16.67904,2.0,11.83049,-0.575657,42.4018,1.0
29.9255452966318,17.3541,29.976959197782,18.6315,2.0,16.6795,2.0,11.63016,0.359855,40.2951,1.0
29.943741097115,16.7975,29.9937691977248,15.7374,2.0,16.67957,2.0,9.73621,-0.767318,41.573,1.0
29.9594945972785,16.7654,30.0111918980256,18.9188,2.0,16.67963,2.0,11.87076,-0.463583,40.5132,1.0
29.976959197782,16.1843,30.0262209977955,13.5355,2.0,16.6793,2.0,10.31065,-0.756635,42.6665,1.0
29.9937691977248,17.1798,30.0442830976099,19.321,2.0,16.67963,2.0,10.79452,-0.757685,40.0183,1.0
30.0111918980256,15.9562,30.0603620968759,14.8396,2.0,16.67915,2.0,10.75478,-0.301099,42.1604,1.0
30.0262209977955,17.0216,30.0772378966212,18.1419,2.0,16.67938,2.0,11.69604,0.436016,41.0443,1.0
30.0442830976099,16.2807,30.0925344964489,14.0466,2.0,16.67912,2.0,10.59229,-0.115787,42.1647,1.0
30.0603620968759,16.7686,30.1105423970148,19.2946,2.0,16.67917,2.0,10.536,0.303531,39.923,1.0
30.0772378966212,16.8215,30.1263953978196,14.5358,2.0,16.67927,2.0,11.62878,-1.114952,42.4573,1.0
30.0925344964489,17.2445,30.1432201983407,17.7421,2.0,16.67965,2.0,9.075687,-0.226873,40.1716,1.0
30.1105423970148,16.0671,30.1595460986719,15.213,2.0,16.67924,2.0,10.10157,0.33985,40.6699,1.0
30.1263953978196,16.6901,30.1775882979855,19.5871,2.0,16.67925,2.0,9.678752,0.449877,39.8162,1.0
30.1432201983407,16.8343,30.1932681975886,14.1582,2.0,16.67935,2.0,12.37777,0.000787,42.7134,1.0
30.1595460986719,17.4977,30.2113052969798,19.6497,2.0,16.67989,2.0,10.06945,-0.371214,40.0376,1.0
30.1775882979855,15.4671,30.2275648964569,14.7558,2.0,16.67909,2.0,11.01532,0.477945,42.1903,1.0
30.1932681975886,17.0349,30.243751895614,17.5382,2.0,16.67932,2.0,9.238313,-0.305045,41.4792,1.0
30.2113052969798,16.225,30.2611117949709,17.9493,2.0,16.67902,2.0,11.35261,0.180609,41.9831,1.0
30.2275648964569,17.1693,30.276472594589,13.3449,2.0,16.67935,2.0,10.20656,0.504101,43.7076,1.0
30.243751895614,16.3835,30.2941149938852,19.4316,2.0,16.67915,2.0,10.69514,-1.160506,39.8833,1.0
30.2611117949709,16.5766,30.3106556944549,14.9304,2.0,16.67908,2.0,10.18579,-0.775101,42.9321,1.0
30.276472594589,16.8899,30.3271856941283,17.6689,2.0,16.67922,2.0,11.1322,-0.335498,41.286,1.0
30.2941149938852,16.5748,30.3446310944855,16.179,2.0,16.67915,2.0,10.75411,-0.754725,42.0654,1.0
30.3106556944549,16.3949,30.3604629952461,17.6464,2.0,16.67897,2.0,10.7366,0.104671,41.6703,1.0
30.3271856941283,16.5097,30.3766387943178,14.3259,2.0,16.67886,2.0,11.6813,-0.471977,42.9221,1.0
30.3446310944855,17.411,30.3933410942554,18.3643,2.0,16.67934,2.0,9.822825,-0.751302,40.7378,1.0
30.3604629952461,17.0092,30.4102706946433,15.1994,2.0,16.67955,2.0,10.88833,-0.827734,41.6917,1.0
30.3766387943178,16.9613,30.4265811946243,18.0845,2.0,16.67974,2.0,11.22278,-0.366724,39.8827,1.0
30.3933410942554,16.713,30.4433686938137,16.3821,2.0,16.67976,2.0,10.4898,1.152637,41.0021,1.0
30.4102706946433,16.0684,30.4604579936713,15.8365,2.0,16.67936,2.0,12.13843,0.195148,40.6757,1.0
30.4265811946243,16.8171,30.4764404930174,17.138,2.0,16.67945,2.0,12.20272,-0.743931,40.4441,1.0
30.4433686938137,14.7918,30.4945394936949,17.0626,2.0,16.67821,2.0,10.40386,-0.460052,40.7656,1.0
30.4604579936713,18.5474,30.5096046933904,16.2951,2.0,16.67944,2.0,10.02125,0.142441,43.0363,1.0
30.4764404930174,14.845,30.5278818933293,17.0174,2.0,16.67824,2.0,9.721631,-0.413728,40.785,1.0
30.4945394936949,18.5293,30.5436450941488,17.0286,2.0,16.67945,2.0,11.95965,-0.824555,42.957,1.0
30.5096046933904,16.4214,30.5615457938984,17.9435,2.0,16.67928,2.0,10.12966,-0.130571,41.4574,1.0
30.5278818933293,16.237,30.5776530941948,14.8322,2.0,16.67899,2.0,9.848328,-0.349926,42.9795,1.0
30.5436450941488,16.9322,30.5946447933093,18.3697,2.0,16.67916,2.0,11.57866,-0.511641,41.5741,1.0
30.5615457938984,15.8334,30.6115679936484,15.3273,2.0,16.6786,2.0,10.45737,-0.563062,43.0126,1.0
30.5776530941948,18.711,30.6275744931772,17.4132,2.0,16.67993,2.0,11.56223,0.251287,42.5065,1.0
30.5946447933093,15.8343,30.6442705923691,15.3177,2.0,16.67938,2.0,9.796541,1.127599,41.2097,1.0
30.6115679936484,17.2923,30.6604374917224,17.647,2.0,16.67978,2.0,10.48896,-0.132038,40.6935,1.0
30.6275744931772,15.4138,30.6788085913286,16.8873,2.0,16.67895,2.0,11.84691,0.496324,41.0489,1.0
30.6442705923691,17.4833,30.6934834914282,16.2248,2.0,16.67948,2.0,9.414101,-0.320063,42.5224,1.0
30.6604374917224,16.3187,30.7104189908132,15.3549,2.0,16.67924,2.0,8.612138,0.14713,41.2642,1.0
30.6788085913286,16.6976,30.7267660899088,17.9164,2.0,16.67925,2.0,11.09978,0.376666,40.2918,1.0
30.6934834914282,16.6279,30.7439169893041,17.3549,2.0,16.67922,2.0,9.165763,0.016919,41.5196,1.0
30.7104189908132,17.3629,30.7614545887336,15.9015,2.0,16.67966,2.0,11.55687,-0.519172,42.2472,1.0
30.7267660899088,15.8556,30.7766404887661,16.516,2.0,16.67913,2.0,9.786734,-0.731272,40.7856,1.0
30.7439169893041,16.911,30.7937206896022,17.302,2.0,16.67928,2.0,10.61988,-0.510852,41.4466,1.0
30.7614545887336,16.5852,30.8103125886992,15.1815,2.0,16.67922,2.0,9.889572,-0.288731,41.8383,1.0
30.7766404887661,16.5815,30.8267740895972,17.8755,2.0,16.67916,2.0,10.28467,0.112979,40.4351,1.0
30.7937206896022,16.7045,30.8437073891982,15.4858,2.0,16.67917,2.0,11.95815,0.406811,41.7293,1.0
30.8103125886992,17.0542,30.8603674890473,18.2784,2.0,16.67941,2.0,10.70983,-0.05425,40.5111,1.0
30.8267740895972,16.8979,30.8775911899284,17.0186,2.0,16.67956,2.0,10.04142,-0.152728,41.7352,1.0
30.8437073891982,15.9846,30.8943362897262,15.0496,2.0,16.67911,2.0,11.08799,-0.274884,41.8565,1.0
30.8603674890473,16.3901,30.9104630900547,17.5527,2.0,16.67892,2.0,9.53745,-0.468531,40.9213,1.0
30.8775911899284,15.7201,30.9267925908789,16.5802,2.0,16.6783,2.0,9.626528,-0.781026,42.0844,1.0
30.8943362897262,18.485,30.9439087910578,15.4883,2.0,16.67947,2.0,11.36978,0.100052,42.9447,1.0
30.9104630900547,16.6454,30.9603489907458,17.6144,2.0,16.67944,2.0,10.23383,-0.193099,39.9483,1.0
30.9267925908789,14.905,30.977409590967,15.9863,2.0,16.6783,2.0,10.35183,0.518895,40.9176,1.0
30.9439087910578,18.4985,30.9944067904726,18.5354,2.0,16.67947,2.0,12.17465,-0.754391,41.9986,1.0
30.9603489907458,15.6633,31.0102601898834,14.3982,2.0,16.67882,2.0,9.345699,-0.167557,42.0367,1.0
30.977409590967,17.5673,31.0274614905939,18.7431,2.0,16.67939,2.0,10.00511,-0.306465,40.7714,1.0
30.9944067904726,16.4601,31.0447906898335,15.7751,2.0,16.67925,2.0,8.913291,-0.59383,41.9482,1.0
31.0102601898834,17.1244,31.0613249903545,17.8119,2.0,16.67953,2.0,10.66656,-0.46166,41.2626,1.0
31.0274614905939,16.0629,31.0768907899037,15.7619,2.0,16.67914,2.0,11.48337,-0.234345,41.9513,1.0
31.0447906898335,17.1447,31.0935514895245,15.0901,2.0,16.67944,2.0,11.69693,0.485045,41.6502,1.0
31.0613249903545,16.4377,31.110656590201,18.838,2.0,16.67928,2.0,10.57146,-1.542656,39.5964,1.0
31.0768907899037,16.6528,31.1285773897544,16.1677,2.0,16.67927,2.0,11.77695,-0.313828,41.9966,1.0
31.0935514895245,16.7422,31.1434964900836,16.0919,2.0,16.67931,2.0,10.26616,-0.16024,41.4983,1.0
31.110656590201,16.836,31.1605216907337,17.0752,2.0,16.67941,2.0,10.74236,-0.797399,40.8622,1.0
31.1285773897544,17.1624,31.1774128908291,15.8527,2.0,16.67971,2.0,11.66723,-0.090134,41.1018,1.0
31.1434964900836,16.2683,31.1945070913061,18.3975,2.0,16.67945,2.0,11.68534,-0.818683,39.7922,1.0
31.1605216907337,14.7652,31.2116316920146,15.7213,2.0,16.67823,2.0,9.918499,-0.597606,41.9216,1.0
31.1774128908291,18.708,31.2275163913146,17.3276,2.0,16.67953,2.0,12.14653,-1.345505,42.8781,1.0
31.1945070913061,16.0714,31.2444892907515,15.4128,2.0,16.67914,2.0,9.918883,-0.532667,41.4981,1.0
31.2116316920146,17.3601,31.26039229054,17.3625,2.0,16.67957,2.0,11.76931,-1.391507,40.8398,1.0
31.2275163913146,16.1035,31.2765517914668,14.8229,2.0,16.6792,2.0,10.54871,-0.212486,40.843,1.0
31.2444892907515,17.0217,31.2946559907869,19.8705,2.0,16.67942,2.0,11.24537,-1.033752,39.562,1.0
31.26039229054,16.2934,31.3103368906304,13.9848,2.0,16.67918,2.0,11.86851,0.509104,42.4114,1.0
31.2765517914668,17.4393,31.3275435911492,18.5616,2.0,16.67966,2.0,11.23159,-0.455745,40.1034,1.0
31.2946559907869,16.0989,31.3452828908339,16.2209,2.0,16.67929,2.0,9.790952,-0.735615,41.2261,1.0
31.3103368906304,16.7414,31.3603495908901,16.2982,2.0,16.67933,2.0,12.1746,-0.212421,41.3486,1.0
31.3275435911492,16.6546,31.3775233915076,15.8843,2.0,16.67932,2.0,9.444645,-1.424505,40.9056,1.0
31.3452828908339,16.6401,31.3955173911527,19.7298,2.0,16.67929,2.0,9.965615,-1.037208,40.136,1.0
31.3603495908901,16.8713,31.4117080913857,14.408,2.0,16.67941,2.0,11.86432,0.575737,43.2259,1.0
31.3775233915076,16.7539,31.4277107911184,17.3039,2.0,16.67946,2.0,9.719605,-0.467555,40.7626,1.0
31.3955173911527,17.6994,31.4443874908611,15.4524,2.0,16.6801,2.0,12.42331,0.287412,41.3124,1.0
31.4117080913857,15.4711,31.4615173907951,18.543,2.0,16.67934,2.0,10.07216,-0.784456,39.0658,1.0
31.4277107911184,17.0442,31.4774683909491,14.5998,2.0,16.67957,2.0,10.67675,-0.474993,42.132,1.0
31.4443874908611,16.5496,31.4953781915829,19.3543,2.0,16.67949,2.0,10.15329,-0.077911,39.6943,1.0
31.4615173907951,16.3109,31.5115794921294,14.9012,2.0,16.67926,2.0,9.257656,-0.556486,42.4997,1.0
31.4774683909491,17.1153,31.5282640913501,17.9795,2.0,16.67953,2.0,11.85959,-0.380726,41.0902,1.0
31.4953781915829,16.0438,31.543726391159,14.1235,2.0,16.67913,2.0,9.777811,0.532681,41.9545,1.0
31.5115794921294,17.0483,31.5615584915504,19.056,2.0,16.67936,2.0,9.576686,-0.404163,40.0346,1.0
31.5282640913501,17.203,31.5790931908414,16.3411,2.0,16.67969,2.0,11.63573,-0.48639,42.0432,1.0
31.543726391159,16.2931,31.5954212909564,17.5287,2.0,16.67945,2.0,10.04912,0.185833,41.1812,1.0
31.5615584915504,16.4141,31.6114198910072,14.5395,2.0,16.67928,2.0,8.863563,-0.864779,42.4173,1.0
31.5790931908414,16.9051,31.627856890671,17.8329,2.0,16.67942,2.0,11.55269,0.251025,40.5425,1.0
31.5954212909564,16.5051,31.6444502910599,15.21,2.0,16.67931,2.0,10.21067,-0.921925,41.4716,1.0
31.6114198910072,16.8443,31.6615379909053,18.3277,2.0,16.67942,2.0,10.92128,-0.588942,40.176,1.0
31.627856890671,16.1726,31.6779681900516,15.2885,2.0,16.6791,2.0,10.55997,0.386528,41.6599,1.0
31.6444502910599,17.2968,31.6943316897377,17.6037,2.0,16.67949,2.0,10.88873,0.480344,40.7762,1.0
31.6615379909053,16.3086,31.7113474896178,15.8089,2.0,16.67925,2.0,10.91804,-0.499267,41.084,1.0
31.6779681900516,16.7807,31.7274615904316,17.3948,2.0,16.67932,2.0,11.68787,-0.442394,40.5838,1.0
31.6943316897377,16.6708,31.7440210906789,15.2882,2.0,16.67931,2.0,9.154956,-0.162054,41.1989,1.0
31.7113474896178,16.5472,31.7614546911791,18.4929,2.0,16.67923,2.0,10.56757,0.59974,39.8168,1.0
31.7274615904316,17.0644,31.7777947904542,15.3475,2.0,16.67947,2.0,10.13919,-0.499416,41.7625,1.0
31.7440210906789,16.9218,31.7944944901392,18.113,2.0,16.67962,2.0,11.35285,-0.955493,40.0463,1.0
31.7614546911791,16.344,31.8115769894794,15.5684,2.0,16.67941,2.0,10.08176,-1.125899,41.2371,1.0
31.7777947904542,16.5141,31.8284220891073,18.091,2.0,16.67931,2.0,10.71052,0.248043,40.4618,1.0
31.7944944901392,16.3009,31.8455322897062,15.7845,2.0,16.67907,2.0,10.61849,-1.263597,42.0396,1.0
31.8115769894794,17.1681,31.8625252889469,18.5814,2.0,16.67938,2.0,12.3322,-0.839974,41.5234,1.0
31.8284220891073,16.7393,31.8785759890452,16.1856,2.0,16.67942,2.0,11.35476,-0.726989,42.9368,1.0
31.8455322897062,17.0924,31.8946050899103,14.3668,2.0,16.67967,2.0,10.9097,0.173436,42.3841,1.0
31.8625252889469,15.8534,31.9111692896113,18.3795,2.0,16.67916,2.0,10.94007,-0.620917,39.6581,1.0
31.8785759890452,17.305,31.9283665893599,15.3526,2.0,16.67955,2.0,11.90819,0.184786,42.1846,1.0
31.8946050899103,16.429,31.9446930894628,17.8375,2.0,16.67939,2.0,10.24146,-0.865078,40.2324,1.0
31.9111692896113,16.257,31.9624919900671,17.6703,2.0,16.67913,2.0,10.92402,-0.877687,41.6421,1.0
31.9283665893599,16.8016,31.979232490994,17.247,2.0,16.67921,2.0,10.23351,0.236575,43.0549,1.0
31.9446930894628,16.8103,31.9942744914442,14.377,2.0,16.67929,2.0,10.87808,-0.631078,43.501,1.0
31.9624919900671,14.6191,32.0130219906569,17.9571,2.0,16.67801,2.0,10.54149,-0.075547,41.0678,1.0
31.979232490994,18.8088,32.027754791081,15.921,2.0,16.67933,2.0,12.01793,-0.978925,44.4056,1.0
31.9942744914442,14.9778,32.0444706901908,15.3193,2.0,16.67828,2.0,9.337678,-0.503207,41.5188,1.0
32.0130219906569,18.0014,32.0615083910525,18.4868,2.0,16.6791,2.0,11.93845,-0.119261,41.8601,1.0
32.027754791081,14.959,32.0786626916379,15.6715,2.0,16.67803,2.0,9.858425,-0.702555,42.3459,1.0
32.0444706901908,19.0586,32.0963211916387,19.033,2.0,16.6795,2.0,12.27051,0.067546,43.059,1.0
32.0615083910525,15.922,32.1116704912856,15.1144,2.0,16.67904,2.0,10.31146,0.204333,43.0337,1.0
32.0786626916379,17.4797,32.1303283916786,17.2782,2.0,16.67953,2.0,11.33945,-0.153877,42.2311,1.0
32.0963211916387,16.4762,32.1447459915653,15.8652,2.0,16.6794,2.0,10.21115,-0.148807,42.0296,1.0
32.1116704912856,15.0424,32.1617497922853,15.509,2.0,16.6784,2.0,11.24527,0.691064,41.4189,1.0
32.1303283916786,18.8053,32.177907592617,17.6966,2.0,16.6797,2.0,9.372877,-0.857486,41.8857,1.0
32.1447459915653,15.729,32.1945970924571,15.2907,2.0,16.67912,2.0,11.30711,-0.349589,40.7771,1.0
32.1617497922853,17.2051,32.2115297922865,18.2755,2.0,16.67944,2.0,10.15024,-1.319853,40.3396,1.0
32.177907592617,16.1596,32.2283941926435,15.9681,2.0,16.67912,2.0,10.65769,-0.039013,41.4108,1.0
32.1945970924571,17.1468,32.2461037924513,19.0382,2.0,16.67941,2.0,10.80959,-0.499412,41.2187,1.0
32.2115297922865,16.5436,32.2615805920213,13.8608,2.0,16.67933,2.0,11.67225,0.689887,43.111,1.0
32.2283941926435,16.9655,32.2785752918571,18.2935,2.0,16.6795,2.0,11.31871,0.10602,40.4291,1.0
32.2461037924513,16.9553,32.2956577911973,15.8378,2.0,16.67967,2.0,11.27381,0.858976,41.7576,1.0
32.2615805920213,16.668,32.311345892027,17.0303,2.0,16.67966,2.0,10.12891,0.6782,40.6402,1.0
32.2785752918571,16.3765,32.3289461918175,16.2777,2.0,16.67948,2.0,10.38358,-0.211147,41.0026,1.0
32.2956577911973,16.8141,32.345633091405,17.9862,2.0,16.67956,2.0,9.729424,-0.088877,40.9037,1.0
32.311345892027,15.8949,32.3623746912926,15.1049,2.0,16.67908,2.0,10.3464,-0.608216,42.0769,1.0
32.3289461918175,17.1887,32.3789836913347,17.8229,2.0,16.67939,2.0,9.300347,-1.013502,41.2873,1.0
32.345633091405,16.6259,32.3963971920311,17.8964,2.0,16.67936,2.0,11.30038,-0.84608,41.9215,1.0
32.3623746912926,16.5015,32.4119474915788,13.9987,2.0,16.67925,2.0,9.919416,0.146357,43.1929,1.0
32.3789836913347,16.6803,32.4292253917083,19.1155,2.0,16.67925,2.0,11.6054,-0.125134,40.69,1.0
32.3963971920311,16.2539,32.4456459907815,14.7296,2.0,16.67899,2.0,11.14048,-0.413997,43.0931,1.0
32.4119474915788,19.8092,32.4637357899919,19.6864,2.0,16.6809,2.0,12.03964,-0.554148,41.6012,1.0
32.4292253917083,13.9751,32.4786441903561,14.5545,2.0,16.67925,2.0,9.533134,0.00107,41.4708,1.0
32.4456459907815,16.6707,32.4962760899216,16.178,2.0,16.67925,2.0,11.4159,0.38405,42.0585,1.0
32.4637357899919,16.6268,32.5112941898406,16.5845,2.0,16.67922,2.0,10.25275,-0.132114,41.5663,1.0
32.4786441903561,15.1221,32.5288871899247,16.0503,2.0,16.67827,2.0,10.10243,0.046422,41.5241,1.0
32.4962760899216,18.1628,32.546556789428,19.364,2.0,16.67917,2.0,11.14195,-0.029128,42.4529,1.0
32.5112941898406,16.7869,32.5617979895324,14.041,2.0,16.67924,2.0,9.293114,0.537593,43.6544,1.0
32.5288871899247,17.1189,32.5782962888479,18.0648,2.0,16.6795,2.0,11.42478,-0.224164,40.9088,1.0
32.546556789428,16.6322,32.5956376884133,15.6516,2.0,16.67948,2.0,9.566328,-0.796517,41.8551,1.0
32.5617979895324,16.3649,32.612602788955,18.2018,2.0,16.67929,2.0,11.12361,-0.793255,40.8751,1.0
32.5782962888479,17.1189,32.629182189703,14.9659,2.0,16.67955,2.0,9.226264,-0.324009,42.7123,1.0
32.5956376884133,16.9453,32.6466411892325,19.1852,2.0,16.67971,2.0,9.922617,0.143154,40.5599,1.0
32.612602788955,15.4632,32.6616034889594,13.2931,2.0,16.67898,2.0,11.76075,-0.365429,42.8003,1.0
32.629182189703,16.9754,32.6788753895089,18.7181,2.0,16.67916,2.0,10.67751,-0.239374,40.6296,1.0
32.6466411892325,17.2393,32.6961359893903,15.8518,2.0,16.67949,2.0,10.15025,-0.482906,42.3728,1.0
32.6616034889594,16.4114,32.7124792886898,17.5879,2.0,16.67933,2.0,11.14503,-0.40052,40.986,1.0
32.6788753895089,16.7922,32.7295206887648,15.7466,2.0,16.6794,2.0,10.19237,-0.590631,42.1626,1.0
32.6961359893903,17.2848,32.745630688034,17.4301,2.0,16.67976,2.0,11.58221,-0.817528,41.1174,1.0
32.7124792886898,15.8884,32.7623640885577,15.5323,2.0,16.67929,2.0,10.52332,0.292371,41.2632,1.0
32.7295206887648,16.9658,32.778530289419,17.726,2.0,16.67946,2.0,11.59173,-1.340969,40.9072,1.0
32.745630688034,16.227,32.7957132896408,15.8286,2.0,16.67919,2.0,10.54503,-0.061872,41.6683,1.0
32.7623640885577,17.3103,32.8123684888706,17.6205,2.0,16.67957,2.0,10.58893,0.189136,41.2699,1.0
32.778530289419,16.6557,32.8287326889113,15.5509,2.0,16.67955,2.0,10.86917,-0.695689,41.5806,1.0
32.7957132896408,16.6432,32.8460961887613,18.2856,2.0,16.67953,2.0,11.28467,-0.938914,40.4765,1.0
32.8123684888706,16.1933,32.8621757896617,14.583,2.0,16.67924,2.0,11.11876,-0.161735,42.1192,1.0
32.8287326889113,16.8181,32.8792547890916,18.4831,2.0,16.67932,2.0,9.564689,-0.324652,40.5095,1.0
32.8460961887613,16.9529,32.8954008882865,14.9366,2.0,16.67949,2.0,10.75441,0.400938,42.1744,1.0
32.8621757896617,16.7361,32.9125268878415,18.4645,2.0,16.67952,2.0,12.15483,-0.687137,40.1583,1.0
32.8792547890916,16.2341,32.9304861882702,16.6675,2.0,16.67925,2.0,10.32735,-0.220064,41.8877,1.0
32.8954008882865,17.3733,32.9464147882536,17.5391,2.0,16.67967,2.0,10.14186,0.054155,42.3208,1.0
32.9125268878415,15.5916,32.9626870891079,14.5187,2.0,16.67902,2.0,10.91414,-0.806827,42.4873,1.0
32.9304861882702,17.3172,32.9788483893499,17.3492,2.0,16.6794,2.0,10.53456,-0.085008,41.4143,1.0
32.9464147882536,16.4849,32.9959376892075,15.8359,2.0,16.67928,2.0,11.45815,0.334555,41.4471,1.0
32.9626870891079,17.159,33.0137002887204,19.0914,2.0,16.67957,2.0,9.817127,-0.147458,40.7979,1.0
32.9788483893499,16.0241,33.0292973890901,14.3115,2.0,16.67918,2.0,12.04471,-0.701986,42.7297,1.0
32.9959376892075,16.9331,33.0465414896607,18.6102,2.0,16.67933,2.0,10.08885,-0.963229,41.0186,1.0
33.0137002887204,16.8733,33.0626574903727,14.808,2.0,16.67945,2.0,9.496258,0.113089,42.6958,1.0
33.0292973890901,17.5211,33.0788044910878,17.3894,2.0,16.67995,2.0,11.43869,-0.669015,40.6311,1.0
33.0465414896607,15.2693,33.0961047913879,16.0428,2.0,16.67911,2.0,10.65663,1.299533,40.4995,1.0
33.0626574903727,17.0952,33.1135433912277,18.8331,2.0,16.67936,2.0,12.08061,-0.899572,41.274,1.0
33.0788044910878,16.361,33.1303786914796,15.2261,2.0,16.67917,2.0,10.13062,-0.654514,43.0118,1.0
33.0961047913879,17.087,33.1455453913659,16.8828,2.0,16.67941,2.0,10.38827,0.102623,41.8775,1.0
33.1135433912277,16.388,33.1624247916043,15.1689,2.0,16.67924,2.0,9.798372,-0.685611,41.6733,1.0
33.1303786914796,16.6821,33.1784223914146,17.6539,2.0,16.67924,2.0,10.75841,-0.041667,40.4543,1.0
33.1455453913659,16.6278,33.1963733918965,16.4146,2.0,16.67921,2.0,10.08248,-0.062357,41.3934,1.0
33.1624247916043,17.187,33.2125439923257,17.3193,2.0,16.67951,2.0,10.83651,-1.083963,41.2136,1.0
33.1784223914146,14.5236,33.2292235922068,15.4861,2.0,16.67823,2.0,10.01567,0.651268,41.3467,1.0
33.1963733918965,18.6539,33.2456524930894,17.7951,2.0,16.6794,2.0,11.28016,-0.594497,42.309,1.0
33.2125439923257,16.464,33.2624595928937,15.5853,2.0,16.67927,2.0,9.758563,-1.118884,41.4508,1.0
33.2292235922068,16.7176,33.2789386920631,17.7391,2.0,16.67929,2.0,11.03053,-0.137249,40.5721,1.0
33.2456524930894,14.6526,33.2963521927595,17.588,2.0,16.6781,2.0,10.5957,-0.549656,41.5946,1.0
33.2624595928937,19.053,33.3123268932104,15.6276,2.0,16.6795,2.0,10.51808,0.024564,44.5297,1.0
33.2789386920631,14.4221,33.3289535939693,15.4301,2.0,16.67817,2.0,12.32325,-1.103669,41.1054,1.0
33.2963521927595,18.5619,33.3466543946415,19.2622,2.0,16.67928,2.0,9.878456,-0.048824,42.1139,1.0
33.3123268932104,15.0775,33.3625553939492,14.2299,2.0,16.67834,2.0,11.77974,-0.585341,42.8147,1.0
33.3289535939693,17.8692,33.3788805939257,17.8301,2.0,16.67904,2.0,9.757769,0.089455,41.9594,1.0
33.3466543946415,16.8143,33.3954808935523,15.1491,2.0,16.67912,2.0,12.28692,-0.455413,41.9283,1.0
33.3625553939492,17.0531,33.412966793403,18.9025,2.0,16.67934,2.0,9.913941,-0.915448,40.2633,1.0
33.3788805939257,16.4864,33.4306211937219,16.2794,2.0,16.67922,2.0,11.77635,-0.971209,42.1133,1.0
33.3954808935523,16.7768,33.4462080933154,17.1825,2.0,16.67928,2.0,9.790913,-0.266889,41.9066,1.0
33.412966793403,17.3524,33.4629346933216,15.2332,2.0,16.67967,2.0,11.83795,0.509603,42.3125,1.0
33.4306211937219,16.8998,33.4805691931397,19.081,2.0,16.6798,2.0,10.62961,-0.037272,40.1938,1.0
33.4462080933154,15.3786,33.4968765936792,14.9253,2.0,16.67904,2.0,12.22899,-0.936983,42.3681,1.0
33.4629346933216,16.8667,33.513273993507,17.7698,2.0,16.67915,2.0,10.1534,-0.379286,41.9219,1.0
33.4805691931397,16.5663,33.5304422937334,15.6986,2.0,16.67908,2.0,10.78717,-0.151257,42.8251,1.0
33.4968765936792,17.2039,33.5453289933503,17.9523,2.0,16.67939,2.0,9.958883,-0.372681,41.9582,1.0
33.513273993507,16.2558,33.5623748935759,13.9404,2.0,16.67915,2.0,12.25939,-0.14173,42.7068,1.0
33.5453289933503,22.4174,33.5804565940052,19.6191,2.0,16.6825,2.0,10.38866,0.119105,40.3917,1.0
33.5453289933503,10.3165,33.5974027942866,15.2796,1.0,16.67878,2.0,11.46638,-0.748327,37.5815,1.0
33.5623748935759,17.442,33.612414194271,16.6652,2.0,16.67923,2.0,10.45543,-0.056857,42.557,1.0
33.5804565940052,16.0653,33.6301835943013,16.271,2.0,16.67887,2.0,11.34729,-0.948396,41.7803,1.0
33.5974027942866,17.4103,33.6481622941792,19.3912,2.0,16.67929,2.0,9.792527,-0.611931,41.9868,1.0
33.612414194271,16.3889,33.6633273940533,13.739,2.0,16.67912,2.0,11.87506,-0.443599,43.968,1.0
33.6301835943013,17.2847,33.6795501932502,17.4277,2.0,16.67948,2.0,9.861696,-0.131724,41.3185,1.0
33.6481622941792,15.953,33.6959013938904,15.1333,2.0,16.67905,2.0,12.18283,1.108797,41.4617,1.0
33.6633273940533,17.4452,33.7134029939771,18.7389,2.0,16.6795,2.0,10.3149,-0.34216,40.6421,1.0
33.6795501932502,15.9041,33.7293311934918,14.7476,2.0,16.67905,2.0,11.77472,-0.438507,41.9356,1.0
33.6959013938904,17.371,33.745747692883,17.6861,2.0,16.67945,2.0,10.179,-1.182634,40.7803,1.0
33.7134029939771,16.1258,33.7627309933305,15.7994,2.0,16.67913,2.0,10.13216,-0.604907,41.0959,1.0
33.7293311934918,16.6866,33.7796176932752,18.2703,2.0,16.67913,2.0,10.23811,-0.423992,40.7691,1.0
33.745747692883,17.0337,33.7969487924129,15.8534,2.0,16.67934,2.0,9.983734,0.444341,42.3529,1.0
33.7627309933305,16.5337,33.8137069921941,18.147,2.0,16.67925,2.0,12.39561,0.278377,41.1656,1.0
33.7796176932752,16.9362,33.8305410929024,15.2669,2.0,16.6794,2.0,10.44479,-0.833585,42.7872,1.0
33.7969487924129,16.716,33.846821192652,17.7976,2.0,16.67943,2.0,11.60446,-1.029159,41.1183,1.0
33.8137069921941,16.8941,33.8633198924363,15.0202,2.0,16.67955,2.0,9.122023,0.41424,42.1999,1.0
33.8305410929024,16.9597,33.8802449926734,18.4303,2.0,16.67971,2.0,10.90168,-0.354508,40.3264,1.0
33.846821192652,16.643,33.8962644934654,14.503,2.0,16.67969,2.0,10.42666,-0.692588,41.7975,1.0
33.8633198924363,16.7258,33.9135179929435,18.8193,2.0,16.67972,2.0,12.11616,-0.700455,39.6573,1.0
33.8802449926734,16.5668,33.9302472937852,15.1794,2.0,16.67965,2.0,9.370808,-0.675453,41.7519,1.0
33.8962644934654,16.9831,33.9469128940254,18.0198,2.0,16.67983,2.0,11.60709,-0.473736,40.3651,1.0
33.9135179929435,16.2562,33.9634545948356,15.3149,2.0,16.67958,2.0,10.62836,-0.296841,41.4021,1.0
33.9302472937852,17.5949,33.9803764950484,18.4217,2.0,16.68011,2.0,11.81905,-0.512188,40.4601,1.0
33.9469128940254,16.1356,33.9964430946857,14.471,2.0,16.6798,2.0,10.92394,-0.603607,41.2878,1.0
33.9634545948356,16.1751,34.0124217942357,17.3982,2.0,16.67951,2.0,11.77174,0.253591,39.6235,1.0
33.9803764950484,16.1962,34.0311122946441,17.359,2.0,16.67923,2.0,10.39339,-1.423164,40.847,1.0
33.9964430946857,17.2769,34.0469500944018,16.9248,2.0,16.67957,2.0,11.72601,-0.449308,42.0107,1.0
34.0124217942357,17.1017,34.0633573941886,15.2767,2.0,16.67982,2.0,10.13231,1.001808,41.6585,1.0
34.0311122946441,16.4792,34.080319693312,18.4044,2.0,16.6797,2.0,10.94836,0.416306,39.8339,1.0
34.0469500944018,16.6332,34.0966350939125,14.7598,2.0,16.67967,2.0,11.81271,-0.112909,41.7596,1.0
34.0633573941886,16.6331,34.1121971942484,16.6103,2.0,16.67965,2.0,10.04409,0.2037,39.8861,1.0
34.080319693312,16.2452,34.1306964941323,17.6709,2.0,16.6794,2.0,10.29409,1.38302,39.8645,1.0
34.0966350939125,16.6773,34.1466398946941,17.5249,2.0,16.6794,2.0,9.181909,0.733092,41.2897,1.0
34.1121971942484,16.8263,34.1644454952329,16.1151,2.0,16.67948,2.0,11.3105,-0.325122,42.1273,1.0
34.1306964941323,16.7898,34.1803041957319,16.9959,2.0,16.67954,2.0,9.30048,-0.39208,41.4262,1.0
34.1466398946941,15.9931,34.1964913960546,15.2517,2.0,16.67915,2.0,8.264008,-0.399802,41.6336,1.0
34.1644454952329,17.1324,34.2136443965137,18.2303,2.0,16.67941,2.0,10.53072,-0.195484,40.8923,1.0
34.1803041957319,16.2746,34.230895197019,15.9688,2.0,16.67918,2.0,9.94138,-0.499386,41.9906,1.0
34.1964913960546,16.7025,34.2487876974046,19.5408,2.0,16.67919,2.0,11.4124,0.465633,41.6851,1.0
34.2136443965137,16.7755,34.2635248973966,13.5208,2.0,16.67925,2.0,10.31248,-0.160206,44.5234,1.0
34.230895197019,16.7197,34.2803317978978,17.8021,2.0,16.67927,2.0,9.817686,0.043054,41.2687,1.0
34.2487876974046,16.4827,34.2969951983541,15.2757,2.0,16.67916,2.0,11.56007,-0.604534,42.3525,1.0
34.2635248973966,17.209,34.3158551976085,18.8545,2.0,16.67946,2.0,9.205306,-0.860726,41.1446,1.0
34.2803317978978,16.3987,34.3304701978341,15.6351,2.0,16.6793,2.0,9.748546,-0.371237,42.7916,1.0
34.2969951983541,16.7755,34.3471366977319,15.6276,2.0,16.67935,2.0,10.87933,-0.255857,42.0282,1.0
34.3158551976085,16.4733,34.363594298251,17.9098,2.0,16.67924,2.0,10.67013,-0.773781,40.8805,1.0
34.3304701978341,16.8811,34.3805680973455,15.3595,2.0,16.67935,2.0,10.43034,-0.019594,42.3178,1.0
34.3471366977319,16.3968,34.3974301973358,18.4926,2.0,16.67919,2.0,11.28746,0.328237,40.796,1.0
34.363594298251,17.1898,34.4135784981772,14.673,2.0,16.67948,2.0,9.904681,-0.240842,42.8923,1.0
34.3805680973455,16.3907,34.4301562989131,18.0077,2.0,16.67932,2.0,10.09859,-0.239662,40.3757,1.0
34.3974301973358,16.3634,34.4467169987038,15.13,2.0,16.67914,2.0,11.14096,0.324283,41.9931,1.0
34.4135784981772,18.5898,34.4626682987437,17.2482,2.0,16.68022,2.0,9.319842,-0.391425,40.7593,1.0
34.4301562989131,15.3156,34.480368998833,16.4942,2.0,16.67945,2.0,9.659362,-0.854154,39.4187,1.0
34.4467169987038,16.7116,34.4973146980628,18.257,2.0,16.67947,2.0,11.41702,-0.541338,40.598,1.0
34.4626682987437,16.3501,34.5135023975745,14.8734,2.0,16.67928,2.0,9.315225,-0.287634,42.1437,1.0
34.480368998833,17.1219,34.5307339979336,18.4485,2.0,16.67953,2.0,9.882954,-0.15048,40.6674,1.0
34.4973146980628,16.5176,34.5462760981172,14.3397,2.0,16.67944,2.0,11.89814,-0.540963,41.9947,1.0
34.5135023975745,16.8821,34.5643063988537,19.3548,2.0,16.67955,2.0,10.50623,-0.153801,39.8167,1.0
34.5307339979336,15.8357,34.5804287996143,14.6632,2.0,16.67908,2.0,11.38728,-0.907717,42.2893,1.0
34.5462760981172,17.5975,34.596932599321,16.4509,2.0,16.6796,2.0,11.08586,0.480163,41.1169,1.0
34.5643063988537,15.6968,34.614681398496,19.1939,2.0,16.67904,2.0,10.3913,-0.159076,39.9713,1.0
34.5804287996143,17.5383,34.6302854986861,14.1046,2.0,16.67953,2.0,9.834417,-0.187009,43.4685,1.0
34.596932599321,16.2315,34.6465720990673,17.8771,2.0,16.67927,2.0,12.01844,0.384385,40.0355,1.0
34.614681398496,16.9449,34.6633439986035,15.3346,2.0,16.67942,2.0,9.100676,-0.436697,41.6808,1.0
34.6302854986861,16.6461,34.6806504977867,18.8531,2.0,16.6794,2.0,10.18821,-0.978878,40.0705,1.0
34.6465720990673,16.2472,34.698584898375,16.4919,2.0,16.67916,2.0,11.42391,0.316909,42.2787,1.0
34.6633439986035,17.5264,34.7138296980411,16.5135,2.0,16.67964,2.0,9.474097,-0.912834,42.5234,1.0
34.6806504977867,15.3396,34.730322798714,15.1521,2.0,16.67888,2.0,11.70518,-0.868905,41.5108,1.0
34.698584898375,17.6225,34.747167898342,18.1235,2.0,16.67941,2.0,10.70859,0.085045,41.3236,1.0
34.7138296980411,15.8916,34.7641064990312,15.6099,2.0,16.67897,2.0,10.79953,-0.431011,41.8252,1.0
34.730322798714,17.3294,34.7807185985148,18.0855,2.0,16.67934,2.0,10.8939,-0.066782,41.5435,1.0
34.747167898342,16.0274,34.7976273987442,15.4026,2.0,16.67897,2.0,11.89456,-0.69571,42.3004,1.0
34.7641064990312,16.9556,34.8139811996371,17.976,2.0,16.67912,2.0,9.441111,-0.704428,41.6761,1.0
34.7807185985148,16.2525,34.8315872997046,15.9301,2.0,16.67889,2.0,11.43768,-0.149575,42.6968,1.0
34.7976273987442,17.508,34.8469221992418,16.993,2.0,16.67935,2.0,9.84341,-0.038004,42.3743,1.0
34.8139811996371,16.3694,34.8648407990113,16.2121,2.0,16.67918,2.0,11.62973,-1.549644,41.8599,1.0
34.8315872997046,17.2536,34.8795244991779,16.1184,2.0,16.6795,2.0,10.49448,0.065512,41.7027,1.0
34.8469221992418,16.0135,34.8977262992412,16.9303,2.0,16.67913,2.0,11.4198,-0.840984,40.5679,1.0
34.8648407990113,17.3169,34.913911499083,17.0833,2.0,16.67948,2.0,9.869444,-0.131859,41.4859,1.0
34.8795244991779,16.4642,34.9316916000098,16.8361,2.0,16.67936,2.0,12.64529,-0.026291,41.2526,1.0
34.8977262992412,17.0336,34.9470295999199,16.8097,2.0,16.67956,2.0,9.781584,0.717508,41.6244,1.0
34.913911499083,16.2262,34.9635713007301,15.1263,2.0,16.67931,2.0,12.18236,-0.914027,41.3935,1.0
34.9316916000098,17.0704,34.9814972002059,18.9868,2.0,16.67953,2.0,10.22429,0.51742,40.3015,1.0
34.9470295999199,16.4196,34.9970927005634,14.5696,2.0,16.67938,2.0,11.17489,-0.122461,42.2187,1.0
34.9635713007301,17.0487,35.0143559006974,18.4125,2.0,16.67959,2.0,8.935427,0.107524,40.3685,1.0
34.9814972002059,16.2752,35.0317630013451,16.094,2.0,16.67936,2.0,12.08258,-1.291351,41.7332,1.0
34.9970927005634,17.3767,35.0476216012612,17.5519,2.0,16.67975,2.0,9.436661,0.013379,41.5522,1.0
35.0143559006974,16.6326,35.0646091019735,15.2575,2.0,16.67972,2.0,11.28248,-0.802766,41.7281,1.0
35.0317630013451,16.3912,35.0807797024027,17.6615,2.0,16.67956,2.0,9.817551,-0.598604,40.3527,1.0
35.0476216012612,16.4108,35.0980174029246,15.699,2.0,16.67941,2.0,12.45432,-0.95355,41.6242,1.0
35.0646091019735,16.871,35.1143867028877,17.9339,2.0,16.67952,2.0,9.839566,0.381102,40.9124,1.0
35.0807797024027,15.9295,35.131555003114,15.828,2.0,16.6791,2.0,11.9854,-0.628589,41.976,1.0
35.0980174029246,17.7214,35.1473039025441,16.9621,2.0,16.67968,2.0,10.92005,0.773924,41.8745,1.0
35.1143867028877,15.7759,35.1635684026405,14.9761,2.0,16.67918,2.0,12.3892,0.286501,41.1161,1.0
35.131555003114,17.4024,35.180952901952,18.8447,2.0,16.67958,2.0,9.479289,-0.236921,40.3158,1.0
35.1473039025441,16.2922,35.1979693016037,16.0759,2.0,16.67937,2.0,12.00348,0.494532,41.7586,1.0
35.1635684026405,17.3365,35.2139591025189,17.3341,2.0,16.67973,2.0,9.030799,-0.863919,41.5425,1.0
35.180952901952,18.0482,35.2316082017496,16.0632,2.0,16.68049,2.0,10.95212,0.140098,41.5401,1.0
35.1979693016037,14.5761,35.2481291024014,17.938,2.0,16.67932,2.0,10.09807,0.008975,39.5561,1.0
35.2139591025189,16.2682,35.2642658026889,14.5291,2.0,16.6791,2.0,8.824619,-0.176779,42.9177,1.0
35.2316082017496,16.9413,35.2805140027776,18.2113,2.0,16.67924,2.0,12.1664,0.604855,41.1793,1.0
35.2481291024014,16.8645,35.2989804027602,16.8337,2.0,16.67934,2.0,9.409725,-0.2364,42.4498,1.0
35.2642658026889,16.8291,35.3143834024668,16.4571,2.0,16.67943,2.0,11.16148,-0.743737,42.4186,1.0
35.2805140027776,16.3289,35.3314381018281,15.6617,2.0,16.67923,2.0,10.17204,-0.713291,42.0476,1.0
35.2989804027602,17.0363,35.3476154021919,17.6265,2.0,16.67943,2.0,10.6689,-0.44073,41.3797,1.0
35.3143834024668,16.3918,35.3647840023041,15.7225,2.0,16.67927,2.0,9.706437,-0.842991,41.9709,1.0
35.3314381018281,17.3081,35.3813204020262,18.0875,2.0,16.67962,2.0,12.06249,-0.79355,41.3017,1.0
35.3476154021919,16.2976,35.3976767025888,14.8076,2.0,16.67941,2.0,10.36943,-0.3627,42.0814,1.0
35.3647840023041,17.3344,35.4138361029327,17.5045,2.0,16.67977,2.0,11.85819,-1.042912,40.5915,1.0
35.3813204020262,15.8568,35.4304108023643,15.069,2.0,16.67932,2.0,10.45115,0.356551,40.7624,1.0
35.3976767025888,16.7202,35.4480930026621,19.1323,2.0,16.67934,2.0,10.7502,-1.263785,39.9749,1.0
35.4138361029327,16.6773,35.4633570024744,14.0461,2.0,16.67934,2.0,11.59391,0.364968,42.3873,1.0
35.4304108023643,19.1034,35.4814116032794,19.4994,2.0,16.68066,2.0,11.13405,-0.52031,39.7562,1.0
35.4480930026621,14.0584,35.4977786028758,14.9086,2.0,16.67923,2.0,10.75408,0.696301,40.121,1.0
35.4633570024744,17.1167,35.5144402021542,18.3181,2.0,16.67947,2.0,11.13513,0.113446,40.9811,1.0
35.4814116032794,16.3449,35.5304836025462,14.4811,2.0,16.67929,2.0,10.80181,0.363843,42.205,1.0
35.4977786028758,17.4635,35.5484243026003,19.3289,2.0,16.67971,2.0,10.4491,0.676615,40.3412,1.0
35.5144402021542,15.9898,35.5647534029558,14.6074,2.0,16.67934,2.0,9.186154,-0.013562,42.2074,1.0
35.5304836025462,17.3086,35.5813669031486,18.2229,2.0,16.67968,2.0,11.03406,-0.058938,40.825,1.0
35.5484243026003,16.6131,35.6002470040694,17.4944,2.0,16.67964,2.0,9.343185,-0.53299,41.7405,1.0
35.5647534029558,16.4991,35.6143862036988,15.3398,2.0,16.67955,2.0,10.69866,1.185235,42.6215,1.0
35.5813669031486,16.2185,35.6306043034419,14.926,2.0,16.67929,2.0,9.962538,-0.822206,41.4624,1.0
35.6002470040694,16.9779,35.6484449030831,19.3997,2.0,16.67946,2.0,11.32839,-0.560159,40.1704,1.0
35.6143862036988,16.242,35.6657145032659,15.8117,2.0,16.67922,2.0,10.35907,-0.888578,42.5932,1.0
35.6306043034419,16.9718,35.6817258028314,17.3399,2.0,16.67938,2.0,10.14721,-0.449741,42.1632,1.0
35.6484449030831,16.4652,35.6977523034438,14.6517,2.0,16.67926,2.0,10.60576,0.41763,42.5311,1.0
35.6657145032659,17.1039,35.7149087032303,19.0241,2.0,16.67949,2.0,11.93138,-1.125149,40.7181,1.0
35.6817258028314,16.0047,35.7315033031628,15.0539,2.0,16.67913,2.0,10.69274,-0.753967,42.6389,1.0
35.6977523034438,16.9494,35.7503502024338,20.0907,2.0,16.67927,2.0,10.03387,-0.782322,41.6879,1.0
35.7149087032303,15.962,35.7651014020666,13.2315,2.0,16.67888,2.0,10.81365,-0.997893,44.8295,1.0
35.7315033031628,17.5056,35.7824498014525,18.8426,2.0,16.67933,2.0,10.97427,-0.737807,42.0996,1.0
35.7503502024338,16.2216,35.7979391012341,13.9644,2.0,16.67908,2.0,10.35372,-0.757862,43.4365,1.0
35.7651014020666,16.6037,35.8153313007206,18.8039,2.0,16.67904,2.0,11.85539,-0.221768,41.1798,1.0
35.7824498014525,17.1694,35.8315338008106,14.7463,2.0,16.67931,2.0,10.65871,-0.159588,43.3804,1.0
35.7979391012341,16.8968,35.8482508007437,18.1137,2.0,16.67943,2.0,11.85626,-0.704989,40.9575,1.0
35.8153313007206,16.2177,35.8655008003116,15.8847,2.0,16.67918,2.0,10.25557,-1.053555,42.175,1.0
35.8315338008106,17.2745,35.8805210003629,16.8164,2.0,16.6795,1.0,9.914988,-0.619499,41.8421,1.0
35.8655008003116,31.6385,35.8977632997558,15.3928,2.0,16.68759,1.0,11.54829,-0.867801,41.3848,1.0
35.8805210003629,12.6411,35.9155884990469,19.4286,1.0,16.6854,1.0,10.67385,-0.457873,25.1392,1.0
35.8977632997558,14.998,35.9313230989501,14.1523,1.0,16.68449,2.0,10.7733,-0.159492,31.9272,1.0
35.8977632997558,7.583,35.9474400980398,17.4028,1.0,16.67957,2.0,11.9645,-0.982782,31.082,1.0
35.9155884990469,15.9349,35.9654755974188,16.7331,2.0,16.67917,2.0,11.02897,-0.456831,40.902,1.0
35.9313230989501,16.7875,35.9815901974216,17.4611,2.0,16.67923,2.0,11.72249,0.192234,41.6998,1.0
35.9474400980398,16.6288,35.9989189980552,15.8616,2.0,16.6792,2.0,9.863482,0.006295,42.3736,1.0
35.9654755974188,16.5671,36.0158961983398,18.4228,2.0,16.67914,2.0,12.14783,-1.144743,41.6071,1.0
35.9815901974216,16.2364,36.0315211983398,14.2251,2.0,16.67891,2.0,10.08197,-1.082326,43.4629,1.0
35.9989189980552,17.634,36.048365698196,18.4063,2.0,16.67942,2.0,10.98901,-0.677092,41.4517,1.0
36.0158961983398,16.1141,36.0671537974849,17.2358,2.0,16.67912,2.0,9.857443,0.553002,42.2251,1.0
36.0315211983398,17.701,36.0817470978945,15.9384,2.0,16.67966,2.0,10.77373,-1.146304,43.3471,1.0
36.048365698196,13.9426,36.0986031983048,17.0321,2.0,16.67819,2.0,12.36619,-0.837919,41.585,1.0
36.0671537974849,18.8367,36.1143800988793,14.1197,2.0,16.67935,2.0,10.2061,-0.638371,44.6746,1.0
36.0817470978945,14.6437,36.1316996980458,18.6808,2.0,16.67826,2.0,10.7196,-0.230402,39.9581,1.0
36.0986031983048,18.3958,36.1484051980078,15.4102,2.0,16.67918,2.0,11.30752,0.183473,43.9947,1.0
36.1143800988793,16.7512,36.1645103972405,17.6733,2.0,16.67922,2.0,10.91177,-0.570965,41.0099,1.0
36.1316996980458,16.3943,36.1822749972343,16.405,2.0,16.67907,2.0,11.7363,-0.232036,41.9314,1.0
36.1484051980078,16.9404,36.1978643974289,16.875,2.0,16.67921,2.0,10.01883,-1.045441,41.9431,1.0
36.1645103972405,16.6615,36.2152284970507,16.0776,2.0,16.6792,2.0,10.97987,-1.578863,41.8781,1.0
36.1822749972343,16.6287,36.2325255973265,18.8173,2.0,16.67917,2.0,10.32934,-0.14404,41.2944,1.0
36.1978643974289,16.8216,36.24905309733,14.7059,2.0,16.67925,2.0,11.59924,-1.1227,43.4834,1.0
36.2152284970507,16.842,36.2667392967269,19.1832,2.0,16.67933,2.0,10.91346,-0.614291,41.3676,1.0
36.2325255973265,16.5918,36.2822065968066,14.0695,2.0,16.67929,2.0,12.77294,0.427878,43.7093,1.0
36.24905309733,16.5697,36.2987660970539,18.1555,2.0,16.67923,2.0,9.5762,-1.175837,41.1875,1.0
36.2667392967269,16.9506,36.3144514970481,14.087,2.0,16.67937,2.0,12.27599,-0.685427,42.774,1.0
36.2822065968066,16.1747,36.3316982965916,18.6627,2.0,16.67911,2.0,10.38822,0.645361,39.9104,1.0
36.2987660970539,16.8796,36.3486422970891,15.4726,2.0,16.67921,2.0,10.85544,0.153302,42.3988,1.0
36.3144514970481,16.7191,36.3647120967507,17.6253,2.0,16.67923,2.0,11.23393,-0.500601,40.9921,1.0
36.3316982965916,16.4698,36.3812809959054,15.0375,2.0,16.67912,2.0,12.03174,-0.534041,41.8992,1.0
36.3486422970891,16.9029,36.399059895426,19.2688,2.0,16.67924,2.0,8.978198,-0.089411,40.4672,1.0
36.3647120967507,16.8619,36.4146706955507,14.2999,2.0,16.67934,2.0,11.2549,-0.866099,42.8331,1.0
36.3812809959054,16.4637,36.4322650963441,18.89,2.0,16.67922,2.0,10.60874,0.409145,40.2714,1.0
36.399059895426,16.4873,36.4485433967784,14.9352,2.0,16.67912,2.0,11.85961,-0.055885,42.6977,1.0
36.4146706955507,17.4443,36.4657875960693,18.6116,2.0,16.67953,2.0,9.993099,-0.054515,41.1385,1.0
36.4322650963441,17.4924,36.4815238965675,14.3467,2.0,16.67996,2.0,12.07516,-1.276077,42.3134,1.0
36.4485433967784,15.5094,36.4985029967502,18.0537,2.0,16.67934,2.0,9.399285,-0.125269,39.1684,1.0
36.4657875960693,16.2791,36.515537195839,15.859,2.0,16.67913,2.0,11.17892,0.702282,41.7133,1.0
36.4815238965675,17.2768,36.5321490960196,18.1513,2.0,16.67944,2.0,9.877377,0.3853,41.2929,1.0
36.4985029967502,15.8547,36.5484373951331,14.9645,2.0,16.67901,2.0,12.43537,-0.322624,42.1676,1.0
36.515537195839,17.1803,36.5650125956163,18.0883,2.0,16.67927,2.0,10.05972,-0.519638,41.2777,1.0
36.5321490960196,16.2074,36.5817157952115,14.9737,2.0,16.67902,2.0,10.398,-0.643656,42.1868,1.0
36.5484373951331,16.7323,36.5986708952114,18.4455,2.0,16.67905,2.0,9.547824,-0.236856,40.9531,1.0
36.5650125956163,16.8641,36.6154186958447,15.2256,2.0,16.67915,2.0,11.68994,-0.512443,42.666,1.0
36.5817157952115,16.9644,36.6321181962267,18.2628,2.0,16.6793,2.0,10.53416,-0.790298,41.0283,1.0
36.5986708952114,15.1145,36.6487693963572,15.206,2.0,16.67847,2.0,12.00656,-0.464617,42.3275,1.0
36.6154186958447,18.3559,36.6651206957176,17.974,2.0,16.67936,2.0,10.35664,-1.02653,42.4185,1.0
36.6321181962267,16.3121,36.6825277963653,15.9675,2.0,16.67916,2.0,11.741,-1.154561,42.0375,1.0
36.6487693963572,16.8389,36.698632596992,17.4236,2.0,16.67925,2.0,10.82222,-0.396332,41.6936,1.0
36.6651206957176,16.5377,36.7153591969982,15.4134,2.0,16.67917,2.0,11.69673,-0.741854,42.2784,1.0
36.6825277963653,17.1456,36.7329519977793,18.9257,2.0,16.67942,2.0,10.97996,-0.709167,41.1541,1.0
36.698632596992,15.9879,36.7483386974782,13.7899,2.0,16.67905,2.0,12.37353,-0.337177,42.935,1.0
36.7153591969982,17.7055,36.765659397468,19.0557,2.0,16.6796,2.0,10.55805,-0.117451,40.7371,1.0
36.7329519977793,15.9678,36.7823306974024,14.8791,2.0,16.67922,2.0,11.89277,0.23357,42.0879,1.0
36.7483386974782,16.5656,36.7986743971705,18.014,2.0,16.67916,2.0,10.45148,0.604354,40.9991,1.0
36.765659397468,16.9905,36.8153247963637,15.0172,2.0,16.67932,2.0,11.56515,-0.031219,42.448,1.0
36.7823306974024,16.7038,36.8334259968251,19.6715,2.0,16.67934,2.0,10.15383,-0.692278,40.4752,1.0
36.7986743971705,16.663,36.8505822960287,15.6439,2.0,16.67933,2.0,11.05375,-0.811826,43.4429,1.0
36.8153247963637,17.122,36.8663368951529,17.0308,2.0,16.67956,2.0,9.149119,-0.290518,42.4237,1.0
36.8334259968251,15.9066,36.8823589943349,14.814,2.0,16.67916,2.0,9.639078,-0.637749,42.3335,1.0
36.8505822960287,17.3212,36.8991484940052,18.1886,2.0,16.67949,2.0,11.95413,0.483144,41.241,1.0
36.8663368951529,16.1819,36.916244994849,15.6765,2.0,16.67923,2.0,10.25512,0.498556,42.1092,1.0
36.8823589943349,17.503,36.9329367950559,18.3069,2.0,16.67966,2.0,11.58525,-1.054757,41.6042,1.0
36.8991484940052,16.3136,36.948952594772,14.3735,2.0,16.67947,2.0,10.42546,0.946612,42.4089,1.0
36.916244994849,16.1055,36.9662262946367,18.7284,2.0,16.67917,2.0,9.435544,-0.977067,40.4689,1.0
36.9329367950559,17.41,36.9818724952638,14.2225,2.0,16.67955,2.0,8.862757,-0.943863,43.0923,1.0
36.948952594772,16.4551,37.0001287944615,19.5141,2.0,16.67944,2.0,11.16909,-0.564397,39.9045,1.0
36.9662262946367,16.1765,37.0163415949792,14.8381,2.0,16.67917,2.0,9.885867,-0.1008,42.964,1.0
36.9818724952638,17.0463,37.0323520954698,17.0327,2.0,16.67937,2.0,10.65076,0.828064,41.6259,1.0
37.0001287944615,16.4725,37.0484554953873,15.1484,2.0,16.67926,2.0,12.008,-0.541265,41.6129,1.0
37.0163415949792,17.2624,37.0658147949725,18.9986,2.0,16.67956,2.0,10.202,1.524431,40.2889,1.0
37.0323520954698,16.0359,37.0826344955713,15.1306,2.0,16.67923,2.0,11.21024,-0.734766,42.0259,1.0
37.0484554953873,16.8279,37.0987322963774,17.4675,2.0,16.6793,2.0,8.852465,-0.378871,41.1204,1.0
37.0658147949725,16.4427,37.1153582967818,15.2632,2.0,16.67918,2.0,10.41927,-0.937791,41.7602,1.0
37.0826344955713,17.2097,37.1324856970459,18.5001,2.0,16.67946,2.0,9.820966,-0.971534,40.572,1.0
37.0987322963774,16.36,37.1504737976938,16.7727,2.0,16.67929,2.0,10.63437,-0.680858,41.872,1.0
37.1153582967818,17.3702,37.1654812972993,16.2529,2.0,16.67965,2.0,11.80739,-0.504269,42.285,1.0
37.1324856970459,16.1068,37.1828626971692,16.0424,2.0,16.67935,2.0,10.78793,0.524203,41.1682,1.0
37.1504737976938,16.8976,37.2007689978927,19.7158,2.0,16.67946,2.0,12.17976,-0.6595,41.1071,1.0
37.1654812972993,16.299,37.2164806984365,13.9755,2.0,16.67927,2.0,10.58237,-0.392172,43.9267,1.0
37.1828626971692,16.5462,37.2341777980328,19.418,2.0,16.6792,2.0,11.2935,0.024663,41.6036,1.0
37.2007689978927,17.2762,37.2494763983414,13.4544,2.0,16.67951,2.0,8.9164,-0.974917,44.4759,1.0
37.2164806984365,16.6367,37.2663921983913,18.8196,2.0,16.67949,2.0,11.75677,-0.061579,40.6544,1.0
37.2341777980328,16.7345,37.283355797641,15.0283,2.0,16.67951,2.0,10.14084,-0.023362,42.838,1.0
37.2494763983414,16.1211,37.3003546977416,18.1907,2.0,16.67923,2.0,10.98482,-0.002456,41.1315,1.0
37.2663921983913,15.4834,37.3173598973081,15.741,2.0,16.67861,2.0,10.63128,-0.041617,43.202,1.0
37.283355797641,18.3133,37.3322989968583,14.9775,2.0,16.67945,2.0,11.03766,0.68973,43.4589,1.0
37.3003546977416,14.707,37.3504794975743,19.7036,2.0,16.67843,2.0,9.727856,-0.440923,40.1244,1.0
37.3173598973081,18.1907,37.3666583979502,14.7532,2.0,16.67921,2.0,11.30652,0.071483,45.121,1.0
37.3322989968583,16.9718,37.3839627979323,18.8754,2.0,16.67936,2.0,10.16277,-0.084416,41.6831,1.0
37.3504794975743,17.0397,37.3983946982771,12.8607,2.0,16.67955,2.0,8.945923,1.32973,43.588,1.0
37.3666583979502,16.3202,37.416577398777,19.6908,2.0,16.67937,2.0,11.62852,-0.488118,39.4091,1.0
37.3839627979323,16.7944,37.4325969982892,14.4294,2.0,16.67942,2.0,9.190616,0.491665,42.7799,1.0
37.3983946982771,16.4448,37.4491765983403,18.0303,2.0,16.6793,2.0,11.14287,-1.177006,40.4147,1.0
37.416577398777,17.8706,37.4670907985419,16.7054,2.0,16.67992,2.0,8.134118,-0.210778,42.0007,1.0
37.4325969982892,16.3842,37.4827859979123,16.9415,2.0,16.67976,2.0,10.26013,0.722985,40.8362,1.0
37.4491765983403,14.3307,37.4992982987314,16.8276,2.0,16.67856,2.0,10.76311,-0.712319,41.3936,1.0
37.4670907985419,18.3256,37.5166913978755,15.5993,2.0,16.6794,2.0,10.85668,-0.905894,43.8902,1.0
37.4827859979123,15.3255,37.5333146974444,18.0684,2.0,16.67871,2.0,11.48711,-0.213079,41.165,1.0
37.4992982987314,17.8625,37.5489404965192,15.906,2.0,16.67932,2.0,8.800519,0.01207,43.9075,1.0
37.5166913978755,16.1639,37.5664319973439,15.7353,2.0,16.67905,2.0,11.43589,-0.061641,41.9514,1.0
37.5333146974444,15.47,37.5824690982699,17.7147,2.0,16.67843,2.0,10.05428,0.706983,41.5235,1.0
37.5489404965192,18.86,37.6001482978463,16.0913,2.0,16.67955,2.0,11.10273,-0.949072,43.7668,1.0
37.5664319973439,16.2126,37.6162797976285,17.5955,2.0,16.67931,2.0,9.582041,-0.418865,41.0004,1.0
37.5824690982699,16.5752,37.6335095968097,15.7572,2.0,16.67926,2.0,11.29652,0.188503,42.3832,1.0
37.6001482978463,17.2116,37.6506326962262,18.5586,2.0,16.67953,2.0,8.788672,-0.159697,41.5658,1.0
37.6162797976285,16.2299,37.6691531967372,17.106,2.0,16.6793,2.0,12.17727,0.216639,42.9136,1.0
37.6335095968097,16.6212,37.6828343970701,14.9865,2.0,16.67927,2.0,10.1371,-0.363349,43.7892,1.0
37.6506326962262,15.052,37.7023655967787,18.522,2.0,16.67844,2.0,10.9652,-0.315809,42.1548,1.0
37.6691531967372,18.3372,37.7161085968837,14.7969,2.0,16.67929,2.0,10.05616,-0.849297,45.6247,1.0
37.6828343970701,15.2876,37.7345139971003,17.072,2.0,16.67857,2.0,10.99055,-0.356464,42.085,1.0
37.7023655967787,18.382,37.7503686966375,15.8751,2.0,16.67944,2.0,10.23821,-0.416617,43.8701,1.0
37.7161085968837,15.6939,37.7658902965486,16.8958,2.0,16.67894,2.0,11.3875,-0.678348,41.3639,1.0
37.7345139971003,17.7924,37.7826232966036,15.3329,2.0,16.67951,2.0,10.33826,-0.026188,42.5659,1.0
37.7503686966375,16.4259,37.8001575972885,19.0128,2.0,16.67938,2.0,11.19142,-0.548611,40.1067,1.0
37.7658902965486,16.7733,37.8164322972298,14.7417,2.0,16.67943,2.0,10.25305,-0.251098,42.6943,1.0
37.7826232966036,16.3382,37.8332035969943,18.1752,2.0,16.67925,2.0,11.37899,-0.777519,40.663,1.0
37.8001575972885,16.6918,37.8503113966435,15.709,2.0,16.67926,2.0,9.775711,-0.314973,42.4999,1.0
37.8164322972298,16.9207,37.8671874962747,18.2912,2.0,16.67938,2.0,11.8739,0.989358,41.5178,1.0
37.8332035969943,16.3509,37.8833808954805,14.7651,2.0,16.67922,2.0,10.06902,0.258839,42.8881,1.0
37.8503113966435,16.7527,37.9004925955087,18.6596,2.0,16.67925,2.0,11.81517,-0.145261,41.3027,1.0
37.8671874962747,16.5691,37.918083595112,16.0343,2.0,16.6792,2.0,10.01174,-0.686845,43.2099,1.0
37.8833808954805,17.0673,37.9336639950052,17.2006,2.0,16.67939,2.0,10.04106,-0.250915,42.6679,1.0
37.9004925955087,16.3375,37.9517843956128,16.6855,2.0,16.67922,2.0,9.179261,0.814206,42.8087,1.0
37.918083595112,17.2387,37.9665657952428,16.4237,2.0,16.6795,2.0,11.34295,-0.309925,43.1576,1.0
37.9336639950052,14.5868,37.9846549946815,16.4792,2.0,16.67844,2.0,10.67311,0.315429,42.3432,1.0
37.9517843956128,18.4488,38.0005805939436,16.8267,2.0,16.67934,2.0,11.51879,-0.284818,44.2358,1.0
37.9665657952428,14.9117,38.0189456939697,17.3368,2.0,16.67845,2.0,9.104825,-0.830426,42.6146,1.0
37.9846549946815,18.64,38.0335820941254,16.219,2.0,16.67944,2.0,11.47267,-0.167181,45.039,1.0
38.0005805939436,15.474,38.0496643939987,14.6059,2.0,16.67883,2.0,9.542618,0.477553,42.6127,1.0
38.0189456939697,18.1075,38.067115993239,18.8336,2.0,16.67955,2.0,11.41873,0.726745,41.751,1.0
38.0335820941254,16.2415,38.0823333933949,13.7462,2.0,16.67933,2.0,10.70718,-0.78759,42.4779,1.0
38.0496643939987,16.8161,38.1001917924732,20.0499,2.0,16.6794,2.0,11.33925,-0.574327,39.9828,1.0
38.067115993239,16.5714,38.1176846921444,15.2245,2.0,16.67934,2.0,9.192155,-1.264334,43.2171,1.0
38.0823333933949,17.1379,38.1337892916054,17.6543,2.0,16.67957,2.0,10.65019,0.041759,41.8703,1.0
38.1001917924732,15.1357,38.1492964914069,14.0252,2.0,16.6788,2.0,10.44293,-0.506772,42.3868,1.0
38.1176846921444,17.8969,38.1669142907485,19.1027,2.0,16.67941,2.0,11.95573,-0.567972,41.2761,1.0
38.1337892916054,16.5326,38.1845199903473,16.068,2.0,16.67934,2.0,10.97864,-0.739945,42.4835,1.0
38.1492964914069,16.7308,38.2007442908362,18.012,2.0,16.67936,2.0,11.24367,-0.61844,42.0185,1.0
38.1669142907485,17.6365,38.2169226901606,14.4776,2.0,16.67984,2.0,10.60317,-0.827038,43.3004,1.0
38.1845199903473,16.0828,38.2342661907896,18.7316,2.0,16.67954,2.0,11.79774,-0.086438,40.1421,1.0
38.2007442908362,14.3135,38.250530491583,14.9087,2.0,16.67835,2.0,10.68004,-0.745906,42.7908,1.0
38.2169226901606,18.5091,38.2678699912503,18.9517,2.0,16.67927,2.0,11.77654,-0.825085,43.3857,1.0
38.2342661907896,16.6037,38.2840521903709,14.8038,2.0,16.67924,2.0,10.71494,0.16208,43.8299,1.0
38.250530491583,16.8017,38.3002454908565,17.7386,2.0,16.6793,2.0,9.804606,-0.596856,42.0301,1.0
38.2678699912503,15.3491,38.3164109913632,14.6638,2.0,16.67863,2.0,10.85748,-0.956672,42.9675,1.0
38.2840521903709,18.3756,38.3336519906297,18.3241,2.0,16.67948,2.0,12.10622,-1.039608,42.2823,1.0
38.3002454908565,16.0941,38.350668891333,15.6194,2.0,16.67919,2.0,9.517956,-0.253231,42.2314,1.0
38.3164109913632,17.1654,38.3669060906395,17.5836,2.0,16.67943,2.0,11.97457,0.779289,41.7563,1.0
38.3336519906297,14.5744,38.3834055913612,15.0846,2.0,16.67838,2.0,10.82221,-0.346686,42.1758,1.0
38.350668891333,19.5005,38.4003923917189,18.6289,2.0,16.67979,2.0,12.35283,-0.29659,42.686,1.0
38.3669060906395,15.5167,38.4172635925934,15.2941,2.0,16.67921,2.0,10.12551,0.639769,41.8149,1.0
38.3834055913612,16.9254,38.4339097933844,18.0145,2.0,16.67933,2.0,10.53539,0.297218,41.5921,1.0
38.4003923917189,16.2765,38.4501792928204,14.9988,2.0,16.67913,2.0,10.02879,-0.056867,42.6822,1.0
38.4172635925934,17.9935,38.4670259924605,18.3411,2.0,16.67979,2.0,11.47723,0.478441,41.4043,1.0
38.4339097933844,15.6313,38.4826659923419,14.2588,2.0,16.67926,2.0,9.075682,-1.306204,41.7524,1.0
38.4501792928204,18.0477,38.5002765925601,19.1442,2.0,16.67995,2.0,10.82977,-0.943604,40.3802,1.0
38.4670259924605,15.2657,38.516693293117,14.7291,2.0,16.67924,2.0,9.738659,0.488416,41.4777,1.0
38.4826659923419,17.2311,38.5334228938445,18.2127,2.0,16.67952,2.0,10.7223,0.720491,40.9413,1.0
38.5002765925601,16.5354,38.551459194161,16.5255,2.0,16.67944,2.0,9.447304,-0.913776,41.9234,1.0
38.516693293117,16.7299,38.5678416946903,17.7956,2.0,16.67947,2.0,12.19138,0.11273,41.9136,1.0
38.5334228938445,16.9816,38.5834932951257,14.0754,2.0,16.67962,2.0,9.251209,1.445406,42.9796,1.0
38.551459194161,16.719,38.6004651943222,18.5951,2.0,16.67964,2.0,10.65218,-0.107871,40.0738,1.0
38.5678416946903,15.6772,38.6174836950377,15.5344,2.0,16.67914,2.0,10.66547,-0.530825,41.9512,1.0
38.5834932951257,17.4785,38.6335885943845,17.6509,2.0,16.67954,2.0,11.07679,-0.822125,41.8079,1.0
38.6004651943222,16.3521,38.6506570940837,15.4619,2.0,16.67937,2.0,8.362971,-0.038574,41.9731,1.0
38.6174836950377,17.5,38.6669313935563,17.7911,2.0,16.67978,2.0,11.30713,-0.776225,41.0835,1.0
38.6335885943845,15.444,38.6841048942879,15.6201,2.0,16.67917,2.0,10.55643,-1.015055,41.3829,1.0
38.6506570940837,17.6491,38.7017580950633,19.5516,2.0,16.67965,2.0,12.10347,-0.746289,41.5595,1.0
38.6669313935563,16.3142,38.716849395074,13.3052,2.0,16.67947,2.0,10.04362,-0.549929,43.4622,1.0
38.6841048942879,16.5071,38.7338801948354,21.1885,2.0,16.67938,2.0,11.97655,0.098916,40.4209,1.0
38.7017580950633,16.2013,38.7503885952756,12.2973,2.0,16.67915,2.0,10.96859,0.181212,45.1349,1.0
38.716849395074,17.6527,38.7676261952147,18.6654,2.0,16.67963,2.0,11.84973,0.324186,41.2317,1.0
38.7338801948354,15.5977,38.7833185950294,14.2707,2.0,16.67909,2.0,10.25758,-0.071764,42.2445,1.0
38.7503885952756,17.4764,38.8014214942232,19.9479,2.0,16.67949,2.0,11.08509,-0.249976,40.918,1.0
38.7676261952147,16.274,38.8171184947714,13.7908,2.0,16.67929,2.0,9.615914,0.003333,43.3906,1.0
38.7833185950294,17.1965,38.8336178949103,17.478,2.0,16.67954,2.0,11.03126,-0.716184,40.9073,1.0
38.8014214942232,16.4969,38.8493635943159,14.7143,2.0,16.67945,2.0,9.913376,-0.095536,41.1886,1.0
38.8171184947714,16.7734,38.8671639943495,19.3989,2.0,16.6795,2.0,11.57367,-0.056363,39.4063,1.0
38.8336178949103,16.6483,38.884330294095,15.6517,2.0,16.67948,2.0,9.823084,-0.065946,42.0326,1.0
38.8493635943159,17.0043,38.9005852947012,17.7153,2.0,16.67964,2.0,12.00354,-0.195457,41.0364,1.0
38.8671639943495,16.267,38.9192469948903,17.3684,2.0,16.67944,2.0,9.861563,0.075646,41.7472,1.0
38.884330294095,16.674,38.9343023952097,16.1248,2.0,16.67944,2.0,11.36425,-0.55546,42.8493,1.0
38.9005852947012,15.1507,38.9529965948313,17.4888,2.0,16.67868,2.0,10.02446,-1.268688,42.3009,1.0
38.9192469948903,18.5206,38.9676929945126,16.1663,2.0,16.67959,2.0,11.39235,0.73464,44.6387,1.0
38.9343023952097,14.4827,38.9837717944756,16.2373,2.0,16.67851,2.0,9.64536,-0.094075,42.2849,1.0
38.9529965948313,18.9443,39.0005859946832,15.2802,2.0,16.67962,2.0,11.85679,-0.375074,44.0399,1.0
38.9676929945126,14.972,39.0176192941144,18.388,2.0,16.67879,2.0,11.13606,-0.093547,40.3765,1.0
38.9837717944756,17.5985,39.0335526941344,14.3942,2.0,16.67924,2.0,10.46037,-0.459493,43.7925,1.0
39.0005859946832,17.2214,39.0513248937204,19.2095,2.0,16.6795,2.0,10.21057,-1.53949,40.5721,1.0
39.0176192941144,17.1463,39.0674196938053,14.6083,2.0,16.67973,2.0,11.61965,0.239015,42.5773,1.0
39.0335526941344,16.286,39.0835391944274,17.6501,2.0,16.67954,2.0,9.893693,-0.494665,40.04,1.0
39.0513248937204,16.467,39.1003061952069,17.1516,2.0,16.67944,2.0,11.81549,0.619992,41.4042,1.0
39.0674196938053,16.3707,39.1177123943344,15.4711,2.0,16.67928,2.0,11.88498,-0.213458,42.0891,1.0
39.0835391944274,15.1426,39.1338700940832,18.0011,2.0,16.67853,2.0,10.89307,-0.698667,41.1901,1.0
39.1003061952069,18.184,39.1516571948305,16.0545,2.0,16.67927,2.0,10.04661,-0.200245,44.0469,1.0
39.1177123943344,16.7749,39.167503294535,15.8233,2.0,16.67932,2.0,10.61226,0.316664,41.9191,1.0
39.1338700940832,16.6021,39.1859283940867,18.3988,2.0,16.67928,2.0,10.28877,1.532118,40.9673,1.0
39.1516571948305,16.7911,39.200528094545,14.6336,2.0,16.67933,2.0,11.72225,-0.379651,42.7652,1.0
39.167503294535,16.5101,39.2177583947778,18.4912,2.0,16.67925,2.0,10.17284,-0.257708,40.608,1.0
39.1859283940867,16.3665,39.2347730956972,15.7897,2.0,16.6791,2.0,10.87988,-0.264767,42.5839,1.0
39.200528094545,16.7398,39.2503317957744,13.9175,2.0,16.67913,2.0,8.025451,0.488834,42.0005,1.0
39.2177583947778,17.3282,39.2682743957266,19.3596,2.0,16.67944,2.0,11.18951,-0.18772,40.916,1.0
39.2347730956972,16.3564,39.2860804954544,17.8492,2.0,16.67929,2.0,10.06507,-0.166057,42.9475,1.0
39.2503317957744,16.6578,39.3015481950715,13.8315,2.0,16.67928,2.0,11.47327,-0.405408,44.4413,1.0
39.2682743957266,15.058,39.3175573954359,17.0019,2.0,16.67849,2.0,9.30132,-0.124299,41.6079,1.0
39.2860804954544,18.2508,39.3339322945103,17.3409,2.0,16.67925,2.0,10.34516,0.09152,43.5586,1.0
39.3015481950715,17.1505,39.3513345951214,15.4778,2.0,16.67948,2.0,11.39781,-0.461297,42.6496,1.0
39.3175573954359,14.5702,39.3686429942027,18.9086,2.0,16.67846,2.0,10.1668,-0.553335,40.9775,1.0
39.3339322945103,17.9685,39.3843477936462,14.1269,2.0,16.67908,2.0,11.49008,-0.709956,45.3158,1.0
39.3513345951214,17.0249,39.4015164943412,17.1052,2.0,16.67925,2.0,9.673797,-1.401104,41.4747,1.0
39.3686429942027,16.7789,39.4176058946177,17.5011,2.0,16.6793,2.0,11.68254,-0.38167,41.5551,1.0
39.3843477936462,16.4029,39.434269295074,15.2088,2.0,16.67916,2.0,10.35266,-0.132949,42.2704,1.0
39.4015164943412,17.1724,39.4515215950087,19.0521,2.0,16.6794,2.0,11.9057,-0.641379,41.0847,1.0
39.4176058946177,17.672,39.4678530944511,14.6707,2.0,16.67988,2.0,11.33887,-0.087617,42.9648,1.0
39.434269295074,15.521,39.4846882941201,18.2691,2.0,16.67932,2.0,11.52215,-1.20247,39.9635,1.0
39.4515215950087,17.3139,39.5012629935518,15.1691,2.0,16.67963,2.0,9.945279,0.156454,42.7112,1.0
39.4678530944511,16.2508,39.5174572942778,17.5387,2.0,16.67942,2.0,11.75222,-0.377941,40.5673,1.0
39.4846882941201,16.02,39.5344739938155,17.0322,2.0,16.6791,2.0,9.98217,-0.571381,41.8558,1.0
39.5012629935518,17.1182,39.5514841945842,15.5802,2.0,16.67932,2.0,12.32375,0.487594,42.8679,1.0
39.5174572942778,15.2151,39.5677770944312,17.7191,2.0,16.67861,2.0,9.649141,-0.619078,41.3308,1.0
39.5344739938155,17.9852,39.5847872951999,15.6121,2.0,16.67924,2.0,11.66788,-0.974,43.8347,1.0
39.5514841945842,16.5093,39.6015933947638,18.3465,2.0,16.67916,2.0,11.89721,-0.843903,41.4626,1.0
39.5677770944312,16.998,39.6177923949435,14.5881,2.0,16.67931,2.0,9.380378,-0.295563,43.2996,1.0
39.5847872951999,16.4519,39.6341950958595,16.3553,2.0,16.6792,2.0,11.9591,0.947101,40.8839,1.0
39.6015933947638,16.9183,39.6513856956735,18.7156,2.0,16.67932,2.0,10.7585,-0.456582,40.7938,1.0
39.6177923949435,16.7532,39.6690268954262,16.2199,2.0,16.67935,2.0,12.10286,-0.590495,42.5914,1.0
39.6341950958595,16.5811,39.6845118952915,16.9528,2.0,16.6793,2.0,9.932399,-0.462466,42.0591,1.0
39.6513856956735,16.5174,39.7025814959779,18.3977,2.0,16.67923,2.0,10.11488,-0.169502,42.4314,1.0
39.6690268954262,17.1802,39.7182694962248,13.9623,2.0,16.67947,2.0,10.28549,-0.394872,44.3122,1.0
39.6845118952915,15.4122,39.7352822953835,18.4147,2.0,16.67886,2.0,11.81467,-0.053497,41.0946,1.0
39.7025814959779,18.37,39.7518837945536,17.0801,2.0,16.67967,2.0,10.3688,-0.381883,44.0968,1.0
39.7182694962248,15.6442,39.7692071953788,15.262,2.0,16.67917,2.0,11.43987,0.500966,42.808,1.0
39.7352822953835,15.7542,39.7849765950814,17.6887,2.0,16.67873,2.0,10.0357,-0.784111,42.426,1.0
39.7518837945536,17.7026,39.8015719959512,14.8062,2.0,16.67922,2.0,11.31278,0.440191,44.3602,1.0
39.7692071953788,16.9936,39.8186773965135,17.2663,2.0,16.67937,2.0,10.01453,-1.567435,41.464,1.0
39.7849765950814,15.9845,39.8344850959256,16.9857,2.0,16.67904,2.0,10.76671,-0.034117,41.737,1.0
39.8015719959512,17.0415,39.8514814963564,15.5985,2.0,16.67921,2.0,10.44581,-0.565979,42.7393,1.0
39.8186773965135,17.0168,39.8675404964015,17.5158,2.0,16.67937,2.0,10.92194,0.545261,41.2968,1.0
39.8344850959256,16.1104,39.8848491972312,15.873,2.0,16.6791,2.0,11.48042,-0.772746,41.7955,1.0
39.8514814963564,17.5746,39.9015942970291,18.0037,2.0,16.67953,2.0,11.23288,-0.904771,41.5586,1.0
39.8675404964015,16.0105,39.9192239968106,16.3965,2.0,16.67921,2.0,10.82944,0.293549,41.9885,1.0
39.8848491972312,18.0709,39.9352032961324,17.0532,2.0,16.67988,2.0,10.66985,-0.775037,42.3748,1.0
39.9015942970291,15.2569,39.9522894965485,16.0053,2.0,16.6792,2.0,10.54287,-0.164998,41.3578,1.0
39.9192239968106,18.1689,39.9673573961481,16.4667,2.0,16.67991,2.0,12.09895,0.548453,42.106,1.0
39.9352032961324,15.7102,39.9855651957914,16.7961,2.0,16.67944,2.0,9.793437,-0.257869,40.4047,1.0
39.9522894965485,16.8634,40.0023019956425,18.2777,2.0,16.67953,2.0,11.9033,0.053169,41.4908,1.0
39.9673573961481,16.271,40.0201452961192,16.2787,2.0,16.67934,2.0,10.17135,-0.456844,42.9056,1.0
39.9855651957914,17.2511,40.0344253964722,15.7485,2.0,16.67961,2.0,10.76017,0.099737,42.9063,1.0
40.0023019956425,16.4186,40.0514518972486,15.6865,2.0,16.67949,2.0,9.884931,-0.244666,41.3996,1.0
40.0201452961192,16.5567,40.0684307981282,18.2495,2.0,16.67943,2.0,11.30954,0.277453,40.6798,1.0
40.0344253964722,16.5692,40.0860560983419,16.2002,2.0,16.67937,2.0,10.32656,-0.666227,42.3726,1.0
40.0514518972486,17.0157,40.1020649988204,17.4966,2.0,16.67953,2.0,11.30897,-1.075208,42.0039,1.0
40.0684307981282,16.1979,40.1173051986843,13.7437,2.0,16.6793,2.0,10.05265,-0.393274,42.4854,1.0
40.0860560983419,16.9435,40.1361833978444,20.2758,2.0,16.67943,2.0,10.90613,-0.090504,40.0309,1.0
40.1020649988204,16.2329,40.1527476981282,15.1569,2.0,16.67922,2.0,10.62211,-0.73869,43.3641,1.0
40.1173051986843,17.5055,40.1681438982487,17.1068,2.0,16.67961,2.0,12.32927,0.255086,42.2885,1.0
40.1361833978444,15.7225,40.1855372991413,15.7635,2.0,16.67916,2.0,10.1582,0.081589,41.8904,1.0
40.1527476981282,16.9703,40.2026205994189,18.5641,2.0,16.67929,2.0,10.76499,-0.458752,41.9317,1.0
40.1681438982487,16.343,40.2196193989366,15.4902,2.0,16.67914,2.0,10.11121,-0.917896,43.5254,1.0
40.1855372991413,17.6432,40.2343053985387,16.2143,2.0,16.67959,2.0,10.73051,0.831378,42.6726,1.0
40.2026205994189,16.4759,40.2522631976753,16.4938,2.0,16.6795,2.0,9.470752,-0.503155,41.228,1.0
40.2196193989366,16.507,40.2692713979632,18.3414,2.0,16.67941,2.0,11.6223,-0.030885,41.2634,1.0
40.2343053985387,16.7321,40.2846879977733,14.0088,2.0,16.67944,2.0,10.08692,-0.521156,43.098,1.0
40.2522631976753,16.647,40.3032408971339,20.2517,2.0,16.67942,2.0,9.937155,-0.093773,40.367,1.0
40.2692713979632,16.7821,40.318534697406,14.9852,2.0,16.67947,2.0,10.15909,-0.19848,43.9796,1.0
40.2846879977733,16.1451,40.3361497977749,16.2596,2.0,16.67922,2.0,11.18066,-0.510647,42.1761,1.0
40.3032408971339,15.747,40.3514631977305,15.297,2.0,16.67878,2.0,10.23317,-1.008462,42.2978,1.0
40.318534697406,19.7304,40.3691009981558,19.3132,2.0,16.68022,2.0,11.19008,-1.1455,41.8485,1.0
40.3361497977749,15.0597,40.3859962979332,15.3566,2.0,16.67946,2.0,9.780847,-0.144936,41.4324,1.0
40.3514631977305,16.1969,40.4018632983789,17.0571,2.0,16.67923,2.0,11.64836,-1.522501,41.7293,1.0
40.3691009981558,17.1047,40.4190399991348,15.8246,2.0,16.67943,2.0,10.8276,-0.16963,42.5902,1.0
40.3859962979332,16.3035,40.4353711986914,16.3256,2.0,16.67925,2.0,12.41984,-0.500398,41.3101,1.0
40.4018632983789,17.285,40.4527380978689,18.7055,2.0,16.67954,2.0,9.987401,-0.502183,41.333,1.0
40.4190399991348,16.4602,40.4688053978607,14.6899,2.0,16.67943,2.0,12.62513,-1.099897,42.7536,1.0
40.4353711986914,16.8322,40.4847102975473,17.2306,2.0,16.67951,2.0,9.802798,0.107766,40.9839,1.0
40.4527380978689,17.5081,40.5030158972368,17.0826,2.0,16.6799,2.0,11.57818,-0.249615,41.3828,1.0
40.4688053978607,15.3207,40.520618298091,17.5857,2.0,16.67926,2.0,9.933697,-0.290459,40.9572,1.0
40.4847102975473,16.5303,40.5350080979988,15.9351,2.0,16.67919,2.0,12.13683,1.944795,43.2222,1.0
40.5030158972368,16.9888,40.5529022971168,16.435,2.0,16.67933,2.0,9.487715,-0.603999,42.6278,1.0
40.520618298091,16.4677,40.5684027969837,15.2424,2.0,16.67923,2.0,11.56306,-1.134556,42.0741,1.0
40.5350080979988,16.9527,40.5855127964169,18.6923,2.0,16.67936,2.0,10.01791,0.047325,40.8488,1.0
40.5529022971168,17.1008,40.60231439583,15.2735,2.0,16.67956,2.0,9.203799,0.644347,42.5887,1.0
40.5684027969837,16.4574,40.6183271966875,17.286,2.0,16.67945,2.0,10.53726,-0.074214,40.762,1.0
40.5855127964169,16.6526,40.6359607968479,18.2668,2.0,16.67944,2.0,12.29928,-0.661906,41.5908,1.0
40.60231439583,16.6352,40.6526841968298,14.8414,2.0,16.67942,2.0,9.576253,-0.184832,43.206,1.0
40.6183271966875,14.923,40.6690386962146,17.7996,2.0,16.6786,2.0,10.42931,-0.321604,41.4117,1.0
40.6359607968479,18.6074,40.685668496415,15.2228,2.0,16.6795,2.0,9.783506,1.814813,44.2888,1.0
40.6526841968298,16.2299,40.7017304971814,16.0223,2.0,16.67929,2.0,11.81483,-0.058019,40.9046,1.0
40.6690386962146,16.5137,40.7188041973859,18.6203,2.0,16.67921,2.0,9.466904,0.603998,40.698,1.0
40.685668496415,17.3817,40.7359646968544,15.7686,2.0,16.67954,2.0,11.09459,-0.608944,42.7979,1.0
40.7017304971814,16.1947,40.7528189960867,16.8504,2.0,16.67932,2.0,7.683119,0.138848,41.1921,1.0
40.7188041973859,16.6822,40.7693388964981,17.9335,2.0,16.67932,2.0,11.1328,-0.350478,41.8475,1.0
40.7359646968544,16.7708,40.7868669964373,15.9068,2.0,16.67936,2.0,8.968944,-0.318754,43.1,1.0
40.7528189960867,16.7854,40.8017643960193,14.9705,2.0,16.67941,2.0,11.68515,0.235348,42.236,1.0
40.7693388964981,16.3809,40.8194687953219,19.3325,2.0,16.67927,2.0,9.561078,-1.37895,40.4212,1.0
40.7868669964373,16.7747,40.8363845953718,15.2967,2.0,16.67931,2.0,11.49565,-0.847138,43.374,1.0
40.8017643960193,16.1817,40.8530748961493,16.9427,2.0,16.67908,2.0,10.05985,0.260261,41.8962,1.0
40.8194687953219,17.0734,40.8689118968323,17.0283,2.0,16.67927,2.0,10.85765,-0.667114,42.6574,1.0
40.8363845953718,16.8325,40.8863969976082,16.0924,2.0,16.67934,2.0,10.72554,-1.201587,42.6124,1.0
40.8530748961493,16.01,40.9024203969166,17.3475,2.0,16.67903,2.0,12.01804,0.174581,41.8735,1.0
40.8689118968323,17.6525,40.9192400975153,17.2612,2.0,16.67948,2.0,9.269414,-0.403024,43.2107,1.0
40.8863969976082,17.039,40.9355168966576,14.6418,2.0,16.67965,2.0,11.80059,0.175432,42.8206,1.0
40.9024203969166,14.7137,40.9525845972821,16.9149,2.0,16.67873,2.0,11.07382,0.532526,40.424,1.0
40.9192400975153,18.4257,40.968290197663,17.4999,2.0,16.67954,2.0,11.02452,-0.492194,42.6253,1.0
40.9355168966576,16.414,40.9854119969532,15.4052,2.0,16.67942,2.0,10.24017,-0.29811,41.6998,1.0
40.9525845972821,16.5275,41.0015362976119,17.5875,2.0,16.67935,2.0,11.06087,0.171925,40.6913,1.0
40.968290197663,16.6147,41.0191966975108,16.0578,2.0,16.67932,2.0,9.318294,-0.321869,41.7523,1.0
40.9854119969532,16.5887,41.0363420983776,17.1854,2.0,16.67928,2.0,11.77201,-0.145423,41.1959,1.0
41.0015362976119,16.7534,41.0528905978426,17.8449,2.0,16.67931,2.0,10.04307,-1.058084,41.7933,1.0
41.0191966975108,16.8245,41.0694687971845,15.2886,2.0,16.67938,2.0,9.488569,-0.387266,42.8844,1.0
41.0363420983776,16.5081,41.0860235979781,18.0496,2.0,16.6793,2.0,10.22772,-0.386487,41.3492,1.0
41.0528905978426,17.0197,41.1022270983085,16.2432,2.0,16.67946,2.0,9.873984,-0.968055,42.8909,1.0
41.0694687971845,16.7938,41.1194727988914,15.6716,2.0,16.67951,2.0,12.43947,0.075837,42.1144,1.0
41.0860235979781,14.7104,41.1363238980994,18.1499,2.0,16.6786,2.0,10.43229,-0.991762,40.9934,1.0
41.1022270983085,19.0268,41.1523205982521,14.7706,2.0,16.67969,2.0,11.70485,-0.343134,44.4329,1.0
41.1194727988914,16.0419,41.1692818989977,16.9738,2.0,16.67939,2.0,10.68026,0.302418,40.1776,1.0
41.1363238980994,16.6435,41.1858789985999,18.272,2.0,16.67937,2.0,10.98396,0.180683,41.1097,1.0
41.1523205982521,16.6359,41.2014756985009,13.977,2.0,16.67935,2.0,10.78863,1.215395,42.7391,1.0
41.1692818989977,18.3015,41.218864697963,18.9453,2.0,16.6801,2.0,11.39288,-0.095435,40.0808,1.0
41.1858789985999,15.0251,41.2355655971915,15.337,2.0,16.67934,2.0,9.256017,-0.149709,40.7235,1.0
41.2014756985009,16.6125,41.2528112977743,17.1049,2.0,16.67931,2.0,11.2324,-1.139014,41.0375,1.0
41.218864697963,16.5564,41.2693610973656,17.9217,2.0,16.67925,2.0,8.725935,-0.546426,41.5305,1.0
41.2355655971915,16.5359,41.2866201978177,15.8546,2.0,16.67919,2.0,11.33901,-0.308859,42.8962,1.0
41.2528112977743,17.0567,41.3022589981556,16.9523,2.0,16.67936,2.0,9.860514,-0.921381,42.2153,1.0
41.2693610973656,16.32,41.3184851985425,16.3252,2.0,16.67919,2.0,12.45573,-1.028222,42.1111,1.0
41.2866201978177,16.6065,41.3370642978698,17.2633,2.0,16.67916,2.0,10.46926,0.03804,42.1169,1.0
41.3022589981556,15.2015,41.353228898719,17.3578,2.0,16.67848,2.0,11.67958,-0.987583,42.775,1.0
41.3184851985425,19.2199,41.3691598977894,14.5914,2.0,16.67965,2.0,10.73062,-0.094204,44.9316,1.0
41.3370642978698,16.2137,41.3863535970449,17.3612,2.0,16.67944,2.0,12.37546,-0.484432,40.3036,1.0
41.353228898719,16.4531,41.4038172978908,19.011,2.0,16.67933,2.0,9.783183,0.075809,41.4516,1.0
41.3691598977894,17.0019,41.4186320975423,13.0214,2.0,16.67948,2.0,12.1659,-0.903629,44.0098,1.0
41.3863535970449,16.1696,41.43550699763,18.5197,2.0,16.67924,2.0,9.954932,-0.615755,40.029,1.0
41.4038172978908,16.7468,41.4526776969433,17.3284,2.0,16.67928,2.0,11.70059,-0.221198,42.3799,1.0
41.4186320975423,17.1366,41.4691371973604,14.9059,2.0,16.67949,2.0,9.767929,-0.295704,42.9625,1.0
41.43550699763,14.663,41.4857135973871,17.8669,2.0,16.67856,2.0,12.09766,-0.703875,40.7311,1.0
41.4526776969433,19.8613,41.502933697775,15.577,2.0,16.68002,2.0,10.7308,-0.802897,43.9272,1.0
41.4691371973604,15.3009,41.5205973982811,19.3132,2.0,16.67939,2.0,11.5519,-0.756647,39.6521,1.0
41.4857135973871,17.0608,41.5368895977736,14.64,2.0,16.67956,2.0,10.07967,-0.516695,43.6647,1.0
41.502933697775,15.9965,41.5525508970022,15.9609,2.0,16.67925,2.0,11.7929,-0.440893,41.2446,1.0
41.5205973982811,16.8825,41.5701700970531,18.8666,2.0,16.67934,2.0,10.38485,-0.376865,41.2093,1.0
41.5368895977736,16.586,41.5854274975136,13.8755,2.0,16.6793,2.0,12.0934,-0.423222,43.1936,1.0
41.5525508970022,16.7298,41.6034003971145,18.0694,2.0,16.67932,2.0,10.32509,-0.767186,40.4837,1.0
41.5701700970531,16.4413,41.620163497515,18.7836,2.0,16.67921,2.0,11.77606,-0.094534,41.8235,1.0
41.5854274975136,17.2527,41.6356403976679,13.3835,2.0,16.67948,2.0,10.19652,-0.579707,44.1666,1.0
41.6034003971145,16.2038,41.6533249970526,17.8445,2.0,16.67926,2.0,11.67099,-0.561126,40.2976,1.0
41.620163497515,16.8288,41.6698381975293,18.0616,2.0,16.67933,2.0,10.37383,0.333619,41.9395,1.0
41.6356403976679,16.898,41.6861662976444,14.7168,2.0,16.67943,2.0,11.08801,-0.936176,43.1718,1.0
41.6533249970526,16.1583,41.703699298203,19.0631,2.0,16.67919,2.0,10.34443,-0.325697,40.9915,1.0
41.6698381975293,16.3186,41.7207159977406,16.8466,2.0,16.67903,2.0,11.60938,-0.317058,43.8967,1.0
41.6861662976444,17.5584,41.737548597157,15.2987,2.0,16.67943,2.0,9.365276,-0.672882,44.4255,1.0
41.703699298203,14.0771,41.7531109973788,16.9202,2.0,16.67824,2.0,12.2568,-0.675319,42.1658,1.0
41.7207159977406,19.0961,41.7702831979841,15.8309,2.0,16.67934,2.0,9.874558,0.744852,45.0097,1.0
41.737548597157,16.8096,41.7874517980963,17.1745,2.0,16.6794,2.0,11.68158,1.228891,41.7443,1.0
41.7531109973788,16.2492,41.8030066983774,17.8312,2.0,16.67921,2.0,10.34322,0.291935,42.1095,1.0
41.7702831979841,17.0242,41.8204901991412,15.1869,2.0,16.67936,2.0,12.00985,-0.368157,43.6924,1.0
41.7874517980963,17.1289,41.8356890995055,16.3211,2.0,16.67957,2.0,9.016809,-0.246289,41.8552,1.0
41.8030066983774,16.0849,41.8534030988812,18.7198,2.0,16.6793,2.0,10.05237,0.161048,41.0482,1.0
41.8204901991412,16.7424,41.8694108985364,14.0024,2.0,16.67933,2.0,9.700257,0.179677,43.6824,1.0
41.8356890995055,15.549,41.8863331992179,18.3056,2.0,16.67881,2.0,11.56409,-0.489194,40.9427,1.0
41.8534030988812,18.9014,41.9032060988247,15.6003,2.0,16.67982,2.0,10.05685,0.098753,43.7008,1.0
41.8694108985364,15.7422,41.9194505997002,16.0483,2.0,16.6794,2.0,11.06182,-0.899783,40.3991,1.0
41.8863331992179,17.0899,41.9363026004285,18.3768,2.0,16.67958,2.0,9.432594,0.687944,40.7065,1.0
41.9032060988247,16.2953,41.9537444002926,15.8091,2.0,16.67941,2.0,11.74175,0.123279,41.9937,1.0
41.9194505997002,16.8237,41.9703502003103,17.9403,2.0,16.67947,2.0,9.690583,-0.537978,41.5084,1.0
41.9363026004285,16.5363,41.985925800167,14.1856,2.0,16.67941,2.0,12.14916,-1.066639,42.6259,1.0
41.9537444002926,16.6,42.0037800008431,17.8273,2.0,16.67937,2.0,9.315321,-0.398865,40.2752,1.0
41.9703502003103,16.5011,42.0204942012206,18.4057,2.0,16.67929,2.0,11.15778,-0.251168,41.5029,1.0
41.985925800167,16.9967,42.0365161010996,14.3631,2.0,16.67944,2.0,10.80544,-0.795348,43.4082,1.0
42.0037800008431,16.1784,42.0525472005829,17.4242,2.0,16.67921,2.0,12.33486,-0.881804,40.7741,1.0
42.0204942012206,17.5186,42.0703033013269,17.847,2.0,16.67959,2.0,10.01687,-0.429694,42.0195,1.0
42.0365161010996,17.1541,42.0860066013411,14.3233,2.0,16.6798,2.0,11.56925,0.875757,42.3492,1.0
42.0525472005829,14.0589,42.1036909008399,19.069,2.0,16.67862,2.0,10.7788,-0.799894,39.5191,1.0
42.0703033013269,18.6137,42.1195211010054,14.4392,2.0,16.67949,2.0,12.19749,-0.094158,44.5195,1.0
42.0860066013411,16.8348,42.1369153009728,17.4652,2.0,16.67956,2.0,10.37394,1.075175,40.355,1.0
42.1036909008399,16.2761,42.1550076017156,19.6203,2.0,16.67938,2.0,10.28229,0.149277,40.9861,1.0
42.1195211010054,16.8007,42.1702643018216,13.6044,2.0,16.67943,2.0,10.70376,1.11297,44.3303,1.0
42.1369153009728,16.4243,42.1863589026034,16.3755,2.0,16.67932,2.0,11.34342,-0.231715,41.1343,1.0
42.1550076017156,16.6058,42.20345810242,18.1451,2.0,16.67929,2.0,8.301723,-0.020329,41.0864,1.0
42.1702643018216,16.9116,42.2201807033271,15.3333,2.0,16.67939,2.0,11.01103,0.330946,42.6258,1.0
42.1863589026034,16.2619,42.236365603283,17.7166,2.0,16.6792,2.0,8.268815,0.626939,41.0472,1.0
42.20345810242,16.7844,42.253648404032,17.4786,2.0,16.67925,2.0,11.50293,-0.707612,42.5025,1.0
42.2201807033271,16.6661,42.2702527046204,15.0311,2.0,16.67924,2.0,9.353954,-0.755645,43.1947,1.0
42.236365603283,14.9439,42.2867659050971,17.9743,2.0,16.67847,2.0,11.01216,0.708742,41.562,1.0
42.253648404032,18.7327,42.3037300053984,15.6356,2.0,16.67939,2.0,9.497512,0.112578,44.5924,1.0
42.2702527046204,16.6065,42.3202299047261,16.3624,2.0,16.67936,2.0,10.43904,0.843428,41.496,1.0
42.2867659050971,16.1905,42.3364752046764,17.8142,2.0,16.67914,2.0,12.14236,-1.462737,41.2526,1.0
42.3037300053984,16.9534,42.3551667053252,17.0325,2.0,16.67926,2.0,9.115222,0.088839,42.8771,1.0
42.3202299047261,16.1768,42.3703732052818,16.8231,2.0,16.67903,2.0,11.04457,-0.549364,42.957,1.0
42.3364752046764,17.3072,42.3864911058918,16.1915,2.0,16.67932,2.0,8.847037,-0.66838,43.6032,1.0
42.3551667053252,16.4779,42.4042318062857,16.0225,2.0,16.67923,2.0,12.66996,-1.069644,42.4822,1.0
42.3703732052818,14.8469,42.4211989054456,18.3333,2.0,16.67841,2.0,9.655964,-0.441501,42.0336,1.0
42.3864911058918,19.0284,42.4365012058988,13.886,2.0,16.67946,2.0,11.90948,-0.635704,45.5201,1.0
42.4042318062857,16.1889,42.4533517053351,16.9127,2.0,16.67924,2.0,10.55774,0.079988,40.379,1.0
42.4211989054456,16.4262,42.4703879049048,18.6646,2.0,16.67912,2.0,10.5322,0.098073,41.1031,1.0
42.4365012058988,17.3374,42.4863195056096,14.3423,2.0,16.67942,2.0,10.2703,-1.021678,43.3419,1.0
42.4533517053351,16.1618,42.5042736055329,19.3769,2.0,16.67919,2.0,10.11931,-0.185209,40.3468,1.0
42.4703879049048,18.1066,42.5202026059851,16.1274,2.0,16.67982,2.0,11.20553,-0.816958,43.5618,1.0
42.4863195056096,15.0829,42.5376788051799,15.752,2.0,16.67911,2.0,9.816478,0.183632,41.5843,1.0
42.5042736055329,15.1828,42.554346605204,18.2391,2.0,16.67845,2.0,10.58441,-0.395624,42.2535,1.0
42.5202026059851,18.698,42.5694578047842,15.5322,2.0,16.67934,2.0,11.53796,0.179847,45.3095,1.0
42.5376788051799,16.0711,42.5871240049601,15.7833,2.0,16.67907,2.0,10.49737,0.577548,42.1442,1.0
42.554346605204,15.5255,42.6036615055054,18.48,2.0,16.67856,2.0,11.08322,0.829079,41.8567,1.0
42.5694578047842,18.2377,42.619521304965,14.2633,2.0,16.67925,2.0,10.17065,-0.542059,44.8124,1.0
42.5871240049601,16.5423,42.6380390040576,18.4211,2.0,16.67919,2.0,11.09615,0.664456,40.8378,1.0
42.6036615055054,17.0265,42.6543561033905,17.5731,2.0,16.67935,2.0,9.210521,-0.625418,42.7174,1.0
42.619521304965,17.1874,42.671447603032,15.5433,2.0,16.67957,2.0,8.790859,-0.488361,43.2643,1.0
42.6380390040576,16.4693,42.6869473028928,16.7875,2.0,16.67948,2.0,10.48074,0.229998,41.6208,1.0
42.6543561033905,16.0652,42.7037364020944,15.5521,2.0,16.67921,2.0,8.638118,-0.89531,41.9391,1.0
42.671447603032,17.2167,42.720181202516,17.8998,2.0,16.67945,2.0,10.52106,-0.828389,41.4307,1.0
42.6869473028928,16.4368,42.7370797023177,15.3791,2.0,16.67934,2.0,10.1315,0.017084,42.1145,1.0
42.7037364020944,16.9498,42.7535452023149,17.9027,2.0,16.67946,2.0,10.93721,-0.376569,41.0576,1.0
42.720181202516,15.9246,42.7703633029014,15.32,2.0,16.67912,2.0,10.71939,-0.316529,42.0101,1.0
42.7370797023177,17.2318,42.7866681031883,17.9004,2.0,16.67937,2.0,12.06732,0.130288,41.4058,1.0
42.7535452023149,16.1679,42.8040608037263,17.9254,2.0,16.67914,2.0,9.731669,0.343272,42.0759,1.0
42.7703633029014,17.6062,42.8212198037654,15.156,2.0,16.67955,2.0,11.67243,-0.154581,43.8325,1.0
42.7866681031883,14.4614,42.8373725041747,17.6157,2.0,16.67857,2.0,10.17491,0.227322,41.3835,1.0
42.8040608037263,18.8649,42.8545675035566,17.8774,2.0,16.67954,2.0,11.14793,1.184228,44.5372,1.0
42.8212198037654,16.5115,42.8704256042838,13.7699,2.0,16.67946,2.0,9.534281,0.100807,43.5501,1.0
42.8373725041747,14.7379,42.8869682047516,18.1187,2.0,16.67861,2.0,11.45028,-0.117297,40.8087,1.0
42.8545675035566,18.7895,42.9048287048936,16.2248,2.0,16.67954,2.0,9.469072,-0.380541,44.1902,1.0
42.8704256042838,16.6623,42.9206023048609,15.6821,2.0,16.67953,2.0,10.11619,-0.644281,41.6258,1.0
42.8869682047516,15.9927,42.9370082039386,17.9598,2.0,16.67923,2.0,9.593197,0.262873,40.6467,1.0
42.9048287048936,17.0063,42.9546000044793,16.1828,2.0,16.67937,2.0,9.587641,0.265935,42.6137,1.0
42.9206023048609,16.7448,42.9713067039847,18.0537,2.0,16.6794,2.0,9.842381,-0.111594,41.7913,1.0
42.9370082039386,16.6408,42.9863104037941,13.5887,2.0,16.67938,2.0,10.04533,-0.677044,43.1004,1.0
42.9546000044793,17.1209,43.0043571032584,19.3729,2.0,16.67958,2.0,9.896565,0.091927,40.0481,1.0
42.9713067039847,16.5431,43.0212211031467,15.3834,2.0,16.67952,2.0,9.234594,-1.427771,42.3009,1.0
42.9863104037941,16.9867,43.0373502038419,17.6001,2.0,16.67965,2.0,9.694944,-0.214615,41.1416,1.0
43.0043571032584,16.1616,43.0544019043446,17.6125,2.0,16.67942,2.0,11.77457,-0.80349,41.7551,1.0
43.0212211031467,16.9075,43.0704109035432,14.7058,2.0,16.67952,2.0,9.637071,0.007313,43.2064,1.0
43.0373502038419,16.2352,43.0874569043517,20.6407,2.0,16.67933,1.0,12.57551,-1.143698,41.0056,1.0
43.0704109035432,28.5582,43.1044941041619,15.0437,2.0,16.68454,2.0,9.20149,-0.189935,45.4113,1.0
43.0874569043517,12.1775,43.1216192040592,16.2358,1.0,16.68256,2.0,10.65839,-0.804698,31.8764,1.0
43.1044941041619,18.829,43.1390841044486,17.9974,1.0,16.6835,2.0,9.679198,0.136158,35.9416,1.0
43.1044941041619,7.2825,43.1555696036667,14.7358,1.0,16.67939,2.0,12.33904,-0.248286,35.1255,1.0
43.1216192040592,16.3947,43.1712316032499,16.5292,2.0,16.67926,2.0,9.913898,0.416759,42.5791,1.0
43.1390841044486,15.1365,43.1873934026808,16.6531,2.0,16.67859,2.0,10.52654,0.014285,42.7143,1.0
43.1555696036667,17.9685,43.2042188029736,15.4754,2.0,16.67915,2.0,9.188086,0.657349,44.2307,1.0
43.1712316032499,15.8566,43.2203998025507,17.5047,2.0,16.67879,2.0,11.39614,-1.494849,41.7383,1.0
43.1873934026808,16.9537,43.2378304023296,17.6994,2.0,16.67891,2.0,9.341915,-0.31908,43.3871,1.0
43.2042188029736,17.1279,43.25361360237,14.0384,2.0,16.67911,2.0,11.11135,-0.849661,44.1326,1.0
43.2203998025507,15.8176,43.2704383023083,18.2899,2.0,16.67873,2.0,8.841449,-0.369649,41.0444,1.0
43.2378304023296,18.0414,43.287794303149,15.8527,2.0,16.67933,2.0,10.71948,0.055519,43.5166,1.0
43.25361360237,16.7231,43.3037223033607,17.7325,2.0,16.67934,2.0,9.657461,-0.391259,41.3281,1.0
43.2704383023083,16.4022,43.3213590029627,17.5781,2.0,16.67922,2.0,11.67505,-0.541649,42.3382,1.0
43.287794303149,17.5849,43.3382180035114,15.291,2.0,16.67962,2.0,10.03018,-0.314557,43.5145,1.0
43.3037223033607,13.8775,43.3553943037987,18.9557,2.0,16.6784,2.0,11.09116,-0.040288,41.2213,1.0
43.3213590029627,19.4802,43.3703247038648,13.2128,2.0,16.67962,2.0,10.18995,-0.099518,46.2995,1.0
43.3382180035114,16.1282,43.3877189038321,17.171,2.0,16.67938,2.0,11.78226,-0.541504,40.0325,1.0
43.3553943037987,16.5987,43.4034122033045,17.1037,2.0,16.67934,2.0,9.831588,-0.311467,41.0759,1.0
43.3703247038648,16.765,43.4203546037897,15.6348,2.0,16.67938,2.0,11.21892,-1.378513,41.5808,1.0
43.3877189038321,16.9059,43.4374797036871,16.9968,2.0,16.67948,2.0,9.881904,-0.440454,40.4513,1.0
43.4034122033045,16.2797,43.4542903034016,18.3631,2.0,16.6793,2.0,11.56417,-0.661069,40.5364,1.0
43.4203546037897,16.7773,43.4704467030242,14.6561,2.0,16.67935,2.0,9.901613,-0.648613,42.6273,1.0
43.4374797036871,16.8675,43.4877737024799,18.6819,2.0,16.67943,2.0,12.32485,0.680418,40.5059,1.0
43.4542903034016,16.4133,43.5047293016687,17.4464,2.0,16.67931,2.0,9.857469,0.367799,42.321,1.0
43.4704467030242,17.8475,43.5206281011924,14.0189,2.0,16.67982,2.0,11.80971,-0.64794,43.3544,1.0
43.4877737024799,13.9212,43.5378174008802,18.8929,2.0,16.67862,2.0,10.27578,-0.462381,39.5267,1.0
43.5047293016687,18.5791,43.5546642011032,17.2017,2.0,16.67945,2.0,10.4318,0.043281,44.4982,1.0
43.5206281011924,16.1767,43.5720653003082,15.6006,2.0,16.67923,2.0,9.31684,-0.580594,43.1218,1.0
43.5378174008802,15.6229,43.5880001010373,17.4785,2.0,16.67877,2.0,11.92408,-0.179976,42.5456,1.0
43.5546642011032,17.9537,43.6036184011027,13.9818,2.0,16.67933,2.0,10.00802,-0.570645,44.4008,1.0
43.5720653003082,16.5115,43.6214825017378,17.708,2.0,16.67925,2.0,11.15129,-0.117295,40.4296,1.0
43.5880001010373,16.9182,43.6384094012901,18.5188,2.0,16.67936,2.0,10.18118,0.881036,41.6264,1.0
43.6036184011027,17.2123,43.6554426020011,15.7416,2.0,16.67959,2.0,11.39894,-0.721548,43.2276,1.0
43.6214825017378,16.2159,43.6706016017124,16.527,2.0,16.67938,2.0,10.2865,-0.393495,41.7487,1.0
43.6384094012901,16.1622,43.6881683012471,16.0448,2.0,16.67916,2.0,11.34806,-0.548024,42.069,1.0
43.6554426020011,16.6389,43.7044785013422,16.2654,2.0,16.67915,2.0,8.473648,0.027582,41.9259,1.0
43.6706016017124,17.377,43.7215343015268,18.4862,2.0,16.67945,2.0,11.85009,-0.979506,41.5781,1.0
43.6881683012471,16.9133,43.7381272008643,15.1057,2.0,16.67955,2.0,7.338824,0.304007,42.6869,1.0
43.7044785013422,15.8723,43.7545982012525,18.3148,2.0,16.6792,2.0,11.71782,-0.616036,40.8805,1.0
43.7215343015268,17.5558,43.7706411005929,16.1482,2.0,16.67958,2.0,9.734906,-0.698289,43.3145,1.0
43.7381272008643,15.6981,43.7876679012552,15.266,2.0,16.67915,2.0,12.14619,-1.651588,41.9161,1.0
43.7545982012525,16.7675,43.8046787017956,17.0031,2.0,16.67919,2.0,8.875536,-0.529772,41.4772,1.0
43.7706411005929,16.6799,43.8223642027006,19.4061,2.0,16.67919,2.0,11.76959,-0.042016,41.7189,1.0
43.7876679012552,17.4046,43.8380027031526,13.7304,2.0,16.6795,2.0,10.97139,-0.449156,44.4464,1.0
43.8046787017956,16.1405,43.8542790031061,17.9294,2.0,16.67927,2.0,12.93717,-0.098794,40.7717,1.0
43.8223642027006,16.6557,43.8719160025939,15.9192,2.0,16.67926,2.0,10.21572,-0.107179,42.5619,1.0
43.8380027031526,17.2395,43.8883122028783,16.4459,2.0,16.6795,2.0,11.24566,0.33203,41.8252,1.0
43.8542790031061,15.987,43.9043360026553,17.277,2.0,16.6792,2.0,10.22559,-0.132481,41.0316,1.0
43.8719160025939,16.4362,43.9220110019669,16.5437,2.0,16.6791,2.0,9.538679,-0.718206,42.3226,1.0
43.8883122028783,17.6994,43.938657601364,18.0969,2.0,16.67954,2.0,10.11237,-0.576292,42.43,1.0
43.9043360026553,16.0235,43.9545823009685,14.3256,2.0,16.67926,2.0,9.303181,-0.16963,42.8284,1.0
43.9220110019669,17.0762,43.9712713016197,18.1742,2.0,16.67943,2.0,9.816706,-1.004934,41.1306,1.0
43.938657601364,16.7904,43.9874711008742,16.4223,2.0,16.67948,2.0,10.25869,0.161233,42.229,1.0
43.9545823009685,16.5244,44.0045181000605,15.4581,2.0,16.67941,2.0,11.65993,-0.467507,41.8603,1.0
43.9712713016197,14.9978,44.0215274998918,18.4019,2.0,16.67869,2.0,9.950534,-0.971042,40.7951,1.0
43.9874711008742,18.7313,44.0387532999739,15.866,2.0,16.67957,2.0,12.24097,-0.941026,44.1995,1.0
44.0045181000605,16.6923,44.0569168990478,18.759,2.0,16.67957,2.0,9.708907,-0.201358,41.3342,1.0
44.0215274998918,16.5146,44.0712650986388,15.2295,2.0,16.6795,2.0,11.78284,-0.744627,43.4012,1.0
44.0387532999739,16.811,44.0889161983505,16.066,2.0,16.67956,2.0,10.80473,0.327258,42.1169,1.0
44.0569168990478,15.986,44.1066190982237,17.6702,2.0,16.67926,2.0,10.33606,-0.50522,41.3723,1.0
44.0712650986388,16.3763,44.1217378983274,16.7451,2.0,16.67913,2.0,11.54983,-0.273552,43.0565,1.0
44.0889161983505,17.8457,44.1386808985844,15.3154,2.0,16.67963,2.0,10.22364,-0.803102,43.4259,1.0
44.1066190982237,15.6458,44.1549428990111,16.2796,2.0,16.67919,2.0,10.85242,-0.203799,40.8953,1.0
44.1217378983274,17.0975,44.1716808984056,18.1833,2.0,16.67937,2.0,11.70655,0.053474,41.5304,1.0
44.1386808985844,16.7065,44.1888960981742,15.791,2.0,16.67938,2.0,9.991102,-1.067469,42.6167,1.0
44.1549428990111,16.2735,44.2054850989953,18.1614,2.0,16.67921,2.0,12.0365,0.196445,41.7016,1.0
44.1716808984056,17.072,44.2220787992701,16.6227,2.0,16.67937,2.0,10.22163,1.32797,43.5895,1.0
44.1888960981742,17.239,44.2381301997229,14.4518,2.0,16.67961,2.0,9.427269,0.070584,43.1333,1.0
44.2054850989953,14.1309,44.2557111000642,19.2081,2.0,16.67853,2.0,12.19396,-0.622967,40.353,1.0
44.2220787992701,19.1224,44.271764899604,16.6195,2.0,16.67957,2.0,9.50713,-0.883147,45.4313,1.0
44.2381301997229,15.5265,44.2890012999997,15.2404,2.0,16.67908,2.0,8.343316,-0.152702,42.9293,1.0
44.2557111000642,15.5958,44.3046439001337,17.3656,2.0,16.67862,2.0,11.19187,0.483116,42.6432,1.0
44.271764899604,18.0174,44.3231266001239,16.576,2.0,16.67919,2.0,10.86985,-0.472434,44.413,1.0
44.2890012999997,16.6199,44.3391572004184,16.0411,2.0,16.67916,2.0,10.2065,-0.016432,42.9724,1.0
44.3046439001337,15.0814,44.3547142008319,17.194,2.0,16.67848,2.0,11.40388,-0.629396,42.3947,1.0
44.3231266001239,19.0444,44.3725273003802,16.0788,2.0,16.67949,2.0,9.178134,-0.607499,44.5075,1.0
44.3391572004184,16.5407,44.389065801166,16.686,2.0,16.67943,2.0,11.73283,-0.044383,41.542,1.0
44.3547142008319,16.5066,44.4053889019415,17.889,2.0,16.67935,2.0,11.308,-0.386006,41.6878,1.0
44.3725273003802,16.2095,44.4213251015171,14.3541,2.0,16.67915,2.0,10.4849,-0.201836,43.0704,1.0
44.389065801166,17.957,44.4390003019944,18.9961,2.0,16.6797,2.0,11.95908,-0.343358,41.2158,1.0
44.4053889019415,15.8551,44.4546503024176,14.3195,2.0,16.67935,2.0,9.583406,-0.835461,42.2542,1.0
44.4213251015171,17.1376,44.4714692020789,18.2978,2.0,16.67954,2.0,11.59004,-0.542777,40.7193,1.0
44.4390003019944,16.2155,44.4904068028554,19.1836,2.0,16.67934,2.0,10.00316,-0.167585,41.8803,1.0
44.4546503024176,16.6413,44.5062211034819,14.3083,2.0,16.67933,2.0,11.51596,-0.551124,44.8484,1.0
44.4714692020789,15.8023,44.5226347027346,17.5964,2.0,16.67896,2.0,10.65348,-0.224081,42.5156,1.0
44.4904068028554,18.1292,44.5386995030567,16.2491,2.0,16.67957,2.0,10.30249,-0.145692,44.3094,1.0
44.5062211034819,15.7754,44.5550241032615,15.0307,2.0,16.67919,2.0,11.40242,-0.626693,42.4302,1.0
44.5226347027346,15.3452,44.5724333031103,18.7996,2.0,16.67863,2.0,10.36378,-0.84841,41.6858,1.0
44.5386995030567,18.6882,44.5885662036017,14.6224,2.0,16.67947,2.0,11.43239,-0.342062,45.1265,1.0
44.5550241032615,16.5482,44.6051494041458,17.879,2.0,16.67942,2.0,9.763893,0.634233,41.0755,1.0
44.5724333031103,16.7668,44.621685703285,16.8259,2.0,16.67945,2.0,11.85971,-0.537794,42.4056,1.0
44.5885662036017,15.8297,44.6391986040398,15.8685,2.0,16.6791,2.0,12.18676,0.781738,42.4658,1.0
44.6051494041458,15.7072,44.6558523038402,16.635,2.0,16.67869,2.0,10.14597,-0.21392,42.5008,1.0
44.621685703285,18.62,44.6726041035727,18.3271,2.0,16.6795,2.0,10.60129,0.103608,43.4329,1.0
44.6391986040398,16.374,44.6888126032427,14.584,2.0,16.67938,2.0,10.33066,0.041634,43.1409,1.0
44.6558523038402,16.1648,44.7054013023153,18.391,2.0,16.67916,2.0,8.60952,0.722804,41.3513,1.0
44.6726041035727,17.0511,44.7215762017295,14.3369,2.0,16.67932,2.0,11.30119,-0.191217,43.5775,1.0
44.6888126032427,16.6768,44.738547901623,17.0663,2.0,16.67932,2.0,9.597666,-0.291189,40.8637,1.0
44.7054013023153,16.9404,44.754944502376,17.992,2.0,16.67942,2.0,9.194996,0.116872,41.2534,1.0
44.7215762017295,16.8028,44.7726327022538,16.029,2.0,16.67948,2.0,10.61842,-0.717241,42.2882,1.0
44.738547901623,16.1643,44.7894670022652,18.473,2.0,16.67926,2.0,9.606089,-0.420615,41.5317,1.0
44.754944502376,16.6167,44.8053355021402,16.2569,2.0,16.67923,2.0,11.48083,-1.025417,43.8401,1.0
44.7726327022538,16.8753,44.8220795029774,14.6838,2.0,16.67932,2.0,10.88874,-0.404947,43.4857,1.0
44.7894670022652,14.8577,44.838589203544,18.0297,2.0,16.67855,2.0,10.58902,-0.307057,41.2948,1.0
44.8053355021402,18.7373,44.8557952037081,15.7771,2.0,16.67941,2.0,11.67162,0.622967,44.4665,1.0
44.8220795029774,16.0518,44.8723708027974,16.5357,2.0,16.67915,2.0,10.83595,-0.117929,41.5067,1.0
44.838589203544,16.6929,44.8888760032132,17.9611,2.0,16.67916,2.0,11.62796,0.311364,41.9919,1.0
44.8557952037081,16.4975,44.9057736033574,15.3729,2.0,16.67908,2.0,10.31853,-1.29648,43.2595,1.0
44.8723708027974,16.7357,44.923389502801,19.0758,2.0,16.67911,2.0,10.60203,0.245388,42.1354,1.0
44.8888760032132,17.3346,44.9402691023424,17.2845,2.0,16.67938,2.0,10.22944,0.329051,44.4752,1.0
44.9057736033574,16.412,44.955683702603,13.4215,2.0,16.67927,2.0,10.90428,1.443141,44.426,1.0
44.923389502801,14.7032,44.9723873026669,18.3764,2.0,16.67844,2.0,11.11651,-0.989045,41.4363,1.0
44.9402691023424,18.9027,44.9904270023108,16.5763,2.0,16.67937,2.0,11.00285,-0.606772,45.1095,1.0
44.955683702603,15.6778,45.0055180024356,14.988,2.0,16.67895,2.0,9.401459,-0.390147,42.7835,1.0
44.9723873026669,15.982,45.0224299021065,18.2607,2.0,16.67866,2.0,9.805945,0.652818,42.0944,1.0
44.9904270023108,18.3266,45.0387216024101,14.9261,2.0,16.67935,2.0,10.73687,-0.032787,44.3728,1.0
45.0055180024356,16.4548,45.0545592028648,16.0394,2.0,16.67926,2.0,11.73045,-1.495518,40.9726,1.0
45.0224299021065,15.413,45.0715188030154,18.2781,2.0,16.67873,2.0,10.15918,0.735863,40.558,1.0
45.0387216024101,18.0345,45.0895680021495,18.3894,2.0,16.67929,2.0,10.64119,0.615252,43.4235,1.0
45.0545592028648,16.7511,45.1056676022708,14.1354,2.0,16.67932,2.0,9.823218,-0.673605,43.7792,1.0
45.0715188030154,14.8562,45.1214097030461,17.3983,2.0,16.67856,2.0,12.76064,0.0227,41.1635,1.0
45.0895680021495,18.2627,45.1404061038047,17.5077,2.0,16.67922,2.0,9.163148,0.426864,43.7061,1.0
45.1056676022708,17.314,45.15561900381,15.1385,2.0,16.67949,2.0,10.69131,0.756571,42.9504,1.0
45.1214097030461,16.5054,45.1726186042652,18.682,2.0,16.67941,2.0,10.2592,-1.208225,40.7764,1.0
45.1404061038047,16.2159,45.1887406045571,14.3771,2.0,16.67922,2.0,11.17664,0.049061,42.9532,1.0
45.15561900381,17.0353,45.2054688045755,18.3133,2.0,16.67937,2.0,9.286029,0.376922,41.1152,1.0
45.1726186042652,16.181,45.2232181048021,16.2025,2.0,16.67916,2.0,10.48232,-0.881602,42.3927,1.0
45.1887406045571,16.9266,45.2408242048696,18.6597,2.0,16.67927,2.0,10.94344,0.938025,42.4152,1.0
45.2054688045755,16.3529,45.2565056057647,16.242,2.0,16.67913,2.0,11.13278,-0.405895,44.1488,1.0
45.2232181048021,16.7857,45.2733427053317,15.2998,2.0,16.67917,2.0,9.472602,0.541126,44.0384,1.0
45.2408242048696,17.0142,45.2888105055317,16.8666,2.0,16.67931,2.0,12.14367,-0.829195,42.5523,1.0
45.2565056057647,16.5444,45.3058211049065,17.7194,2.0,16.67926,2.0,8.565695,0.096349,42.3971,1.0
45.2733427053317,16.8082,45.3225232055411,14.484,2.0,16.67931,2.0,10.26447,0.302521,43.581,1.0
45.2888105055317,14.7645,45.338738004677,17.6297,2.0,16.67852,2.0,10.68499,-0.477208,41.2573,1.0
45.3058211049065,18.4551,45.3557662041858,15.5523,2.0,16.67925,2.0,12.06795,0.01994,44.1228,1.0
45.3225232055411,16.554,45.3716220045462,15.8587,2.0,16.6792,2.0,9.429179,-0.323897,41.2199,1.0
45.338738004677,16.637,45.3887742040679,18.6868,2.0,16.67918,2.0,10.75221,0.364769,40.5253,1.0
45.3557662041858,16.6749,45.4060710044578,15.9895,2.0,16.67918,2.0,10.37866,-0.288437,42.575,1.0
45.3716220045462,17.0732,45.4227204052731,17.8642,2.0,16.67934,2.0,11.2359,-1.038333,41.8898,1.0
45.3887742040679,16.0769,45.4402030045167,17.642,2.0,16.6791,2.0,11.59093,0.619511,42.6806,1.0
45.4060710044578,16.6527,45.4553567040712,13.5879,2.0,16.67908,2.0,9.562337,1.469225,44.2469,1.0
45.4227204052731,14.7089,45.4731665048748,19.3888,2.0,16.67827,2.0,11.55723,-0.778907,41.1823,1.0
45.4402030045167,19.1364,45.4894845057279,14.8315,2.0,16.67929,2.0,11.00399,0.308661,45.8623,1.0
45.4553567040712,16.569,45.5067784059793,17.4372,2.0,16.67924,2.0,10.60287,-0.7431,41.5577,1.0
45.4731665048748,16.0949,45.523615706712,18.2393,2.0,16.679,2.0,9.696407,-0.319358,42.4263,1.0
45.4894845057279,18.3489,45.5404425058514,15.3119,2.0,16.67969,2.0,10.44024,-0.212712,44.5714,1.0
45.5067784059793,15.5042,45.5563079062849,15.9818,2.0,16.6792,2.0,10.684,-0.817554,41.5346,1.0
45.523615706712,16.8715,45.5725541058928,17.6843,2.0,16.67928,2.0,12.12486,0.044925,42.0125,1.0
45.5404425058514,16.7851,45.5905013065785,16.2919,2.0,16.67933,2.0,10.11171,0.137627,42.8259,1.0
45.5563079062849,16.6649,45.6063564065844,17.5832,2.0,16.67932,2.0,11.51955,-0.191674,42.333,1.0
45.5725541058928,16.7217,45.6226626057178,16.1663,2.0,16.67934,2.0,10.90767,-0.217665,43.251,1.0
45.5905013065785,16.5165,45.6394029054791,15.1344,2.0,16.67927,2.0,9.321573,-0.845378,42.6961,1.0
45.6063564065844,14.9627,45.6556768063456,16.3592,2.0,16.67857,2.0,11.16327,-0.46262,41.3147,1.0
45.6226626057178,18.5555,45.673491306603,19.2151,2.0,16.67934,2.0,10.04086,0.014565,42.7104,1.0
45.6394029054791,16.479,45.6895464062691,14.5987,2.0,16.67925,2.0,11.49998,0.221948,43.3712,1.0
45.6556768063456,16.7857,45.7056724056602,17.3159,2.0,16.6793,2.0,12.15702,0.068489,41.4917,1.0
45.673491306603,14.9609,45.7243953049183,19.5154,2.0,16.67859,2.0,10.21583,0.87148,42.022,1.0
45.6895464062691,18.5737,45.7394452048466,13.1722,2.0,16.67937,2.0,11.12365,-0.93199,46.577,1.0
45.7056724056602,14.528,45.7559606051072,18.2621,2.0,16.67849,2.0,10.95861,0.074096,41.1762,1.0
45.7243953049183,19.0561,45.7742908047512,16.4098,2.0,16.67946,2.0,9.70122,0.304414,44.9106,1.0
45.7394452048466,16.4151,45.7899285042658,15.7247,2.0,16.67935,2.0,10.47339,0.318748,42.2637,1.0
45.7559606051072,15.596,45.8066349038854,18.7625,2.0,16.67891,2.0,12.1809,-0.487689,41.5744,1.0
45.7742908047512,17.8666,45.8231319030747,14.4428,2.0,16.6794,2.0,9.528486,0.321785,44.7398,1.0
45.7899285042658,16.3386,45.8403666028753,18.888,2.0,16.67926,2.0,10.91275,-0.296093,41.3177,1.0
45.8066349038854,16.6134,45.8565315036103,14.5401,2.0,16.67923,2.0,10.64299,-0.216639,43.8675,1.0
45.8231319030747,17.0804,45.8734935028479,16.8755,2.0,16.6794,2.0,10.30441,-0.589771,41.794,1.0
45.8403666028753,16.2615,45.8899041032419,18.1843,2.0,16.67922,2.0,10.89429,-0.218714,41.5898,1.0
45.8565315036103,17.9179,45.9062480023131,14.7219,2.0,16.67973,2.0,10.22244,-1.187634,43.5131,1.0
45.8734935028479,15.395,45.9226305028424,17.6824,2.0,16.6792,2.0,9.636371,-0.689684,40.3175,1.0
45.8899041032419,17.5119,45.9406226025894,16.7601,2.0,16.67954,2.0,11.67961,-1.285604,42.6059,1.0
45.9062480023131,16.3225,45.9564820034429,17.1949,2.0,16.6794,2.0,11.44473,-0.410482,41.8544,1.0
45.9226305028424,15.8849,45.9732503043488,15.9217,2.0,16.67908,2.0,10.62008,0.090706,42.7268,1.0
45.9406226025894,17.7539,45.9901623046026,18.0367,2.0,16.67951,2.0,11.8946,0.025827,42.7637,1.0
45.9564820034429,16.0809,46.0068225050345,16.3979,2.0,16.67927,2.0,10.98678,-0.084873,43.0475,1.0
45.9732503043488,17.5524,46.0233468050137,14.9613,2.0,16.67962,2.0,11.61539,-0.19433,43.3643,1.0
45.9901623046026,14.6971,46.0403336053714,18.4823,2.0,16.67882,2.0,11.11137,-0.72884,40.7744,1.0
46.0068225050345,18.4929,46.0556951053441,13.8886,2.0,16.67956,2.0,9.938873,-0.16454,44.5587,1.0
46.0233468050137,16.4297,46.0732454061508,19.0395,2.0,16.67945,2.0,11.33563,0.049475,39.9559,1.0
46.0403336053714,16.8246,46.090966405347,18.1544,2.0,16.67951,2.0,9.96374,-0.700116,42.5656,1.0
46.0556951053441,15.5245,46.1063956050202,13.7534,2.0,16.67904,2.0,10.39724,-0.41649,43.889,1.0
46.0732454061508,15.9025,46.1236119056121,17.0049,2.0,16.67873,2.0,11.41273,-0.454744,42.1251,1.0
46.090966405347,18.2723,46.1403050059453,18.1892,2.0,16.67938,2.0,9.940316,-1.602046,43.2269,1.0
46.1063956050202,16.9956,46.1563681056723,14.6599,2.0,16.6795,2.0,11.85149,-0.866485,43.1453,1.0
46.1236119056121,16.3884,46.1733844047412,18.5856,2.0,16.67939,2.0,11.55684,-0.815793,40.8089,1.0
46.1403050059453,16.5535,46.190550304018,15.503,2.0,16.67933,2.0,9.966446,-0.231545,43.0073,1.0
46.1563681056723,16.8326,46.2069190042093,16.3844,2.0,16.6794,2.0,12.67249,-0.364131,41.9564,1.0
46.1733844047412,16.3495,46.2236182047054,18.665,2.0,16.67926,2.0,10.40299,0.20811,41.51,1.0
46.190550304018,17.2026,46.2392452051863,13.6787,2.0,16.67948,2.0,11.74825,-0.820784,43.8254,1.0
46.2069190042093,16.0198,46.2573623051867,19.749,2.0,16.67921,2.0,11.32253,-1.296445,40.302,1.0
46.2236182047054,16.624,46.2733929054812,16.011,2.0,16.67919,2.0,10.07859,0.620773,44.031,1.0
46.2392452051863,17.1233,46.2907561054453,15.7436,2.0,16.67937,2.0,10.90728,0.123024,43.4184,1.0
46.2573623051867,14.4585,46.305662705563,16.1452,2.0,16.67847,2.0,10.62605,-0.668011,42.039,1.0
46.2733929054812,18.9463,46.3233178062364,16.275,2.0,16.67938,2.0,10.98483,-0.134842,43.7258,1.0
46.2907561054453,16.2625,46.3401485057548,17.0478,2.0,16.67922,2.0,10.40418,0.651279,41.0553,1.0
46.305662705563,15.1382,46.3569509061053,18.1363,2.0,16.67859,2.0,9.724311,-1.225966,41.8409,1.0
46.3233178062364,18.038,46.3740220060572,15.6014,2.0,16.67914,2.0,11.81584,-1.048042,44.839,1.0
46.3401485057548,17.0888,46.3905393062159,16.6419,2.0,16.67931,2.0,11.13522,-0.539028,42.403,1.0
46.3569509061053,15.2422,46.4066588068381,17.7621,2.0,16.67873,2.0,8.802366,-0.771591,41.9561,1.0
46.3740220060572,18.3665,46.4238679064438,15.3417,2.0,16.67941,2.0,12.46074,-0.81141,44.4758,1.0
46.3905393062159,15.9661,46.4406089065596,18.8161,2.0,16.67912,2.0,10.62043,-0.336598,41.452,1.0
46.4066588068381,16.8697,46.4571903059259,14.6595,2.0,16.6792,2.0,9.970091,0.685839,44.3024,1.0
46.4238679064438,17.2396,46.4741713060066,16.9502,2.0,16.67942,2.0,11.74221,0.267588,42.0671,1.0
46.4406089065596,16.1699,46.4902332061902,17.4595,2.0,16.67922,2.0,10.5559,-0.743455,41.8039,1.0
46.4571903059259,16.5526,46.5068459054455,15.2937,2.0,16.67917,2.0,11.66416,0.174944,43.0931,1.0
46.4741713060066,18.6958,46.5243595046923,18.945,2.0,16.67998,2.0,9.028112,-1.22258,41.835,1.0
46.4902332061902,15.6694,46.5419780043885,16.0819,2.0,16.67957,2.0,11.06966,0.080305,42.0839,1.0
46.5068459054455,16.156,46.5567198041826,16.4684,2.0,16.67936,2.0,11.75416,0.170528,42.4965,1.0
46.5243595046923,16.5756,46.5739666037261,17.2827,2.0,16.67932,2.0,9.59838,-1.043932,42.8103,1.0
46.5419780043885,16.7535,46.5895539037883,13.8248,2.0,16.67935,2.0,12.40489,-0.05006,43.5173,1.0
46.5567198041826,14.9204,46.6076620034873,18.0306,2.0,16.67864,2.0,11.01467,-0.199788,40.5892,1.0
46.5739666037261,18.4834,46.6242692042142,18.387,2.0,16.67937,2.0,8.904032,-0.583278,43.6991,1.0
46.5895539037883,16.8548,46.6403330042958,16.1052,2.0,16.67944,2.0,12.20566,0.266496,43.6035,1.0
46.6076620034873,16.2941,46.6568285040557,14.7873,2.0,16.67928,2.0,11.04149,0.58597,42.8543,1.0
46.6242692042142,15.162,46.6736858040094,18.4713,2.0,16.67868,2.0,9.658778,0.754827,41.3475,1.0
46.6403330042958,18.3772,46.6905068047345,15.3164,2.0,16.67936,2.0,11.6222,-0.325915,44.6567,1.0
46.6568285040557,16.6852,46.7068294044584,16.1477,2.0,16.67936,2.0,9.23903,0.149984,41.5967,1.0
46.6736858040094,17.0239,46.722665105015,17.4961,2.0,16.6795,2.0,9.070073,0.637078,41.0604,1.0
46.6905068047345,16.5059,46.7416756041348,17.4648,2.0,16.67943,2.0,10.45282,-0.484184,41.5322,1.0
46.7068294044584,16.8624,46.7571541042998,17.0462,2.0,16.6795,2.0,10.21122,0.33445,42.4915,1.0
46.722665105015,16.0625,46.773291404359,16.1916,2.0,16.67925,2.0,11.06422,-1.194747,42.6737,1.0
46.7416756041348,17.3525,46.7915251040831,16.5012,2.0,16.67952,2.0,10.56798,-0.138372,42.8051,1.0
46.7571541042998,13.8673,46.8067286042497,16.7688,2.0,16.6784,2.0,9.41255,-0.755985,41.9547,1.0
46.773291404359,19.7138,46.8235738044605,15.2241,2.0,16.67961,2.0,10.90755,-0.558404,44.8554,1.0
46.7915251040831,16.2286,46.8415593048558,18.0067,2.0,16.67943,2.0,11.26677,-0.332499,40.3675,1.0
46.8067286042497,14.8014,46.8566689044237,16.9398,2.0,16.67868,2.0,9.224185,-0.80388,42.1462,1.0
46.8235738044605,18.8828,46.8738798052073,17.2259,2.0,16.67956,2.0,11.9034,-0.643087,44.2843,1.0
46.8415593048558,16.4639,46.8902533054352,14.6329,2.0,16.67948,2.0,10.2762,0.133341,42.6281,1.0
46.8566689044237,14.4157,46.9063692055643,17.8172,2.0,16.67857,2.0,11.35788,0.031033,40.7978,1.0
46.8738798052073,18.1101,46.9236716050655,15.5996,2.0,16.67914,2.0,11.98889,-1.045239,44.1989,1.0
46.8902533054352,17.4902,46.9404802042991,16.7842,2.0,16.67947,2.0,10.29226,0.12627,41.6891,1.0
46.9063692055643,16.0805,46.9570336043835,18.1019,2.0,16.67923,2.0,11.16517,0.171135,40.9837,1.0
46.9236716050655,17.1356,46.9736801050603,15.0675,2.0,16.67941,2.0,9.904339,-0.486674,43.0049,1.0
46.9404802042991,16.9075,46.9906098041683,18.5646,2.0,16.6795,2.0,12.39953,-1.108361,40.9375,1.0
46.9570336043835,16.5169,47.0076590050012,15.4684,2.0,16.67944,2.0,11.25146,-0.068962,42.5945,1.0
46.9736801050603,16.7799,47.0242704041302,16.6661,2.0,16.67948,2.0,9.524474,-1.089183,41.5462,1.0
46.9906098041683,16.4279,47.0403933040798,17.5402,2.0,16.67937,2.0,11.84256,-0.099374,41.4333,1.0
47.0076590050012,16.9995,47.0589094031602,17.1243,2.0,16.6795,2.0,11.09656,-0.879235,42.5467,1.0
47.0242704041302,16.7603,47.0744966035709,17.0919,2.0,16.67953,2.0,9.928083,-0.164315,42.6717,1.0
47.0403933040798,17.3546,47.0904585039243,16.0575,2.0,16.6798,2.0,12.28807,1.239651,43.0038,1.0
47.0589094031602,16.4196,47.1080258032307,15.8157,2.0,16.6797,2.0,9.893035,-0.227169,41.7066,1.0
47.0744966035709,14.7438,47.125029203482,18.7207,2.0,16.67893,2.0,12.14081,-0.741156,41.1035,1.0
47.0904585039243,18.2015,47.1416142033413,14.8804,2.0,16.67953,2.0,11.35545,-0.360047,45.0801,1.0
47.1080258032307,16.1966,47.1573045039549,15.8065,2.0,16.67934,2.0,8.408969,-0.317151,41.759,1.0
47.125029203482,15.1335,47.1738466033712,17.9241,2.0,16.67873,2.0,11.48766,-0.817302,41.3698,1.0
47.1416142033413,18.8773,47.1905164038762,15.1205,2.0,16.6796,2.0,11.79565,-0.197347,44.1605,1.0
47.1573045039549,16.3386,47.2083763042465,20.3708,2.0,16.67947,2.0,10.32905,-0.307015,40.4053,1.0
47.1738466033712,16.8424,47.2239282038063,14.8279,2.0,16.67953,2.0,11.6799,-0.431302,44.4376,1.0
47.1905164038762,16.2737,47.2406661044806,15.0096,2.0,16.67937,2.0,10.63815,-0.156657,42.4232,1.0
47.2083763042465,15.2221,47.2572994045913,18.2376,2.0,16.67879,2.0,9.839415,-0.332293,41.16,1.0
47.2239282038063,18.1659,47.2744821049273,17.4342,2.0,16.67938,2.0,11.4908,-0.783852,44.1749,1.0
47.2406661044806,16.6968,47.2906643040478,14.4229,2.0,16.67939,2.0,10.19356,1.177114,43.4444,1.0
47.2572994045913,14.9127,47.3072308041155,17.6252,2.0,16.67869,2.0,11.23849,-0.239701,41.1706,1.0
47.2744821049273,18.4065,47.3237640038133,15.3152,2.0,16.67937,2.0,11.55525,-0.800426,43.8828,1.0
47.2906643040478,16.9608,47.3406933043152,16.9461,2.0,16.67949,2.0,10.41949,0.241267,40.7922,1.0
47.3072308041155,17.1858,47.3569086045027,17.8059,2.0,16.67969,2.0,10.0674,0.550111,40.7778,1.0
47.3237640038133,16.7431,47.373890504241,17.5523,2.0,16.67971,2.0,9.921526,-0.840726,41.3984,1.0
47.3406933043152,15.7088,47.3904830049723,14.5229,2.0,16.67933,2.0,10.41093,-0.66475,42.2081,1.0
47.3569086045027,15.2817,47.4078260045499,19.2111,2.0,16.67878,2.0,11.07109,-0.290967,41.0225,1.0
47.373890504241,18.1308,47.4236989039928,13.8945,2.0,16.67935,2.0,9.415126,-1.058554,44.9527,1.0
47.3904830049723,16.8049,47.4413377046585,17.8603,2.0,16.6794,2.0,12.20995,0.215924,40.6719,1.0
47.4078260045499,16.4017,47.4577935039997,17.7275,2.0,16.67929,2.0,11.97787,-0.540988,41.7725,1.0
47.4236989039928,16.1612,47.4744761046022,15.3326,2.0,16.67908,2.0,9.990354,0.261166,43.0907,1.0
47.4413377046585,17.4285,47.4914289042354,18.4672,2.0,16.67938,2.0,12.32908,0.246922,42.2702,1.0
47.4577935039997,16.576,47.5074182040989,14.5932,2.0,16.67934,2.0,9.629488,-1.318652,43.3091,1.0
47.4744761046022,18.0986,47.5244124047458,18.3339,2.0,16.6799,2.0,10.18123,-0.316213,41.327,1.0
47.4914289042354,15.6058,47.5417995043099,17.575,2.0,16.67947,2.0,11.11188,-0.462866,41.5631,1.0
47.5074182040989,17.0273,47.5582992043346,14.8608,2.0,16.67961,2.0,9.547352,-1.326259,43.5318,1.0
47.5244124047458,14.4503,47.5749090034515,16.4519,2.0,16.67874,2.0,10.69371,0.503494,41.3659,1.0
47.5417995043099,19.0098,47.5929309036583,19.6421,2.0,16.67965,2.0,11.59247,0.195422,43.3681,1.0
47.5582992043346,16.2406,47.6075954036787,13.2827,2.0,16.67948,2.0,9.789359,0.593243,43.9838,1.0
47.5749090034515,16.1267,47.6247691037133,18.4558,2.0,16.67926,2.0,12.20551,-0.589364,41.0434,1.0
47.5929309036583,17.3776,47.64150270354,15.2636,2.0,16.67953,2.0,10.45588,-0.522209,43.3724,1.0
47.6075954036787,16.4302,47.6577974027023,16.4167,2.0,16.67944,2.0,9.572457,-0.711346,41.2592,1.0
47.6247691037133,14.6842,47.674808002077,18.737,2.0,16.67866,2.0,10.70926,-0.501003,41.2453,1.0
47.64150270354,18.3587,47.6904743025079,13.8448,2.0,16.67931,2.0,10.59781,-0.710326,45.2987,1.0
47.6577974027023,16.6027,47.7080808030441,19.5101,2.0,16.67928,2.0,11.72185,-0.592693,40.7849,1.0
47.674808002077,16.3029,47.7244973024353,16.3083,2.0,16.67914,2.0,10.5007,-0.962934,43.6927,1.0
47.6904743025079,17.51,47.7405356029049,14.3233,2.0,16.67946,2.0,11.81003,-0.292285,43.699,1.0
47.7080808030441,14.1312,47.7577786026523,18.833,2.0,16.67847,2.0,10.58459,0.237843,40.5127,1.0
47.7244973024353,18.8762,47.7761851018295,18.5082,2.0,16.67932,2.0,11.94463,-0.288593,45.2145,1.0
47.7405356029049,16.5169,47.79172060173,13.9754,2.0,16.67926,2.0,10.72219,0.197345,44.8478,1.0
47.7577786026523,15.5319,47.8088568011299,16.953,2.0,16.67881,2.0,9.467857,-0.549161,42.3066,1.0
47.7761851018295,17.695,47.8252814011648,17.9993,2.0,16.67921,2.0,11.00169,-0.683598,43.7267,1.0
47.79172060173,16.5753,47.8419054010883,15.1006,2.0,16.67917,2.0,10.06355,0.406973,44.0151,1.0
47.8088568011299,17.1108,47.8604944003746,20.4315,2.0,16.67934,2.0,8.862761,-0.457954,42.558,1.0
47.8252814011648,16.3662,47.8753484999761,12.8931,2.0,16.67921,2.0,11.7721,-0.731124,45.8781,1.0
47.8419054010883,17.2388,47.8915478000417,17.8065,2.0,16.67943,2.0,10.33693,0.159077,42.4059,1.0
47.8604944003746,16.0146,47.9077156009153,16.3423,2.0,16.67917,2.0,10.75885,0.162795,42.9746,1.0
47.8753484999761,16.7896,47.92429990042,15.6548,2.0,16.67922,2.0,11.79332,-1.476281,43.3027,1.0
47.8915478000417,15.3777,47.9417827008292,18.3953,2.0,16.67871,2.0,10.50992,-0.108197,42.168,1.0
47.9077156009153,18.1567,47.9578662002459,16.4859,2.0,16.67929,2.0,11.00331,0.095252,45.1855,1.0
47.92429990042,16.0239,47.9751016004011,15.1617,2.0,16.67903,2.0,9.634681,-0.490072,43.5155,1.0
47.9417827008292,15.3359,47.9914502995089,16.3987,2.0,16.67851,2.0,12.7297,-0.099396,42.6541,1.0
47.9578662002459,18.4179,48.0074957991019,17.4438,2.0,16.67919,2.0,10.03365,-0.766525,43.7088,1.0
47.9751016004011,17.2272,48.0250379992649,16.045,2.0,16.6794,2.0,11.33457,-0.415554,42.7434,1.0
47.9914502995089,16.857,48.0424455991015,17.4494,2.0,16.67947,2.0,10.4077,-0.061716,41.5618,1.0
48.0074957991019,14.5945,48.0578714990988,16.8541,2.0,16.67866,2.0,9.475025,0.341382,42.1544,1.0
48.0250379992649,19.2438,48.0746737988666,17.2141,2.0,16.67965,2.0,11.45365,1.159496,44.4144,1.0
48.0424455991015,16.2125,48.0903867995366,13.912,2.0,16.67947,2.0,7.489716,-0.091265,42.3851,1.0
48.0578714990988,14.5389,48.1084404001012,19.7757,2.0,16.67864,2.0,9.131618,-0.020552,40.084,1.0
48.0746737988666,18.0128,48.1248676003888,16.2638,2.0,16.67916,2.0,9.545104,-0.538503,45.3216,1.0
48.0903867995366,16.5732,48.1417755009606,15.3692,2.0,16.67912,2.0,8.258765,-0.388394,43.5729,1.0
48.1084404001012,15.9385,48.1588365016505,18.3981,2.0,16.67883,2.0,10.20695,-0.874105,42.3692,1.0
48.1248676003888,17.9968,48.175124402158,14.8248,2.0,16.67934,2.0,10.3603,-0.123712,44.829,1.0
48.1417755009606,16.7799,48.1922651017085,17.2906,2.0,16.67938,2.0,10.38559,-1.062843,41.6574,1.0
48.1588365016505,16.3943,48.2082063024864,16.8583,2.0,16.67927,2.0,11.5849,-0.926869,42.1685,1.0
48.175124402158,17.417,48.2246507024392,15.3007,2.0,16.67956,2.0,10.76661,-0.233414,42.6324,1.0
48.1922651017085,16.9457,48.2415869021788,17.0044,2.0,16.67966,2.0,9.745943,-1.034938,40.5173,1.0
48.2082063024864,15.0432,48.2580811018124,17.8589,2.0,16.67903,2.0,12.39127,-0.080957,40.5678,1.0
48.2246507024392,18.3754,48.2743491018191,16.6594,2.0,16.67968,2.0,10.77631,0.140545,43.3927,1.0
48.2415869021788,16.6476,48.2914739018306,15.3943,2.0,16.67967,2.0,11.60804,0.601827,41.6758,1.0
48.2580811018124,15.7197,48.3078781021759,18.0853,2.0,16.6793,2.0,10.54796,-1.115651,40.4237,1.0
48.2743491018191,17.3659,48.3246626025066,15.1733,2.0,16.67956,2.0,9.648455,-0.362594,42.7896,1.0
48.2914739018306,16.6607,48.3416621023789,16.9059,2.0,16.67956,2.0,11.04317,-1.397974,40.5893,1.0
48.3078781021759,16.1491,48.3584349015728,18.3815,2.0,16.67935,2.0,8.762651,-1.140053,40.8422,1.0
48.3246626025066,16.5384,48.3754097009078,15.5174,2.0,16.6793,2.0,12.23449,-0.674958,43.0749,1.0
48.3416621023789,17.0252,48.3917504018173,17.7609,2.0,16.67943,2.0,11.74297,-0.544505,42.0548,1.0
48.3584349015728,16.1528,48.4083563024178,15.0969,2.0,16.67923,2.0,11.31965,-1.099534,42.7908,1.0
48.3754097009078,17.0033,48.4254604028538,17.0413,2.0,16.67935,2.0,12.36696,-0.383048,41.7358,1.0
48.3917504018173,16.3677,48.4419273035601,18.0416,2.0,16.67923,2.0,12.05,-0.185568,41.7742,1.0
48.4083563024178,17.1502,48.4581021042541,14.5457,2.0,16.67941,2.0,10.36423,-0.934392,43.4487,1.0
48.4254604028538,15.7704,48.4752975041047,17.2514,2.0,16.67906,2.0,12.39125,-0.42324,40.8436,1.0
48.4419273035601,15.4906,48.4921423038468,18.4179,2.0,16.67861,2.0,10.38637,-0.28407,42.3256,1.0
48.4581021042541,18.392,48.509967203252,16.2772,2.0,16.67926,2.0,9.615492,0.414057,45.2529,1.0
48.4752975041047,17.549,48.5261264024302,16.1304,2.0,16.6796,2.0,12.28254,-0.291568,43.1388,1.0
48.4921423038468,20.3852,48.5425057029352,17.5269,2.0,16.68102,2.0,10.06487,-1.34782,41.7203,1.0
48.509967203252,12.3144,48.557603802532,14.0113,2.0,16.67935,2.0,9.541443,-0.192175,38.8506,1.0
48.5261264024302,16.2924,48.575382001698,17.9949,2.0,16.6792,2.0,10.61807,0.094639,40.5602,1.0
48.5425057029352,16.8163,48.5918705016375,17.7826,2.0,16.67925,2.0,9.82572,0.396254,42.2626,1.0
48.557603802532,16.3476,48.6086034011096,15.2832,2.0,16.67912,2.0,12.52518,-1.061608,43.2289,1.0
48.575382001698,16.4736,48.6251778006554,17.9161,2.0,16.67904,2.0,11.49906,-0.192653,42.1654,1.0
48.5918705016375,17.5301,48.6417568009347,16.681,2.0,16.67937,2.0,9.652846,-0.543699,43.6083,1.0
48.6086034011096,16.7977,48.6588368006051,15.5778,2.0,16.67941,2.0,10.59331,-0.195146,42.7597,1.0
48.6251778006554,14.4004,48.6770354006439,19.8294,2.0,16.67854,2.0,10.74895,-0.282045,41.5403,1.0
48.6417568009347,18.5697,48.6924076005816,15.5481,2.0,16.67927,2.0,11.3874,-0.483821,46.9694,1.0
48.6588368006051,16.8832,48.7088933996856,14.5647,2.0,16.67934,2.0,11.80185,-1.180375,43.949,1.0
48.6770354006439,15.0219,48.7257209997624,18.5751,2.0,16.67871,2.0,9.993845,-0.757167,41.6302,1.0
48.6924076005816,18.148,48.7417590990663,15.8668,2.0,16.67927,2.0,11.57052,-0.498559,45.1843,1.0
48.7088933996856,16.869,48.7587716989219,15.464,2.0,16.67934,2.0,9.932475,0.529437,42.9024,1.0
48.7257209997624,14.6419,48.7749594990164,17.808,2.0,16.67857,2.0,10.45557,-0.533835,41.4979,1.0
48.7417590990663,18.2571,48.7922298982739,15.7758,2.0,16.67917,2.0,11.87856,-0.889997,44.6649,1.0
48.7587716989219,17.3535,48.8091215975583,18.1989,2.0,16.67943,2.0,11.55636,0.102,42.1832,1.0
48.7749594990164,16.5162,48.8245122972876,15.6091,2.0,16.67936,2.0,8.825635,-0.221305,43.0294,1.0
48.7922298982739,16.5376,48.841560697183,15.461,2.0,16.67931,2.0,11.7815,-0.877406,42.1229,1.0
48.8091215975583,14.8434,48.8596048969775,18.0154,2.0,16.67861,2.0,10.5291,0.137255,41.0466,1.0
48.8245122972876,18.6648,48.8753174971789,17.3174,2.0,16.67937,2.0,11.2937,0.088198,44.2187,1.0
48.841560697183,16.8752,48.8928105980158,15.8388,2.0,16.67944,2.0,11.52651,-0.67003,42.872,1.0
48.8596048969775,16.2406,48.9095913972706,18.5041,2.0,16.67928,2.0,10.92315,-0.649505,41.8356,1.0
48.8753174971789,17.1689,48.9257140979171,14.3583,2.0,16.67946,2.0,11.0633,-1.177314,44.0908,1.0
48.8928105980158,16.127,48.9414787981659,15.7581,2.0,16.67925,2.0,9.64463,-0.755303,41.2887,1.0
48.9095913972706,14.9604,48.9584426973015,18.4725,2.0,16.6786,2.0,12.00231,-0.43587,40.9201,1.0
48.9257140979171,18.5706,48.9755606967956,15.5515,2.0,16.67932,2.0,10.50501,0.133557,44.4317,1.0
48.9414787981659,16.3034,48.9914190974087,17.6472,2.0,16.67917,2.0,10.7594,1.342255,41.414,1.0
48.9584426973015,17.2459,49.0092952977866,16.2097,2.0,16.67939,2.0,11.98677,-0.748403,42.7493,1.0
48.9755606967956,16.5432,49.0256677977741,16.472,2.0,16.67934,2.0,10.26494,0.225635,41.7224,1.0
48.9914190974087,16.6234,49.0424653980881,18.2824,2.0,16.67932,2.0,11.07584,1.253802,41.6512,1.0
49.0092952977866,17.1089,49.0590390972793,15.2251,2.0,16.67948,2.0,8.994603,-0.323129,43.3107,1.0
49.0256677977741,16.3032,49.0756004974246,17.9187,2.0,16.67934,2.0,10.44627,-0.044818,41.4268,1.0
49.0424653980881,17.0735,49.0924771968275,17.0908,2.0,16.67949,2.0,11.067,-0.483786,43.0429,1.0
49.0590390972793,16.3387,49.1093107964844,15.2614,2.0,16.67936,2.0,10.07423,-0.393865,43.0604,1.0
49.0756004974246,14.9631,49.1265386957675,18.7695,2.0,16.67871,2.0,10.00322,0.083229,41.9835,1.0
49.0924771968275,18.7393,49.142596796155,14.2692,2.0,16.67949,2.0,11.37429,0.041955,45.7894,1.0
49.1093107964844,16.4146,49.1587262954563,16.0577,2.0,16.67939,2.0,11.77497,-0.044857,41.3202,1.0
49.1265386957675,16.7293,49.1760026961565,18.8716,2.0,16.67941,2.0,10.27007,-0.676684,40.9644,1.0
49.142596796155,16.5131,49.1917175967246,14.1724,2.0,16.67934,2.0,11.16105,0.224949,43.1067,1.0
49.1587262954563,17.292,49.2088922969997,17.1664,2.0,16.67957,2.0,9.675657,-0.449628,40.767,1.0
49.1760026961565,16.5182,49.2259869966656,18.8472,2.0,16.67951,2.0,9.733984,0.141256,40.6417,1.0
49.1917175967246,16.1482,49.24119189661,13.4458,2.0,16.67931,2.0,11.96175,-0.885529,42.9711,1.0
49.2088922969997,16.3517,49.2608245974407,21.3527,2.0,16.67919,2.0,9.429528,-0.642889,40.2687,1.0
49.2259869966656,16.799,49.2757799969986,15.5292,2.0,16.67923,2.0,9.490544,0.235429,45.2695,1.0
49.24119189661,17.581,49.2924271961674,14.4629,2.0,16.67957,2.0,10.93473,-0.890856,44.001,1.0
49.2608245974407,14.1148,49.3091620961204,16.8014,2.0,16.67861,2.0,10.24439,0.265917,40.8834,1.0
49.2757799969986,19.699,49.3253196952865,17.4223,2.0,16.67974,2.0,10.33217,0.119164,43.5697,1.0
49.2924271961674,15.4659,49.3423706954345,15.7266,2.0,16.67929,2.0,10.98916,-0.24069,41.2935,1.0
49.3091620961204,17.2754,49.3592763962224,16.9529,2.0,16.67951,2.0,10.47408,-0.927386,41.5542,1.0
49.3253196952865,16.546,49.3760588960722,18.234,2.0,16.67946,2.0,11.07644,0.024768,41.2323,1.0
49.3423706954345,16.9667,49.392026395537,14.2945,2.0,16.67957,2.0,11.06929,-1.005572,42.9206,1.0
49.3592763962224,16.6842,49.4094842961058,19.0451,2.0,16.67957,2.0,9.857586,-0.884016,40.2487,1.0
49.3760588960722,16.1705,49.4257590966299,14.7517,2.0,16.67938,2.0,12.18583,1.360556,42.6103,1.0
49.392026395537,16.7599,49.4413775969297,15.5531,2.0,16.67941,2.0,9.866372,0.534399,41.191,1.0
49.4094842961058,16.6219,49.4606297966093,20.6755,2.0,16.67939,2.0,12.23122,0.266729,39.9846,1.0
49.4257590966299,16.8499,49.4767777957022,14.8463,2.0,16.67945,2.0,10.60544,-0.378359,44.0243,1.0
49.4413775969297,15.7311,49.4920715959743,15.3482,2.0,16.6791,2.0,8.105401,-0.707984,42.0355,1.0
49.4606297966093,15.3872,49.5104761952534,20.2141,2.0,16.67861,2.0,10.47707,-0.016257,41.6531,1.0
49.4767777957022,19.8583,49.5256906952709,13.3755,2.0,16.67981,2.0,9.517659,-0.546575,46.4797,1.0
49.4920715959743,14.9642,49.5414505954832,15.7978,2.0,16.67916,2.0,9.989184,-0.645329,39.9981,1.0
49.5104761952534,16.9956,49.5593342948705,19.1366,2.0,16.67928,2.0,11.63366,-0.779125,40.8319,1.0
49.5256906952709,17.2042,49.5767038948834,15.9553,2.0,16.67948,2.0,9.519475,0.050088,42.9729,1.0
49.5414505954832,17.0542,49.5932126957923,16.5181,2.0,16.67962,2.0,11.57843,-0.003816,41.7239,1.0
49.5593342948705,15.7981,49.6092397961766,17.6325,2.0,16.67929,2.0,10.38202,0.094308,41.1892,1.0
49.5767038948834,16.8013,49.6260527968407,17.2275,2.0,16.67933,2.0,10.23121,-0.343651,43.0233,1.0
49.5932126957923,16.7656,49.6435897964984,15.4906,2.0,16.67937,2.0,11.04452,-0.465367,43.4502,1.0
49.6092397961766,14.8402,49.658631096594,16.9368,2.0,16.67868,2.0,11.09009,-1.009382,42.175,1.0
49.6260527968407,18.8349,49.6754519967362,16.7089,2.0,16.67948,2.0,9.440151,-0.683206,44.2713,1.0
49.6435897964984,16.2182,49.6922260960564,15.0125,2.0,16.67931,2.0,11.53747,-0.942682,42.146,1.0
49.658631096594,15.3416,49.710279696621,19.7471,2.0,16.67881,2.0,9.823182,0.059258,40.9408,1.0
49.6754519967362,17.7966,49.7270691962913,15.3123,2.0,16.67923,2.0,12.17161,0.208624,45.3464,1.0
49.6922260960564,17.7222,49.7425545966253,16.9046,2.0,16.67962,2.0,11.78678,-0.696592,42.863,1.0
49.710279696621,16.1342,49.7608309974894,18.4457,2.0,16.67941,2.0,10.47204,-0.577644,42.0455,1.0
49.7270691962913,16.4325,49.7760635977611,13.6156,2.0,16.67932,2.0,11.12448,-0.742359,44.3577,1.0
49.7425545966253,15.3869,49.7928835982457,18.2689,2.0,16.67884,2.0,9.323292,-0.186311,41.541,1.0
49.7608309974894,18.5086,49.8094862988219,15.1623,2.0,16.67952,2.0,9.747044,-0.311169,44.4138,1.0
49.7760635977611,15.9886,49.8268679985777,17.5036,2.0,16.67927,2.0,11.74646,-0.433651,41.0718,1.0
49.7928835982457,15.3298,49.8427488980815,17.1484,2.0,16.67876,2.0,10.39261,-0.250056,42.5928,1.0
49.8094862988219,18.0053,49.8594486983493,15.1979,2.0,16.67926,2.0,11.29627,0.689464,44.4114,1.0
49.8268679985777,16.6864,49.8760246979073,16.4749,2.0,16.67926,2.0,11.44155,0.863496,41.6048,1.0
49.8427488980815,15.6008,49.8938043983653,19.3089,2.0,16.67886,2.0,10.15716,-0.387146,41.3941,1.0
49.8594486983493,17.605,49.9103880980983,15.0775,2.0,16.6792,2.0,11.46664,-0.362417,45.1023,1.0
49.8760246979073,17.4393,49.9274632977322,17.1041,2.0,16.67949,2.0,9.037704,1.01073,42.5753,1.0
49.8938043983653,16.4262,49.94309869688,17.1219,2.0,16.67939,2.0,8.461946,-0.580132,42.2401,1.0
49.9103880980983,17.127,49.9595363968983,15.0945,2.0,16.67956,2.0,11.72342,-0.337382,42.9356,1.0
49.9274632977322,16.0555,49.9755742968991,15.8505,2.0,16.67933,2.0,10.02487,-0.762938,40.9046,1.0
49.94309869688,15.1968,49.9934991961345,19.667,2.0,16.67878,2.0,10.12623,-1.535666,40.7,1.0
49.9595363968983,18.9827,50.0109782954678,16.0648,2.0,16.67963,2.0,11.81988,-1.291059,45.1701,1.0
49.9755742968991,15.6985,50.0263647958636,15.2039,2.0,16.67927,2.0,10.23644,0.066118,42.2527,1.0
49.9934991961345,15.1621,50.0425831954926,17.5991,2.0,16.6787,2.0,11.99347,-0.512746,41.7579,1.0
50.0109782954678,18.8174,50.0597478952259,15.9106,2.0,16.6795,2.0,12.63256,-1.446769,44.1959,1.0
50.0263647958636,16.0595,50.0764522943646,16.5119,2.0,16.67927,2.0,11.03508,0.874644,41.2901,1.0
50.0425831954926,14.9981,50.0935785938054,18.6157,2.0,16.67864,2.0,9.323546,-0.648171,41.7425,1.0
50.0597478952259,19.1135,50.11016279459,15.1014,2.0,16.67955,2.0,11.87047,-0.276693,45.3599,1.0
50.0764522943646,16.1173,50.1270820945501,16.8669,2.0,16.67934,2.0,11.15026,-0.823663,41.3487,1.0
50.0935785938054,15.312,50.1436485946178,18.1873,2.0,16.67883,2.0,10.32297,-0.745026,42.0894,1.0
50.11016279459,17.8169,50.1603121943772,15.0594,2.0,16.67925,2.0,11.86709,0.294308,44.9746,1.0
50.1270820945501,16.8459,50.1764097940177,17.684,2.0,16.67931,2.0,9.860963,1.140378,42.2177,1.0
50.1436485946178,15.437,50.1951356939971,19.4819,2.0,16.67886,2.0,12.16733,0.195903,43.0549,1.0
50.1603121943772,18.2817,50.2102570943534,12.9589,2.0,16.67945,2.0,10.53009,0.37409,47.1011,1.0
50.1764097940177,14.5889,50.2273323945701,18.7137,2.0,16.67867,2.0,11.01102,-0.843868,41.7791,1.0
50.1951356939971,17.7248,50.2435105945915,14.4463,2.0,16.67906,2.0,9.028297,-0.532979,45.9043,1.0
50.2102570943534,17.2855,50.2605124954134,17.0801,2.0,16.67929,2.0,9.46521,-0.454097,42.626,1.0
50.2273323945701,16.583,50.2756559951231,16.453,2.0,16.67925,2.0,10.84677,-0.94325,42.421,1.0
50.2435105945915,17.5366,50.293748495169,16.5449,2.0,16.67957,2.0,10.65688,-0.634352,42.291,1.0
50.2605124954134,16.131,50.3106013955548,18.5247,2.0,16.67936,2.0,9.611297,-1.448736,41.3,1.0
50.2756559951231,16.4055,50.3268810948357,14.7578,2.0,16.67926,2.0,11.81775,-0.957218,43.6937,1.0
50.293748495169,16.4186,50.3433295944706,16.2512,2.0,16.67917,2.0,10.86315,-0.315063,42.0463,1.0
50.3106013955548,16.7828,50.3606061944738,18.8671,2.0,16.6792,2.0,11.99484,-0.379959,41.8802,1.0
50.3268810948357,17.6915,50.376648995094,14.5777,2.0,16.67958,2.0,12.81192,0.425956,43.9648,1.0
50.3433295944706,16.065,50.3926015952602,17.3812,2.0,16.67935,2.0,10.80286,-1.102816,40.8507,1.0
50.3606061944738,16.6351,50.4103239951655,17.8604,2.0,16.67933,2.0,11.49746,0.033398,42.1673,1.0
50.376648995094,16.7199,50.4280900945887,16.3248,2.0,16.67935,2.0,10.31024,-0.330543,43.3933,1.0
50.3926015952602,14.7563,50.4434361942112,16.8964,2.0,16.67864,2.0,9.347516,0.282757,42.9982,1.0
50.4103239951655,18.9673,50.4612511936575,18.3075,2.0,16.67948,2.0,12.4406,0.445869,45.1378,1.0
50.4280900945887,16.5471,50.477449093014,14.3966,2.0,16.67944,2.0,9.724943,0.596465,44.4733,1.0
50.4434361942112,15.5481,50.4938194938004,17.6613,2.0,16.67902,2.0,11.57494,-0.226918,42.3297,1.0
50.4612511936575,17.2587,50.509400093928,14.1013,2.0,16.67923,2.0,10.82033,-0.712845,44.442,1.0
50.477449093014,17.7138,50.5272752940655,17.6206,2.0,16.67961,2.0,9.260435,0.598634,41.2862,1.0
50.4938194938004,16.4054,50.5432145949453,17.5698,2.0,16.67951,2.0,10.63022,-0.181404,41.1935,1.0
50.509400093928,16.2872,50.5603754948825,15.7237,2.0,16.67937,2.0,11.32535,-0.596575,42.3583,1.0
50.5272752940655,17.0713,50.5770082958043,17.9988,2.0,16.67951,2.0,10.32357,-0.536541,41.7946,1.0
50.5432145949453,15.8073,50.5935956966132,15.227,2.0,16.67919,2.0,10.7134,-0.941778,42.7222,1.0
50.5603754948825,17.073,50.6102973967791,18.1263,2.0,16.67934,2.0,9.807475,0.200067,42.1434,1.0
50.5770082958043,16.3669,50.6276013962924,17.3384,2.0,16.67922,2.0,10.31394,-0.427631,43.1966,1.0
50.5935956966132,18.521,50.6442208960652,15.1344,2.0,16.6799,2.0,11.86608,-1.056924,44.1689,1.0
50.6102973967791,13.8588,50.6602031961083,17.5489,2.0,16.67886,2.0,12.18713,1.057006,40.7812,1.0
50.6276013962924,18.5686,50.6775809954852,15.7595,2.0,16.67956,2.0,9.649931,-0.564983,44.4725,1.0
50.6442208960652,16.2125,50.6941549945623,16.8199,2.0,16.67938,2.0,11.73362,-0.728546,41.664,1.0
50.6602031961083,16.6182,50.7095446949825,17.2397,2.0,16.67936,2.0,11.09669,-0.6557,42.2638,1.0
50.6775809954852,16.6329,50.7268291944638,15.4514,2.0,16.67934,2.0,8.257183,-0.166411,42.8755,1.0
50.6941549945623,16.2222,50.743452093564,16.4305,2.0,16.67918,2.0,11.76725,-0.149708,41.7025,1.0
50.7095446949825,15.6423,50.7605271944776,18.6094,2.0,16.6788,2.0,10.1866,-0.286066,41.9198,1.0
50.7268291944638,18.2174,50.7762754941359,16.2007,2.0,16.67936,2.0,10.45711,0.270003,44.8885,1.0
50.743452093564,16.415,50.794499094598,16.047,2.0,16.67926,2.0,11.41331,-0.216892,42.8723,1.0
50.7605271944776,14.9159,50.8094759946689,15.1545,2.0,16.67862,2.0,9.324566,0.041084,42.5048,1.0
50.7762754941359,18.5151,50.8272246951237,19.0922,2.0,16.67929,2.0,11.565,-0.278846,42.7355,1.0
50.794499094598,16.8704,50.8444985942915,15.9072,2.0,16.67936,2.0,9.357792,-0.582551,43.321,1.0
50.8094759946689,16.4948,50.8595683947206,16.3739,2.0,16.67929,2.0,11.49602,-0.864896,42.3293,1.0
50.8272246951237,17.093,50.8776215948164,18.3512,2.0,16.67944,2.0,11.30295,0.382605,42.2381,1.0
50.8444985942915,16.7288,50.894270895049,15.0485,2.0,16.67946,2.0,9.792151,-0.381371,43.4962,1.0
50.8595683947206,14.2123,50.9105057958513,18.0274,2.0,16.67856,2.0,11.7541,-0.280285,41.8158,1.0
50.8776215948164,18.8444,50.9275884963572,16.9939,2.0,16.67935,2.0,10.7514,-0.064955,45.6306,1.0
50.894270895049,16.5877,50.943312196061,16.1402,2.0,16.67932,2.0,10.66557,-0.11428,43.7816,1.0
50.9105057958513,16.6278,50.9602212961763,15.1683,2.0,16.6793,2.0,10.15508,-0.319998,43.3346,1.0
50.9275884963572,15.2644,50.9775742962956,18.7048,2.0,16.67879,2.0,10.91045,0.071246,41.8757,1.0
50.943312196061,17.6075,50.993308795616,15.645,2.0,16.67912,2.0,9.55398,-1.236109,45.3168,1.0
50.9602212961763,16.7793,51.010338595137,15.4387,2.0,16.67916,2.0,9.834798,-0.400023,43.3539,1.0
50.9775742962956,15.5232,51.0264690946788,17.4387,2.0,16.67874,2.0,11.56005,0.621833,42.0142,1.0
50.993308795616,18.1823,51.0450024940073,17.0754,2.0,16.67929,2.0,9.757009,-0.610896,43.9295,1.0
51.010338595137,16.943,51.0623587947339,17.4452,2.0,16.67938,2.0,12.54792,-0.044872,42.8228,1.0
51.0264690946788,15.0533,51.0767757948488,15.7398,2.0,16.67879,2.0,10.19077,-0.030176,43.3262,1.0
51.0450024940073,18.4677,51.0933919940144,17.1757,2.0,16.67944,2.0,8.711396,-0.699662,44.0124,1.0
51.0623587947339,16.2045,51.1105216946453,15.2714,2.0,16.67927,2.0,11.64117,-0.313997,42.7216,1.0
51.0767757948488,15.6596,51.127272695303,18.653,2.0,16.6789,2.0,11.31908,0.120206,41.7883,1.0
51.0933919940144,18.2027,51.1449514944106,17.3874,2.0,16.67945,2.0,9.808562,-0.152858,44.7735,1.0
51.1105216946453,16.2952,51.1603656942025,13.7087,2.0,16.67931,2.0,11.8234,-0.109834,43.9676,1.0
51.127272695303,14.8568,51.1771923946217,18.5407,2.0,16.67865,2.0,9.918794,-1.177143,41.3805,1.0
51.1449514944106,18.5043,51.1949143940583,16.583,2.0,16.67931,2.0,11.09946,0.197271,45.0648,1.0
51.1603656942025,16.6647,51.2105366941541,15.015,2.0,16.67931,2.0,11.39523,-0.480295,43.1436,1.0
51.1771923946217,16.5719,51.2266511935741,17.448,2.0,16.67927,2.0,9.408443,0.218537,41.4938,1.0
51.1949143940583,17.3491,51.2453303933144,17.3723,2.0,16.67951,2.0,12.41063,-1.472348,42.3716,1.0
51.2105366941541,15.8997,51.2604872928932,15.166,2.0,16.67923,2.0,9.336995,-0.557664,42.3947,1.0
51.2266511935741,15.095,51.2766773933545,17.6944,2.0,16.67866,2.0,10.00696,-0.369358,41.6619,1.0
51.2453303933144,18.0892,51.2933850931004,15.184,2.0,16.67916,2.0,10.94295,-0.229,44.2622,1.0
51.2604872928932,16.9403,51.311234193854,17.9021,2.0,16.67926,2.0,11.48216,0.159892,41.3576,1.0
51.2766773933545,15.4389,51.3272926947102,17.4708,2.0,16.67881,2.0,11.88806,-0.024036,42.3189,1.0
51.2933850931004,17.8472,51.3464772952721,17.7374,2.0,16.67923,2.0,11.5181,-0.591845,44.3403,1.0
51.311234193854,16.6671,51.3604321954772,13.9354,2.0,16.67923,2.0,10.06381,-0.037166,44.2427,1.0
51.3272926947102,15.1462,51.3775711962953,18.9279,2.0,16.67868,2.0,11.14054,-0.043664,41.5115,1.0
51.3464772952721,18.5063,51.393609396182,14.1951,2.0,16.67933,2.0,11.17785,-0.077788,45.293,1.0
51.3604321954772,16.1547,51.4111697962508,17.7363,2.0,16.67915,2.0,10.09457,0.235693,40.982,1.0
51.3775711962953,16.9905,51.4277651971206,18.0451,2.0,16.67926,2.0,11.43656,-0.379375,42.564,1.0
51.393609396182,17.1471,51.4454142963514,16.0368,2.0,16.67943,2.0,9.292288,-0.464354,43.6195,1.0
51.4111697962508,16.5247,51.4606027966365,15.3622,2.0,16.67937,2.0,11.31791,0.354774,42.509,1.0
51.4277651971206,14.9543,51.4768334971741,17.9337,2.0,16.67875,2.0,11.04827,1.264412,41.3471,1.0
51.4454142963514,18.1092,51.495674197562,16.9471,2.0,16.67926,2.0,10.26885,-0.669008,44.3268,1.0
51.4606027966365,16.3463,51.5116441966966,15.9665,2.0,16.67915,2.0,11.65743,-0.114158,43.1649,1.0
51.4768334971741,16.8565,51.5284395972267,18.3487,2.0,16.67921,2.0,9.388388,-1.179002,42.7855,1.0
51.495674197562,17.4782,51.5443130964413,14.4129,2.0,16.6795,2.0,9.982308,0.25893,44.2788,1.0
51.5116441966966,16.2733,51.5614286968485,18.2147,2.0,16.67935,2.0,10.19476,0.189091,41.1994,1.0
51.5284395972267,16.9544,51.5788471968845,18.1137,2.0,16.67945,2.0,9.593202,-0.466493,43.1546,1.0
51.5443130964413,16.2517,51.5935284970328,12.9391,2.0,16.67929,2.0,12.45307,-0.613469,44.3157,1.0
51.5614286968485,15.2077,51.6113772979006,19.6368,2.0,16.67877,2.0,11.10371,-0.454425,41.0034,1.0
51.5788471968845,18.3394,51.627415898256,14.1125,2.0,16.67936,2.0,9.392093,-0.317284,45.4322,1.0
51.5935284970328,16.8624,51.6446705991402,17.2787,2.0,16.67943,2.0,9.963669,-0.638981,41.2066,1.0
51.6113772979006,15.9024,51.6606020992622,17.4344,2.0,16.67915,2.0,11.86203,-1.487908,41.6227,1.0
51.627415898256,16.606,51.6775898998603,15.5501,2.0,16.67912,2.0,10.06468,0.839192,43.1555,1.0
51.6446705991402,17.3347,51.6935467002913,17.3153,2.0,16.67936,2.0,11.43508,-0.371662,42.0992,1.0
51.6606020992622,16.0753,51.7116721002385,16.7716,2.0,16.67914,2.0,11.96821,-0.931085,42.0805,1.0
51.6775898998603,16.5828,51.7279194993898,16.1665,2.0,16.67911,2.0,11.14941,0.619316,42.7687,1.0
51.6935467002913,17.3255,51.7443941989914,18.0147,2.0,16.67934,2.0,10.36546,-0.832095,42.3611,1.0
51.7116721002385,16.7862,51.7616332983598,15.7181,2.0,16.67938,2.0,9.997785,-0.640426,43.0505,1.0
51.7279194993898,15.9746,51.7775320978835,17.3428,2.0,16.67912,2.0,10.48228,0.655892,41.9833,1.0
51.7443941989914,17.0923,51.7948568975553,17.5106,2.0,16.67927,2.0,10.66809,-0.928369,43.3513,1.0
51.7616332983598,16.8468,51.8113050973043,15.0229,2.0,16.67933,2.0,10.57333,-0.404944,43.7709,1.0
51.7775320978835,14.4662,51.8280456969514,18.2394,2.0,16.67854,2.0,12.03261,-0.698917,41.9464,1.0
51.7948568975553,19.1442,51.8443512963131,16.5414,2.0,16.67942,2.0,10.70717,-1.27096,45.7203,1.0
51.8113050973043,16.0548,51.8608372965828,14.5737,2.0,16.6792,2.0,10.44174,-0.641026,43.1176,1.0
51.8280456969514,15.6598,51.8792959963903,18.4956,2.0,16.67884,2.0,9.899817,-0.559954,41.6373,1.0
51.8443512963131,18.0519,51.8952483972535,17.4052,2.0,16.67933,2.0,11.94446,-0.650663,44.4719,1.0
51.8608372965828,16.1971,51.9104840969667,13.84,2.0,16.67915,2.0,10.80823,-0.645763,43.8266,1.0
51.8792959963903,16.6169,51.9275812963024,18.8754,2.0,16.67913,2.0,11.88865,-0.435598,41.4699,1.0
51.8952483972535,16.4833,51.9450695971027,15.6358,2.0,16.67906,2.0,11.78366,-0.070573,43.7202,1.0
51.9104840969667,16.7631,51.9615930980071,16.5503,2.0,16.67909,2.0,10.36176,-0.134148,42.8815,1.0
51.9275812963024,17.4559,51.97830659803,18.2532,2.0,16.67937,2.0,11.9753,-0.687451,42.6697,1.0
51.9450695971027,17.0091,51.9945562975481,14.6839,2.0,16.67949,2.0,10.08817,1.111514,43.4675,1.0
51.9615930980071,16.0421,52.0105730975047,16.0297,2.0,16.67926,2.0,11.30285,0.081611,41.1423,1.0
51.97830659803,15.8791,52.0278550973162,18.7718,2.0,16.67897,2.0,11.31465,-0.706388,41.1311,1.0
51.9945562975481,17.9872,52.0444243969396,14.942,2.0,16.67944,2.0,10.45469,0.17868,44.0241,1.0
52.0105730975047,16.1029,52.0628250977024,18.778,2.0,16.67924,2.0,10.00699,0.501045,40.9793,1.0
52.0278550973162,15.5336,52.0774503974244,15.7787,2.0,16.67883,2.0,9.599388,0.461201,43.6439,1.0
52.0444243969396,18.6057,52.0944507969543,17.4158,2.0,16.67951,2.0,10.21872,-0.582631,43.8999,1.0
52.0628250977024,16.7569,52.1113588968292,15.1088,2.0,16.67954,2.0,11.08875,-0.667133,42.7104,1.0
52.0774503974244,14.9906,52.1274863975123,17.7059,2.0,16.67894,2.0,9.042299,-0.7233,41.0625,1.0
52.0944507969543,18.2016,52.1443536980078,15.2395,2.0,16.67948,2.0,10.84713,0.444468,43.778,1.0
52.1113588968292,16.1427,52.1620103986934,17.6583,2.0,16.67929,2.0,11.72163,-0.671603,40.8164,1.0
52.1274863975123,16.7274,52.1784451985732,18.2278,2.0,16.67931,2.0,10.4767,-0.597898,42.3322,1.0
52.1443536980078,17.0769,52.1946437982842,14.4148,2.0,16.67945,2.0,12.04053,-0.639481,43.8327,1.0
52.1620103986934,16.6962,52.2115682987496,18.4741,2.0,16.67945,2.0,8.340903,-0.132771,41.162,1.0
52.1784451985732,16.5632,52.2290867986158,16.0702,2.0,16.67941,2.0,10.195,-0.622263,42.9491,1.0
52.1946437982842,15.961,52.2443110989407,16.2059,2.0,16.67916,2.0,11.87028,-0.735437,42.4576,1.0
52.2115682987496,17.761,52.2629255997017,19.1697,2.0,16.67954,2.0,10.31177,-0.923722,42.672,1.0
52.2290867986158,16.1911,52.2782636992633,13.7673,2.0,16.67937,2.0,9.550363,-0.662007,44.1124,1.0
52.2443110989407,15.4055,52.2948618996888,16.608,2.0,16.67892,2.0,11.81314,-1.095817,41.6878,1.0
52.2629255997017,17.2512,52.3114390000701,18.0268,2.0,16.67912,2.0,10.86522,-0.805044,42.891,1.0
52.2782636992633,17.5823,52.3284641001374,17.37,2.0,16.67944,2.0,12.23541,-0.851421,43.668,1.0
52.2948618996888,16.7941,52.3458843994886,15.6483,2.0,16.67948,2.0,11.96942,-0.245569,43.4555,1.0
52.3114390000701,14.7461,52.3616070002317,17.4252,2.0,16.6788,2.0,10.83424,-0.996367,42.3095,1.0
52.3284641001374,18.5671,52.37858290039,16.8307,2.0,16.67946,2.0,9.966421,-0.084655,44.9893,1.0
52.3458843994886,16.7729,52.3947310000658,14.5036,2.0,16.6795,2.0,12.12357,-0.31714,43.254,1.0
52.3616070002317,13.876,52.4118140991777,19.0019,2.0,16.67851,2.0,9.592367,-0.315719,40.9839,1.0
52.37858290039,18.8053,52.427538998425,13.7527,2.0,16.67926,2.0,12.38116,-0.065758,46.1099,1.0
52.3947310000658,16.7862,52.4443737976253,16.8828,2.0,16.67929,2.0,11.20014,-0.702554,41.0589,1.0
52.4118140991777,15.5079,52.4614878967404,18.7156,2.0,16.67888,2.0,10.15162,-0.410328,41.156,1.0
52.427538998425,17.9943,52.4789218958467,17.6949,2.0,16.67935,2.0,11.49896,0.193661,44.364,1.0
52.4443737976253,16.951,52.4947356954217,13.8868,2.0,16.67944,2.0,9.709354,0.169025,44.0653,1.0
52.4614878967404,14.5212,52.5113147962838,18.2932,2.0,16.67868,2.0,11.79823,0.048375,41.0017,1.0
52.4789218958467,19.4288,52.5294108968228,18.1935,2.0,16.67965,2.0,10.14284,1.369797,44.7735,1.0
52.4947356954217,16.4161,52.5457763969898,14.8347,2.0,16.67956,2.0,9.247975,-0.602965,43.5388,1.0
52.5113147962838,14.2254,52.5617995969951,17.4315,2.0,16.6787,2.0,11.06962,-0.1277,41.9574,1.0
52.5294108968228,17.7769,52.579090796411,17.3054,2.0,16.67908,2.0,11.2984,-0.093538,45.1511,1.0
52.5457763969898,17.056,52.5948955956846,14.1888,2.0,16.67921,2.0,8.333465,-0.443895,44.6933,1.0
52.5617995969951,15.2334,52.6116940956563,16.8004,2.0,16.67871,2.0,11.7318,-0.139209,41.8267,1.0
52.579090796411,19.1526,52.6282064951956,16.372,2.0,16.67957,2.0,9.953738,-1.135393,43.3849,1.0
52.5948955956846,16.1741,52.6456020958722,19.2076,2.0,16.6794,2.0,11.37399,-0.21793,40.6135,1.0
52.6116940956563,16.4433,52.6615521963686,14.1711,2.0,16.67931,2.0,11.63391,-0.490092,43.6425,1.0
52.6282064951956,16.5732,52.6792182959616,17.741,2.0,16.67928,2.0,9.573693,-1.118658,41.3764,1.0
52.6456020958722,16.9652,52.6957561951131,18.0695,2.0,16.67938,2.0,12.41003,-0.552982,42.5442,1.0
52.6615521963686,16.1383,52.711597494781,14.2509,2.0,16.67919,2.0,9.577392,1.192257,43.6495,1.0
52.6792182959616,17.1506,52.7286548949778,17.0611,2.0,16.67935,2.0,9.947458,0.001844,41.7621,1.0
52.6957561951131,16.6597,52.744318395853,17.122,2.0,16.67934,2.0,12.30748,0.462234,41.6724,1.0
52.711597494781,16.8636,52.7624475955963,17.0162,2.0,16.67941,2.0,10.15044,0.224165,42.1358,1.0
52.7286548949778,16.9117,52.7784154955298,15.8269,2.0,16.67949,2.0,8.322356,0.167928,42.2884,1.0
52.744318395853,14.3104,52.7949097957462,17.965,2.0,16.67866,2.0,11.02837,2.033213,41.2044,1.0
52.7624475955963,19.2084,52.8139174953103,17.4437,2.0,16.67955,2.0,10.75603,0.26678,44.8583,1.0
52.7784154955298,15.8997,52.828799595125,14.8,2.0,16.67927,2.0,9.434272,-0.280094,43.0947,1.0
52.7949097957462,15.6381,52.8454916952178,18.3737,2.0,16.67891,2.0,11.01269,-0.762611,41.9955,1.0
52.8139174953103,17.7379,52.8618991943076,14.7016,2.0,16.67928,2.0,7.26042,-0.826522,44.7315,1.0
52.828799595125,17.4889,52.8789447946474,17.219,2.0,16.67956,2.0,11.04539,-0.019308,41.6955,1.0
52.8454916952178,15.7267,52.8964390950277,18.8438,2.0,16.67923,2.0,9.919311,-0.637939,41.4251,1.0
52.8618991943076,17.3199,52.9126645950601,14.7581,2.0,16.67945,2.0,10.26002,-0.085048,44.543,1.0
52.8789447946474,16.9129,52.9292707955465,18.508,2.0,16.67953,2.0,11.27881,-0.432433,41.9822,1.0
52.8964390950277,15.9184,52.9454324962571,14.2051,2.0,16.67927,2.0,9.563739,-1.04503,43.5772,1.0
52.9126645950601,16.9119,52.9616260966286,17.746,2.0,16.67935,2.0,9.759248,-0.172696,41.8502,1.0
52.9292707955465,16.8804,52.9787361966446,17.2738,2.0,16.67942,2.0,11.27833,0.504546,42.6994,1.0
52.9454324962571,16.6293,52.995819597505,15.4195,2.0,16.6794,2.0,11.55943,-0.737806,43.0921,1.0
52.9616260966286,15.2511,53.0123709971085,16.5173,2.0,16.67891,2.0,10.7926,-0.588377,41.8831,1.0
52.9787361966446,18.4591,53.0292733972892,18.4014,2.0,16.67953,2.0,11.43265,-1.509719,43.1487,1.0
52.995819597505,16.7214,53.0474511971697,16.7468,2.0,16.67954,2.0,10.65741,-0.166678,43.0927,1.0
53.0123709971085,16.2203,53.0618630973622,14.5553,2.0,16.67938,2.0,10.48278,-0.421896,43.1177,1.0
53.0292733972892,15.9112,53.0789857981727,18.3152,2.0,16.67911,2.0,9.947919,-0.180427,41.4536,1.0
53.0474511971697,17.0767,53.0957263978198,15.2673,2.0,16.67925,2.0,12.71738,0.169032,43.8575,1.0
53.0618630973622,15.816,53.1117011969909,15.9827,2.0,16.67895,2.0,9.617796,-0.202148,42.0489,1.0
53.0789857981727,16.3518,53.1288359975442,19.0714,2.0,16.67884,2.0,10.03423,0.295883,42.2159,1.0
53.0957263978198,18.0169,53.1444232976064,13.6682,2.0,16.6793,2.0,11.34417,-0.472072,44.9361,1.0
53.1117011969909,16.5313,53.1615676982328,17.1162,2.0,16.67925,2.0,9.625448,-0.719629,40.5884,1.0
53.1288359975442,15.1482,53.179561198689,19.6856,2.0,16.67872,2.0,11.45862,-0.462254,41.1735,1.0
53.1444232976064,19.0412,53.197343098931,16.2342,2.0,16.67954,2.0,10.87317,-0.612334,45.7109,1.0
53.1615676982328,15.9028,53.2116279993206,14.1814,2.0,16.67927,2.0,10.69333,-1.060802,42.905,1.0
53.179561198689,15.3961,53.2288165986538,18.8026,2.0,16.67883,2.0,12.07465,-0.6693,41.1834,1.0
53.197343098931,17.8873,53.245512098074,15.1089,2.0,16.67924,2.0,11.74993,-0.896962,44.5766,1.0
53.2116279993206,17.1919,53.2615630980581,17.5414,2.0,16.67942,2.0,10.5687,-0.781417,41.8118,1.0
53.2288165986538,16.514,53.2794943973422,18.8369,2.0,16.67936,2.0,10.5892,-0.466068,42.1616,1.0
53.245512098074,16.5089,53.2952925972641,13.4688,2.0,16.6793,2.0,11.87716,-0.362264,44.4855,1.0
53.2615630980581,15.635,53.3134284969419,19.9206,2.0,16.67894,2.0,10.46802,-0.072994,41.4456,1.0
53.2794943973422,18.2004,53.3292222972959,15.6628,2.0,16.67947,2.0,11.97747,-0.418621,45.7312,1.0
53.2952925972641,15.9997,53.3460076972842,15.1872,2.0,16.67924,2.0,11.75226,-0.528373,43.1947,1.0
53.3134284969419,15.1396,53.3629315979779,17.9077,2.0,16.6787,2.0,10.04419,-0.075505,42.3819,1.0
53.3292222972959,18.2821,53.3804130982608,16.3088,2.0,16.67926,2.0,11.21242,-0.254518,45.151,1.0
53.3460076972842,17.4697,53.395766498521,15.4684,2.0,16.67953,2.0,10.12717,-0.780482,43.1784,1.0
53.3629315979779,15.9887,53.4130594991148,18.9138,2.0,16.67929,2.0,11.7157,-0.264489,41.1776,1.0
53.3804130982608,17.1327,53.4287670999765,14.0459,2.0,16.67945,2.0,11.35572,-0.100454,44.1025,1.0
53.395766498521,16.3088,53.4465047996491,17.7049,2.0,16.67932,2.0,9.988782,0.052547,41.0164,1.0
53.4130594991148,15.1356,53.4622491002083,17.3565,2.0,16.67879,2.0,12.12329,0.549727,42.4133,1.0
53.4287670999765,18.3417,53.4796645995229,15.8587,2.0,16.67936,2.0,11.55125,0.206381,44.6342,1.0
53.4465047996491,17.0454,53.4961952995509,16.5083,2.0,16.67949,2.0,9.812253,-1.358316,42.152,1.0
53.4622491002083,14.7712,53.5130352992564,19.0211,2.0,16.67883,2.0,10.21827,-0.335366,41.6157,1.0
53.4796645995229,18.6619,53.5304478984326,16.2815,2.0,16.67951,2.0,10.76702,-0.463889,45.8649,1.0
53.4961952995509,15.5782,53.5465366989374,16.805,2.0,16.67913,2.0,9.920916,-0.409933,43.4847,1.0
53.5130352992564,17.3471,53.5623082984239,15.7897,2.0,16.67936,2.0,12.58337,-0.546903,44.7123,1.0
53.5304478984326,16.4091,53.5794112980366,15.5471,2.0,16.67927,2.0,11.27439,-0.621918,43.1553,1.0
53.5465366989374,15.233,53.5969230979681,17.2901,2.0,16.67877,2.0,10.16563,-0.223962,42.2937,1.0
53.5623082984239,17.8368,53.6124291978776,16.7558,2.0,16.67917,2.0,11.5694,1.315071,44.3508,1.0
53.5794112980366,17.1087,53.6287642978132,14.999,2.0,16.67932,2.0,10.33202,-0.003874,43.2709,1.0
53.5969230979681,17.2922,53.6457734983414,17.0231,2.0,16.67953,2.0,10.33066,-0.202685,41.161,1.0
53.6124291978776,15.9398,53.6615663990378,17.3637,2.0,16.67928,2.0,11.43193,-0.046157,40.8765,1.0
53.6287642978132,17.3144,53.6802879981697,19.3037,2.0,16.67949,2.0,8.282574,-0.701902,42.3099,1.0
53.6457734983414,16.1642,53.6954190982506,13.2629,2.0,16.67932,2.0,9.413885,-0.372369,44.3067,1.0
53.6615663990378,15.0052,53.7125235991552,18.9333,2.0,16.67874,2.0,11.53036,-0.860539,41.4059,1.0
53.6802879981697,18.1915,53.7286024997011,15.6767,2.0,16.67926,2.0,9.632802,-0.291266,45.3333,1.0
53.6954190982506,16.5921,53.7459925999865,15.828,2.0,16.67923,2.0,10.44437,-0.04293,42.8197,1.0
53.7125235991552,15.8306,53.762563300319,18.0548,2.0,16.67894,2.0,11.66224,-1.33234,42.0561,1.0
53.7286024997011,18.0816,53.7794949999079,15.6971,2.0,16.67942,2.0,10.53247,-0.982151,44.2796,1.0
53.7459925999865,16.7787,53.7968954993412,17.4225,2.0,16.67945,2.0,11.44033,0.371982,41.8965,1.0
53.762563300319,14.6976,53.812473599799,16.6752,2.0,16.67878,2.0,9.91844,-0.57716,42.5408,1.0
53.7794949999079,18.6459,53.8319538990036,17.9501,2.0,16.67945,2.0,10.98705,0.248765,44.5175,1.0
53.7968954993412,15.4735,53.8469588989392,14.9962,2.0,16.67904,2.0,12.20952,0.293404,43.823,1.0
53.812473599799,15.641,53.8630994996056,18.1599,2.0,16.67868,2.0,10.87446,-0.220447,43.3458,1.0
53.8319538990036,19.0137,53.8802824998274,17.2867,2.0,16.67948,2.0,10.23543,-1.149645,45.8647,1.0
53.8469588989392,16.3945,53.8954651998356,13.1873,2.0,16.67938,2.0,11.0788,-0.847262,44.1383,1.0
53.8630994996056,15.1273,53.9136022990569,18.1463,2.0,16.67885,2.0,9.246947,-0.397436,40.9318,1.0
53.8802824998274,18.3363,53.929096698761,17.0918,2.0,16.67942,2.0,11.57115,-1.237025,43.9511,1.0
53.8954651998356,16.3862,53.9456853978336,14.9914,2.0,16.67932,2.0,12.49966,-0.040162,42.7072,1.0
53.9136022990569,16.8761,53.9626051969826,16.9093,2.0,16.67938,2.0,10.70334,-0.333578,41.3122,1.0
53.929096698761,16.0573,53.9786893967539,17.5912,2.0,16.67917,2.0,11.83453,-0.225157,41.346,1.0
53.9456853978336,17.4618,53.9962971974164,17.8208,2.0,16.67944,2.0,10.86216,-0.339593,42.8804,1.0
53.9626051969826,16.1967,54.012366797775,14.3642,2.0,16.67928,2.0,11.33338,-0.450979,43.2397,1.0
53.9786893967539,15.158,54.0294114984572,17.0043,2.0,16.67876,2.0,11.53816,-0.313236,41.4073,1.0
53.9962971974164,18.3225,54.0455871988088,18.1718,2.0,16.67932,2.0,9.932393,-0.177343,43.2538,1.0
54.012366797775,16.7537,54.0629249978811,17.2063,2.0,16.67934,2.0,11.37138,0.43847,43.104,1.0
54.0294114984572,16.3602,54.0796575974673,15.1805,2.0,16.67923,2.0,10.15104,-0.170316,43.5571,1.0
54.0455871988088,15.3442,54.0964317973703,17.9396,2.0,16.67878,2.0,9.739543,-0.687021,42.3776,1.0
54.0629249978811,18.1399,54.1137130968273,17.354,2.0,16.67928,2.0,11.15553,-0.127964,44.9743,1.0
54.0796575974673,17.8755,54.1292213965207,13.8296,2.0,16.67968,2.0,9.069516,-1.110538,44.1883,1.0
54.0964317973703,14.3936,54.1479927971959,18.9601,2.0,16.67891,2.0,11.47742,-0.608351,40.143,1.0
54.1137130968273,18.397,54.1624485971406,15.9618,2.0,16.67949,2.0,12.10596,-0.236163,44.7092,1.0
54.1292213965207,16.0387,54.1796094970778,17.7753,2.0,16.67927,2.0,9.910538,-1.626852,42.2753,1.0
54.1479927971959,16.7126,54.1966166971251,14.8997,2.0,16.67928,2.0,12.42245,1.187014,44.0115,1.0
54.1624485971406,15.255,54.2136167967692,18.8848,2.0,16.6788,2.0,11.93376,-0.48016,42.1993,1.0
54.1796094970778,18.5114,54.2303726961836,16.4969,2.0,16.67942,2.0,9.760752,-0.477667,45.8172,1.0
54.1966166971251,16.9576,54.2464656969532,14.3875,2.0,16.67952,2.0,13.00119,-0.411212,43.8152,1.0
54.2136167967692,14.5781,54.2623686967418,16.991,2.0,16.6788,2.0,8.32296,-0.9809,41.2456,1.0
54.2303726961836,18.3234,54.2804919974878,17.1222,2.0,16.67936,2.0,9.473467,-0.597813,43.6598,1.0
54.2464656969532,17.1266,54.2963109975681,16.3448,2.0,16.67951,2.0,11.69411,-0.341475,42.4584,1.0
54.2623686967418,14.4621,54.313564398326,18.1077,2.0,16.67876,2.0,11.573,-0.244445,41.6761,1.0
54.2804919974878,18.1226,54.3305025985464,16.9656,2.0,16.67925,2.0,10.83201,-0.945117,45.3231,1.0
54.2963109975681,16.5554,54.3473820993677,15.2472,2.0,16.67921,2.0,11.78578,-0.210298,44.1658,1.0
54.313564398326,15.5682,54.3643012000248,16.9373,2.0,16.67883,2.0,11.51124,-0.583709,42.85,1.0
54.3305025985464,18.0423,54.3812337005511,18.4916,2.0,16.67929,2.0,9.958517,-1.612698,44.2281,1.0
54.3473820993677,16.5428,54.3955093007535,14.786,2.0,16.67925,2.0,12.3455,0.841849,44.6781,1.0
54.3643012000248,17.254,54.4125722013414,15.0192,2.0,16.67944,2.0,9.978609,0.392052,42.9211,1.0
54.3812337005511,14.5446,54.4302511010319,19.651,2.0,16.67872,2.0,11.9085,-0.990761,40.6849,1.0
54.3955093007535,18.5536,54.4466571006924,16.2883,2.0,16.67935,2.0,13.03695,0.735934,45.7933,1.0
54.4125722013414,16.1512,54.462223100476,13.755,2.0,16.67918,2.0,9.035048,-0.739228,43.528,1.0
54.4302511010319,15.4694,54.4793717013672,18.7546,2.0,16.67877,2.0,10.87036,-1.702509,41.1329,1.0
54.4466571006924,17.9471,54.4970931010321,16.1832,2.0,16.6792,2.0,12.20527,-0.448986,44.4176,1.0
54.462223100476,17.0924,54.5147582003847,17.6574,2.0,16.67933,2.0,8.663028,0.199496,42.6543,1.0
54.4793717013672,15.6534,54.5301887001842,17.0444,2.0,16.67899,2.0,11.96981,0.071108,43.2196,1.0
54.4970931010321,17.4588,54.5466562006623,14.7095,2.0,16.67925,1.0,12.85699,-0.580225,44.6114,1.0
54.5301887001842,31.8572,54.5623962003738,17.5794,2.0,16.68437,1.0,10.3974,-0.483991,41.8628,1.0
54.5466562006623,13.0497,54.5792939011008,15.0477,1.0,16.68314,2.0,11.12319,0.414331,27.586,1.0
54.5623962003738,9.6634,54.5970674008131,19.4637,1.0,16.68078,2.0,11.28792,-1.217653,29.5769,1.0
54.5623962003738,12.0655,54.6123848007992,13.6237,1.0,16.67922,2.0,10.33209,-1.123765,39.3845,1.0
54.5792939011008,17.0882,54.6294390009716,17.144,2.0,16.67936,2.0,9.780969,-0.955477,40.9434,1.0
54.5970674008131,16.5904,54.6472705015913,19.3662,2.0,16.67933,2.0,10.97645,0.373594,40.9994,1.0
54.6123848007992,16.3663,54.6629225024953,15.7322,2.0,16.67923,2.0,10.71607,0.481375,43.7752,1.0
54.6294390009716,16.7671,54.6801040032879,15.7392,2.0,16.67926,2.0,10.68468,-0.70694,43.1327,1.0
54.6472705015913,14.974,54.696715102531,17.9263,2.0,16.67868,2.0,12.35861,0.816437,42.1141,1.0
54.6629225024953,19.3623,54.7142902025953,18.0125,2.0,16.67958,2.0,9.285325,-0.564804,45.0663,1.0
54.6801040032879,15.9141,54.7314278027043,15.2694,2.0,16.67933,2.0,10.65614,-0.417127,43.7172,1.0
54.696715102531,14.7999,54.74705900345,15.8178,2.0,16.6787,2.0,10.42426,-0.498893,43.0719,1.0
54.7142902025953,18.2963,54.7636175034568,17.8262,2.0,16.67924,2.0,8.659704,0.157844,44.0907,1.0
54.7314278027043,16.9183,54.7816008040681,16.426,2.0,16.67932,2.0,11.72933,-0.669313,43.622,1.0
54.74705900345,16.468,54.7975252037868,17.3771,2.0,16.67925,2.0,10.13809,-0.570373,43.1298,1.0
54.7636175034568,16.9297,54.8150815041736,16.1863,2.0,16.67933,2.0,11.65486,-0.661931,44.0403,1.0
54.7816008040681,16.4356,54.8302492043003,15.0316,2.0,16.67925,2.0,10.82791,0.420666,43.2969,1.0
54.7975252037868,16.5275,54.8469185037538,18.3897,2.0,16.6792,2.0,10.36567,0.314781,41.8856,1.0
54.8150815041736,17.2107,54.8643888039514,15.7783,2.0,16.67938,2.0,11.84813,0.65819,43.7555,1.0
54.8302492043003,16.6875,54.8813304034993,17.0335,2.0,16.67938,2.0,12.05293,-0.331267,42.3037,1.0
54.8469185037538,15.3637,54.8971782037988,17.3723,2.0,16.67894,2.0,9.421119,-0.530493,42.6701,1.0
54.8643888039514,17.8459,54.9144324036315,17.4669,2.0,16.67933,2.0,11.02851,-1.171168,44.6792,1.0
54.8813304034993,16.1369,54.9303787043318,14.1706,2.0,16.67915,2.0,10.60227,-0.018098,44.3006,1.0
54.8971782037988,15.6471,54.9466670034453,18.1792,2.0,16.6788,2.0,10.15859,0.786336,42.3337,1.0
54.9144324036315,18.0908,54.9636921035126,17.0651,2.0,16.67928,2.0,11.74407,-0.461068,44.8672,1.0
54.9303787043318,16.6954,54.9796059029177,14.1046,2.0,16.67928,2.0,12.5771,-0.964065,43.8419,1.0
54.9466670034453,15.613,54.9977519037202,19.8988,2.0,16.67893,2.0,9.580564,-0.467132,41.251,1.0
54.9636921035126,18.1399,55.013406903483,13.8808,2.0,16.67941,2.0,10.19567,-0.429076,45.5376,1.0
54.9796059029177,17.2361,55.0315955029801,18.0477,2.0,16.6796,2.0,11.67636,0.031078,41.2789,1.0
54.9977519037202,15.4935,55.0473236022517,17.3087,2.0,16.6792,2.0,10.75543,-0.02546,42.091,1.0
55.013406903483,16.857,55.0646227030084,15.8884,2.0,16.67926,2.0,11.52588,0.211608,43.9062,1.0
55.0315955029801,16.8381,55.080496202223,15.7882,2.0,16.67932,2.0,11.69672,0.068055,42.9373,1.0
55.0473236022517,15.3851,55.0968385031447,17.9631,2.0,16.67888,2.0,9.75976,0.049541,41.8886,1.0
55.0646227030084,18.8855,55.113740102388,16.9666,2.0,16.67962,2.0,11.33909,-0.531614,44.4665,1.0
55.080496202223,15.9323,55.1316121025011,16.1863,2.0,16.67937,2.0,11.15275,1.500339,42.5484,1.0
55.0968385031447,15.2797,55.1470991028473,16.848,2.0,16.67891,2.0,9.644259,-0.060936,42.8026,1.0
55.113740102388,18.3834,55.1639613034204,17.5838,2.0,16.67947,2.0,11.26441,0.348603,44.3713,1.0
55.1316121025011,16.4979,55.1804229030386,14.4156,2.0,16.67941,2.0,10.25576,-0.167782,43.5716,1.0
55.1470991028473,15.0647,55.1969125038013,16.5297,2.0,16.67887,2.0,7.451336,0.147068,41.4902,1.0
55.1639613034204,17.8872,55.2134468043223,18.2056,2.0,16.67928,2.0,11.1765,-1.403898,42.9555,1.0
55.1804229030386,17.013,55.231290503405,16.1259,2.0,16.67939,2.0,9.141382,0.044538,43.2745,1.0
55.1969125038013,16.9789,55.2463202029467,15.0451,2.0,16.67949,2.0,11.37693,0.155575,42.3877,1.0
55.2134468043223,16.4004,55.2639627028257,19.1809,2.0,16.67939,2.0,10.9748,-0.168192,40.4539,1.0
55.231290503405,17.0814,55.2820145022124,18.4682,2.0,16.67953,2.0,11.20276,-0.414697,43.2344,1.0
55.2463202029467,16.0163,55.2979042027146,13.793,2.0,16.67931,2.0,11.34033,0.171026,44.6218,1.0
55.2639627028257,15.1108,55.3147616032511,18.5843,2.0,16.67879,2.0,9.491492,-0.448025,42.3991,1.0
55.2820145022124,18.4507,55.3307007029653,14.3694,2.0,16.67937,1.0,11.4141,-1.18476,45.8725,1.0
55.3147616032511,33.2077,55.3467954024673,16.04,2.0,16.68486,1.0,11.84647,-0.17801,41.7919,1.0
55.3307007029653,11.5903,55.3644003029913,17.4521,1.0,16.68317,1.0,9.656325,0.894947,24.6245,1.0
55.3467954024673,15.5525,55.3803859036416,17.6139,1.0,16.68279,2.0,11.75886,-0.393937,30.4868,1.0
55.3467954024673,6.435,55.3989674039185,17.0757,1.0,16.6794,2.0,11.05571,0.729628,32.5483,1.0
55.3644003029913,16.8141,55.4147382043302,15.7049,2.0,16.67944,2.0,9.871753,0.231808,43.1903,1.0
55.3803859036416,16.0791,55.4303980041295,17.1787,2.0,16.67924,2.0,10.22794,-0.059325,42.0817,1.0
55.3989674039185,16.6706,55.4491995032877,19.1702,2.0,16.67924,2.0,10.01237,-1.116937,43.1817,1.0
55.4147382043302,16.7546,55.4645041031763,13.5532,2.0,16.67926,2.0,8.362092,0.044551,45.682,1.0
55.4303980041295,15.3932,55.4811170035973,16.5742,2.0,16.67884,2.0,10.66922,-0.664617,42.481,1.0
55.4491995032877,18.8615,55.4981054039672,18.6105,2.0,16.67956,2.0,9.689237,-0.240829,43.6623,1.0
55.4645041031763,17.5006,55.5140034044161,16.2067,2.0,16.67983,2.0,12.26855,-0.291221,43.4113,1.0
55.4811170035973,15.3996,55.5310001047328,14.9801,2.0,16.67941,2.0,11.32932,-0.392957,42.1185,1.0
55.4981054039672,15.307,55.5478735053912,16.8173,2.0,16.67896,2.0,10.43703,-0.359779,41.6995,1.0
55.5140034044161,16.8232,55.5636281045154,17.3374,2.0,16.679,2.0,11.39402,0.271225,43.21,1.0
55.5310001047328,17.7504,55.5822049053386,17.0395,2.0,16.67936,2.0,10.07336,0.213661,43.724,1.0
55.5478735053912,16.8291,55.5976461051032,15.5238,2.0,16.67941,2.0,11.52708,-0.509694,43.0137,1.0
55.5636281045154,14.8036,55.6145897051319,16.8366,2.0,16.67879,2.0,10.07907,0.212022,41.7086,1.0
55.5822049053386,17.5097,55.6313806055114,18.2202,2.0,16.67906,2.0,9.420839,0.11596,43.7205,1.0
55.5976461051032,17.6749,55.6468204054981,16.0111,2.0,16.67939,2.0,10.96819,-1.184885,44.4522,1.0
55.6145897051319,17.163,55.6636446062475,14.8129,2.0,16.67955,2.0,10.10058,-0.572063,42.7892,1.0
55.6313806055114,14.7774,55.6816953066736,18.2048,2.0,16.67892,2.0,11.00384,-0.644063,40.4395,1.0
55.6468204054981,16.3668,55.697262506932,17.1208,2.0,16.67882,2.0,10.87759,-0.369724,43.8671,1.0
55.6636446062475,18.7147,55.7148576062173,16.3139,2.0,16.67949,2.0,10.31536,-1.187588,44.621,1.0
55.6816953066736,16.3681,55.7312910053879,16.1828,2.0,16.67939,2.0,11.54546,0.36909,42.2125,1.0
55.697262506932,15.0079,55.7472912054509,17.4725,2.0,16.67884,2.0,11.79542,-1.279501,42.0359,1.0
55.7148576062173,18.4989,55.7659955061972,17.0463,2.0,16.67944,2.0,9.864788,-0.250961,44.5009,1.0
55.7312910053879,17.0138,55.7816334068775,15.6395,2.0,16.67955,2.0,10.33761,0.346846,43.0487,1.0
55.7472912054509,14.4943,55.7979617062956,18.1856,2.0,16.67883,2.0,10.9535,-1.251398,41.6752,1.0
55.7659955061972,18.4925,55.8144403062761,16.7428,2.0,16.67942,2.0,12.50146,0.05834,45.3663,1.0
55.7816334068775,16.6244,55.8307791054249,14.2517,2.0,16.67941,2.0,10.08745,0.079976,43.6173,1.0
55.7979617062956,15.282,55.8487517051399,17.9791,2.0,16.67895,2.0,10.8631,-0.485676,41.2447,1.0
55.8144403062761,17.7068,55.8641662048176,16.9477,2.0,16.67929,2.0,11.16566,0.033405,43.942,1.0
55.8307791054249,17.0072,55.8817026047036,16.2432,2.0,16.67939,2.0,9.493024,-0.926295,43.1832,1.0
55.8487517051399,17.3767,55.90046420414,18.6224,2.0,16.67962,2.0,11.11058,-0.694281,42.4198,1.0
55.8641662048176,15.9132,55.9149561040103,16.0788,2.0,16.67937,2.0,9.767395,-0.032104,43.6665,1.0
55.8817026047036,17.2163,55.9308980032802,16.4254,2.0,16.67955,2.0,9.460695,-0.931564,43.832,1.0
55.90046420414,16.2114,55.9490828029811,16.1237,2.0,16.67939,2.0,9.998281,-0.618304,43.0409,1.0
55.9149561040103,15.3382,55.9646604033187,15.5882,2.0,16.67895,2.0,11.5122,-1.176089,42.9539,1.0
55.9308980032802,17.9253,55.9804761027917,17.2481,2.0,16.67936,2.0,9.484964,0.68503,43.2039,1.0
55.9490828029811,16.8836,55.9987705023959,16.7515,2.0,16.67943,2.0,10.5166,1.321738,42.5273,1.0
55.9646604033187,16.9107,56.013510402292,14.7168,2.0,16.6795,2.0,11.76789,-0.896002,42.3959,1.0
55.9804761027917,15.9484,56.0313907023519,19.4232,2.0,16.67926,2.0,11.00107,-0.98177,40.2024,1.0
55.9987705023959,17.7119,56.0484264027327,17.3199,2.0,16.6796,2.0,10.61316,-0.532069,43.6779,1.0
56.013510402292,15.953,56.0646995026618,14.4494,2.0,16.67937,2.0,9.845402,-0.442519,43.2868,1.0
56.0313907023519,15.8605,56.0804996024817,17.4964,2.0,16.6791,2.0,10.78177,0.53507,41.7835,1.0
56.0484264027327,17.9901,56.0990174021572,18.6455,2.0,16.67953,2.0,10.28377,-0.720882,43.419,1.0
56.0646995026618,16.3924,56.1136797023937,12.7765,2.0,16.67943,2.0,11.69622,-0.551594,44.061,1.0
56.0804996024817,15.1586,56.1317575024441,19.7947,2.0,16.67894,2.0,9.71963,0.480599,40.4599,1.0
56.0990174021572,17.8643,56.1479676021263,14.9365,2.0,16.67932,2.0,9.014082,-0.577969,45.0957,1.0
56.1136797023937,16.9956,56.164603301324,16.37,2.0,16.67943,2.0,11.98709,-1.145179,42.1684,1.0
56.1317575024441,16.3128,56.18041060213,17.4735,2.0,16.67931,2.0,10.1229,0.831193,41.5436,1.0
56.1479676021263,17.5127,56.2000482017174,17.9412,2.0,16.67958,2.0,10.21767,-0.698964,42.704,1.0
56.164603301324,16.2171,56.214772301726,14.717,2.0,16.67943,2.0,11.88438,-1.154529,43.1336,1.0
56.18041060213,14.9854,56.2305111018941,16.9376,2.0,16.67887,2.0,11.11481,-1.185889,41.6342,1.0
56.2000482017174,17.812,56.2500529019162,18.2441,2.0,16.67924,2.0,10.42646,0.040799,43.5866,1.0
56.214772301726,17.0845,56.2655917014927,15.7923,2.0,16.67938,2.0,11.94093,-0.579035,44.0189,1.0
56.2305111018941,15.0339,56.2815046012402,17.2598,2.0,16.67884,2.0,10.92349,-0.011764,42.7276,1.0
56.2500529019162,18.3229,56.2988439016044,17.7843,2.0,16.67938,2.0,12.4222,-0.817041,44.9539,1.0
56.2655917014927,16.905,56.315581900999,14.7793,2.0,16.67945,2.0,11.19893,-0.339476,44.4156,1.0
56.2815046012402,14.4926,56.3312435001135,17.4317,2.0,16.67874,2.0,10.40456,-0.990222,42.2904,1.0
56.2988439016044,18.5283,56.3487263005227,17.5023,2.0,16.67934,2.0,9.348941,-0.15688,45.2302,1.0
56.315581900999,16.9112,56.3652852997184,14.6984,2.0,16.67941,2.0,12.09358,-0.234406,44.2035,1.0
56.3312435001135,15.2964,56.3818867988884,18.5994,2.0,16.67896,2.0,9.842922,-1.068977,41.9923,1.0
56.3487263005227,17.8483,56.3987234979868,14.9735,2.0,16.67934,2.0,12.33068,-0.740828,45.2947,1.0
56.3652852997184,17.2047,56.4146002978086,15.898,2.0,16.67952,2.0,11.27341,-1.173193,42.4213,1.0
56.3818867988884,15.9191,56.4305797982961,17.3878,2.0,16.67927,2.0,9.907177,-0.957338,41.1152,1.0
56.3987234979868,17.04,56.451031697914,18.8882,2.0,16.67939,2.0,10.55023,0.225153,42.5838,1.0
56.4146002978086,16.8469,56.4656694978476,14.5417,2.0,16.67944,2.0,11.86579,0.425657,44.4329,1.0
56.4305797982961,14.8853,56.4832228980958,19.1786,2.0,16.67886,2.0,10.61024,-0.358893,42.1277,1.0
56.451031697914,18.5563,56.500321097672,15.7408,2.0,16.67947,2.0,10.34785,0.041659,46.4217,1.0
56.4656694978476,17.527,56.5146096972749,14.1604,2.0,16.67974,2.0,11.06244,0.762464,43.6056,1.0
56.4832228980958,13.8134,56.5313325980678,18.3102,2.0,16.67881,2.0,9.392393,-1.289704,40.2395,1.0
56.500321097672,18.774,56.5506513984874,17.8297,2.0,16.67949,2.0,11.65774,-0.080767,44.7364,1.0
56.5146096972749,16.1706,56.5646461984143,13.913,2.0,16.67933,2.0,10.12024,-0.693195,43.7939,1.0
56.5313325980678,14.8389,56.5827131988481,19.7721,2.0,16.67873,2.0,8.686104,-0.117445,41.5368,1.0
56.5506513984874,19.2716,56.5989388981834,16.6677,2.0,16.67957,2.0,12.43077,-0.852669,46.4703,1.0
56.5646461984143,16.0095,56.6155179990456,14.6819,2.0,16.67935,2.0,9.469195,-0.529027,43.8666,1.0
56.5827131988481,15.2173,56.6326304981485,17.2619,2.0,16.67888,2.0,12.04125,-1.297669,42.5394,1.0
56.5989388981834,18.4066,56.6486122990027,17.3843,2.0,16.67944,2.0,11.44197,0.142223,44.5844,1.0
56.6155179990456,16.7954,56.6643522987142,14.188,2.0,16.67948,2.0,10.68543,-0.282616,43.5625,1.0
56.6326304981485,16.3244,56.6827703984454,18.24,2.0,16.67936,2.0,11.81527,-0.486093,40.9556,1.0
56.6486122990027,14.9225,56.6990027977154,17.6876,2.0,16.67879,2.0,11.17848,0.076782,42.8702,1.0
56.6643522987142,18.8755,56.7153345970437,16.6016,2.0,16.6795,2.0,11.08952,-0.703391,45.6374,1.0
56.6827703984454,15.8225,56.7313932972029,14.2588,2.0,16.67923,2.0,11.60109,-0.054024,43.356,1.0
56.6990027977154,15.338,56.7486347975209,17.0938,2.0,16.67879,2.0,10.26392,-0.286067,41.7903,1.0
56.7153345970437,18.258,56.7646752977744,17.6961,2.0,16.6793,2.0,11.22769,-0.223289,43.5562,1.0
56.7313932972029,17.1185,56.7813984984532,15.291,2.0,16.67945,2.0,10.56272,-0.607089,42.9951,1.0
56.7486347975209,17.0554,56.798605597578,17.3011,2.0,16.67957,2.0,9.730867,-0.801626,41.1559,1.0
56.7646752977744,14.3631,56.8161177979782,19.1263,2.0,16.67882,2.0,11.38199,0.982648,41.4137,1.0
56.7813984984532,18.3928,56.8323870981112,16.4894,2.0,16.67937,2.0,9.827389,0.284194,46.1767,1.0
56.798605597578,16.5287,56.8486056989059,14.4176,2.0,16.67932,2.0,9.964326,-1.174938,44.2744,1.0
56.8161177979782,15.0349,56.8654412990436,16.81,2.0,16.67879,2.0,12.07535,-0.8074,42.1539,1.0
56.8323870981112,18.5343,56.8824770981446,18.8364,2.0,16.67939,2.0,10.25801,0.040508,43.9268,1.0
56.8486056989059,16.6313,56.8987903976813,14.5859,2.0,16.67938,2.0,9.530538,-0.11826,44.2414,1.0
56.8654412990436,16.6591,56.9153522970155,16.715,2.0,16.67937,2.0,12.3714,-0.080345,42.1968,1.0
56.8824770981446,17.0925,56.9323172969744,17.9231,2.0,16.6795,2.0,10.16899,-0.513004,42.2528,1.0
56.8987903976813,16.9932,56.948524297215,16.7678,2.0,16.6796,2.0,11.21296,-1.142379,43.0834,1.0
56.9153522970155,16.5247,56.9654336972162,15.0776,2.0,16.67955,2.0,11.34795,-0.571918,42.8594,1.0
56.9323172969744,14.671,56.9816154977307,15.9893,2.0,16.67891,2.0,9.773604,-0.691253,41.4119,1.0
56.948524297215,18.5512,56.9987120972946,18.8738,2.0,16.67951,2.0,11.76958,0.993019,42.731,1.0
56.9654336972162,15.8876,57.0154639976099,15.2248,2.0,16.67925,2.0,12.41482,-0.988593,43.0544,1.0
56.9816154977307,17.0526,57.0324868978932,16.9345,2.0,16.67937,2.0,10.32675,-0.701332,42.3915,1.0
56.9987120972946,16.3579,57.0494225984439,18.4445,2.0,16.67927,2.0,12.06938,-0.499672,42.2529,1.0
57.0154639976099,17.4457,57.0657887989655,16.4769,2.0,16.67952,2.0,9.961793,-0.996952,44.3608,1.0
57.0324868978932,15.9772,57.0815407996997,16.3006,2.0,16.67929,2.0,10.86653,-0.843242,43.3928,1.0
57.0494225984439,15.3339,57.0988790998235,15.1047,2.0,16.67886,2.0,10.13117,0.073751,43.716,1.0
57.0657887989655,16.639,57.1159986006096,17.3931,2.0,16.67885,2.0,11.70415,-0.161296,43.4876,1.0
57.0815407996997,18.5939,57.1316538015381,17.2539,2.0,16.67946,2.0,10.67604,-0.617549,44.2416,1.0
57.0988790998235,16.5968,57.148950801231,15.4524,2.0,16.67944,2.0,12.11845,-0.396261,42.9017,1.0
57.1159986006096,16.6917,57.1661896007136,17.1739,2.0,16.67944,2.0,11.1362,0.446181,41.7584,1.0
57.1316538015381,16.3911,57.1832352010533,18.6624,2.0,16.67935,2.0,9.584449,-0.98976,42.2407,1.0
57.148950801231,16.7016,57.200357501395,17.0954,2.0,16.67935,2.0,11.85896,0.903972,44.5124,1.0
57.1661896007136,16.7605,57.2154299011454,13.6952,2.0,16.67938,2.0,10.05532,-0.411346,44.9067,1.0
57.1832352010533,14.2371,57.2322989003733,16.6405,2.0,16.6786,2.0,10.66796,-0.497966,41.8414,1.0
57.200357501395,19.5719,57.2482356010005,17.2847,2.0,16.67952,2.0,11.14733,-0.594505,44.2459,1.0
57.2154299011454,16.2055,57.2665722006932,18.8788,2.0,16.67937,2.0,8.654946,-0.237184,41.9595,1.0
57.2322989003733,16.8884,57.281650301069,13.1229,2.0,16.67944,2.0,11.56647,0.489818,44.6319,1.0
57.2482356010005,16.1407,57.2988419011235,17.3009,2.0,16.67927,2.0,11.6383,-0.483745,40.8676,1.0
57.2665722006932,16.8911,57.3161672018468,19.0215,2.0,16.67933,2.0,10.29478,-0.253941,42.0272,1.0
57.281650301069,16.2621,57.3323943018913,14.5252,2.0,16.6792,2.0,9.604582,-0.72585,44.1583,1.0
57.2988419011235,16.9564,57.3486261013895,18.2052,2.0,16.67929,2.0,10.62755,-0.277708,42.4226,1.0
57.3161672018468,15.8904,57.3656653016806,16.6852,2.0,16.67904,2.0,9.888741,-1.225503,43.6724,1.0
57.3323943018913,17.0697,57.3822571020573,14.9507,2.0,16.67916,2.0,9.73915,-1.072886,44.4675,1.0
57.3486261013895,15.5147,57.3983875028789,16.1021,2.0,16.67879,2.0,11.91881,-0.596832,42.3426,1.0
57.3656653016806,18.4648,57.4169868025929,20.1462,2.0,16.67936,2.0,9.593203,0.080327,42.9365,1.0
57.3822571020573,16.5855,57.4323036028072,15.6343,2.0,16.67933,2.0,12.52489,-0.725456,44.6185,1.0
57.3983875028789,16.3525,57.4505357025191,16.7351,2.0,16.67923,2.0,12.32153,-0.855205,43.6676,1.0
57.4169868025929,15.0402,57.4657938024029,14.93,2.0,16.67871,2.0,10.28327,0.520039,44.0508,1.0
57.4323036028072,16.6787,57.4823788022622,17.7878,2.0,16.67871,2.0,9.265756,0.224244,43.9411,1.0
57.4505357025191,18.3474,57.5001186029986,16.7284,2.0,16.67924,2.0,12.06431,-0.452336,45.0501,1.0
57.4657938024029,17.9817,57.516345703043,16.0752,2.0,16.67965,2.0,10.44636,0.174252,43.4318,1.0
57.4823788022622,13.2454,57.5323463035747,17.5123,2.0,16.67856,2.0,8.930056,-0.655653,41.5256,1.0
57.5001186029986,19.1735,57.5503941038623,17.9069,2.0,16.67935,2.0,10.77494,-0.554326,45.7978,1.0
57.516345703043,17.3316,57.5660018036142,14.4022,2.0,16.67956,2.0,10.02315,-0.729122,44.531,1.0
57.5323463035747,14.1218,57.5828194031492,16.6578,2.0,16.67875,2.0,9.397653,-0.003835,41.5953,1.0
57.5503941038623,18.2734,57.601347903721,19.9304,2.0,16.67925,2.0,11.89473,-0.757811,44.1376,1.0
57.5660018036142,17.1387,57.6163522033021,15.3554,2.0,16.6794,2.0,11.77202,0.246713,45.7964,1.0
57.5828194031492,15.9852,57.6326608033851,14.4684,2.0,16.67918,2.0,12.08263,0.097727,44.0138,1.0
57.601347903721,15.4472,57.6493213037029,18.5321,2.0,16.67879,2.0,9.551411,-0.735424,42.4971,1.0
57.6163522033021,18.1934,57.6657194038853,16.3032,2.0,16.67927,2.0,12.06379,-0.340668,45.5822,1.0
57.6326608033851,17.1255,57.6834840038791,15.9922,2.0,16.67941,2.0,11.00117,-1.368577,43.6922,1.0
57.6493213037029,14.9782,57.699344904162,17.7031,2.0,16.67887,2.0,9.609824,0.073333,42.5586,1.0
57.6657194038853,18.0297,57.715883503668,16.5621,2.0,16.6793,2.0,12.04037,-0.632729,45.2744,1.0
57.6834840038791,16.0143,57.7332342034206,15.4817,2.0,16.67909,2.0,11.65868,-0.827675,43.8172,1.0
57.699344904162,15.9167,57.7503474028781,17.206,2.0,16.67885,2.0,11.21527,-0.506749,43.2846,1.0
57.715883503668,18.5545,57.7659536032006,17.3004,2.0,16.67944,2.0,10.87633,-0.293959,44.5745,1.0
57.7332342034206,16.4521,57.7838638024405,18.0855,2.0,16.67937,2.0,11.73197,-0.292239,43.3033,1.0
57.7503474028781,16.463,57.7983286026865,12.5367,2.0,16.6793,2.0,10.44545,-0.618701,44.9545,1.0
57.7659536032006,14.9398,57.816468803212,20.1577,2.0,16.67875,2.0,9.682559,-0.229731,41.0283,1.0
57.7838638024405,18.466,57.8334635030478,16.5219,2.0,16.67931,2.0,11.56304,0.634916,46.2468,1.0
57.7983286026865,16.2878,57.8505372032523,15.4703,2.0,16.67919,2.0,9.867501,0.171782,44.3029,1.0
57.816468803212,15.4893,57.8662734031677,17.2715,2.0,16.67882,2.0,11.83873,0.058213,43.4863,1.0
57.8334635030478,18.856,57.8832312040031,15.4648,2.0,16.6795,2.0,11.30338,-0.424437,45.2673,1.0
57.8505372032523,16.823,57.9003709033132,17.2858,2.0,16.67955,2.0,9.144518,-0.924357,41.8777,1.0
57.8662734031677,14.6358,57.915531703271,16.4031,2.0,16.6789,2.0,11.06759,-0.52576,42.3408,1.0
57.8832312040031,18.4783,57.932498103939,17.4048,2.0,16.67947,2.0,9.234037,-0.065366,44.1077,1.0
57.9003709033132,16.2131,57.9495291048661,15.2105,2.0,16.67932,2.0,11.71456,-0.255491,43.0353,1.0
57.915531703271,15.215,57.9652270050719,17.6275,2.0,16.67886,2.0,10.64816,0.016269,42.0332,1.0
57.932498103939,17.8794,57.9828861048445,17.4882,2.0,16.67924,2.0,10.04507,-0.421011,44.4451,1.0
57.9495291048661,16.8389,57.999028804712,14.4498,2.0,16.67929,2.0,11.31519,-0.790624,44.0552,1.0
57.9652270050719,14.9954,58.0169947044924,19.6177,2.0,16.67876,2.0,11.47923,-0.330775,41.6659,1.0
57.9828861048445,18.8327,58.0332985045388,14.566,2.0,16.67944,2.0,9.755711,-0.272927,46.2894,1.0
57.999028804712,16.8075,58.0504224048927,17.1185,2.0,16.67948,2.0,9.690024,-0.972765,42.0225,1.0
58.0169947044924,14.8748,58.0653468044475,16.1874,2.0,16.67891,2.0,11.81328,-0.508267,42.3344,1.0
58.0332985045388,19.01,58.0844520041719,17.8515,2.0,16.67964,2.0,10.17793,-1.616318,43.647,1.0
58.0504224048927,15.7183,58.1001625033095,15.7246,2.0,16.67934,2.0,11.59066,-1.157638,42.4886,1.0
58.0653468044475,15.0581,58.1165696037933,17.8789,2.0,16.67883,2.0,12.28867,0.106923,42.4959,1.0
58.0844520041719,18.7292,58.1335978033021,17.5759,2.0,16.67948,2.0,9.887718,-0.681547,45.3169,1.0
58.1001625033095,16.7667,58.149274202995,13.6167,2.0,16.6795,2.0,12.90864,-1.074573,44.1645,1.0
58.1165696037933,14.3754,58.1670758025721,19.669,2.0,16.67878,2.0,12.47458,-0.596617,41.014,1.0
58.1335978033021,18.3315,58.1851288033649,17.8504,2.0,16.6793,2.0,9.465547,-0.568538,46.3082,1.0
58.149274202995,16.634,58.1995979035273,12.9997,2.0,16.67928,2.0,9.912973,-1.204102,45.8268,1.0
58.1670758025721,15.1814,58.2169651044533,18.9302,2.0,16.67881,2.0,12.41092,0.003393,42.1939,1.0
58.1851288033649,18.0371,58.2342281052843,15.6215,2.0,16.67924,2.0,10.28614,-0.836951,45.9426,1.0
58.1995979035273,17.2087,58.2505218060687,16.4168,2.0,16.67941,2.0,11.8589,0.583179,43.5278,1.0
58.2169651044533,14.5061,58.2659593056887,15.3178,2.0,16.67872,2.0,10.99461,-0.346956,42.7365,1.0
58.2342281052843,19.0389,58.2846251055598,20.2908,2.0,16.67946,2.0,8.835351,-0.180259,43.5487,1.0
58.2505218060687,16.3366,58.300300905481,16.0654,2.0,16.67936,2.0,12.05032,0.024584,44.8006,1.0
58.2659593056887,16.636,58.3165480047464,14.0809,2.0,16.67934,2.0,8.806056,0.872454,44.5298,1.0
58.2846251055598,15.2253,58.3326281048357,16.0827,2.0,16.67889,2.0,9.817959,-0.481637,41.9745,1.0
58.300300905481,18.5527,58.3496047053486,18.5542,2.0,16.67948,2.0,11.31242,0.115015,42.8322,1.0
58.3165480047464,16.8438,58.3669438045472,15.837,2.0,16.67953,2.0,10.09205,-0.927805,42.8337,1.0
58.3326281048357,16.0516,58.3835506048054,16.5899,2.0,16.67933,2.0,10.46464,0.256107,41.8272,1.0
58.3496047053486,17.4368,58.4001421052963,18.0063,2.0,16.67957,2.0,11.66978,-0.677254,42.3666,1.0
58.3669438045472,16.5048,58.4171470049769,17.631,2.0,16.67951,2.0,9.435705,0.031959,42.937,1.0
58.3835506048054,15.9795,58.4333181045949,14.2119,2.0,16.67929,2.0,12.07489,-0.100171,44.0637,1.0
58.4001421052963,14.9975,58.4505457039922,17.2091,2.0,16.67877,2.0,11.05095,0.034517,42.2958,1.0
58.4171470049769,17.3349,58.4672054033726,18.2543,2.0,16.67897,2.0,10.37284,0.767484,44.5075,1.0
58.4333181045949,18.2276,58.4835089035332,16.7198,2.0,16.67946,2.0,11.19457,0.186621,45.4276,1.0
58.4505457039922,16.5702,58.5006120037287,15.0156,2.0,16.67942,2.0,11.36918,-0.734649,43.9201,1.0
58.4672054033726,15.2864,58.5173365045339,16.6772,2.0,16.67899,2.0,9.023016,-0.325022,42.3656,1.0
58.4835089035332,17.9051,58.533949105069,18.3652,2.0,16.67937,2.0,9.421179,0.480507,43.7563,1.0
58.5006120037287,16.7891,58.5507191047072,16.8513,2.0,16.67941,2.0,9.295249,-0.624812,44.2186,1.0
58.5173365045339,16.2917,58.568800304085,16.3948,2.0,16.67928,2.0,10.18502,-0.990941,44.2806,1.0
58.533949105069,15.3883,58.5835848040879,14.602,2.0,16.67888,2.0,11.31989,-0.670116,44.3841,1.0
58.5507191047072,16.6822,58.6004844047129,18.5683,2.0,16.67888,2.0,10.71431,-1.545409,43.5978,1.0
58.568800304085,18.4303,58.618928603828,17.0032,2.0,16.67943,2.0,10.63414,0.482775,45.4833,1.0
58.5835848040879,16.8892,58.6334284041077,14.3412,2.0,16.67949,2.0,12.31652,-1.076967,44.0578,1.0
58.6004844047129,15.1863,58.6503930035979,17.0192,2.0,16.67903,2.0,11.97361,-0.632628,41.5101,1.0
58.618928603828,17.9912,58.6665781028569,17.8034,2.0,16.67944,2.0,11.28673,-1.245159,43.3429,1.0
58.6334284041077,17.036,58.6845120023936,18.0539,2.0,16.67955,2.0,8.661167,-0.552399,43.1559,1.0
58.6503930035979,16.1611,58.7008313015103,16.5528,2.0,16.67939,2.0,12.07943,-0.633019,44.1746,1.0
58.6665781028569,15.2977,58.7182009015232,15.4863,2.0,16.67896,2.0,9.823759,-0.370173,44.5657,1.0
58.6845120023936,16.5316,58.7343866024166,16.1953,2.0,16.67891,2.0,10.822,0.326751,44.7553,1.0
58.7008313015103,17.8222,58.7508200015873,17.8539,2.0,16.67927,2.0,11.68172,-0.750698,44.4188,1.0
58.7182009015232,17.3682,58.7671036012471,14.7225,2.0,16.67948,2.0,10.30497,0.401765,44.4518,1.0
58.7343866024166,16.4313,58.7833229005337,16.059,2.0,16.6794,2.0,11.28495,0.316883,41.8068,1.0
58.7508200015873,16.3712,58.8009679000825,19.5111,2.0,16.67931,2.0,10.5455,-0.338297,41.4344,1.0
58.7671036012471,17.7259,58.8173245992512,16.3436,2.0,16.67963,2.0,10.54673,0.30982,44.5747,1.0
58.7833229005337,15.8879,58.8339260984212,17.0272,2.0,16.67939,2.0,9.280617,-1.177233,43.1925,1.0
58.8009679000825,15.0789,58.8504846990108,14.6161,2.0,16.67889,2.0,10.9648,0.298849,44.3311,1.0
58.8173245992512,16.1647,58.8666965998709,16.1106,2.0,16.67873,2.0,9.48108,-0.900569,43.8683,1.0
58.8339260984212,18.8657,58.8836291003972,18.2111,2.0,16.67941,2.0,8.873833,-0.983454,43.8158,1.0
58.8504846990108,16.2605,58.9013634007424,16.42,2.0,16.67928,2.0,12.35205,-0.777527,43.1618,1.0
58.8666965998709,17.1346,58.9167225006968,15.3214,2.0,16.67942,2.0,10.88067,-1.357967,43.3213,1.0
58.8836291003972,16.2779,58.9337001014501,18.4741,2.0,16.6793,2.0,10.48685,-0.431543,41.5084,1.0
58.9013634007424,16.7252,58.9503717012703,16.9922,2.0,16.67931,2.0,12.17853,-1.031,43.7055,1.0
58.9167225006968,16.6423,58.9667812008411,14.5813,2.0,16.6793,2.0,11.94827,-0.667717,43.9723,1.0
58.9337001014501,14.9795,58.98349250108,16.6392,2.0,16.67877,2.0,11.03604,-1.171859,41.9112,1.0
58.9503717012703,19.0951,59.0015782006085,19.8014,2.0,16.67952,2.0,9.894,-0.519193,43.5721,1.0
58.9667812008411,16.562,59.0166901005432,15.3496,2.0,16.67948,2.0,12.18622,-0.488973,44.279,1.0
58.98349250108,16.6178,59.0342647014186,17.2214,2.0,16.67946,2.0,11.88576,-0.37885,43.0592,1.0
59.0015782006085,14.6926,59.0505711017177,14.8229,2.0,16.67885,2.0,10.39019,0.234367,43.6703,1.0
59.0166901005432,17.178,59.0675142025575,18.3757,2.0,16.679,2.0,9.864173,-0.909039,43.7996,1.0
59.0342647014186,17.4461,59.0854494022205,16.4536,2.0,16.67924,2.0,11.36315,1.157171,44.9984,1.0
59.0505711017177,17.5269,59.1005355026573,15.1737,2.0,16.6795,2.0,10.10243,-1.011901,44.0047,1.0
59.0675142025575,14.3393,59.1173543017358,18.1791,2.0,16.67878,2.0,9.433339,-0.634085,41.6363,1.0
59.0854494022205,18.019,59.1341679021716,17.1743,2.0,16.6792,2.0,12.28313,-0.259685,45.4936,1.0
59.1005355026573,17.4834,59.1516627017409,15.8718,2.0,16.67944,2.0,9.967201,0.065393,44.6499,1.0
59.1173543017358,15.2098,59.1679466012865,16.2267,2.0,16.67899,2.0,10.71698,0.107477,43.0372,1.0
59.1341679021716,18.0828,59.183501901105,18.0442,2.0,16.67942,2.0,9.619685,-0.440327,44.0561,1.0
59.1516627017409,16.9033,59.2007138002664,16.5821,2.0,16.67949,2.0,11.38271,-1.288288,44.0183,1.0
59.1679466012865,16.6317,59.2175929993391,14.913,2.0,16.67948,2.0,9.210223,0.214499,43.6971,1.0
59.183501901105,14.7124,59.2336860988289,17.7766,2.0,16.67887,2.0,9.391427,-0.636163,41.9789,1.0
59.2007138002664,18.8012,59.2504333984107,16.7847,2.0,16.67952,2.0,11.68539,-0.111814,45.0433,1.0
59.2175929993391,15.5471,59.2680764980614,15.856,2.0,16.67918,2.0,11.3767,0.116677,42.9969,1.0
59.2336860988289,15.6199,59.2853761985898,19.0356,2.0,16.67885,2.0,10.93286,0.345944,43.3289,1.0
59.2504333984107,17.8002,59.3013894986361,15.8907,2.0,16.6792,2.0,11.26541,0.60195,46.7525,1.0
59.2680764980614,17.0836,59.3178549986333,14.8979,2.0,16.67932,2.0,9.866523,0.845402,44.844,1.0
59.2853761985898,15.006,59.3346342984587,16.7191,2.0,16.6788,2.0,9.581456,-1.55174,42.6568,1.0
59.3013894986361,19.2493,59.3514423985034,18.4469,2.0,16.67959,2.0,11.01525,-1.172861,44.3717,1.0
59.3178549986333,15.6533,59.3678296990693,16.8213,2.0,16.67928,2.0,10.7575,-0.175115,43.5703,1.0
59.3346342984587,17.3061,59.3844004999846,14.671,2.0,16.67947,2.0,8.94354,-0.441491,44.7388,1.0
59.3514423985034,14.6301,59.4005261007696,18.0875,2.0,16.67884,2.0,10.83456,-1.549958,42.1028,1.0
59.3678296990693,18.1338,59.4171247016639,16.2557,2.0,16.67929,2.0,12.49771,-1.084853,45.5535,1.0
59.3844004999846,17.071,59.4344774018973,15.6767,2.0,16.67941,2.0,9.523291,-0.067688,43.6841,1.0
59.4005261007696,14.9849,59.4505585022271,15.9754,2.0,16.67889,2.0,9.916758,0.892623,42.2895,1.0
59.4171247016639,17.8571,59.4680525027215,19.3535,2.0,16.67925,2.0,12.84105,-0.335829,43.2806,1.0
59.4344774018973,17.5548,59.486577803269,16.6445,2.0,16.67952,2.0,10.76439,-0.528381,44.7765,1.0
59.4505585022271,16.2775,59.5006640031934,14.0664,2.0,16.6794,2.0,11.26468,-1.551847,43.8655,1.0
59.4680525027215,14.8183,59.5184683036059,19.3658,2.0,16.67883,2.0,10.28683,-1.252825,41.6563,1.0
59.486577803269,18.4337,59.5354553032666,17.4477,2.0,16.67936,2.0,9.919981,-0.163249,46.2038,1.0
59.5006640031934,16.9808,59.5514261033386,13.9329,2.0,16.67945,2.0,11.89765,-1.515011,45.2198,1.0
59.5184683036059,14.9489,59.5680649038404,16.7829,2.0,16.67893,2.0,10.99463,-1.149543,42.1719,1.0
59.5354553032666,18.4123,59.5846146047115,18.0098,2.0,16.67946,2.0,12.63065,0.01213,44.0061,1.0
59.5514261033386,16.2388,59.6016605049372,15.6834,2.0,16.67932,2.0,9.840611,-1.033926,43.6041,1.0
59.5680649038404,17.4099,59.618134604767,16.3604,2.0,16.67954,2.0,12.90404,-0.573109,43.0491,1.0
59.5846146047115,15.7861,59.6350068040192,19.4469,2.0,16.67927,2.0,12.44167,-0.582594,42.0001,1.0
59.6016605049372,17.4822,59.6513036042452,15.6243,2.0,16.67952,2.0,9.750026,0.292778,45.6612,1.0
59.618134604767,15.7196,59.6672915033996,14.3357,2.0,16.67922,2.0,10.69681,0.765381,43.8034,1.0
59.6350068040192,15.518,59.6835373025388,16.1643,2.0,16.67887,2.0,11.64069,-0.294559,42.4203,1.0
59.6513036042452,18.4645,59.7005439028144,18.3159,2.0,16.67941,2.0,10.39102,-0.408979,43.066,1.0
59.6672915033996,16.7996,59.717417402193,17.4948,2.0,16.67945,2.0,9.058719,0.889372,42.9192,1.0
59.6835373025388,16.2724,59.7346202023327,15.0191,2.0,16.67933,2.0,10.46956,0.130039,43.6144,1.0
59.7005439028144,15.2894,59.7513039018959,16.7219,2.0,16.6789,2.0,11.33128,1.009188,42.3618,1.0
59.717417402193,16.4423,59.7680941019207,18.4887,2.0,16.67883,2.0,10.18483,-0.517812,43.7566,1.0
59.7346202023327,18.2521,59.7854083012789,15.5975,2.0,16.67931,2.0,10.43916,-0.50829,45.8408,1.0
59.7513039018959,18.3927,59.8013966009021,15.9237,2.0,16.67983,2.0,9.740112,0.278729,43.187,1.0
59.7680941019207,14.7161,59.8175474014133,16.2249,2.0,16.67923,2.0,10.23401,0.532388,40.719,1.0
59.7854083012789,18.1358,59.8334056008607,15.7786,2.0,16.67968,2.0,11.88499,-0.285543,42.2276,1.0
59.8013966009021,16.6273,59.8513774015009,19.8363,2.0,16.67966,2.0,10.17097,0.287807,39.8716,1.0
59.8175474014133,16.6385,59.8675151020288,16.3882,2.0,16.67965,2.0,11.07401,-0.466298,43.0793,1.0
59.8334056008607,17.3836,59.8852987028658,16.1771,2.0,16.67986,2.0,10.72154,-0.842075,42.8307,1.0
59.8513774015009,14.4482,59.9019531030208,16.4789,2.0,16.67919,2.0,10.02629,-0.550457,41.6249,1.0
59.8675151020288,16.1366,59.917697802186,15.8491,2.0,16.67902,2.0,9.237598,-1.272083,43.6559,1.0
59.8852987028658,18.0662,59.9347814023495,18.5115,2.0,16.67944,2.0,11.74998,0.228803,43.3689,1.0
59.9019531030208,17.0556,59.9503657026216,15.6308,2.0,16.67956,2.0,10.24726,-0.820597,43.8145,1.0
59.917697802186,15.8233,59.9696721034124,17.4759,2.0,16.6793,2.0,9.859283,0.680999,42.3899,1.0
59.9347814023495,15.3921,59.9849491035566,15.2821,2.0,16.67891,2.0,12.4388,-0.275764,44.0424,1.0
59.9503657026216,16.3081,60.0016344031319,18.3283,2.0,16.67879,2.0,9.220097,0.30362,43.9336,1.0
59.9696721034124,18.0397,60.0176432030275,16.4046,2.0,16.6792,2.0,12.02,-0.490365,45.9539,1.0
59.9849491035566,17.0824,60.034400803037,14.635,2.0,16.67933,2.0,10.65296,-0.789285,44.3196,1.0
60.0016344031319,14.9981,60.0515007032081,17.3336,2.0,16.67882,2.0,10.02138,-0.624356,41.8715,1.0
60.0176432030275,18.0249,60.067540303804,17.7039,2.0,16.67923,2.0,10.80937,0.633739,44.2078,1.0
60.034400803037,16.67,60.0853447029367,17.7664,2.0,16.67922,2.0,11.70629,-0.570933,43.8874,1.0
60.0515007032081,17.0534,60.1015550037846,14.7426,2.0,16.67934,2.0,10.41626,-0.419445,44.9834,1.0
60.067540303804,14.7986,60.1186880031601,17.2129,2.0,16.67877,2.0,10.13196,-0.63382,42.6739,1.0
60.0853447029367,19.0271,60.1346873035654,17.3349,2.0,16.67948,2.0,10.62963,-0.808097,45.0787,1.0
60.1015550037846,16.4078,60.1512630032375,17.0089,2.0,16.6794,2.0,10.46434,-0.944884,43.3965,1.0
60.1186880031601,15.9313,60.1675760028884,14.3358,2.0,16.67917,2.0,9.55252,0.246729,43.9979,1.0
60.1346873035654,15.781,60.1857190029696,19.9602,2.0,16.6789,2.0,11.8206,-1.440065,42.4027,1.0
60.1512630032375,18.2166,60.2004905026406,12.7884,2.0,16.67936,2.0,11.97148,-0.506993,46.5823,1.0
60.1675760028884,16.9009,60.2181371022016,19.7639,2.0,16.67943,2.0,10.44437,0.842099,41.1536,1.0
60.1857190029696,16.1041,60.2355490028858,16.8499,2.0,16.67925,2.0,10.99817,0.103412,44.0178,1.0
60.2004905026406,16.7456,60.253318503499,16.1848,2.0,16.67928,2.0,12.63299,0.251537,44.7631,1.0
60.2181371022016,16.7393,60.267321803607,15.5497,2.0,16.67929,2.0,10.133,-0.486338,44.2033,1.0
60.2355490028858,14.9521,60.2860213043168,17.0941,2.0,16.67877,2.0,8.340788,-1.106895,42.9982,1.0
60.253318503499,19.0354,60.3013276038691,16.8877,2.0,16.67948,2.0,11.22936,-0.145863,45.1568,1.0
60.267321803607,16.2299,60.3184703039005,15.6427,2.0,16.67935,2.0,9.322938,-0.84526,43.0093,1.0
60.2860213043168,16.4327,60.3351685041562,18.4116,2.0,16.67927,2.0,11.6382,1.079598,42.4206,1.0
60.3013276038691,15.0744,60.3521755049005,15.5428,2.0,16.67879,2.0,12.28256,0.153455,44.4015,1.0
60.3184703039005,18.8543,60.3679807046428,17.2603,2.0,16.67945,2.0,11.53546,-0.875085,44.8696,1.0
60.3351685041562,16.8487,60.3855773052201,16.1874,2.0,16.6795,2.0,10.5995,1.20205,43.2768,1.0
60.3521755049005,16.0745,60.4022755054757,18.4444,2.0,16.67931,2.0,10.20335,-0.12429,42.6152,1.0
60.3679807046428,17.2392,60.4188784053549,14.6727,2.0,16.67948,2.0,11.17809,-0.187052,44.9786,1.0
60.3855773052201,15.9296,60.4353156061843,17.7248,2.0,16.67926,2.0,10.67825,0.120315,42.4184,1.0
60.4022755054757,17.1781,60.4517068052664,16.6492,2.0,16.67941,2.0,8.18419,-0.774295,44.2161,1.0
60.4188784053549,16.2599,60.4684811057523,16.9011,2.0,16.67928,2.0,11.31515,-0.349352,43.6876,1.0
60.4353156061843,16.4568,60.4844632064924,14.1111,2.0,16.67921,2.0,11.42109,-0.158956,44.3291,1.0
60.4517068052664,15.6609,60.5014157062396,18.2335,2.0,16.67891,2.0,9.488195,-1.075014,41.9842,1.0
60.4684811057523,18.2579,60.5176544068381,15.0081,2.0,16.67938,2.0,9.960852,-0.883221,44.5569,1.0
60.4844632064924,16.6177,60.5345992064103,18.3454,2.0,16.67936,2.0,11.66486,-0.46851,41.3012,1.0
60.5014157062396,16.379,60.5513651063666,15.3307,2.0,16.67927,2.0,11.52261,-0.150273,43.0355,1.0
60.5176544068381,17.9568,60.5688218055293,19.2087,2.0,16.67966,2.0,10.86762,-0.018964,41.9421,1.0
60.5345992064103,16.2621,60.5847738059238,16.2543,2.0,16.67953,2.0,10.51171,-1.338914,43.2393,1.0
60.5513651063666,15.8824,60.6013830052689,15.0189,2.0,16.67929,2.0,11.66117,-1.155538,43.2327,1.0
60.5688218055293,14.8511,60.6177003057674,17.6209,2.0,16.67874,2.0,11.51156,0.221841,42.3683,1.0
60.5847738059238,18.8135,60.6347992056981,15.6241,2.0,16.67938,2.0,9.968514,-0.88025,45.1393,1.0
60.6013830052689,16.51,60.6513546062633,16.4416,2.0,16.67933,2.0,10.63234,0.022461,41.9502,1.0
60.6177003057674,16.3569,60.6685576057062,18.5415,2.0,16.67924,2.0,12.50736,-0.230578,41.8822,1.0
60.6347992056981,16.9016,60.6855420051143,15.4532,2.0,16.6793,2.0,10.97965,-0.900215,44.0681,1.0
60.6513546062633,16.8206,60.7031664056703,19.1939,2.0,16.67935,2.0,10.53664,-0.598962,42.6183,1.0
60.6685576057062,16.0928,60.7176178060472,12.9574,2.0,16.67917,2.0,10.89868,0.089609,44.9937,1.0
60.6855420051143,18.5333,60.7353052068502,17.7449,2.0,16.67973,2.0,11.39972,-0.305416,41.8572,1.0
60.7031664056703,14.7476,60.7521685063839,18.302,2.0,16.67915,2.0,10.60636,-0.516323,41.0711,1.0
60.7176178060472,17.7018,60.7673223065212,13.6147,2.0,16.67945,2.0,10.23829,-0.819571,44.6259,1.0
60.7353052068502,15.357,60.7853274056688,19.6028,2.0,16.67906,2.0,11.28322,0.478544,40.5374,1.0
60.7521685063839,17.4721,60.80381810572,17.0371,2.0,16.67929,2.0,9.771123,-0.770749,44.785,1.0
60.7673223065212,16.6546,60.8182985056192,15.9866,2.0,16.67929,2.0,9.709471,0.040829,44.3498,1.0
60.7853274056688,16.4375,60.8354110047221,15.602,2.0,16.67921,2.0,12.14266,2.165459,43.6815,1.0
60.80381810572,17.2172,60.8523378055543,18.3799,2.0,16.67938,2.0,10.84325,-0.033787,42.847,1.0
60.8182985056192,17.4194,60.8687455058098,14.9247,2.0,16.6796,2.0,10.53757,-0.82268,44.0098,1.0
60.8354110047221,16.3133,60.884973404929,17.6914,2.0,16.67949,2.0,11.00984,0.726266,41.5165,1.0
60.8523378055543,15.8844,60.9016300048679,15.1923,2.0,16.67925,2.0,9.069287,-0.366196,42.8882,1.0
60.8687455058098,17.4456,60.9202607050538,20.1886,2.0,16.67948,2.0,9.66768,-1.243525,42.2028,1.0
60.884973404929,16.21,60.9371564052999,15.3783,2.0,16.67934,2.0,9.920134,0.379271,44.9465,1.0
60.9016300048679,16.5115,60.9521186053753,14.7897,2.0,16.67929,2.0,10.4802,-1.567994,44.1153,1.0
60.9202607050538,15.1042,60.9692984055728,18.8942,2.0,16.67882,2.0,11.57053,-0.358697,42.3938,1.0
60.9371564052999,18.0668,60.9854719061404,14.4021,2.0,16.67923,2.0,11.00193,0.009938,46.1834,1.0
60.9521186053753,17.3183,61.0020975060761,18.2555,2.0,16.67942,2.0,10.93219,-0.41506,42.5198,1.0
60.9692984055728,15.6382,61.0202707052231,16.6148,2.0,16.67911,2.0,12.8904,-1.317486,43.4572,1.0
60.9854719061404,16.823,61.0357258049771,17.1066,2.0,16.67916,2.0,10.14956,0.500382,44.4339,1.0
61.0020975060761,16.8913,61.0513125052676,14.0266,2.0,16.67922,2.0,9.50966,-1.467754,44.7174,1.0
61.0202707052231,17.2083,61.0693229055032,19.679,2.0,16.67938,2.0,11.74379,-0.067277,41.8532,1.0
61.0357258049771,16.208,61.0856054062024,14.7009,2.0,16.67924,2.0,10.92552,-0.555103,44.324,1.0
61.0513125052676,16.9899,61.1023098053411,17.9981,2.0,16.67933,2.0,8.956354,-0.610109,42.8172,1.0
61.0693229055032,16.2234,61.1193254059181,15.8165,2.0,16.67919,2.0,12.86618,-1.498087,43.8199,1.0
61.0856054062024,17.1993,61.1360646067187,18.2491,2.0,16.67935,2.0,9.752203,-0.188314,43.42,1.0
61.1023098053411,16.5671,61.1521394075826,14.4156,2.0,16.67931,2.0,11.49201,-0.508389,44.4695,1.0
61.1193254059181,17.2217,61.1689612073824,18.1793,2.0,16.67948,2.0,11.80159,-1.388633,42.3184,1.0
61.1360646067187,15.9485,61.186486707069,17.7713,2.0,16.67926,2.0,11.00631,-0.251309,43.2764,1.0
61.1521394075826,16.9741,61.2030323063955,14.9074,2.0,16.67935,2.0,9.748389,0.266851,45.0916,1.0
61.1689612073824,15.4529,61.2189141055569,17.3112,2.0,16.67898,2.0,11.70673,-0.462525,43.0289,1.0
61.186486707069,18.0232,61.2365349056199,16.2217,2.0,16.67938,2.0,11.45021,0.162726,44.8916,1.0
61.2030323063955,16.503,61.2522074049339,16.9652,2.0,16.67933,2.0,9.889649,0.270888,43.0917,1.0
61.2189141055569,17.2083,61.2687099045143,17.1005,2.0,16.67949,2.0,10.76593,-0.768151,43.5537,1.0
61.2365349056199,16.3856,61.2861145036295,15.4259,2.0,16.6794,2.0,10.19397,0.007034,43.4471,1.0
61.2522074049339,14.5639,61.3022853033617,18.049,2.0,16.67877,2.0,9.086412,-0.069931,42.4874,1.0
61.2687099045143,18.3235,61.3201591027901,16.2013,2.0,16.67926,2.0,10.99175,-0.182776,45.9716,1.0
61.2861145036295,16.5211,61.3356609027833,16.8067,2.0,16.67921,2.0,10.23887,0.016008,43.8499,1.0
61.3022853033617,15.8901,61.3526472020894,17.3877,2.0,16.67898,2.0,9.412931,-0.791161,44.1265,1.0
61.3201591027901,17.6096,61.3690048027784,14.5823,2.0,16.67925,2.0,11.39958,-1.537247,45.6347,1.0
61.3356609027833,15.7727,61.3860687036067,18.8377,2.0,16.67899,2.0,9.474792,0.522413,42.6073,1.0
61.3526472020894,17.7818,61.4023665040731,14.5142,2.0,16.67931,2.0,11.18506,0.221755,45.6724,1.0
61.3690048027784,15.9923,61.4194221049547,16.9774,2.0,16.67911,2.0,11.96635,1.103788,42.4057,1.0
61.3860687036067,17.4034,61.4358645044267,18.0618,2.0,16.67932,2.0,11.25929,-0.221954,43.3906,1.0
61.4023665040731,16.7371,61.4527179040015,15.0691,2.0,16.67934,2.0,9.053545,-0.907967,44.05,1.0
61.4194221049547,16.2732,61.4689348042011,17.9946,2.0,16.67922,2.0,11.19251,-0.837959,42.3831,1.0
61.4358645044267,16.9765,61.4861299041659,15.646,2.0,16.67931,2.0,8.692254,0.226614,44.1046,1.0
61.4527179040015,17.0233,61.5024655032903,17.7906,2.0,16.67941,2.0,9.632167,-0.902217,42.7739,1.0
61.4689348042011,16.0983,61.5206012036651,16.6862,2.0,16.67924,2.0,12.14616,0.484313,43.5421,1.0
61.4861299041659,16.5691,61.5365719031543,17.4373,2.0,16.6792,2.0,10.52049,0.03786,44.13,1.0
61.5024655032903,16.8045,61.5522942040116,14.0838,2.0,16.67924,2.0,9.369117,-0.07862,44.9982,1.0
61.5206012036651,17.8357,61.5702865049243,19.4066,2.0,16.67958,2.0,12.13869,0.378741,42.2784,1.0
61.5365719031543,15.6469,61.5861906055361,16.332,2.0,16.67928,2.0,9.04304,-0.334036,43.8497,1.0
61.5522942040116,17.5103,61.6036944054067,15.782,2.0,16.67952,2.0,9.05482,-1.241498,44.5345,1.0
61.5702865049243,14.4726,61.6193260047585,17.1003,2.0,16.67887,2.0,11.05466,0.382008,42.806,1.0
61.5861906055361,18.8806,61.6369913052768,16.0104,2.0,16.67952,2.0,10.47294,0.019904,45.4349,1.0
61.6036944054067,16.1261,61.6524427048862,15.5138,2.0,16.67936,2.0,9.766098,-0.350923,42.5641,1.0
61.6193260047585,17.3464,61.6688349042088,17.8554,2.0,16.67956,2.0,12.25889,-0.900617,41.9536,1.0
61.6369913052768,16.6492,61.6861859038472,15.909,2.0,16.67955,2.0,10.7002,-0.378121,42.4633,1.0
61.6524427048862,16.4736,61.7035987041891,19.0921,2.0,16.67949,2.0,9.694323,-1.019066,41.722,1.0
61.6688349042088,16.9066,61.720565803349,17.0595,2.0,16.67955,2.0,9.767717,-0.970032,44.3425,1.0
61.6861859038472,16.127,61.7362943030894,13.8993,2.0,16.67939,2.0,12.19092,-0.443652,44.491,1.0
61.7035987041891,15.5524,61.7526995036751,18.3442,2.0,16.67906,2.0,11.77827,0.390776,42.2669,1.0
61.720565803349,18.3395,61.7727299034595,18.3301,2.0,16.67955,2.0,10.75873,-0.045448,45.06,1.0
