4.01693679252639, 17.0668,4.18258119141683, 12.118,0,17.0668,9,-34.42213,-0.663167,165.951104,0,0,0,0
4.03486039163545, 16.3238,4.19995369156823, 19.3944,1,16.6953,9,-4.233133,-0.898934,160.401296,0,0,0,0
4.05162579240277, 16.3265,4.21779369143769, 15.741,2,16.57237,8,16.32217,1.508799,164.322592,0,0,0,0
4.06763709196821, 15.3979,4.23461509076878, 18.778,3,16.27875,7,16.94773,-0.123168,163.736992,0,0,0,0
4.08493319200352, 18.2668,4.25014209048823, 14.4505,4,16.67636,6,17.2041,-0.282735,167.108896,0,0,0,0
4.10184409143403, 15.2217,4.26715129101649, 16.0357,5,16.43392,9,14.79477,-0.989902,163.292,0,0,0,0
4.11770779127255, 16.0939,4.28451509075239, 19.2651,6,16.38534,9,16.35933,-0.535069,164.117296,0,0,0,0
4.13436919124797, 16.707,4.30071859108284, 14.4706,7,16.42555,9,16.5821,0.402464,167.2888,0,0,0,0
4.15238159196451, 19.2341,4.3171373908408, 18.2286,8,16.73761,9,17.27817,-1.088803,165.052304,0,0,0,0
4.16706649167463, 15.3004,4.33475319156423, 18.6024,9,16.59389,9,16.10594,0.02133,164.045792,0,0,0,0
4.23461509076878, 70.9665,4.35025279177353, 12.7332,9,21.53685,10,15.9023,-0.232537,167.352992,0,0,0,0
4.23461509076878, 0.5179,4.36748919216916, 19.9934,6,19.78527,9,17.39047,-0.871167,109.1194,0,0,0,0
4.23461509076878, 1.9892,4.38285119226202, 12.5311,7,18.41635,10,16.13334,-0.048734,128.595904,0,0,0,0
4.23461509076878, 1.8942,4.40193819208071, 20.6648,8,17.23619,9,-54.221,-0.311201,139.1376,0,0,0,0
4.25014209048823, 8.6189,4.41716699162498, 15.6454,9,16.66171,10,5.983767,0.610232,157.9088,0,0,0,0
4.26715129101649, 17.0522,4.43301399098709, 13.7739,9,16.68611,9,12.37513,0.079965,164.935008,0,0,0,0
4.28451509075239, 16.3974,4.44998459005728, 18.6688,9,16.66913,9,9.283101,-0.603302,161.655904,0,0,0,0
4.30071859108284, 16.9066,4.46661309013143, 15.0121,9,16.68232,9,8.217568,-1.304169,163.925792,0,0,0,0
4.3171373908408, 14.4218,4.48317929031327, 17.8829,9,16.56335,9,8.912735,-0.076236,162.036608,0,0,0,0
4.33475319156423, 18.2581,4.50088829034939, 16.331,9,16.64808,9,8.502802,0.472497,165.498,0,0,0,0
4.35025279177353, 16.8701,4.51757358992472, 18.7012,9,16.65866,9,9.905369,-0.49177,163.571104,0,0,0,0
4.36748919216916, 16.0746,4.53316628979519, 13.6115,9,16.63211,10,8.826936,0.285463,165.402208,0,0,0,0
4.38285119226202, 17.7576,4.55027229012921, 19.0671,9,16.68104,9,8.670803,-0.008704,162.939008,0,0,0,0
4.40193819208071, 14.4604,4.56717189075425, 14.9876,9,16.58852,9,7.94807,-0.250071,164.248704,0,0,0,0
4.41716699162498, 18.243,4.58312799083069, 17.6977,9,16.6547,9,10.15024,0.772562,164.776304,0,0,0,0
4.43301399098709, 17.4872,4.59953519003466, 14.6802,9,16.68671,9,8.655404,-0.099605,164.2312,0,0,0,0
4.44998459005728, 15.6245,4.61648438917473, 16.9537,9,16.64737,9,8.722671,1.552128,161.424,0,0,0,0
4.46661309013143, 18.1653,4.63316588895395, 18.2891,9,16.70159,9,10.83504,0.147761,162.753792,0,0,0,0
4.48317929031327, 14.4645,4.64962658891454, 14.7516,9,16.62444,9,6.593705,0.304494,162.8776,0,0,0,0
4.50088829034939, 17.825,4.66627408983186, 18.4456,9,16.66446,9,9.328272,0.422927,163.164992,0,0,0,0
4.51757358992472, 14.7016,4.68306608917192, 14.951,9,16.60114,9,8.749339,-0.28604,163.785904,0,0,0,0
4.53316628979519, 18.811,4.69952368969098, 18.2559,9,16.6702,9,8.851206,-0.671607,164.035392,0,0,0,0
4.55027229012921, 15.9913,4.71654488937929, 15.3425,9,16.64963,9,9.225973,-0.592374,163.479504,0,0,0,0
4.56717189075425, 17.0153,4.73343968996778, 18.3178,9,16.66039,9,9.98464,-0.540841,162.829296,0,0,0,0
4.58312799083069, 16.0274,4.75020369002596, 15.232,9,16.6423,9,8.511107,0.219192,164.1392,0,0,0,0
4.59953519003466, 17.9853,4.76700509013608, 18.7982,9,16.67961,9,8.845574,-0.357575,163.344096,0,0,0,0
4.61648438917473, 18.4532,4.78383858921006, 15.0509,9,16.72754,9,9.101341,-0.438342,164.1572,0,0,0,0
4.63316588895395, 14.9575,4.79961158940569, 17.192,9,16.68096,9,10.42921,0.696191,160.754896,0,0,0,0
4.64962658891454, 17.082,4.81824098946527, 17.14,9,16.69124,9,8.620175,0.117424,162.990208,0,0,0,0
4.66627408983186, 15.7405,4.83282928960398, 16.1165,9,16.66747,9,8.760642,-0.295943,163.047504,0,0,0,0
4.68306608917192, 17.0619,4.85058029042557, 16.1827,9,16.6771,9,10.30311,-0.57721,163.424192,0,0,0,0
4.69952368969098, 16.5917,4.86733799101785, 18.5984,9,16.67506,9,7.701276,-0.875177,162.544096,0,0,0,0
4.71654488937929, 17.1464,4.88323359051719, 13.8766,9,16.68602,9,8.233843,-0.398344,164.552496,0,0,0,0
4.73343968996778, 16.4655,4.90025248983875, 18.6007,9,16.68101,9,8.64681,0.795989,161.282304,0,0,0,0
4.75020369002596, 16.0672,4.91674148896709, 14.978,9,16.66737,9,8.921377,-0.510278,163.406896,0,0,0,0
4.76700509013608, 16.6435,4.93423788854852, 19.0255,9,16.66685,9,8.754644,-0.110545,162.329104,0,0,0,0
4.78383858921006, 17.6076,4.95229758927599, 16.7507,9,16.68687,9,10.70331,-1.197212,164.711504,0,0,0,0
4.79961158940569, 15.9063,4.96771488944069, 17.2099,9,16.67061,9,7.510378,0.221621,163.853504,0,0,0,0
4.81824098946527, 17.5545,4.98327228939161, 13.6497,9,16.68864,9,9.269345,0.223554,165.158304,0,0,0,0
4.83282928960398, 16.147,5.0005924901925, 18.886,9,16.67781,9,7.817712,-0.609813,161.253408,0,0,0,0
4.85058029042557, 17.4419,5.01734808972105, 15.112,9,16.69279,9,11.46058,-0.70958,163.992896,0,0,0,0
4.86733799101785, 15.3261,5.03415448917076, 18.7333,9,16.66651,9,8.082246,-0.616147,161.663008,0,0,0,0
4.88323359051719, 17.1276,5.04991638986394, 13.7576,9,16.67521,9,8.353213,0.606386,165.070592,0,0,0,0
4.90025248983875, 17.0288,5.0672824899666, 19.2088,9,16.68176,9,10.46248,-0.509981,161.700992,0,0,0,0
4.91674148896709, 17.2294,5.08495888998732, 16.1076,9,16.69172,9,9.165847,0.614352,163.880992,0,0,0,0
4.93423788854852, 15.4094,5.09954618988559, 16.1262,9,16.66882,9,8.688614,-0.656115,162.759104,0,0,0,0
4.95229758927599, 18.1363,5.11733999056742, 16.1662,9,16.69456,9,9.542281,0.046718,163.476304,0,0,0,0
4.96771488944069, 15.1289,5.13314399076626, 17.2509,9,16.66757,9,9.019148,-0.299149,161.506096,0,0,0,0
4.98327228939161, 17.9506,5.15231428993866, 17.9454,9,16.68932,9,8.860315,0.675884,163.6284,0,0,0,0
5.0005924901925, 16.6811,5.16741409013048, 16.4799,9,16.68918,9,11.12858,0.244217,163.622896,0,0,0,0
5.01734808972105, 15.9308,5.18401199067011, 14.8805,9,16.67674,9,8.626049,-0.17855,163.422896,0,0,0,0
5.03415448917076, 17.3153,5.20206389063969, 20.3098,9,16.68704,9,10.61632,0.885683,162.372496,0,0,0,0
5.04991638986394, 16.4655,5.21736649097875, 14.7012,9,16.68353,10,8.196083,-0.601084,165.367392,0,0,0,0
5.0672824899666, 17.1221,5.23436639131978, 15.3113,9,16.69038,9,8.49345,-1.061351,163.602704,0,0,0,0
5.08495888998732, 16.3714,5.24953359132633, 17.0739,9,16.68547,9,10.34672,0.742182,161.790896,0,0,0,0
5.09954618988559, 15.7905,5.2673931918107, 16.0932,9,16.67191,9,7.501484,0.168215,162.492896,0,0,0,0
5.11733999056742, 17.9616,5.28428029222414, 18.5499,9,16.69116,9,8.898551,-0.671652,162.8004,0,0,0,0
5.13314399076626, 16.1567,5.30060959188268, 14.5534,9,16.6833,9,9.405318,0.595381,163.388496,0,0,0,0
5.15231428993866, 17.0401,5.31732669239864, 18.4475,9,16.68847,9,8.325085,-0.869186,161.786,0,0,0,0
5.16741409013048, 16.1923,5.33433149149641, 15.2539,9,16.68139,9,8.158052,-0.394353,163.193408,0,0,0,0
5.18401199067011, 16.748,5.35100769205019, 18.5418,9,16.68232,9,9.126219,0.70058,162.255392,0,0,0,0
5.20206389063969, 14.6804,5.36839889129624, 15.4412,9,16.65452,9,8.493086,1.442513,164.049296,0,0,0,0
5.21736649097875, 19.4646,5.38436579098925, 17.757,9,16.69301,9,9.480653,0.008246,164.810096,0,0,0,0
5.23436639131978, 15.9865,5.40223549073562, 16.3173,9,16.68347,9,10.47622,-0.264821,163.102704,0,0,0,0
5.24953359132633, 16.7635,5.41720379097387, 16.5402,9,16.68453,9,8.338487,0.581712,163.434,0,0,0,0
5.2673931918107, 17.2836,5.43571389047429, 16.7639,9,16.69242,9,6.807754,-0.285655,163.2112,0,0,0,0
5.28428029222414, 15.7331,5.44999479083344, 15.8342,9,16.67996,9,10.01032,-0.499822,162.691296,0,0,0,0
5.30060959188268, 16.7605,5.46865429123864, 17.1333,9,16.68099,9,8.415788,-0.172789,162.7928,0,0,0,0
5.31732669239864, 17.212,5.48432259215042, 17.3907,9,16.68771,9,8.773555,-0.427456,163.1656,0,0,0,0
5.33433149149641, 16.7304,5.50206499127671, 21.0151,9,16.68825,9,8.756722,-0.684123,163.344704,0,0,0,0
5.35100769205019, 16.1843,5.51774029200897, 10.9586,9,16.68202,10,10.38999,-0.67459,167.629408,0,0,0,0
5.36839889129624, 16.961,5.53421509219334, 16.3892,9,16.68542,9,8.472756,-0.192857,162.404304,0,0,0,0
5.38436579098925, 14.6127,5.55210829293355, 19.8918,9,16.66045,9,9.701023,-0.242324,161.832704,0,0,0,0
5.40223549073562, 18.3939,5.56754189310595, 13.2668,9,16.68109,9,10.44809,0.493709,167.111504,0,0,0,0
5.41720379097387, 15.3022,5.58427009312436, 18.5181,9,16.66487,9,10.13286,0.440042,161.984896,0,0,0,0
5.43571389047429, 18.6516,5.60204619308934, 18.4224,9,16.68797,9,10.84082,-0.700325,165.201296,0,0,0,0
5.44999479083344, 14.0572,5.6173095931299, 12.7379,9,16.65773,9,9.404291,-0.799392,164.972192,0,0,0,0
5.46865429123864, 19.1117,5.63398789288476, 16.7459,9,16.68562,9,10.00216,-0.234259,163.6528,0,0,0,0
5.48432259215042, 14.8092,5.6504658930935, 18.1247,9,16.66453,9,8.799425,0.887874,161.287392,0,0,0,0
5.50206499127671, 18.6761,5.66824149386957, 16.1002,9,16.68688,9,10.85039,-0.445093,164.603104,0,0,0,0
5.51774029200897, 15.9723,5.68407989339903, 17.5571,9,16.67903,9,9.874159,-0.46436,162.009408,0,0,0,0
5.53421509219334, 16.6615,5.70186069281772, 16.0938,9,16.67884,9,10.11433,-0.824427,163.6132,0,0,0,0
5.55210829293355, 17.2329,5.71760959224775, 17.5745,9,16.6848,9,7.788593,-0.826794,163.045408,0,0,0,0
5.56754189310595, 16.0891,5.73430599132553, 14.9043,9,16.67846,9,10.67196,-0.446961,163.387104,0,0,0,0
5.58427009312436, 16.029,5.75087289186195, 18.4842,9,16.67162,9,9.889827,-0.648028,162.202592,0,0,0,0
5.60204619308934, 17.5543,5.76798089267686, 15.193,9,16.68082,9,10.53019,-0.004495,164.6568,0,0,0,0
5.6173095931299, 16.8161,5.7843816918321, 18.4701,9,16.68221,9,10.16066,-0.877662,162.296896,0,0,0,0
5.63398789288476, 16.859,5.80196679243818, 15.5393,9,16.68402,9,10.51653,-0.141529,163.9512,0,0,0,0
5.6504658930935, 16.623,5.81803269172087, 18.2089,9,16.6834,9,9.286895,0.292804,162.6316,0,0,0,0
5.66824149386957, 17.17,5.83377199107781, 13.5347,9,16.68827,9,10.54236,-0.960263,164.217696,0,0,0,0
5.68407989339903, 16.2208,5.85183919081464, 20.1448,9,16.68364,9,10.00053,-0.41453,160.582208,0,0,0,0
5.70186069281772, 16.1477,5.868056491483, 14.1184,9,16.67838,9,10.2138,-0.850897,164.506592,0,0,0,0
5.71760959224775, 17.4536,5.8853670922108, 19.145,9,16.68591,9,8.761963,-0.228464,162.4776,0,0,0,0
5.73430599132553, 15.1814,5.90378739172593, 17.8889,9,16.67144,10,10.17363,-0.223831,164.168896,0,0,0,0
5.75087289186195, 17.5297,5.91852219169959, 15.2996,9,16.67962,9,10.5696,0.542702,166.8768,0,0,0,0
5.76798089267686, 16.4009,5.93405129155144, 15.2726,9,16.67699,10,10.62546,-0.326465,164.647104,0,0,0,0
5.7843816918321, 18.2764,5.95185759244487, 16.3086,9,16.69194,9,9.219131,-0.162532,163.519008,0,0,0,0
5.80196679243818, 15.3337,5.96818469231948, 18.0206,9,16.67936,9,9.319698,-0.756099,161.551104,0,0,0,0
5.81803269172087, 16.1228,5.98500469280407, 14.9748,9,16.67425,9,9.750765,-0.296966,164.238496,0,0,0,0
5.83377199107781, 17.6223,6.00080609275028, 17.6372,9,16.68287,9,9.298632,-0.756433,163.090496,0,0,0,0
5.85183919081464, 17.1243,6.01728399237618, 16.3013,9,16.68685,9,8.944499,-0.7024,163.105696,0,0,0,0
5.868056491483, 16.0579,6.03497419273481, 16.1039,9,16.68123,9,10.39027,-0.100967,162.282896,0,0,0,0
5.8853670922108, 14.5129,6.05127249239013, 17.8553,9,16.66204,9,9.313533,0.610466,162.328896,0,0,0,0
5.90378739172593, 17.9273,6.06819049222395, 17.246,9,16.67314,9,8.9488,-1.293201,165.671504,0,0,0,0
5.91852219169959, 15.1947,6.08521359181032, 15.1168,9,16.66029,9,10.14557,-0.217168,164.9896,0,0,0,0
5.93405129155144, 18.9539,6.10115309199318, 17.8409,9,16.68006,9,9.492134,0.816465,164.912704,0,0,0,0
5.95185759244487, 16.5223,6.1177041917108, 14.5675,9,16.67871,9,9.860201,-0.825402,163.8,0,0,0,0
5.96818469231948, 17.7463,6.13496599113569, 17.2149,9,16.68776,9,9.659468,0.253431,161.845104,0,0,0,0
5.98500469280407, 16.088,6.15339289186522, 21.1181,9,16.68272,9,9.028435,0.839064,161.314208,0,0,0,0
6.00080609275028, 14.9173,6.16852689208463, 14.4884,9,16.66801,10,9.612702,-0.711103,166.344304,0,0,0,0
6.01728399237618, 18.8161,6.1858391915448, 15.3917,9,16.68576,9,8.430169,-0.05387,165.915296,0,0,0,0
6.03497419273481, 16.4879,6.203052891884, 19.3135,9,16.68414,9,8.316136,-0.071137,162.490896,0,0,0,0
6.05127249239013, 15.5392,6.21790359215811, 14.3435,9,16.67483,10,8.741303,-0.949204,165.317408,0,0,0,0
6.06819049222395, 18.051,6.2337349918671, 14.13,9,16.68593,9,9.45317,0.321629,164.121296,0,0,0,0
6.08521359181032, 16.65,6.25214449176565, 20.1005,9,16.68564,9,8.074037,-0.708038,160.200992,0,0,0,0
6.10115309199318, 16.6734,6.26826599100605, 14.4911,9,16.68554,9,9.667404,-0.462305,163.6508,0,0,0,0
6.1177041917108, 18.1827,6.28521099174395, 18.7368,9,16.69733,9,9.270271,-0.561772,161.469792,0,0,0,0
6.13496599113569, 14.2975,6.30354449199513, 16.624,9,16.67858,9,7.429838,0.703361,162.023808,0,0,0,0
6.15339289186522, 16.1766,6.31937539251521, 17.3905,9,16.67469,9,8.056605,-0.832906,164.349104,0,0,0,0
6.16852689208463, 15.3817,6.33494659280404, 13.8948,9,16.66475,9,11.93707,1.571127,165.5616,0,0,0,0
6.1858391915448, 18.7264,6.35212639300153, 19.311,9,16.68048,9,8.563139,-1.40484,164.081296,0,0,0,0
6.203052891884, 14.5957,6.36957529326901, 15.2233,9,16.66469,9,7.600606,0.681393,164.666,0,0,0,0
6.21790359215811, 19.0219,6.38536809338257, 17.6517,9,16.68241,9,9.084273,-0.825474,165.293904,0,0,0,0
6.2337349918671, 15.8317,6.40361499367282, 16.8555,9,16.67606,9,6.88724,0.628159,163.923904,0,0,0,0
6.25214449176565, 17.082,6.41912349360064, 17.0374,9,16.67907,9,11.15401,-0.928508,164.948,0,0,0,0
6.26826599100605, 16.8685,6.43664419325069, 15.634,9,16.68046,9,6.769074,-0.417375,164.903696,0,0,0,0
6.28521099174395, 14.9169,6.45218019327149, 17.9407,9,16.66759,9,10.34304,0.863158,163.669792,0,0,0,0
6.30354449199513, 19.6363,6.47063309280202, 16.3591,9,16.6891,10,6.914708,0.014491,166.693696,0,0,0,0
6.31937539251521, 14.5486,6.4853566926904, 16.0956,9,16.6737,9,9.730275,-0.449776,163.416896,0,0,0,0
6.33494659280404, 18.3975,6.50393329234794, 17.1279,9,16.68602,9,9.445642,-0.387543,164.964,0,0,0,0
6.35212639300153, 14.1986,6.51788829220459, 15.9412,9,16.66838,9,8.104209,-0.77181,163.694096,0,0,0,0
6.36957529326901, 18.7685,6.53655299311504, 16.4955,9,16.68317,9,8.323376,-0.202277,165.436496,0,0,0,0
6.38536809338257, 15.6469,6.5521806939505, 17.283,9,16.67592,9,9.718143,0.654756,163.164304,0,0,0,0
6.40361499367282, 16.8542,6.57048859400675, 16.6386,9,16.67716,9,11.88371,-1.348111,164.8004,0,0,0,0
6.41912349360064, 15.5603,6.58504379400983, 16.2312,9,16.66945,9,10.36978,0.461122,164.585696,0,0,0,0
6.43664419325069, 19.1842,6.60346979321912, 16.8173,9,16.68668,9,10.01034,-0.644245,165.256304,0,0,0,0
6.45218019327149, 13.8208,6.61811069352552, 16.3089,9,16.66718,9,8.780011,0.192688,162.890096,0,0,0,0
6.47063309280202, 18.5266,6.63662139279768, 16.7044,9,16.67975,9,13.02308,-0.621879,165.3776,0,0,0,0
6.4853566926904, 14.8412,6.65095079271123, 14.4584,9,16.66741,9,8.681245,0.720154,163.556192,0,0,0,0
6.50393329234794, 19.0764,6.6675948924385, 18.3568,9,16.68347,9,12.26411,1.318587,163.173104,0,0,0,0
6.51788829220459, 14.8225,6.68564069224522, 16.2973,9,16.67114,9,8.826779,0.23622,162.454304,0,0,0,0
6.53655299311504, 18.4151,6.70227089291438, 18.2629,9,16.68262,9,12.10525,-0.173447,163.928304,0,0,0,0
6.5521806939505, 13.971,6.7206667936407, 16.8244,9,16.66489,9,8.269313,0.945986,163.777408,0,0,0,0
6.57048859400675, 18.6809,6.73534879321232, 14.6735,9,16.67798,9,7.13698,-0.413481,166.6308,0,0,0,0
6.58504379400983, 15.9458,6.75151149230078, 16.072,9,16.67326,9,8.276547,-0.485748,162.623904,0,0,0,0
6.60346979321912, 17.854,6.76887569250539, 17.2649,9,16.68083,8,11.49181,0.322785,162.750304,0,0,0,0
6.61811069352552, 15.0113,6.78717529261485, 20.8846,9,16.6702,7,7.923881,1.700418,162.162,0,0,0,0
6.63662139279768, 18.1506,6.8021924928762, 12.8844,9,16.67957,10,8.800748,-0.472549,168.0352,0,0,0,0
6.65095079271123, 16.3011,6.81859099352732, 18.2405,9,16.67719,9,12.05132,0.335684,162.768992,0,0,0,0
6.6675948924385, 16.4156,6.83495229342952, 14.1589,9,16.67555,9,9.108982,-0.271083,164.7084,0,0,0,0
6.68564069224522, 17.7238,6.85243239300326, 19.496,9,16.68206,9,7.124149,-0.75665,162.452992,0,0,0,0
6.70227089291438, 15.7725,6.86947399238124, 14.9704,9,16.67645,9,10.08622,0.409383,164.224608,0,0,0,0
6.7206667936407, 18.2962,6.88459029281512, 16.933,9,16.68638,9,8.566583,0.462916,163.4228,0,0,0,0
6.76887569250539, 54.7275,6.90362929226831, 17.2906,9,16.91834,9,8.91175,-0.987251,162.059904,0,0,0,0
6.76887569250539, 1.7228,6.91858199192211, 16.7354,7,16.82625,9,9.246317,-0.023518,124.6228,0,0,0,0
6.76887569250539, 1.9779,6.93577909236774, 17.3831,8,16.7368,9,8.039484,-0.487085,139.6372,0,0,0,0
6.78717529261485, 6.4466,6.95271389326081, 15.1844,9,16.67518,9,9.909151,0.750948,155.042304,0,0,0,0
6.8021924928762, 17.5671,6.96911499416456, 17.848,9,16.68049,9,9.325018,0.111281,163.778704,0,0,0,0
6.81859099352732, 16.134,6.98681439412758, 16.1736,9,16.67726,9,8.536685,-1.112886,164.060704,0,0,0,0
6.83495229342952, 17.3969,7.00324699422345, 18.2217,9,16.68149,9,8.242152,0.535847,164.100096,0,0,0,0
6.85243239300326, 14.398,7.0188680938445, 15.8231,9,16.66814,10,9.184719,0.18668,164.9252,0,0,0,0
6.86947399238124, 18.5651,7.03541869437322, 14.3921,9,16.67916,9,8.503986,-0.261687,166.3508,0,0,0,0
6.88459029281512, 15.2119,7.05195029405877, 18.8075,9,16.67068,9,10.87655,-0.760854,162.177408,0,0,0,0
6.90362929226831, 18.7413,7.06921819364652, 15.1684,9,16.68258,9,8.11642,-0.180121,165.773792,0,0,0,0
6.91858199192211, 15.3355,7.08523769443855, 17.6391,9,16.67489,9,8.697287,-0.012988,162.200896,0,0,0,0
6.93577909236774, 17.2241,7.10201589530334, 15.3118,9,16.67801,9,8.637354,-0.153555,164.505296,0,0,0,0
6.95271389326081, 16.9637,7.11841759597883, 17.8742,9,16.67962,9,10.06242,-0.736622,162.592704,0,0,0,0
6.96911499416456, 17.3387,7.13514979509637, 14.8977,9,16.68332,9,9.422888,0.100911,163.503392,0,0,0,0
6.98681439412758, 16.9484,7.15192579431459, 18.6997,9,16.6848,9,9.278655,-0.875156,161.063008,0,0,0,0
7.00324699422345, 13.5957,7.16861569462344, 16.7071,9,16.66764,9,8.976322,-0.123723,162.814496,0,0,0,0
7.0188680938445, 18.1755,7.18523299461231, 14.9272,9,16.67597,9,10.29999,-0.33639,165.925296,0,0,0,0
7.03541869437322, 17.1693,7.20235669380054, 18.8745,9,16.67868,9,9.914156,0.524543,162.6776,0,0,0,0
7.05195029405877, 15.7808,7.21882039448246, 16.2311,9,16.67378,9,9.159923,-1.091624,164.382896,0,0,0,0
7.06921819364652, 17.5167,7.23549109464511, 14.9496,9,16.67836,9,11.44789,-0.065591,164.8336,0,0,0,0
7.08523769443855, 17.053,7.25242099491879, 18.9972,9,16.68038,9,8.385057,0.953142,162.2668,0,0,0,0
7.10201589530334, 16.5771,7.26843849522993, 13.9874,9,16.67983,9,8.608324,-1.097525,164.211008,0,0,0,0
7.11841759597883, 19.4823,7.28506829543039, 16.5557,9,16.69481,9,9.275191,-0.193692,161.6212,0,0,0,0
7.13514979509637, 14.3857,7.3027730952017, 20.0261,9,16.68253,9,8.747258,0.896841,158.6952,0,0,0,0
7.15192579431459, 13.286,7.31920959567651, 14.2435,9,16.66456,9,7.705825,-0.282626,164.3356,0,0,0,0
7.16861569462344, 18.3514,7.33487309655175, 17.7658,9,16.67344,9,12.46209,-0.313193,165.293408,0,0,0,0
7.18523299461231, 17.7041,7.35177289647982, 15.1011,9,16.67884,9,9.048559,0.90634,164.708496,0,0,0,0
7.20235669380054, 14.6207,7.36967059737071, 19.6837,9,16.66812,9,7.444326,0.246173,162.1048,0,0,0,0
7.21882039448246, 19.712,7.38567619724199, 13.8647,9,16.68389,10,8.510893,-0.266494,167.168608,0,0,0,0
7.23549109464511, 15.8665,7.40287679759786, 17.2492,9,16.67967,9,9.84056,0.039239,161.321504,0,0,0,0
7.25242099491879, 16.5953,7.41882019815966, 17.6873,9,16.67924,9,9.012327,-0.522728,162.7044,0,0,0,0
7.26843849522993, 17.0153,7.43529959907755, 14.7883,9,16.68096,9,8.390294,0.067905,163.7964,0,0,0,0
7.28506829543039, 16.4562,7.45220419904217, 18.7209,9,16.67982,9,11.88476,0.762138,161.5696,0,0,0,0
7.3027730952017, 16.2677,7.46979219978675, 15.6657,9,16.67773,9,9.256028,-0.728129,163.834592,0,0,0,0
7.31920959567651, 17.0767,7.48629100015387, 17.9496,9,16.67974,9,10.37589,-0.166296,163.232192,0,0,0,0
7.33487309655175, 17.014,7.50259149959311, 16.5815,9,16.68141,9,11.10426,0.850237,164.1064,0,0,0,0
7.35177289647982, 16.7034,7.51916869869456, 15.057,9,16.68152,9,7.963529,-0.41723,163.673696,0,0,0,0
7.36967059737071, 14.2502,7.53498959867284, 17.3323,9,16.66948,9,11.9256,-0.651097,162.027504,0,0,0,0
7.38567619724199, 19.0832,7.55242999782786, 15.9214,9,16.68137,9,8.105663,-0.063464,165.1096,0,0,0,0
7.40287679759786, 16.258,7.56769499788061, 16.5872,9,16.6793,9,7.85243,0.032469,161.948608,0,0,0,0
7.41882019815966, 16.9459,7.58553829835728, 18.3305,9,16.6806,9,8.798897,-0.686998,162.277792,0,0,0,0
7.43529959907755, 17.3714,7.60224509844556, 14.9094,9,16.68395,9,10.00926,1.035735,163.663296,0,0,0,0
7.45220419904217, 15.1451,7.62016179831699, 17.7168,9,16.67652,9,9.669731,-0.216732,161.201296,0,0,0,0
7.46979219978675, 17.366,7.63645299756899, 18.1191,9,16.67983,9,9.755198,0.083201,163.772608,0,0,0,0
7.48629100015387, 16.0432,7.6522241984494, 15.8698,9,16.67679,9,9.072765,-0.013566,164.526592,0,0,0,0
7.50259149959311, 17.162,7.66918669873849, 15.0096,9,16.6791,9,9.271232,-0.555433,164.352992,0,0,0,0
7.51916869869456, 17.3459,7.68667899863794, 17.4351,9,16.68226,9,8.486499,-0.0322,162.2008,0,0,0,0
7.53498959867284, 16.3656,7.7017601984553, 17.1062,9,16.68076,9,8.209566,-0.462967,162.289904,0,0,0,0
7.55242999782786, 16.89,7.72002999810502, 16.3509,9,16.68175,9,8.556033,-0.769934,163.030896,0,0,0,0
7.56769499788061, 14.9301,7.7356858975254, 17.3386,9,16.67356,9,9.9335,-0.507401,162.492496,0,0,0,0
7.58553829835728, 18.5315,7.75256079761311, 15.1584,9,16.6822,9,9.306667,-1.254168,164.900304,0,0,0,0
7.60224509844556, 16.2633,7.76900109788403, 17.8666,9,16.68026,9,8.866334,-0.170735,161.528496,0,0,0,0
7.62016179831699, 17.0853,7.7864908981137, 16.169,9,16.68213,9,8.968101,-0.991402,163.131696,0,0,0,0
7.63645299756899, 17.5162,7.80263259774074, 17.7558,9,16.68596,9,8.959268,-0.286269,162.2156,0,0,0,0
7.6522241984494, 14.3339,7.81915989844128, 15.0125,9,16.67521,9,10.55653,-0.572736,162.456,0,0,0,0
7.66918669873849, 16.5654,7.83550099795684, 17.5152,9,16.67472,9,11.7498,-0.746703,163.134304,0,0,0,0
7.68667899863794, 17.8919,7.85253439797089, 15.6419,9,16.68022,9,9.759769,-0.02037,164.084192,0,0,0,0
7.7017601984553, 16.5502,7.86958219809458, 18.662,9,16.67964,9,8.415536,-0.362037,161.834208,0,0,0,0
7.72002999810502, 16.7996,7.88600779836997, 14.7114,9,16.68018,9,9.313203,-0.490904,163.946304,0,0,0,0
7.7356858975254, 16.5409,7.90293659782037, 18.6401,9,16.67955,9,10.03797,-0.754571,161.858304,0,0,0,0
7.75256079761311, 17.1124,7.91923269769177, 14.7904,9,16.68148,9,9.447937,0.169862,163.957792,0,0,0,0
7.76900109788403, 16.3299,7.93555459706113, 17.8978,9,16.67992,9,8.795204,0.182495,161.638496,0,0,0,0
7.7864908981137, 16.7191,7.95287149725482, 15.639,9,16.6801,9,8.228571,-0.612372,163.205792,0,0,0,0
7.80263259774074, 17.083,7.96983639663085, 18.3262,9,16.68186,9,10.34764,-0.525239,162.126496,0,0,0,0
7.81915989844128, 15.7309,7.98615819728002, 14.8708,9,16.67771,9,11.06791,-0.781806,163.3696,0,0,0,0
7.83550099795684, 16.8969,8.00368909677491, 19.5529,9,16.67866,9,8.203672,-0.450873,162.509104,0,0,0,0
7.85253439797089, 17.5723,8.02007679594681, 14.656,9,16.68253,9,11.95604,-0.67274,165.158,0,0,0,0
7.86958219809458, 15.5067,8.03645559540018, 18.0516,9,16.67746,9,8.663006,0.666693,162.249504,0,0,0,0
7.88600779836997, 17.0135,8.05357499560341, 15.3074,9,16.67891,9,8.790373,-0.613174,164.795392,0,0,0,0
7.90293659782037, 16.4444,8.06902939593419, 17.1475,9,16.6779,9,9.63834,-1.137841,163.088608,0,0,0,0
7.91923269769177, 16.5752,8.08648279635236, 15.6976,9,16.67747,9,10.15791,0.091792,163.7924,0,0,0,0
7.93555459706113, 17.3798,8.1023155967705, 17.6387,9,16.68044,9,8.552974,-0.208008,162.914496,0,0,0,0
7.95287149725482, 16.7555,8.11871629720554, 14.5533,9,16.68076,9,16.79274,-0.897308,163.174,0,0,0,0
7.96983639663085, 17.2481,8.13603779813275, 18.9222,9,16.68314,9,17.43521,-0.188974,160.972304,0,0,0,0
7.98615819728002, 16.127,8.15206889761612, 14.5356,9,16.68081,9,16.55601,0.448776,162.647392,0,0,0,0
8.00368909677491, 15.9791,8.16887989779934, 18.4086,9,16.67789,9,16.48011,-0.372084,161.055504,0,0,0,0
8.02007679594681, 17.1605,8.18625399796292, 15.8601,9,16.67989,9,17.04197,-0.1492,163.4856,0,0,0,0
8.03645559540018, 16.1409,8.20296439854428, 18.2268,9,16.67767,9,16.03752,0.065958,162.184192,0,0,0,0
8.05357499560341, 17.1729,8.21931669814512, 14.6372,9,16.6797,9,15.79778,-0.203392,164.271296,0,0,0,0
8.06902939593419, 16.98,8.23659569723532, 19.0716,9,16.68094,9,16.3747,-1.296382,161.735104,0,0,0,0
8.08648279635236, 16.8479,8.25322249671444, 15.3194,9,16.68162,9,16.11904,-0.570372,163.827296,0,0,0,0
8.1023155967705, 16.2426,8.26951399585232, 17.6119,9,16.67983,9,14.47179,0.670238,162.298592,0,0,0,0
8.11871629720554, 16.7398,8.28637489629909, 15.1961,9,16.68007,9,8.580482,0.898248,163.668496,0,0,0,0
8.13603779813275, 16.6347,8.30328449560329, 18.6162,9,16.67989,9,13.06927,-1.162342,162.1252,0,0,0,0
8.15206889761612, 17.1435,8.32197699649259, 16.9662,9,16.68175,9,10.26076,-0.346934,164.1072,0,0,0,0
8.16887989779934, 15.8702,8.33557609608397, 15.2571,9,16.67851,9,11.11455,0.30446,163.929792,0,0,0,0
8.18625399796292, 17.3031,8.35426599672064, 16.9549,9,16.681,9,8.931242,-0.171452,163.317408,0,0,0,0
8.20296439854428, 16.6531,8.3695184965618, 16.9552,9,16.68089,9,11.72113,-0.439981,162.9696,0,0,0,0
8.21931669814512, 16.9703,8.38836329663172, 17.1599,9,16.68203,9,12.34914,0.619472,163.271808,0,0,0,0
8.23659569723532, 15.8433,8.4032564968802, 16.9612,9,16.67873,9,9.764052,-0.530513,163.461696,0,0,0,0
8.25322249671444, 17.1441,8.41983219655231, 16.3281,9,16.68055,9,11.96238,-0.063198,164.580304,0,0,0,0
8.26951399585232, 16.7212,8.43698339583352, 15.4224,9,16.68071,9,10.29593,-1.224807,163.7636,0,0,0,0
8.28637489629909, 17.1842,8.45284979650751, 17.7865,9,16.68267,9,8.342513,1.290284,162.463904,0,0,0,0
8.30328449560329, 15.4407,8.47041729697958, 15.5527,9,16.67786,9,12.2601,-0.114032,163.065296,0,0,0,0
8.32197699649259, 17.4705,8.48643519775942, 17.9663,9,16.68092,9,8.900907,-0.873948,163.1836,0,0,0,0
8.33557609608397, 14.9798,8.50316889816895, 15.1278,9,16.67437,9,13.00302,-0.503844,163.6796,0,0,0,0
8.35426599672064, 18.4634,8.51939189853147, 17.9621,9,16.68123,9,8.933232,-0.605159,163.827504,0,0,0,0
8.3695184965618, 15.1687,8.53601429844275, 16.5726,9,16.67546,9,9.873248,-0.621233,163.326704,0,0,0,0
8.38836329663172, 18.7957,8.55367339821532, 17.0832,9,16.68352,9,12.75584,0.358082,164.730304,0,0,0,0
8.4032564968802, 15.5659,8.5704339989461, 17.0577,9,16.67928,9,10.77586,0.418738,163.017296,0,0,0,0
8.41983219655231, 17.2793,8.58601519884542, 13.9407,9,16.68155,9,12.40723,-0.647207,164.510096,0,0,0,0
8.43698339583352, 16.3472,8.60291199805215, 18.4322,9,16.68029,9,11.22822,-0.121352,161.172096,0,0,0,0
8.45284979650751, 17.36,8.61904469737783, 16.4804,9,16.68284,9,11.52906,0.100745,163.256992,0,0,0,0
8.47041729697958, 16.4611,8.63695739815012, 17.6862,9,16.68201,9,9.425907,-0.544885,162.377104,0,0,0,0
8.48643519775942, 16.0671,8.65630369866267, 17.7687,9,16.67972,9,12.41245,-0.84547,163.602704,0,0,0,0
8.50316889816895, 17.0212,8.67022039880976, 15.489,9,16.68099,9,10.01635,-0.60817,165.305104,0,0,0,0
8.51939189853147, 15.2623,8.68719789898023, 17.2251,9,16.67575,9,11.67959,-0.558975,163.755504,0,0,0,0
8.53601429844275, 17.9905,8.70283249905333, 13.7713,9,16.68059,9,10.64767,-0.802515,165.7348,0,0,0,0
8.55367339821532, 16.552,8.72020229836926, 19.7346,9,16.68012,9,12.60657,-0.841175,161.517296,0,0,0,0
8.5704339989461, 17.9457,8.73714079847559, 14.4831,9,16.68473,9,12.33508,-0.693518,164.699808,0,0,0,0
8.58601519884542, 15.8589,8.75302209844813, 17.7771,9,16.68173,9,10.77481,-0.963593,161.237296,0,0,0,0
8.60291199805215, 15.1698,8.76961559755728, 15.7407,9,16.67625,9,12.71107,-0.623888,163.1556,0,0,0,0
8.61904469737783, 17.9991,8.7873183968477, 16.6305,9,16.68103,9,10.95082,-0.403849,163.725504,0,0,0,0
8.63695739815012, 15.948,8.80301719671115, 17.3291,9,16.67839,9,12.67669,-0.315572,162.3584,0,0,0,0
8.65630369866267, 18.7237,8.82022809749469, 15.8467,9,16.68572,9,11.08999,-0.213683,163.739008,0,0,0,0
8.67022039880976, 14.6305,8.83602069830522, 17.3199,9,16.67838,9,12.41785,-0.048254,160.862896,0,0,0,0
8.68719789898023, 18.3066,8.85368789872155, 16.0693,9,16.68418,9,10.78707,-0.894306,163.552496,0,0,0,0
8.70283249905333, 16.1027,8.87002409948036, 17.8345,9,16.68212,9,12.23798,1.053826,161.315296,0,0,0,0
8.72020229836926, 15.6937,8.88720690039918, 15.5737,9,16.67862,9,10.10895,-1.08838,163.047392,0,0,0,0
8.73714079847559, 16.5174,8.90331940120086, 17.8483,9,16.67805,9,11.72471,0.009176,162.927504,0,0,0,0
8.75302209844813, 16.0897,8.92052650032565, 17.5702,9,16.67599,9,11.22617,0.079664,164.2588,0,0,0,0
8.76961559755728, 17.8102,8.93703420041129, 14.2976,9,16.67996,9,10.75138,-0.69193,165.738896,0,0,0,0
8.7873183968477, 16.5665,8.9541096012108, 19.4255,9,16.67956,8,11.32642,-0.388541,162.227008,0,0,0,0
8.80301719671115, 16.5418,8.97201560204849, 18.4985,9,16.67908,7,11.82264,-0.573152,165.086,0,0,0,0
8.82022809749469, 17.4747,8.98733630171046, 12.4227,9,16.68184,10,9.90073,0.289789,167.043008,0,0,0,0
8.83602069830522, 16.2658,9.00304610235617, 17.4482,9,16.6804,9,12.71614,1.595673,161.991504,0,0,0,0
8.85368789872155, 17.1867,9.02354000275955, 19.3034,9,16.68214,9,10.77855,0.339356,163.173904,0,0,0,0
8.87002409948036, 15.8801,9.03783290321007, 13.6595,9,16.6794,9,12.50061,-0.791307,165.291008,0,0,0,0
8.88720690039918, 16.5332,9.05414440343156, 18.4821,9,16.6789,9,10.17363,-0.114275,163.070896,0,0,0,0
8.90331940120086, 14.7364,9.07060210267082, 14.3857,9,16.67229,9,10.07044,-0.02569,165.02,0,0,0,0
8.9541096012108, 57.3633,9.08628180297092, 17.1104,9,16.81022,9,9.573107,0.050432,164.668896,0,0,0,0
8.9541096012108, 0.5364,9.10423310333863, 18.8936,7,16.75525,9,12.59118,-0.831313,124.417,0,0,0,0
8.9541096012108, 2.1687,9.12023990275338, 13.6037,8,16.70613,9,10.39999,-0.189558,142.774496,0,0,0,0
8.97201560204849, 8.6363,9.13693540217355, 18.5713,9,16.67905,9,11.97597,0.721414,154.209504,0,0,0,0
8.98733630171046, 17.8288,9.15434780204669, 17.497,9,16.6829,9,9.917513,-1.313767,164.1444,0,0,0,0
9.00304610235617, 14.3035,9.17057510139421, 14.1262,9,16.67497,9,12.85546,-0.24434,163.8128,0,0,0,0
9.02354000275955, 18.3155,9.18729390064254, 18.6626,9,16.68042,9,10.32339,-1.074553,163.6356,0,0,0,0
9.03783290321007, 16.629,9.20437349984422, 17.1682,9,16.68025,9,10.92117,1.399885,163.9828,0,0,0,0
9.05414440343156, 16.3414,9.22174960048869, 15.4397,9,16.67913,10,11.48134,-0.183617,164.522496,0,0,0,0
9.07060210267082, 16.7764,9.23724330076948, 17.1156,9,16.67945,9,11.98745,-0.25279,163.620992,0,0,0,0
9.08628180297092, 15.0359,9.25632530124858, 17.9173,9,16.67406,9,11.42881,1.116725,163.960304,0,0,0,0
9.10423310333863, 18.9895,9.27194650145248, 16.9062,9,16.68163,9,10.13962,-0.210294,166.841904,0,0,0,0
9.12023990275338, 15.6119,9.28915150137618, 15.573,9,16.67814,10,10.35839,0.103087,164.758896,0,0,0,0
9.13693540217355, 15.2988,9.3040165011771, 16.3135,9,16.67366,9,12.18738,-1.426126,164.720096,0,0,0,0
9.15434780204669, 18.6745,9.32043740199879, 16.8142,9,16.68014,9,8.528094,-0.242892,165.734,0,0,0,0
9.17057510139421, 16.261,9.33710880251601, 14.5964,9,16.67879,9,10.48641,-0.069225,163.874592,0,0,0,0
9.18729390064254, 14.7928,9.35435450309888, 19.5936,9,16.67272,9,11.86353,-0.41184,162.2104,0,0,0,0
9.20437349984422, 16.7314,9.37043920392171, 13.7926,9,16.67291,9,11.47399,-0.372497,167.003008,0,0,0,0
9.22174960048869, 18.953,9.38707460323349, 18.536,9,16.68019,9,12.06833,-0.048486,164.072304,0,0,0,0
9.23724330076948, 15.6049,9.40450920397416, 15.5417,9,16.67677,9,10.17234,-0.062197,163.656,0,0,0,0
9.25632530124858, 16.8193,9.42026740359142, 15.8319,9,16.67722,9,12.3371,0.666858,163.5928,0,0,0,0
9.27194650145248, 15.7494,9.43779110396281, 17.4696,9,16.67429,9,10.57049,-0.056065,162.606,0,0,0,0
9.28915150137618, 17.5833,9.45372450398281, 18.2216,9,16.67715,9,12.0069,-0.50149,164.325504,0,0,0,0
9.3040165011771, 17.317,9.47193660447374, 16.0615,9,16.67917,9,10.13014,-0.590643,164.964608,0,0,0,0
9.32043740199879, 16.4322,9.48741190461442, 17.2101,9,16.67839,9,11.39507,-0.371732,163.708896,0,0,0,0
9.33710880251601, 16.6208,9.50400300463662, 14.8076,9,16.67821,9,10.29059,-1.111699,164.487392,0,0,0,0
9.35435450309888, 17.2893,9.52202620496973, 20.1631,9,16.68012,9,10.66694,-0.788567,162.673792,0,0,0,0
9.37043920392171, 16.6415,9.53902830509469, 15.0784,9,16.68,10,10.80693,-0.141896,165.548304,0,0,0,0
9.38707460323349, 15.9073,9.55403810506687, 16.605,9,16.6776,9,10.7047,-0.699511,163.967104,0,0,0,0
9.40450920397416, 17.3082,9.5708922049962, 14.9418,9,16.67955,9,11.56137,-0.116094,164.683008,0,0,0,0
9.42026740359142, 17.4698,9.58824140531942, 20.4259,9,16.68198,9,11.0889,-0.337077,162.316992,0,0,0,0
9.43779110396281, 15.5883,9.60433330526575, 12.9976,9,16.67863,10,10.36391,0.835993,165.2732,0,0,0,0
9.45372450398281, 16.3436,9.61993450531736, 17.5785,9,16.6776,9,6.047694,-0.527047,162.683008,0,0,0,0
9.47193660447374, 17.5048,9.63841640623286, 16.5954,9,16.68012,9,11.78498,-0.316044,163.917792,0,0,0,0
9.48741190461442, 15.6114,9.65431720623747, 18.317,9,16.67687,9,12.07491,0.785296,163.008992,0,0,0,0
9.50400300463662, 17.4354,9.67215610714629, 15.9995,9,16.67917,10,8.856747,-0.623528,165.714208,0,0,0,0
9.52202620496973, 14.647,9.68807720625773, 15.271,9,16.67303,9,12.28184,-0.618746,164.278496,0,0,0,0
9.53902830509469, 18.0094,9.70440140599385, 18.5099,9,16.67706,9,10.4396,-0.831959,164.9028,0,0,0,0
9.55403810506687, 15.3654,9.72072780551389, 14.2297,9,16.67312,9,8.686928,0.265824,165.403392,0,0,0,0
9.5708922049962, 18.5113,9.73831540578976, 19.4367,9,16.67862,9,12.63535,-0.606777,164.268096,0,0,0,0
9.58824140531942, 14.8251,9.75419680634513, 15.5486,9,16.67309,8,12.57306,0.524256,165.193792,0,0,0,0
9.60433330526575, 18.4789,9.77105140546337, 16.196,9,16.67847,7,11.12998,-0.431782,165.917408,0,0,0,0
9.61993450531736, 14.6308,9.78832480544224, 16.3699,9,16.67239,9,11.69828,-0.387966,163.634704,0,0,0,0
9.63841640623286, 19.1078,9.80440660612658, 17.9697,9,16.6796,9,10.84404,-0.549076,165.374208,0,0,0,0
9.65431720623747, 14.596,9.8209547069855, 14.6115,9,16.67345,9,11.43548,-0.10812,164.236496,0,0,0,0
9.67215610714629, 18.0581,9.8382001076825, 19.1072,9,16.67752,9,10.53977,-0.384238,164.251504,0,0,0,0
9.68807720625773, 17.0022,9.85438910732046, 15.896,9,16.67847,8,12.31808,0.532274,165.301408,0,0,0,0
9.70440140599385, 16.6215,9.87121710786596, 16.5401,9,16.67831,7,10.48872,-0.148362,164.1952,0,0,0,0
9.75419680634513, 53.6133,9.88739840732887, 14.9325,9,16.78599,9,11.99804,-1.051422,164.114,0,0,0,0
9.75419680634513, 2.2057,9.90450530732051, 19.0455,7,16.7436,9,10.20153,0.342924,125.433296,0,0,0,0
9.75419680634513, 2.3898,9.92250480735675, 19.2492,8,16.702,9,11.35866,-0.120548,142.2732,0,0,0,0
9.77105140546337, 8.7374,9.93732040701434, 11.9247,9,16.67898,10,9.807122,0.530203,159.1336,0,0,0,0
9.78832480544224, 16.8682,9.95473910635337, 18.724,9,16.67953,9,12.97058,0.607158,162.320608,0,0,0,0
9.80440660612658, 16.0524,9.97126920660958, 14.9638,9,16.67772,9,9.484848,0.366613,164.176896,0,0,0,0
9.85438910732046, 54.0503,9.98771240701899, 18.4679,9,16.78481,9,12.0779,-0.768574,163.088,0,0,0,0
9.85438910732046, 2.1899,10.0054445075803, 17.6008,7,16.74311,9,9.591442,0.379139,127.506,0,0,0,0
9.85438910732046, 2.1835,10.0221822070889, 16.9987,8,16.70163,10,8.363787,0.021179,142.918,0,0,0,0
9.87121710786596, 8.2158,10.0372722069733, 12.8861,9,16.67752,9,9.727174,0.156068,157.7312,0,0,0,0
9.88739840732887, 17.9927,10.0541974077933, 18.8143,9,16.68125,9,11.11776,-0.760191,162.403696,0,0,0,0
9.90450530732051, 13.9731,10.0721084079705, 16.2426,9,16.6736,9,11.48512,-0.95501,163.224896,0,0,0,0
9.92250480735675, 18.8238,10.0874756076373, 15.1072,9,16.67965,9,10.10703,0.081183,165.494704,0,0,0,0
9.93732040701434, 17.0855,10.1062230081297, 18.7609,9,16.68079,9,11.86319,-0.305977,161.778592,0,0,0,0
9.95473910635337, 15.6556,10.121054907795, 16.7747,9,16.67792,9,10.90371,-0.121415,163.452096,0,0,0,0
9.97126920660958, 17.8339,10.1393137085252, 16.4592,9,16.68115,9,11.27352,0.278555,164.573296,0,0,0,0
9.98771240701899, 13.863,10.155177007895, 18.1134,9,16.6733,9,11.85788,-0.470673,163.198496,0,0,0,0
10.0054445075803, 16.96,10.1733517083339, 15.975,9,16.6741,10,10.67892,-0.604913,167.449104,0,0,0,0
10.0221822070889, 18.3337,10.1882318085991, 14.9007,9,16.67869,9,10.11345,-0.023356,166.464096,0,0,0,0
10.0372722069733, 17.0592,10.2041564094834, 17.6484,9,16.67974,9,11.68697,1.691412,163.0316,0,0,0,0
10.0541974077933, 16.9786,10.2222256097011, 16.2314,9,16.68057,9,10.52881,0.15582,163.6208,0,0,0,0
10.0721084079705, 16.5793,10.2385881091468, 18.1589,9,16.68029,9,12.64996,-0.767772,162.873904,0,0,0,0
10.0874756076373, 16.8295,10.2544640093111, 14.0456,9,16.6807,9,12.13429,1.330682,164.454096,0,0,0,0
10.1062230081297, 16.8787,10.2712217099033, 18.3884,9,16.68124,9,7.68568,-0.488208,161.670208,0,0,0,0
10.121054907795, 13.5743,10.2877935091965, 16.5392,9,16.67277,9,9.849672,-1.303198,163.18,0,0,0,0
10.1393137085252, 18.7395,10.3044679085724, 15.0614,9,16.67839,9,11.15202,0.432489,166.1452,0,0,0,0
10.155177007895, 14.8276,10.3213755092584, 18.6775,9,16.67337,9,8.496708,-0.139075,162.4676,0,0,0,0
10.1733517083339, 20.1698,10.3384955092333, 15.3085,9,16.68282,9,10.824,0.132554,166.317504,0,0,0,0
10.1882318085991, 15.2422,10.3543136096559, 15.899,9,16.67894,9,13.37811,0.26849,161.456608,0,0,0,0
10.2041564094834, 17.122,10.3706925096922, 18.4375,9,16.68013,9,9.946075,0.912899,162.113792,0,0,0,0
10.2222256097011, 17.0056,10.3877599104308, 14.982,9,16.68101,9,12.14315,-0.216105,163.4296,0,0,0,0
10.2385881091468, 15.6051,10.4046650095843, 16.8657,9,16.67813,9,10.08391,0.31299,161.405696,0,0,0,0
10.2544640093111, 17.7393,10.4223845093511, 19.8192,9,16.68096,9,10.1307,-0.556227,162.666496,0,0,0,0
10.2712217099033, 14.74,10.4385153087787, 14.0957,9,16.6758,9,9.402105,0.220997,164.7464,0,0,0,0
10.2877935091965, 18.6618,10.4547412092797, 18.2109,9,16.68106,9,12.20641,0.088931,164.102496,0,0,0,0
10.3044679085724, 16.2774,10.4722109097056, 15.6614,9,16.68,9,9.576127,0.620912,163.651904,0,0,0,0
10.3213755092584, 17.8546,10.489306808915, 18.753,9,16.6831,9,11.0271,-0.184745,163.035808,0,0,0,0
10.3384955092333, 15.2295,10.5054335086606, 16.1829,9,16.67927,9,10.03157,0.313,163.9344,0,0,0,0
10.3543136096559, 16.9638,10.5222966088913, 14.8831,9,16.68002,9,9.877688,0.470617,164.888496,0,0,0,0
10.3706925096922, 16.8427,10.5378036084585, 17.5054,9,16.68044,9,9.516345,0.165134,162.807808,0,0,0,0
10.3877599104308, 16.4321,10.554625808727, 16.9394,9,16.67979,9,10.5564,0.482287,163.471104,0,0,0,0
10.4046650095843, 17.0079,10.5715116090141, 14.8042,9,16.68065,9,9.258883,-0.673221,163.978208,0,0,0,0
10.4223845093511, 16.3935,10.5880803088658, 18.3644,9,16.6799,9,9.559266,-0.282489,161.774592,0,0,0,0
10.4385153087787, 16.9489,10.6049396093003, 15.0523,9,16.6806,9,10.14771,0.251868,163.746,0,0,0,0
10.4547412092797, 17.2987,10.6223960085772, 17.5211,9,16.6822,9,9.713221,0.294551,161.8496,0,0,0,0
10.4722109097056, 16.0361,10.6375875086524, 16.6101,9,16.68053,9,10.44779,-0.185643,162.072,0,0,0,0
10.489306808915, 15.3398,10.6551855080761, 16.1794,9,16.67709,9,10.65943,-0.188528,162.646704,0,0,0,0
10.5054335086606, 18.2426,10.6705518080853, 17.0994,9,16.6811,9,10.05395,-0.528189,163.485792,0,0,0,0
10.5222966088913, 16.13,10.6884669079445, 16.6582,9,16.67969,9,10.08564,-0.402319,162.343392,0,0,0,0
10.5378036084585, 15.415,10.7060809074901, 18.9336,9,16.67646,9,10.53173,-1.129115,162.871296,0,0,0,0
10.554625808727, 18.8323,10.7225081077777, 14.7459,9,16.68195,9,10.38849,-1.11858,166.390096,0,0,0,0
10.5715116090141, 16.1812,10.7394263069145, 18.7254,9,16.68068,9,10.75602,0.239035,162.304096,0,0,0,0
10.5880803088658, 17.1174,10.7573368060403, 16.0704,9,16.68178,10,10.73001,0.244985,164.848304,0,0,0,0
10.6049396093003, 16.0337,10.7717527062632, 16.1107,9,16.68015,9,12.94458,0.248424,163.802,0,0,0,0
10.6223960085772, 16.887,10.7902947054245, 16.7057,9,16.68067,9,11.24337,-0.080322,163.8788,0,0,0,0
10.6375875086524, 16.1244,10.8056059055962, 17.2286,9,16.67927,9,11.64441,-0.592106,163.697904,0,0,0,0
10.6551855080761, 17.2569,10.8211732055061, 15.451,9,16.68072,9,10.06888,0.08061,164.802096,0,0,0,0
10.6705518080853, 16.0888,10.8392325057648, 16.5089,9,16.67924,9,9.924722,0.609326,162.996496,0,0,0,0
10.6884669079445, 16.9717,10.8553458056413, 17.6817,9,16.67997,9,11.92631,0.046144,163.416992,0,0,0,0
10.7060809074901, 16.3371,10.8724034051411, 15.3603,9,16.67912,9,12.54609,-0.250638,164.1276,0,0,0,0
10.7225081077777, 17.0785,10.8882887042128, 17.6068,9,16.68011,9,11.96987,-0.512529,163.150496,0,0,0,0
10.7394263069145, 14.6379,10.9048668048345, 14.8905,9,16.67505,9,7.757056,0.179114,163.679392,0,0,0,0
10.7573368060403, 18.7175,10.9222515053116, 19.5704,9,16.68009,9,11.55294,-1.135376,163.931904,0,0,0,0
10.7717527062632, 15.9828,10.9385760049336, 13.9485,9,16.67838,9,9.995029,-0.969212,164.785104,0,0,0,0
10.7902947054245, 18.4957,10.9551155040972, 18.5896,9,16.68284,9,12.52129,-0.349177,162.750896,0,0,0,0
10.8056059055962, 14.2138,10.9722992046736, 17.5345,9,16.67679,9,9.697476,-0.316161,162.845504,0,0,0,0
10.8211732055061, 18.3252,10.9893168038689, 14.8299,9,16.68082,9,11.40491,0.182855,166.165504,0,0,0,0
10.8392325057648, 16.2065,11.0052304039709, 18.0779,9,16.67966,9,11.14478,0.423869,162.670896,0,0,0,0
10.8553458056413, 16.2528,11.0227062045597, 15.1681,9,16.67863,9,10.53336,0.228962,164.542208,0,0,0,0
10.8724034051411, 16.8718,11.040518804919, 20.5159,9,16.67909,9,10.47375,1.194541,163.457696,0,0,0,0
10.8882887042128, 17.801,11.0551716047339, 11.8675,9,16.68181,10,9.766731,0.941517,167.102096,0,0,0,0
10.9048668048345, 15.7902,11.072098904755, 18.727,9,16.67966,9,11.25364,-0.059626,161.168992,0,0,0,0
10.9222515053116, 15.9544,11.0891357040964, 15.3507,9,16.67791,9,10.09996,-0.169469,164.105904,0,0,0,0
10.9385760049336, 17.5324,11.1052138037048, 17.7536,9,16.67996,9,10.60518,-0.371643,163.502496,0,0,0,0
10.9551155040972, 15.1228,11.1226478028111, 15.9084,9,16.67623,9,9.051526,0.214073,163.723904,0,0,0,0
10.9722992046736, 17.9431,11.139434102457, 18.6475,9,16.67926,9,9.898369,-0.481105,164.509296,0,0,0,0
10.9893168038689, 16.7978,11.1554697020911, 14.1128,9,16.67954,9,12.18974,-0.354764,165.2148,0,0,0,0
11.0052304039709, 16.7339,11.1718999012373, 17.9926,9,16.67967,9,10.05313,-0.607748,162.53,0,0,0,0
11.0227062045597, 16.5767,11.1887358012609, 15.2466,9,16.67943,9,11.55851,-0.487877,163.788992,0,0,0,0
11.040518804919, 15.6009,11.2056859019212, 18.7837,9,16.67687,9,10.59906,-0.487492,162.458592,0,0,0,0
11.0551716047339, 18.0667,11.2212638021447, 13.6028,9,16.68016,9,11.96935,-0.485924,165.638592,0,0,0,0
11.072098904755, 17.248,11.2389006023295, 19.5704,9,16.6815,9,10.77028,-0.534085,161.178304,0,0,0,0
11.0891357040964, 15.9345,11.2559878029861, 15.2635,9,16.67974,9,12.58129,-0.086225,163.501296,0,0,0,0
11.1052138037048, 17.5934,11.2727973037399, 18.4282,9,16.68188,9,10.53082,-0.286161,162.830496,0,0,0,0
11.1226478028111, 15.9154,11.288085303735, 13.5621,9,16.68009,9,10.51709,-0.292977,163.665504,0,0,0,0
11.139434102457, 16.0276,11.3050959031098, 18.7252,9,16.67856,9,12.26283,-0.057665,161.312096,0,0,0,0
11.1554697020911, 17.6365,11.3218470024876, 16.6729,9,16.6808,9,10.06896,-0.722739,164.010208,0,0,0,0
11.1718999012373, 16.5282,11.3384294020943, 15.0463,9,16.68044,9,10.50698,-0.729781,163.046496,0,0,0,0
11.1887358012609, 16.715,11.3552810023539, 18.2721,9,16.68052,9,12.24247,0.261163,161.564608,0,0,0,0
11.2056859019212, 17.5195,11.3719783029519, 17.0776,9,16.68246,9,9.925739,0.009748,163.122,0,0,0,0
11.2212638021447, 16.0451,11.3898014030419, 16.1453,9,16.68099,9,12.61778,-1.003886,162.680896,0,0,0,0
11.2389006023295, 15.5224,11.4073417033069, 20.4817,9,16.67832,9,12.75174,-0.782125,162.780192,0,0,0,0
11.2559878029861, 17.1535,11.4222140037455, 11.7192,9,16.67941,10,9.398652,0.428965,167.7404,0,0,0,0
11.2727973037399, 18.1978,11.4388757036068, 18.162,9,16.6829,9,11.83469,-0.227418,162.306592,0,0,0,0
11.288085303735, 15.6392,11.456289504189, 16.0896,9,16.68051,9,10.74922,0.349099,162.2688,0,0,0,0
11.3050959031098, 15.0719,11.4718814040534, 17.7071,9,16.67684,9,12.32913,-0.448174,162.721296,0,0,0,0
11.3218470024876, 18.1996,11.4891314036213, 14.9963,9,16.68031,9,9.317518,-0.652272,165.356992,0,0,0,0
11.3384294020943, 16.5553,11.5056509035639, 18.1573,9,16.68002,9,12.1225,-0.433371,162.154,0,0,0,0
11.3552810023539, 15.1356,11.5221978030168, 16.7781,9,16.67652,9,11.56327,0.456977,163.755392,0,0,0,0
11.3719783029519, 17.9074,11.5392559035681, 17.8848,9,16.6793,9,10.54907,0.355859,165.398896,0,0,0,0
11.3898014030419, 16.9721,11.5560682038777, 14.045,9,16.67996,9,12.44307,-0.085074,165.368896,0,0,0,0
11.4073417033069, 16.4029,11.57192210434, 15.9863,9,16.67934,9,10.40542,-0.186861,162.449792,0,0,0,0
11.4222140037455, 17.1547,11.5902255042456, 20.5835,9,16.68041,9,11.41284,-1.030258,162.0336,0,0,0,0
11.4388757036068, 16.6807,11.6050815046765, 13.9454,9,16.68041,9,10.15507,-0.293015,165.461696,0,0,0,0
11.456289504189, 16.7053,11.6220447053201, 17.356,9,16.68047,9,10.24626,-1.648479,162.727296,0,0,0,0
11.4718814040534, 16.4493,11.6384967048652, 14.7852,9,16.67995,9,11.86796,-0.535825,163.378704,0,0,0,0
11.4891314036213, 17.0004,11.6551451054402, 18.1374,9,16.68066,9,11.22451,-0.505686,161.714304,0,0,0,0
11.5056509035639, 14.8989,11.6729124062695, 16.0754,9,16.6767,9,11.97968,0.729412,162.852,0,0,0,0
11.5221978030168, 16.0201,11.6890491065569, 17.7149,9,16.67525,9,12.08002,0.344049,164.028,0,0,0,0
11.5392559035681, 18.6622,11.7050764062442, 16.4667,9,16.67964,9,10.42049,-0.56868,165.706704,0,0,0,0
11.5560682038777, 16.7701,11.7229122058488, 15.7188,9,16.67984,9,12.15879,-0.292335,163.528,0,0,0,0
11.57192210434, 16.8241,11.7401953064837, 19.5186,9,16.68016,9,11.15685,0.50545,162.477296,0,0,0,0
11.5902255042456, 16.4355,11.7558279060759, 13.3932,9,16.67962,9,9.72078,-1.082566,165.171808,0,0,0,0
11.6050815046765, 16.7164,11.7730834060349, 19.5577,9,16.6797,9,10.53794,0.50811,162.129792,0,0,0,0
11.6220447053201, 17.1316,11.7893514060415, 16.5381,9,16.68069,10,12.20605,-0.527928,164.9716,0,0,0,0
11.6384967048652, 15.8496,11.8071874068119, 15.4431,9,16.67888,9,11.44617,-0.336504,164.3784,0,0,0,0
11.6551451054402, 17.4756,11.823091306258, 15.744,9,16.68061,9,11.02089,-0.526258,163.971392,0,0,0,0
11.6729124062695, 16.4734,11.8384915064089, 17.1705,9,16.68016,9,11.34623,0.254364,162.2404,0,0,0,0
11.6890491065569, 14.5729,11.8560801069252, 16.1415,9,16.67559,9,10.6945,-0.302359,162.937904,0,0,0,0
11.7050764062442, 19.3182,11.8730821064673, 18.585,9,16.68131,9,12.21526,-0.436454,164.506304,0,0,0,0
11.7229122058488, 15.6523,11.8893222059123, 16.6222,9,16.67909,9,11.03854,-0.743916,163.7736,0,0,0,0
11.7401953064837, 16.9901,11.9051370057277, 13.5972,9,16.67976,9,11.54316,-0.452326,164.7432,0,0,0,0
11.7558279060759, 16.8974,11.9229093058966, 19.9851,9,16.68023,9,10.47025,-0.062089,161.350704,0,0,0,0
11.7730834060349, 14.5669,11.9391212067567, 14.0269,9,16.67569,9,12.13992,-0.31672,164.438592,0,0,0,0
11.7893514060415, 18.1659,11.9562672073953, 19.1821,9,16.67888,9,11.30863,-0.056783,163.897904,0,0,0,0
11.8071874068119, 17.5631,11.9721725075506, 15.6609,9,16.68077,9,12.34079,-0.466788,164.915392,0,0,0,0
11.823091306258, 16.5559,11.9890237073414, 15.0316,9,16.68051,9,10.36432,-0.760991,163.0128,0,0,0,0
11.8384915064089, 16.2717,12.005523707252, 18.299,9,16.67964,9,12.33798,-0.128857,161.4892,0,0,0,0
11.8560801069252, 17.2894,12.0220613065176, 16.9369,9,16.68093,9,10.37269,0.160301,163.5164,0,0,0,0
11.8730821064673, 14.8646,12.0393105070107, 15.1331,9,16.67708,9,12.25029,-0.186958,163.164192,0,0,0,0
11.8893222059123, 17.8353,12.0563310063444, 17.0615,9,16.67953,9,11.04166,0.5956,163.432608,0,0,0,0
11.9051370057277, 16.4625,12.0726098059677, 17.9807,9,16.67908,9,12.0853,0.309885,162.659392,0,0,0,0
11.9229093058966, 16.5534,12.089279405307, 15.0146,9,16.67881,9,10.43796,0.054693,164.177296,0,0,0,0
11.9391212067567, 17.0331,12.1059346045367, 18.12,9,16.67956,9,12.2545,0.418999,162.639104,0,0,0,0
11.9562672073953, 14.9756,12.1220204043202, 14.4318,9,16.67598,9,9.374715,-0.874268,163.726304,0,0,0,0
11.9721725075506, 19.2235,12.1395779042505, 19.4293,9,16.68131,9,11.39681,-0.036973,163.1824,0,0,0,0
11.9890237073414, 15.8552,12.1570813036524, 15.5768,9,16.67959,9,10.0295,-0.856209,163.388192,0,0,0,0
12.005523707252, 15.6402,12.1733333035372, 18.0225,9,16.67742,9,11.40117,-1.153726,163.110096,0,0,0,0
12.0220613065176, 17.8293,12.1901110033505, 15.1326,9,16.67982,9,10.91277,-0.455358,165.4924,0,0,0,0
12.0393105070107, 16.0532,12.2061527031474, 18.3391,9,16.67852,9,11.91521,-1.164933,162.796304,0,0,0,0
12.0563310063444, 17.3418,12.2218401036225, 15.0189,9,16.67989,9,10.95953,-1.050625,165.082704,0,0,0,0
12.0726098059677, 17.572,12.2389453030191, 15.4694,9,16.68173,9,13.08656,-0.347279,162.759504,0,0,0,0
12.089279405307, 15.9497,12.2560192025267, 18.7065,9,16.68022,9,10.85013,-0.262087,160.657904,0,0,0,0
12.1059346045367, 16.971,12.2728566019796, 15.1221,9,16.68082,9,12.98802,-0.596283,163.414592,0,0,0,0
12.1220204043202, 16.0097,12.2918113018386, 19.0043,9,16.67944,9,11.26418,-0.034469,161.566304,0,0,0,0
12.1395779042505, 18.1368,12.3074383023195, 18.5992,9,16.68243,9,12.08399,-0.093199,164.5608,0,0,0,0
12.1570813036524, 15.3492,12.3240560027771, 13.6048,9,16.6797,10,10.54358,-0.483926,165.023504,0,0,0,0
12.1733333035372, 16.9647,12.3401975031011, 19.7514,9,16.68028,9,12.58257,-0.296678,163.279008,0,0,0,0
12.1901110033505, 16.8239,12.3568799025379, 13.6694,9,16.68058,10,10.1958,-0.067789,166.066096,0,0,0,0
12.2061527031474, 14.1992,12.3738052020781, 19.0121,9,16.67553,9,11.55343,0.218341,162.911696,0,0,0,0
12.2218401036225, 18.8241,12.3889575018547, 12.926,9,16.67989,9,10.62448,-1.213815,167.724704,0,0,0,0
12.2389453030191, 16.3044,12.4061132012866, 18.3307,9,16.67913,9,12.10919,-0.810432,161.8272,0,0,0,0
12.2560192025267, 16.8484,12.423025901895, 15.253,9,16.67947,9,10.17626,-0.597306,163.854304,0,0,0,0
12.2728566019796, 16.5828,12.4418360027485, 20.6155,9,16.67928,9,9.896315,-0.065435,162.259296,0,0,0,0
12.2918113018386, 16.7388,12.4559440030716, 12.4223,9,16.6794,9,11.32913,-0.202991,166.291808,0,0,0,0
12.3074383023195, 16.3148,12.4728266033344, 18.3963,9,16.67867,9,11.05651,-0.258608,161.975808,0,0,0,0
12.3240560027771, 18.0825,12.4896372030489, 16.7619,9,16.68148,9,10.77674,0.193708,164.057296,0,0,0,0
12.3401975031011, 15.1861,12.5070191039704, 15.8155,9,16.67849,8,10.30009,-0.61924,162.736192,0,0,0,0
12.3568799025379, 18.3765,12.5233569047414, 18.3608,9,16.68188,7,10.01041,0.281469,163.366096,0,0,0,0
12.3738052020781, 15.8088,12.5420221048407, 16.7909,9,16.68014,9,10.37099,-0.412868,163.350896,0,0,0,0
12.3889575018547, 16.6469,12.5558531046845, 15.3496,9,16.68007,9,11.63554,-0.369478,164.3336,0,0,0,0
12.4061132012866, 16.6588,12.5729349055327, 15.4247,9,16.68003,9,10.52463,-0.806702,163.0364,0,0,0,0
12.423025901895, 16.8995,12.5904329051264, 19.347,9,16.68047,9,11.65717,-0.87239,161.802304,0,0,0,0
12.4418360027485, 16.3722,12.6068745055236, 14.556,9,16.67986,8,10.36738,0.064157,164.2504,0,0,0,0
12.4559440030716, 17.1263,12.6243785046972, 19.009,9,16.68074,7,11.9247,0.12447,162.434592,0,0,0,0
12.5070191039704, 55.5465,12.6405073055066, 16.8199,9,16.75724,7,10.63889,-0.904846,164.3176,0,0,0,0
12.5070191039704, 1.7148,12.6564291049726, 16.0422,7,16.72769,9,10.71394,-0.708781,125.5908,0,0,0,0
12.5233569047414, 2.644,12.6741975047626, 18.5324,8,16.70008,9,10.33753,-1.251213,139.9192,0,0,0,0
12.5233569047414, 4.046,12.6899652038701, 17.3189,8,16.67531,9,9.964146,0.002633,155.807104,0,0,0,0
12.5420221048407, 18.5176,12.7060233042575, 15.8744,9,16.67891,9,12.71458,0.615804,169.0804,0,0,0,0
12.5558531046845, 17.3802,12.7235886049457, 17.0892,9,16.68028,9,10.96071,-0.146289,166.434496,0,0,0,0
12.6068745055236, 55.0273,12.7401339043863, 22.7483,9,16.75488,9,11.16127,0.161387,166.142304,0,0,0,0
12.6243785046972, 17.179,12.7581647043116, 12.5011,7,16.75571,9,10.1564,-0.864296,133.879904,0,0,0,0
12.6243785046972, 0.7542,12.7742350050248, 14.2511,7,16.7247,9,9.066089,-0.179474,129.2012,0,0,0,0
12.6405073055066, 3.2094,12.7897400050424, 17.6407,8,16.69855,9,10.26791,0.07501,142.699696,0,0,0,0
12.6405073055066, 6.734,12.8067949055694, 15.0632,8,16.67932,9,9.720196,-0.704413,157.130896,0,0,0,0
12.6564291049726, 14.8061,12.8238270054571, 18.1593,9,16.67571,9,12.63727,-0.815668,165.460192,0,0,0,0
12.6741975047626, 21.8251,12.8418906047009, 17.7095,9,16.68561,9,9.58169,0.232241,168.814208,0,0,0,0
12.6899652038701, 16.14,12.856402604375, 14.7573,9,16.68456,9,11.78191,-0.752116,164.6964,0,0,0,0
12.7060233042575, 15.7442,12.8734397036023, 17.3693,9,16.68276,8,10.68047,-0.239578,163.312192,0,0,0,0
12.7235886049457, 17.6543,12.8919820045121, 16.9921,9,16.68462,8,11.61456,-1.105661,164.937792,0,0,0,0
12.7401339043863, 22.2388,12.9080264051445, 17.8252,9,16.69522,9,11.66932,-0.135897,164.277104,0,0,0,0
12.7581647043116, 16.9699,12.9230459048413, 14.0008,9,16.69574,9,11.01678,-0.462299,159.862896,0,0,0,0
12.7897400050424, 21.426,12.9405803042464, 18.3735,9,16.70474,9,11.85246,0.02076,156.888896,0,0,0,0
12.7897400050424, 4.3144,12.9566286033951, 16.4706,8,16.68122,9,11.2133,-0.560235,153.841504,0,0,0,0
12.8067949055694, 17.9615,12.9726721025072, 14.2712,9,16.68365,10,11.8267,-0.018231,165.999696,0,0,0,0
12.8238270054571, 17.3759,12.9901921018027, 18.5717,9,16.68496,9,10.67244,-0.17152,162.3092,0,0,0,0
12.856402604375, 34.4511,13.0081596015953, 17.4246,9,16.71848,9,11.78074,0.234591,163.505504,0,0,0,0
12.8734397036023, 14.8321,13.0238449010067, 17.249,8,16.71493,10,10.60653,0.047002,146.479104,0,0,0,0
12.8734397036023, 1.2047,13.0418705004267, 16.4797,8,16.68577,9,9.68762,0.10695,148.896896,0,0,0,0
12.8919820045121, 16.7695,13.0574173000641, 17.1084,9,16.68593,9,12.09141,-0.892202,164.171904,0,0,0,0
12.9080264051445, 15.7735,13.0734345992096, 14.2149,9,16.68422,9,9.333098,1.272001,164.5104,0,0,0,0
12.9230459048413, 17.2608,13.0899560996331, 17.1648,9,16.6853,9,7.51385,0.557435,162.9532,0,0,0,0
12.9405803042464, 14.7562,13.1069910996594, 17.7265,9,16.6817,9,11.7766,0.199119,162.856192,0,0,0,0
12.9566286033951, 15.2445,13.1230298993178, 14.2728,9,16.67902,9,11.0083,-0.062927,165.827104,0,0,0,0
12.9726721025072, 19.4215,13.1405604989268, 18.3189,9,16.68412,9,8.379965,-1.073955,164.855904,0,0,0,0
13.0081596015953, 23.5078,13.1565913991071, 15.1264,9,16.69678,9,11.40438,0.230397,163.753104,0,0,0,0
13.0081596015953, 6.1344,13.1736421999522, 18.8588,8,16.67722,9,9.590227,-0.446762,155.373504,0,0,0,0
13.0238449010067, 20.5171,13.191658499185, 17.8466,9,16.68432,9,11.89616,-0.429488,168.0972,0,0,0,0
13.0418705004267, 16.9259,13.2071910989471, 13.9514,9,16.68476,9,11.4648,0.32677,165.427008,0,0,0,0
13.0574173000641, 16.5521,13.2237518993206, 16.9296,9,16.68452,9,9.222962,-0.120193,162.452608,0,0,0,0
13.0734345992096, 14.6459,13.2425159984268, 19.2797,9,16.68077,9,12.32569,-0.095931,162.830304,0,0,0,0
13.0899560996331, 17.2898,13.2573115988635, 14.7216,9,16.68189,9,10.41253,0.320383,167.464704,0,0,0,0
13.1069910996594, 17.3443,13.2743780980818, 16.8317,9,16.6831,8,9.588893,-0.837527,164.896992,0,0,0,0
13.1230298993178, 16.4339,13.2908771983348, 16.9268,9,16.68265,8,12.16443,-0.164537,164.385104,0,0,0,0
13.1405604989268, 16.9256,13.3082937984727, 16.3735,9,16.68309,8,10.17642,0.345268,164.877904,0,0,0,0
13.1736421999522, 23.7787,13.3234305982478, 18.0768,9,16.69601,8,9.681327,1.185098,164.326704,0,0,0,0
13.1736421999522, 9.6228,13.3419804987498, 16.4601,8,16.68316,10,10.92054,-0.217489,158.624704,0,0,0,0
13.191658499185, 19.465,13.3570473990403, 15.6493,9,16.6882,10,10.47763,-0.096576,165.462,0,0,0,0
13.2071910989471, 13.8047,13.3740707985125, 18.6974,9,16.68298,10,9.243302,-0.35393,161.647296,0,0,0,0
13.2425159984268, 27.8198,13.3905738978647, 14.8363,9,16.70312,9,9.008989,-0.357296,166.539904,0,0,0,0
13.2743780980818, 30.5186,13.4076378974132, 16.7402,8,16.72806,10,10.11448,0.212012,153.5584,0,0,0,0
13.2908771983348, 16.8889,13.4246868970804, 17.7588,7,16.72835,10,10.47833,-0.4089,139.779504,0,0,0,0
13.2908771983348, 15.1266,13.4417008976452, 16.8657,7,16.72547,10,10.3424,-0.431716,140.649504,0,0,0,0
13.3082937984727, 14.7835,13.4582371967845, 17.2493,8,16.72198,10,12.42889,0.312888,142.388,0,0,0,0
13.3234305982478, 7.9725,13.474281696137, 14.4328,8,16.7063,10,9.4923,-0.597416,144.855104,0,0,0,0
13.3234305982478, 1.6292,13.4918307955377, 17.4704,8,16.67933,10,12.40132,0.238034,151.313792,0,0,0,0
13.3419804987498, 15.7561,13.5076268962584, 16.6913,9,16.67768,10,10.54401,-0.503647,167.156992,0,0,0,0
13.3570473990403, 16.0922,13.5246085966937, 16.6168,9,16.67664,10,11.68252,1.013927,168.092704,0,0,0,0
13.3740707985125, 25.6245,13.5416530962102, 16.6569,9,16.69256,10,12.53097,-0.185975,168.616992,0,0,0,0
13.3905738978647, 8.7559,13.5581660955213, 13.3224,9,16.67846,10,11.74215,-0.269399,159.652992,0,0,0,0
13.4076378974132, 15.4193,13.5741822957061, 15.6906,9,16.67623,9,10.19377,1.065826,164.215296,0,0,0,0
13.4246868970804, 16.9148,13.5906838956289, 17.5195,9,16.67665,9,10.81577,-0.127109,164.488496,0,0,0,0
13.4417008976452, 17.3729,13.6077605965547, 19.2955,9,16.67788,9,10.264,-0.251644,165.094096,0,0,0,0
13.4582371967845, 16.1358,13.6247341963463, 13.6784,9,16.67692,10,12.15637,-0.087704,167.019504,0,0,0,0
13.474281696137, 17.0319,13.6418436965905, 19.7932,9,16.67755,9,8.663109,0.539875,164.559808,0,0,0,0
13.4918307955377, 15.4923,13.6573171964847, 12.993,9,16.67546,10,10.26204,0.026484,167.321504,0,0,0,0
13.5076268962584, 17.9006,13.6743409964256, 18.6892,9,16.67761,9,10.2942,-1.071007,164.821504,0,0,0,0
13.5246085966937, 16.3114,13.6908776960336, 14.892,9,16.67697,9,12.06693,0.731627,165.611008,0,0,0,0
13.5416530962102, 17.1979,13.7079136963002, 19.1221,9,16.67788,9,8.307916,-0.029863,164.192704,0,0,0,0
13.5581660955213, 16.3911,13.7239209967665, 16.1567,9,16.67738,8,11.99151,1.132188,166.1164,0,0,0,0
13.5741822957061, 16.7801,13.7418821970932, 16.5178,9,16.67756,7,11.08877,0.381139,165.882592,0,0,0,0
13.5906838956289, 16.3753,13.7574550970457, 15.9005,9,16.67704,9,11.16886,0.024018,165.623504,0,0,0,0
13.6077605965547, 17.2071,13.774480396416, 15.7286,9,16.67796,9,9.522412,-0.332655,165.149408,0,0,0,0
13.6247341963463, 17.0984,13.7909792955033, 18.5332,9,16.67869,9,10.19596,0.584138,163.670896,0,0,0,0
13.6418436965905, 16.3296,13.807997695636, 14.9444,9,16.67808,9,11.60818,-0.215569,165.106,0,0,0,0
13.6573171964847, 17.2077,13.8250297955237, 18.6897,9,16.679,9,9.771555,-0.123976,163.712608,0,0,0,0
13.6743409964256, 16.9917,13.8419843963347, 16.7284,9,16.67954,9,12.22556,0.501925,165.203504,0,0,0,0
13.7239209967665, 55.7085,13.8585769957863, 15.7551,9,16.74671,9,9.464869,-0.063655,164.939808,0,0,0,0
13.7239209967665, 1.1869,13.8746135956608, 16.7465,7,16.71998,9,10.59778,-0.19848,124.9864,0,0,0,0
13.7239209967665, 1.2346,13.8916807952337, 15.8712,8,16.69341,9,11.09727,0.361497,140.547904,0,0,0,0
13.7418821970932, 7.5433,13.9081663950346, 16.41,9,16.67775,9,11.41586,-0.121926,155.184704,0,0,0,0
13.7574550970457, 17.9832,13.9257224942558, 19.448,9,16.67998,9,10.12068,0.029051,164.050704,0,0,0,0
13.774480396416, 17.3407,13.9408749942668, 13.3266,9,16.6811,9,12.1922,-0.542677,165.516,0,0,0,0
13.7909792955033, 16.4965,13.9575322945602, 18.4599,9,16.68079,9,9.759726,-0.125698,161.501792,0,0,0,0
13.807997695636, 17.1604,13.9747284953482, 15.2801,9,16.68161,9,10.54355,1.191856,163.4656,0,0,0,0
13.8250297955237, 14.7506,13.9928601947613, 19.7729,9,16.67833,9,10.70678,-0.672497,161.585792,0,0,0,0
13.8419843963347, 18.1582,14.0079202945344, 13.3604,9,16.68084,10,12.4462,0.12165,166.6076,0,0,0,0
13.8585769957863, 15.822,14.024597294163, 16.8632,9,16.67938,9,10.08384,-0.078343,161.8104,0,0,0,0
13.8746135956608, 17.9632,14.0421603950672, 19.3546,9,16.68155,9,7.515497,-0.306564,162.851808,0,0,0,0
13.8916807952337, 16.1786,14.057911594864, 14.0022,9,16.6807,9,12.27115,0.730986,164.243808,0,0,0,0
13.9081663950346, 16.3885,14.075282595586, 19.1295,9,16.68021,9,10.21814,0.785689,162.067504,0,0,0,0
13.9257224942558, 16.7058,14.0922069954686, 15.1051,9,16.68026,9,11.94276,-0.732508,164.808192,0,0,0,0
13.9408749942668, 16.4533,14.1075474950485, 16.9126,9,16.67987,9,10.15471,-0.496302,163.208304,0,0,0,0
13.9575322945602, 14.3915,14.1263623959385, 17.2244,9,16.67604,9,9.231511,0.736353,163.667904,0,0,0,0
13.9747284953482, 19.1302,14.1419241963886, 17.6075,9,16.68015,9,8.908808,-0.574715,166.5004,0,0,0,0
13.9928601947613, 14.6846,14.1583096957766, 14.234,9,16.67681,9,12.7085,-0.218205,164.977904,0,0,0,0
14.0079202945344, 18.4991,14.1748963962309, 18.4965,9,16.67985,9,10.57225,-0.353504,164.527904,0,0,0,0
14.024597294163, 16.8056,14.193134195637, 16.5999,9,16.68006,9,11.00601,-0.448244,164.526,0,0,0,0
14.0421603950672, 16.6764,14.2083030953072, 16.4347,9,16.68005,9,12.58871,0.375482,164.320192,0,0,0,0
14.057911594864, 16.3405,14.2248315955512, 15.0019,9,16.67949,9,10.5079,0.270407,164.078592,0,0,0,0
14.075282595586, 16.8506,14.2423535953276, 19.6866,9,16.67977,9,10.41244,0.072832,162.740496,0,0,0,0
14.0922069954686, 17.0575,14.2586996960454, 14.3073,9,16.6804,9,10.62892,-0.710792,165.576704,0,0,0,0
14.1075474950485, 16.2226,14.2750071953051, 17.8105,9,16.67964,9,9.184293,0.627267,162.826304,0,0,0,0
14.1263623959385, 17.2268,14.2910215961747, 14.4953,9,16.68054,9,9.888768,0.375135,164.415008,0,0,0,0
14.1419241963886, 16.0072,14.3080040956847, 18.4681,9,16.67944,9,11.66679,-0.47397,161.683808,0,0,0,0
14.1583096957766, 17.14,14.3262484963052, 19.92,9,16.68019,9,10.69823,-0.356898,164.1452,0,0,0,0
14.1748963962309, 16.9402,14.3426315966062, 13.1955,9,16.68062,10,11.14806,-0.460456,166.925296,0,0,0,0
14.193134195637, 16.317,14.3591732974164, 18.4389,9,16.68002,9,9.67067,-0.469252,163.180608,0,0,0,0
14.2083030953072, 16.7686,14.3754249974154, 14.3289,9,16.68017,9,12.3049,-0.239016,165.3028,0,0,0,0
14.2248315955512, 16.9878,14.3921033977531, 18.3388,9,16.68067,9,10.59796,0.204388,162.8632,0,0,0,0
14.2423535953276, 15.8869,14.4093607976101, 17.3256,9,16.67938,9,10.73555,-0.619607,164.214592,0,0,0,0
14.2586996960454, 16.7841,14.4247541972436, 13.6691,9,16.67955,9,12.35782,-0.962677,165.653696,0,0,0,0
14.2750071953051, 17.2645,14.4417926971801, 18.7213,9,16.6805,9,10.35981,-0.584094,162.538896,0,0,0,0
14.2910215961747, 16.5906,14.4583726976998, 14.9876,9,16.68035,9,11.73671,-0.359536,163.995808,0,0,0,0
14.3080040956847, 14.8525,14.475215098355, 16.6976,9,16.67739,9,12.52418,0.66777,162.392496,0,0,0,0
14.3262484963052, 18.3091,14.4924569991417, 19.1555,9,16.68003,9,10.75549,0.124822,164.238,0,0,0,0
14.3426315966062, 16.4623,14.5083128982224, 14.0975,9,16.67968,9,12.45414,-0.334981,165.078496,0,0,0,0
14.3591732974164, 17.0206,14.5249196984805, 16.4287,9,16.68023,9,12.27413,0.468819,162.7196,0,0,0,0
14.3754249974154, 17.6204,14.5423727990128, 19.9165,9,16.68174,9,9.116178,0.834422,162.128192,0,0,0,0
14.3921033977531, 14.6004,14.558706598822, 13.9451,9,16.6784,9,11.72228,0.299291,164.4248,0,0,0,0
14.4093607976101, 18.8611,14.5762153980322, 17.4831,9,16.6819,9,10.16998,0.508706,163.769296,0,0,0,0
14.4247541972436, 16.7101,14.5924646989442, 18.4643,9,16.68194,9,11.21548,-0.718893,162.392,0,0,0,0
14.4417926971801, 16.7915,14.6095041991211, 14.816,9,16.68212,9,9.159009,-0.574783,164.146304,0,0,0,0
14.4583726976998, 16.3388,14.6254893993028, 17.8369,9,16.68157,9,9.640594,-0.355846,162.168096,0,0,0,0
14.475215098355, 16.1362,14.6421830994077, 16.9346,9,16.6807,9,11.48349,-0.430095,163.669104,0,0,0,0
14.4924569991417, 17.4277,14.6590305999853, 14.7255,9,16.68189,9,10.64468,-0.290773,164.467504,0,0,0,0
14.5083128982224, 16.5687,14.6770465993322, 19.8165,9,16.68171,9,10.38785,0.397643,161.766096,0,0,0,0
14.5249196984805, 16.3141,14.6922554993071, 15.2339,9,16.68113,10,12.2669,-0.952804,165.014208,0,0,0,0
14.5423727990128, 15.7583,14.7086391993798, 14.7713,9,16.67967,9,10.58847,-0.104472,163.933696,0,0,0,0
14.558706598822, 16.6228,14.7255585999228, 18.6515,9,16.67958,9,12.22166,-1.424242,162.9472,0,0,0,0
14.5762153980322, 17.1416,14.7431018003263, 15.6277,9,16.68031,9,11.3755,-0.18286,164.976,0,0,0,0
14.5924646989442, 16.1753,14.7595481001772, 16.4577,9,16.67951,9,11.45297,0.759802,163.462208,0,0,0,0
14.6095041991211, 17.23,14.775244100485, 17.4261,9,16.68037,9,11.94834,0.456134,163.744896,0,0,0,0
14.6254893993028, 14.7151,14.7923578997143, 15.4449,9,16.67729,9,11.53066,0.730819,163.941504,0,0,0,0
14.6421830994077, 19.0264,14.8092572991736, 16.9997,9,16.68097,9,11.5456,0.255168,164.671008,0,0,0,0
14.6590305999853, 16.1788,14.8251599990763, 17.4041,9,16.68019,9,9.297066,-0.321283,162.644704,0,0,0,0
14.6770465993322, 14.8132,14.8429034990259, 18.7968,9,16.67727,9,11.23298,-0.110477,163.869792,0,0,0,0
14.6922554993071, 18.5752,14.8595509999432, 13.9898,9,16.68023,9,9.184732,0.192247,167.854304,0,0,0,0
14.7086391993798, 16.7236,14.8753027995117, 17.7387,9,16.6803,9,9.795583,-0.912395,163.269104,0,0,0,0
14.7255585999228, 17.474,14.892243698705, 14.9679,9,16.68153,9,10.35928,0.450615,164.284,0,0,0,0
14.7431018003263, 16.5371,14.9092465979047, 16.815,9,16.68131,9,10.33605,-0.053105,161.777792,0,0,0,0
14.7595481001772, 15.7389,14.9263553977944, 20.4221,9,16.67985,9,9.787995,0.263632,162.0564,0,0,0,0
14.775244100485, 16.6924,14.9420252987184, 12.7327,9,16.67987,9,11.01768,-0.532493,166.7392,0,0,0,0
14.7923578997143, 16.1297,14.9599438984878, 20.8733,9,16.67902,9,11.18791,-0.623287,162.780608,0,0,0,0
14.8092572991736, 16.7254,14.9766463977285, 13.376,9,16.67909,10,10.19177,0.069503,167.523904,0,0,0,0
14.8251599990763, 15.4766,14.9922975976951, 18.1895,9,16.67723,9,11.50629,-0.266954,164.175104,0,0,0,0
14.8429034990259, 18.6738,15.009001696948, 16.7672,9,16.68031,9,10.58109,-0.410963,166.887104,0,0,0,0
14.8595509999432, 16.8796,15.0254012965597, 16.6035,9,16.68061,10,12.3719,0.035574,164.981696,0,0,0,0
14.8753027995117, 17.1045,15.0419925958849, 13.8398,9,16.68126,9,9.482854,0.421545,164.7056,0,0,0,0
14.892243698705, 15.9464,15.0591522962786, 17.1726,9,16.68014,9,12.21416,-0.326815,161.441104,0,0,0,0
14.9092465979047, 17.0901,15.0757306967862, 19.0698,9,16.68076,9,10.30143,0.385343,162.667392,0,0,0,0
14.9263553977944, 16.0485,15.0919204973616, 13.7581,9,16.6798,9,9.448555,1.585271,164.647296,0,0,0,0
14.9420252987184, 16.7751,15.1093133972026, 19.9148,9,16.67994,9,11.29702,-0.403501,162.3512,0,0,0,0
14.9599438984878, 16.1908,15.1260158964433, 14.1739,9,16.6792,9,9.881357,-0.193373,165.4968,0,0,0,0
14.9766463977285, 17.7886,15.1431421958841, 20.2903,9,16.68089,9,11.41453,0.17037,163.479904,0,0,0,0
14.9922975976951, 14.4791,15.1594407954253, 12.9485,9,16.67754,10,7.576701,-0.441226,165.982,0,0,0,0
15.009001696948, 16.5365,15.1760929957964, 18.9365,9,16.67733,9,12.39567,0.299635,164.451296,0,0,0,0
15.0254012965597, 17.9204,15.1917708949186, 16.0286,9,16.67921,10,10.33973,0.419251,166.851296,0,0,0,0
15.0419925958849, 17.2825,15.2091262941249, 40.3627,9,16.68012,9,11.67173,-0.223137,164.9596,0,0,0,0
15.0591522962786, 16.4839,15.2393666938879, 4.7874,9,16.67983,11,10.59986,-0.448401,188.040192,0,0,0,0
15.0757306967862, 16.9305,15.2547407937236, 15.3513,9,16.6802,10,11.36825,-0.314898,176.343808,0,0,0,0
15.0919204973616, 16.8814,15.2738928929903, 20.8637,9,16.68051,10,9.407937,-0.05164,174.765296,0,0,0,0
15.1093133972026, 16.5223,15.2888777931221, 13.263,9,16.68027,10,11.9736,-1.167762,178.747392,0,0,0,0
15.1260158964433, 16.6035,15.305956792552, 18.9551,9,16.68015,10,10.6628,-0.164026,175.488608,0,0,0,0
15.1431421958841, 15.878,15.3232550923713, 15.5498,9,16.67895,10,12.09784,0.254282,177.840496,0,0,0,0
15.1594407954253, 16.9063,15.3392205932178, 15.9612,9,16.67929,10,9.996462,0.322759,177.512496,0,0,0,0
15.1760929957964, 14.7187,15.356324093882, 19.1327,9,16.67637,10,13.07603,-1.007856,176.5676,0,0,0,0
15.1917708949186, 16.9032,15.3719744947739, 13.6613,9,16.6767,10,10.16862,-0.737854,180.9816,0,0,0,0
15.1917708949186, 18.4928,15.3890195940621, 18.9257,9,16.67941,10,11.60894,-0.683463,177.739504,0,0,0,0
15.2091262941249, 17.6667,15.405705593992, 14.7288,10,16.68087,10,9.852356,-0.8684,178.173104,0,0,0,0
15.2393666938879, 15.731,15.4232447934337, 17.459,10,16.67946,10,12.98335,-0.544105,175.235696,0,0,0,0
15.2547407937236, 16.518,15.4389420938678, 17.2113,10,16.67923,10,10.93286,-0.571926,176.963504,0,0,0,0
15.2738928929903, 16.7729,15.4550228943117, 14.6372,10,16.67936,10,10.9451,0.560055,177.6564,0,0,0,0
15.2888777931221, 15.8583,15.4732948937453, 20.2335,10,16.67815,10,12.57401,1.394451,175.521792,0,0,0,0
15.305956792552, 17.4614,15.4889512942173, 13.6994,10,16.67931,10,10.98813,-0.32669,179.8968,0,0,0,0
15.3232550923713, 16.1469,15.5063992948271, 19.2494,10,16.67852,10,10.58794,-0.353831,176.135504,0,0,0,0
15.3392205932178, 16.9676,15.5220182952471, 13.696,10,16.67895,10,11.11725,0.33796,179.238496,0,0,0,0
15.356324093882, 16.6259,15.5393242952414, 19.4727,10,16.67887,10,7.31729,-0.71265,175.957904,0,0,0,0
15.3719744947739, 17.2164,15.5560159948654, 14.5867,10,16.67966,10,12.28623,-0.171815,178.813904,0,0,0,0
15.3890195940621, 16.2346,15.5734330941923, 17.3498,10,16.67901,10,10.80084,-0.296565,176.183808,0,0,0,0
15.405705593992, 16.958,15.5885395943187, 16.7601,10,16.67941,10,11.38535,-0.451028,177.2996,0,0,0,0
15.4232447934337, 17.0798,15.6060648947023, 15.9296,10,16.68,10,10.35911,-0.128332,177.102304,0,0,0,0
15.4389420938678, 16.2789,15.6232317942195, 19.0788,10,16.67941,10,12.05287,0.06982,175.952304,0,0,0,0
15.4550228943117, 16.2586,15.6394993937574, 14.2552,10,16.6788,10,10.54133,-0.741724,178.752608,0,0,0,0
15.4732948937453, 16.5712,15.656264893245, 18.8814,10,16.67864,10,10.44503,0.845333,176.749296,0,0,0,0
15.4889512942173, 17.1818,15.6728708925657, 16.325,10,16.67937,10,9.24428,-1.010228,179.059696,0,0,0,0
15.5063992948271, 16.0467,15.6891656923108, 14.4399,10,16.67846,10,11.90302,-0.733251,178.186304,0,0,0,0
15.5220182952471, 16.8349,15.7062420914881, 18.718,10,16.67868,10,12.59587,-0.930655,176.595696,0,0,0,0
15.5393242952414, 15.7473,15.7228285907768, 15.1367,10,16.67734,10,8.689628,-0.925748,178.479696,0,0,0,0
15.5560159948654, 17.273,15.7409967905842, 18.0283,10,16.6782,10,11.41915,0.144974,177.868992,0,0,0,0
15.5734330941923, 17.128,15.7561373901553, 16.8124,10,16.67885,10,10.74955,-0.38854,178.6248,0,0,0,0
15.5885395943187, 17.169,15.7735510901548, 15.6702,10,16.67955,10,12.64865,-1.055504,178.309696,0,0,0,0
15.6060648947023, 16.1293,15.7891666903161, 17.3532,10,16.67876,10,11.18913,0.115503,176.810704,0,0,0,0
15.6232317942195, 17.0239,15.8057728908025, 14.9876,10,16.67926,10,11.79574,0.706891,178.034096,0,0,0,0
15.6394993937574, 16.8979,15.8228315911256, 18.803,10,16.67957,10,10.7599,-0.342399,175.998896,0,0,0,0
15.656264893245, 15.0581,15.8389941914938, 16.2719,10,16.67725,10,10.9695,0.249641,177.904496,0,0,0,0
15.6728708925657, 18.7338,15.8562041907571, 15.3723,10,16.68019,10,11.93551,-0.168852,179.118208,0,0,0,0
15.6891656923108, 16.2477,15.8734811912291, 19.0675,10,16.67957,10,9.089199,0.902155,175.756704,0,0,0,0
15.7062420914881, 16.6117,15.8895536917262, 14.1393,10,16.67947,10,12.38216,0.163671,178.576704,0,0,0,0
15.7228285907768, 17.6561,15.9062444916926, 16.7071,10,16.68086,10,9.459952,-1.080103,176.104608,0,0,0,0
15.7409967905842, 16.2345,15.923379491549, 18.8767,10,16.68023,10,9.604945,-0.17991,175.155296,0,0,0,0
15.7561373901553, 16.7882,15.9419695916586, 16.926,10,16.68038,10,10.87603,0.154452,177.797904,0,0,0,0
15.7735510901548, 17.3458,15.9559312914498, 15.6467,10,16.68133,10,11.8133,-0.31258,177.935808,0,0,0,0
15.7891666903161, 15.7701,15.9719733917154, 14.4472,10,16.68004,10,11.32111,-1.180064,176.237504,0,0,0,0
15.8057728908025, 16.3531,15.9902260922827, 18.0899,10,16.67957,10,11.86005,-0.066897,174.9144,0,0,0,0
15.8228315911256, 14.9623,16.0058544916101, 17.3708,10,16.67715,10,9.93578,-0.517672,176.652304,0,0,0,0
15.8389941914938, 18.2366,16.0229288921691, 17.2648,10,16.67935,10,9.993664,-0.047282,179.060608,0,0,0,0
15.8562041907571, 16.7441,16.0418853913434, 19.4616,10,16.67944,10,13.098,-0.880237,178.088992,0,0,0,0
15.8734811912291, 16.9372,16.0558814913966, 11.5523,10,16.6798,10,9.787572,-0.645719,180.806704,0,0,0,0
15.8895536917262, 16.6594,16.0731063918211, 19.0418,10,16.67977,10,12.44418,-0.845731,175.421696,0,0,0,0
15.9062444916926, 15.6482,16.0900002927519, 15.1748,10,16.67833,10,9.919037,-0.959818,177.8048,0,0,0,0
15.923379491549, 17.068,16.1060533919372, 17.9667,10,16.67887,10,10.95552,-0.41784,177.331392,0,0,0,0
15.9419695916586, 16.4912,16.1233996921219, 15.4115,10,16.67861,9,12.60733,-0.056357,178.230704,0,0,0,0
15.9559312914498, 16.6397,16.138906492386, 19.4034,10,16.67856,8,10.98652,-0.629374,177.150704,0,0,0,0
15.9719733917154, 18.9711,16.1570886918344, 16.194,10,16.68175,10,10.72624,-0.480764,179.915008,0,0,0,0
15.9902260922827, 15.1486,16.1731585920788, 14.1086,10,16.67962,10,12.27966,-0.504997,177.1384,0,0,0,0
16.0058544916101, 14.7336,16.1895678923465, 18.1675,10,16.67691,10,11.89697,-1.130921,176.098096,0,0,0,0
16.0229288921691, 15.4521,16.2059031915851, 16.6525,10,16.67522,10,10.59516,-0.239443,179.531904,0,0,0,0
16.0418853913434, 19.0266,16.2232538913377, 17.1713,10,16.67847,10,12.2642,0.603413,180.7328,0,0,0,0
16.0558814913966, 17.2906,16.240127291996, 14.957,10,16.67932,10,10.82372,0.089083,178.8776,0,0,0,0
16.0731063918211, 16.6282,16.2573655922897, 18.9962,10,16.67925,10,13.07454,0.251979,176.544704,0,0,0,0
16.138906492386, 56.3544,16.2729281927459, 13.8294,10,16.73397,10,10.32169,-0.391606,178.9128,0,0,0,0
16.138906492386, 2.0187,16.2908430933021, 19.8294,7,16.7137,10,11.43262,-1.357384,136.3876,0,0,0,0
16.138906492386, 1.9106,16.3067283923738, 15.9257,8,16.69334,10,10.08562,-0.933818,154.199504,0,0,0,0
16.138906492386, 5.3704,16.3234377927147, 14.895,9,16.67779,10,11.63821,-0.535011,168.214896,0,0,0,0
16.1570886918344, 17.6025,16.3400917924009, 18.2935,10,16.67906,10,9.938084,-0.384243,177.738704,0,0,0,0
16.1731585920788, 16.972,16.3584657921456, 16.6644,10,16.67946,10,11.63502,1.883183,178.429792,0,0,0,0
16.1895678923465, 14.3271,16.3730633924715, 14.6272,10,16.67624,10,12.84761,0.847103,178.1224,0,0,0,0
16.2059031915851, 16.7328,16.3903665929101, 19.1133,10,16.67632,10,10.81814,0.777136,178.422208,0,0,0,0
16.2232538913377, 18.8247,16.4072884931229, 16.9799,10,16.67925,10,12.37892,0.162269,180.803296,0,0,0,0
16.240127291996, 17.1417,16.423435493838, 16.0198,10,16.67988,10,10.0525,0.084079,178.958592,0,0,0,0
16.2573655922897, 15.8944,16.4407546943985, 15.7028,10,16.67881,10,8.127764,0.418289,177.837408,0,0,0,0
16.2729281927459, 16.9639,16.4568760949187, 15.8689,10,16.6792,10,11.21023,-1.06739,177.645904,0,0,0,0
16.2908430933021, 14.3614,16.4743037945591, 19.5462,10,16.67605,10,8.122621,-0.57263,176.550592,0,0,0,0
16.3067283923738, 18.6093,16.4900757945143, 13.7795,10,16.67867,10,11.13701,-0.346904,181.736192,0,0,0,0
16.3234377927147, 16.6224,16.5071809939109, 17.036,10,16.6786,10,8.78659,1.820665,176.906592,0,0,0,0
16.3400917924009, 15.7015,16.5237078941427, 18.3746,10,16.67728,10,12.56593,-0.740901,177.320096,0,0,0,0
16.3584657921456, 17.6302,16.5405686940067, 15.1578,10,16.67856,10,10.9222,-0.540058,179.993104,0,0,0,0
16.3730633924715, 16.7572,16.5572670935653, 16.5742,10,16.67867,10,12.35163,-0.412795,177.520992,0,0,0,0
16.3903665929101, 15.6335,16.5730145941488, 17.3548,10,16.67726,10,8.411601,0.295468,177.338496,0,0,0,0
16.4072884931229, 15.3933,16.5902591939084, 15.6425,10,16.67554,10,12.67446,-0.558269,179.059392,0,0,0,0
16.423435493838, 19.0635,16.6068398947828, 16.5361,10,16.67874,10,10.95759,-0.094546,179.309408,0,0,0,0
16.4407546943985, 17.5798,16.6239935955964, 19.1666,10,16.67995,10,10.87583,-1.016259,176.781904,0,0,0,0
16.4568760949187, 17.0036,16.6416046950035, 15.651,10,16.68038,10,11.74477,-0.581671,178.368992,0,0,0,0
16.4743037945591, 15.2499,16.6561526949517, 14.448,10,16.67847,10,10.07745,0.25975,177.016496,0,0,0,0
16.4900757945143, 18.1353,16.6743348944001, 19.9974,10,16.68041,10,9.965659,0.013671,176.214704,0,0,0,0
16.5071809939109, 16.2218,16.6911578937434, 15.0236,10,16.6798,10,11.29287,0.809992,178.077104,0,0,0,0
16.5237078941427, 16.9849,16.7075725938194, 18.4391,10,16.68021,10,12.55635,-0.535792,176.878704,0,0,0,0
16.5405686940067, 15.8796,16.7242639935575, 14.8868,10,16.67914,10,9.885029,-0.604747,178.333104,0,0,0,0
16.5572670935653, 15.9696,16.7395634935237, 17.2002,10,16.6782,10,12.01541,-0.246165,177.340704,0,0,0,0
16.5730145941488, 18.1455,16.75606969418, 16.3197,10,16.68015,10,9.753292,-0.390874,178.571904,0,0,0,0
16.5902591939084, 16.6443,16.7745097936131, 16.8786,10,16.6801,10,9.626547,-1.021286,176.746096,0,0,0,0
16.6068398947828, 15.3735,16.7905466933735, 17.4759,10,16.67837,10,10.24487,-0.12725,176.980992,0,0,0,0
16.6239935955964, 15.3864,16.807184393052, 14.8745,10,16.67667,10,8.405374,-0.286413,179.0832,0,0,0,0
16.6416046950035, 18.4919,16.8243441921659, 17.0876,10,16.67906,10,7.773886,1.067466,178.571296,0,0,0,0
16.6561526949517, 16.9727,16.8429009919055, 20.742,10,16.67945,10,8.58835,0.447746,177.168096,0,0,0,0
16.6743348944001, 16.26,16.8576090917923, 12.677,10,16.6789,9,8.172313,-0.754497,180.937104,0,0,0,0
16.6911578937434, 16.9108,16.8736047917046, 18.4184,10,16.6792,8,2.108934,-0.413133,177.354096,0,0,0,0
16.7075725938194, 17.1276,16.8904943917878, 16.1339,10,16.67979,10,6.300154,-0.050958,178.862592,0,0,0,0
16.7242639935575, 17.0928,16.9070274909027, 14.8509,10,16.68033,10,8.749397,1.305892,177.868992,0,0,0,0
16.7395634935237, 14.4755,16.9245544900186, 19.113,10,16.67744,10,7.814933,-0.849466,175.6272,0,0,0,0
16.75606969418, 17.5824,16.9405298908241, 14.3912,10,16.67863,10,9.433758,-0.492724,180.250304,0,0,0,0
16.7745097936131, 17.3378,16.9571838905104, 18.2731,10,16.67949,10,7.962608,1.318996,177.0744,0,0,0,0
16.7905466933735, 14.7829,16.9740865905769, 15.2349,10,16.67702,10,6.937266,0.673824,178.009904,0,0,0,0
16.807184393052, 18.7167,16.9898435906507, 15.6301,10,16.67967,10,8.865324,-0.977006,178.461696,0,0,0,0
16.8576090917923, 54.609,17.0081802909262, 20.255,10,16.72899,10,8.207104,-0.130727,175.375504,0,0,0,0
16.8736047917046, 3.6596,17.0247789905407, 15.6669,8,16.71202,10,7.912576,-0.776226,141.022592,0,0,0,0
16.8736047917046, 0.6188,17.0398110901006, 15.8399,8,16.69115,10,6.775706,-1.418449,153.0248,0,0,0,0
16.8736047917046, 7.7156,17.0575957898982, 16.0116,9,16.67952,10,9.460627,-0.570372,168.251696,0,0,0,0
16.8904943917878, 16.279,17.0742970895953, 18.5726,10,16.679,10,7.771326,-0.214693,176.538208,0,0,0,0
16.9070274909027, 16.7547,17.092313489411, 18.4318,10,16.6791,10,7.984849,-0.296814,178.8408,0,0,0,0
16.9245544900186, 16.9606,17.1070007891394, 12.4369,10,16.67946,10,10.38657,1.048765,180.517904,0,0,0,0
16.9405298908241, 16.5329,17.1241304897703, 19.0865,10,16.67928,10,8.499893,-0.096153,175.994704,0,0,0,0
16.9571838905104, 16.4444,17.140792990569, 14.7473,10,16.67897,10,7.756914,-0.746817,178.5416,0,0,0,0
16.9740865905769, 16.6587,17.1582115911879, 17.5036,10,16.67895,10,7.188035,-0.905437,176.851392,0,0,0,0
16.9898435906507, 16.1235,17.1779561904259, 19.8049,10,16.67823,10,7.390953,-0.549509,177.696896,0,0,0,0
17.0081802909262, 17.1794,17.1932964907028, 15.3292,10,16.67888,10,6.969017,-1.197199,181.378,0,0,0,0
17.0247789905407, 16.7142,17.2086996906437, 16.9992,10,16.67892,10,9.442237,-0.352102,179.528496,0,0,0,0
17.0398110901006, 16.5633,17.22705888981, 16.7914,10,16.67877,10,8.959009,-0.999549,179.813504,0,0,0,0
17.0575957898982, 17.6525,17.2425216897391, 17.1773,10,16.68002,10,7.908399,-0.64784,180.042304,0,0,0,0
17.0742970895953, 14.5326,17.2594860899262, 15.2228,10,16.67728,10,10.3246,0.679145,179.567008,0,0,0,0
17.092313489411, 18.6668,17.2761756903492, 18.4062,10,16.67981,10,8.689849,-0.47521,180.256992,0,0,0,0
17.1070007891394, 17.1122,17.2939516897313, 17.8293,10,16.68036,10,10.24724,-0.619914,179.997504,0,0,0,0
17.1241304897703, 15.7839,17.3097953903489, 14.0268,10,16.67922,10,8.089455,0.731306,180.714592,0,0,0,0
17.140792990569, 17.4197,17.3265245906077, 18.5409,10,16.68016,10,6.92631,-0.435213,178.9576,0,0,0,0
17.1582115911879, 14.2538,17.3431202913634, 16.9781,10,16.67709,10,9.661514,-0.106432,180.079104,0,0,0,0
17.1779561904259, 19.2378,17.3598473905586, 14.4242,10,16.68033,10,9.417894,-0.313489,182.802496,0,0,0,0
17.1932964907028, 16.4119,17.3770449901931, 19.4107,10,16.67999,10,6.840513,0.391565,177.9908,0,0,0,0
17.2086996906437, 15.8768,17.3929041898809, 15.4275,10,16.67898,10,8.826432,-1.193601,180.989296,0,0,0,0
17.22705888981, 17.2278,17.4101045890711, 15.6984,10,16.67967,10,8.720689,0.663672,180.540496,0,0,0,0
17.2425216897391, 16.5689,17.4262505895458, 17.7925,10,16.67953,10,8.524835,-0.966507,179.011504,0,0,0,0
17.2594860899262, 17.1971,17.4431110895239, 15.2196,10,16.68018,10,8.878301,-0.613742,180.2348,0,0,0,0
17.2761756903492, 14.8654,17.4593304893933, 17.8942,10,16.6779,10,7.481928,-0.782777,178.2572,0,0,0,0
17.2939516897313, 18.7508,17.4762313901447, 17.0032,10,16.6805,10,7.696807,-0.407337,181.282592,0,0,0,0
17.3097953903489, 16.3919,17.4931376907043, 14.914,10,16.68014,10,8.731842,-0.039664,179.539504,0,0,0,0
17.3265245906077, 15.4534,17.5105627900921, 17.3853,10,16.6786,10,6.707577,0.308087,178.061696,0,0,0,0
17.3431202913634, 17.938,17.5266562900506, 18.2704,10,16.68018,10,8.556137,0.165008,179.993504,0,0,0,0
17.3598473905586, 16.4201,17.5429841908626, 14.2629,10,16.67985,10,8.492164,-0.472415,180.326208,0,0,0,0
17.3770449901931, 14.4661,17.5596648915671, 16.6849,10,16.67709,10,7.410713,0.387637,178.169504,0,0,0,0
17.3929041898809, 19.1155,17.5770931909792, 18.9255,10,16.68013,10,7.211592,-0.531128,180.388496,0,0,0,0
17.4101045890711, 16.8868,17.5945037915371, 15.7994,10,16.68039,10,6.651515,-0.183543,180.199392,0,0,0,0
17.4262505895458, 16.3352,17.6092778914608, 16.5788,10,16.67996,10,8.899163,0.185384,179.111904,0,0,0,0
17.4431110895239, 17.1079,17.6265432913788, 17.2537,10,16.68049,10,8.099528,0.0274,179.355696,0,0,0,0
17.4593304893933, 14.733,17.6432709922083, 14.9659,10,16.67808,10,8.089743,-0.629784,179.501408,0,0,0,0
17.4762313901447, 18.5921,17.6600680914707, 16.7344,10,16.68044,10,8.149816,-0.792067,179.734592,0,0,0,0
17.4931376907043, 16.4067,17.6771053918637, 19.235,10,16.68011,10,8.1796,-0.427029,177.877504,0,0,0,0
17.5105627900921, 16.7612,17.6934788920917, 14.3317,10,16.68021,10,11.52848,-0.085386,180.7056,0,0,0,0
17.5266562900506, 16.7262,17.7086856919341, 15.1098,10,16.68026,10,12.52557,0.271357,178.276096,0,0,0,0
17.5429841908626, 16.3496,17.7268339912407, 19.9436,10,16.67986,10,11.68283,-0.907225,176.660496,0,0,0,0
17.5596648915671, 16.8618,17.743550691288, 14.9535,10,16.68008,10,9.064986,-0.560007,180.2548,0,0,0,0
17.5770931909792, 16.0635,17.7589521915652, 15.3994,10,16.67932,10,12.07254,-0.711003,178.3464,0,0,0,0
17.5945037915371, 17.2568,17.7776157916524, 20.601,10,16.68003,10,8.954925,-0.356039,177.6828,0,0,0,0
17.6092778914608, 14.5237,17.7936910917051, 14.0226,10,16.67739,10,12.64581,-1.036575,181.027008,0,0,0,0
17.6265432913788, 19.2562,17.8104384918697, 16.9781,10,16.68054,10,10.6246,0.294489,180.526496,0,0,0,0
17.6432709922083, 16.4316,17.8264187914319, 15.8277,10,16.68024,10,12.42214,-0.840625,178.248992,0,0,0,0
17.6600680914707, 16.1088,17.8432332915254, 18.5896,10,16.67954,10,9.975675,-0.501071,177.644608,0,0,0,0
17.6771053918637, 18.1277,17.8595755924471, 14.5131,10,16.68131,10,10.49971,-0.675849,180.125904,0,0,0,0
17.6934788920917, 15.8439,17.8762622927316, 16.9608,10,16.68029,10,10.67832,-0.334154,176.511696,0,0,0,0
17.7086856919341, 17.1571,17.8933859919198, 18.7638,10,16.68087,10,11.45927,0.002755,177.6288,0,0,0,0
17.7268339912407, 16.107,17.9118485921063, 16.6488,10,16.68017,10,12.41135,0.301648,179.235392,0,0,0,0
17.743550691288, 15.7443,17.9273321921937, 15.4255,10,16.67904,10,10.54955,0.13572,179.777792,0,0,0,0
17.7589521915652, 16.4185,17.942856492009, 17.8442,10,16.67872,10,12.29795,-0.438416,179.4592,0,0,0,0
17.7776157916524, 16.4504,17.9603278911673, 15.0318,10,16.67844,10,10.28655,-0.057299,180.884896,0,0,0,0
17.7936910917051, 17.9374,17.9775376911275, 17.2795,10,16.67996,10,10.23288,-0.224051,179.4668,0,0,0,0
17.8104384918697, 15.5122,17.9941344908439, 18.8681,10,16.67855,10,11.16302,0.607845,178.808496,0,0,0,0
17.8264187914319, 16.785,18.0107885911129, 14.3961,10,16.67868,10,11.0917,-0.918567,182.164992,0,0,0,0
17.8432332915254, 17.9417,18.0264750919305, 15.8461,10,16.6802,10,11.91085,-0.947522,179.775696,0,0,0,0
17.8595755924471, 15.6718,18.0434260922484, 18.7849,10,16.67899,10,12.18215,-0.399096,177.680992,0,0,0,0
17.8762622927316, 17.4196,18.0601432914846, 15.1692,10,16.67988,10,9.406367,1.041963,180.794304,0,0,0,0
17.8933859919198, 15.1928,18.0758509910665, 15.3168,10,16.6781,10,12.77312,-0.57435,178.543808,0,0,0,0
17.9118485921063, 17.6355,18.0943740918301, 21.1381,10,16.67924,10,10.9805,-0.632263,178.6648,0,0,0,0
17.9273321921937, 16.1415,18.1103298920207, 13.1835,10,16.6786,10,12.39244,0.249086,182.171504,0,0,0,0
17.942856492009, 18.0996,18.1270997929387, 19.1535,10,16.6803,10,9.29165,-0.690674,179.2132,0,0,0,0
17.9603278911673, 16.119,18.143296092283, 13.851,10,16.67963,10,12.62086,0.011972,180.267696,0,0,0,0
17.9775376911275, 16.575,18.1600232920609, 18.7496,10,16.6795,10,12.43041,0.264381,177.9996,0,0,0,0
17.9941344908439, 16.2668,18.1774420919828, 15.4461,10,16.67901,10,9.756474,-1.112593,180.174496,0,0,0,0
18.0107885911129, 16.7373,18.1931626922451, 15.7556,10,16.67908,10,12.43613,1.038909,179.353504,0,0,0,0
18.0264750919305, 16.2935,18.2104440922849, 19.0735,10,16.67862,10,9.986519,-0.115534,178.363392,0,0,0,0
18.0434260922484, 18.0875,18.2270978926681, 17.1741,10,16.6803,10,11.56319,-0.377178,181.152992,0,0,0,0
18.0601432914846, 15.2283,18.2442049919628, 14.7418,10,16.67857,10,11.33209,-0.494815,180.24,0,0,0,0
18.0758509910665, 16.5178,18.2597443922423, 15.6254,10,16.67838,10,10.78813,1.074192,179.753904,0,0,0,0
18.0943740918301, 17.2748,18.2768346923403, 19.0902,10,16.67909,10,9.863978,-0.404927,178.8608,0,0,0,0
18.1103298920207, 18.3025,18.2943816925399, 15.6432,10,16.68101,10,12.30711,-0.616251,180.676992,0,0,0,0
18.1270997929387, 16.2514,18.3095186925493, 16.9042,10,16.6805,10,10.49241,0.22858,178.018496,0,0,0,0
18.143296092283, 16.7426,18.3271749927662, 16.0799,10,16.68057,10,10.55493,-0.094391,178.671504,0,0,0,0
18.1600232920609, 16.3633,18.3433800931089, 17.8095,10,16.6802,10,10.82555,-0.433669,178.009104,0,0,0,0
18.1774420919828, 16.8721,18.3599232933484, 14.4827,10,16.68043,10,12.50192,-1.153017,179.4552,0,0,0,0
18.1931626922451, 16.6822,18.3769031926058, 17.1502,10,16.68043,10,9.497591,-0.806115,177.066208,0,0,0,0
18.2104440922849, 15.0611,18.3939399919473, 18.8033,10,16.67853,10,11.86997,0.677333,177.534208,0,0,0,0
18.2270978926681, 17.3777,18.4105377919041, 14.7059,10,16.67935,10,10.74422,0.265503,181.276096,0,0,0,0
18.2442049919628, 17.7392,18.4271740927361, 18.43,10,16.68059,10,12.92572,0.285773,178.604608,0,0,0,0
18.2597443922423, 17.5071,18.4442167929374, 15.2721,10,16.68155,10,11.14407,-0.158606,179.296192,0,0,0,0
18.2768346923403, 15.9914,18.4608159936033, 18.3593,10,16.68075,10,7.890497,-0.155534,177.060896,0,0,0,0
18.2943816925399, 15.8718,18.4771258938126, 15.1354,10,16.67981,10,11.38233,0.432926,179.429504,0,0,0,0
18.3095186925493, 16.2059,18.4929376929067, 17.0378,10,16.67925,10,9.628206,-0.862973,178.693104,0,0,0,0
18.3271749927662, 16.4516,18.5104172932915, 15.7523,10,16.67899,10,11.97993,-0.46877,179.5256,0,0,0,0
18.3433800931089, 17.423,18.5272930930369, 18.9571,10,16.67985,10,10.32337,-0.602112,178.8264,0,0,0,0
18.3599232933484, 16.4596,18.5440585925244, 14.7179,10,16.6796,10,9.677873,-0.466929,180.3604,0,0,0,0
18.3769031926058, 15.9513,18.5612304932438, 19.5313,10,16.67875,10,12.69267,0.093902,178.619104,0,0,0,0
18.3939399919473, 17.655,18.577047792729, 19.0028,10,16.67988,10,10.65751,-0.738599,182.199104,0,0,0,0
18.4105377919041, 16.3769,18.5927441935055, 10.1657,10,16.67953,11,12.34833,-0.802688,183.547296,0,0,0,0
18.4271740927361, 17.9835,18.6119373939, 21.1905,10,16.68104,10,12.3348,-0.039397,177.3364,0,0,0,0
18.4442167929374, 15.4822,18.626923894044, 12.825,10,16.67966,10,9.860399,-0.371123,180.544,0,0,0,0
18.4608159936033, 16.8504,18.6443165945821, 19.2371,10,16.67985,10,12.44519,0.446911,177.886704,0,0,0,0
18.4771258938126, 16.7896,18.6619891948067, 15.7722,10,16.67998,10,12.6953,0.010035,180.273696,0,0,0,0
18.4929376929067, 16.6183,18.6780076953582, 17.8502,10,16.67991,10,9.466623,0.33793,179.240608,0,0,0,0
18.5104172932915, 16.5271,18.6942920959555, 16.2668,10,16.67973,10,12.20179,-0.33238,180.488896,0,0,0,0
18.5272930930369, 16.6647,18.7106089959852, 14.5938,10,16.67971,10,11.39886,-0.295655,180.228496,0,0,0,0
18.5440585925244, 16.1449,18.7277635964565, 19.679,10,16.6791,9,9.61617,-0.178945,178.157904,0,0,0,0
18.5612304932438, 15.1183,18.7442029970698, 14.0387,10,16.67731,10,11.48218,1.250183,181.691904,0,0,0,0
18.577047792729, 18.5682,18.7620402979665, 19.8566,10,16.67948,10,10.32825,-0.285586,180.611696,0,0,0,0
18.5927441935055, 16.9955,18.7771380976774, 15.2345,10,16.67984,11,10.05474,-0.569655,181.894496,0,0,0,0
18.6119373939, 16.1875,18.7940950975753, 14.7484,10,16.67928,10,12.02552,-0.337185,180.140896,0,0,0,0
18.626923894044, 17.1511,18.8120318972506, 21.3638,10,16.67982,10,8.890786,0.537018,178.701792,0,0,0,0
18.6443165945821, 17.2799,18.8267088974826, 11.2992,10,16.6805,11,10.33346,0.289586,182.915104,0,0,0,0
18.6619891948067, 16.0804,18.844450996723, 19.5037,10,16.67982,10,12.24148,-0.729222,176.934,0,0,0,0
18.6780076953582, 15.6414,18.8611662960611, 14.9388,10,16.67864,10,10.27258,-0.253468,180.357792,0,0,0,0
18.7106089959852, 33.0826,18.87689169636, 17.3778,10,16.69725,10,11.32101,-0.099034,179.655296,0,0,0,0
18.7277635964565, 12.7318,18.8943986962549, 17.6095,9,16.69276,10,11.54782,-0.77595,163.9512,0,0,0,0
18.7277635964565, 6.6672,18.9120439956896, 15.8851,9,16.6814,10,10.80407,0.271763,168.8088,0,0,0,0
18.7442029970698, 14.5878,18.9280742960982, 17.9039,10,16.67904,10,12.04293,0.296029,178.047008,0,0,0,0
18.7620402979665, 14.617,18.9435882964171, 13.6116,10,16.67671,10,11.72865,-0.664277,181.363296,0,0,0,0
18.7771380976774, 19.4806,18.9598883972503, 17.9952,10,16.67987,10,11.00394,-0.496189,180.357504,0,0,0,0
18.7940950975753, 16.0513,18.9770131972618, 17.3633,10,16.67916,10,8.124271,-0.089551,178.872992,0,0,0,0
18.8120318972506, 15.6927,18.9939589970745, 14.9524,10,16.67805,10,11.57978,0.319912,180.185104,0,0,0,0
18.8267088974826, 17.5206,19.0111714978702, 19.6567,10,16.679,10,10.51539,-0.681252,179.4448,0,0,0,0
18.844450996723, 16.554,19.0269669969566, 13.2935,10,16.67886,10,12.23175,0.56815,181.581504,0,0,0,0
18.8611662960611, 17.3961,19.0459192977287, 19.1477,10,16.67966,10,12.10159,0.589051,178.320992,0,0,0,0
18.87689169636, 14.7705,19.0618390985765, 18.1168,10,16.67752,10,8.354252,-0.528248,180.072896,0,0,0,0
18.8943986962549, 19.0314,19.0780499991961, 13.978,10,16.68016,10,12.30945,-0.437733,183.419008,0,0,0,0
18.9120439956896, 16.0108,19.0943610989489, 18.0348,10,16.67941,10,8.109449,-0.721463,178.366496,0,0,0,0
18.9280742960982, 16.3956,19.1136579983868, 17.4897,10,16.67909,10,11.42015,-0.776493,180.390704,0,0,0,0
18.9435882964171, 17.3688,19.1273605986498, 13.7429,10,16.67986,10,9.905333,-0.315504,181.4852,0,0,0,0
18.9598883972503, 14.9543,19.1438282984309, 20.0958,10,16.67794,10,9.817263,-0.399826,177.859392,0,0,0,0
18.9770131972618, 18.1916,19.1620550989173, 15.1379,10,16.67963,10,9.870393,-0.901052,183.000304,0,0,0,0
18.9939589970745, 16.1951,19.1776756993495, 17.5165,10,16.67909,10,12.7379,-0.209456,179.946592,0,0,0,0
19.0111714978702, 15.8776,19.1936071994714, 15.2794,10,16.6782,11,12.24493,-0.177962,181.269504,0,0,0,0
19.0269669969566, 17.4206,19.2117267991416, 16.8169,10,16.67902,10,9.851252,0.165969,180.671392,0,0,0,0
19.0459192977287, 17.7854,19.227812898811, 15.5602,10,16.68025,10,12.77716,-0.117084,180.067904,0,0,0,0
19.0618390985765, 15.5587,19.2449096995406, 19.1485,10,16.679,10,9.537062,-0.160937,177.843104,0,0,0,0
19.0780499991961, 17.5223,19.2612022995017, 14.2643,10,16.67994,10,12.05103,-1.148604,181.432608,0,0,0,0
19.0943610989489, 15.2604,19.2780508003198, 18.8902,10,16.67837,10,8.434384,-0.477171,178.1756,0,0,0,0
19.1136579983868, 19.0353,19.2954857009463, 15.391,10,16.68097,10,12.17304,-1.327774,181.804992,0,0,0,0
19.1273605986498, 15.6573,19.3120219013654, 16.4983,10,16.67984,10,9.908204,1.185561,178.1612,0,0,0,0
19.1438282984309, 15.5306,19.3283364004456, 17.9802,10,16.67858,10,10.55597,-0.545765,179.003104,0,0,0,0
19.1620550989173, 17.5798,19.344925200101, 14.8631,10,16.67957,10,-13.12786,-0.154529,181.452704,0,0,0,0
19.1776756993495, 13.9828,19.3620711001568, 19.4664,10,16.6766,10,11.89907,0.48132,178.736,0,0,0,0
19.1936071994714, 17.6132,19.3792909006588, 18.077,10,16.67763,11,13.22754,-0.264587,184.219392,0,0,0,0
19.2117267991416, 18.57,19.3943073009141, 11.8672,10,16.67971,10,9.042165,0.176591,184.683808,0,0,0,0
19.227812898811, 15.8996,19.4120706007816, 19.7675,10,16.67885,10,12.45933,-0.856257,177.981504,0,0,0,0
19.2449096995406, 16.0742,19.4283974007703, 14.3312,10,16.67819,11,10.18108,-0.571027,181.8488,0,0,0,0
19.2612022995017, 17.0876,19.4443673011847, 16.0017,10,16.67864,10,11.31349,-0.461785,180.106704,0,0,0,0
19.2780508003198, 16.1351,19.4613369018771, 19.1642,10,16.67805,10,12.03091,0.370509,179.020304,0,0,0,0
19.2954857009463, 17.6124,19.4787127026357, 15.2257,10,16.67906,10,9.574557,-0.602505,182.049696,0,0,0,0
19.3120219013654, 16.5522,19.4952508029528, 18.7791,10,16.67893,10,12.59653,-1.198204,179.663392,0,0,0,0
19.3283364004456, 16.5676,19.5112756029703, 15.7128,10,16.6788,11,10.34879,0.377382,181.890896,0,0,0,0
19.344925200101, 17.1395,19.5293734022416, 16.3045,10,16.67931,10,12.30169,-0.650519,181.035808,0,0,0,0
19.3620711001568, 14.9452,19.54436010262, 16.6566,10,16.67742,10,11.5231,0.126936,180.200608,0,0,0,0
19.3792909006588, 18.0983,19.5609544026665, 14.7672,10,16.67896,10,10.9896,-0.969139,181.9128,0,0,0,0
19.3943073009141, 17.4852,19.5795298027806, 20.6175,10,16.67984,10,13.03572,-0.335397,178.575296,0,0,0,0
19.4120706007816, 14.0054,19.5944304023869, 12.9727,10,16.67694,10,9.478119,-0.280482,181.7144,0,0,0,0
19.4283974007703, 19.085,19.6114251022227, 18.9732,10,16.67955,10,12.46046,0.449979,180.681696,0,0,0,0
19.4443673011847, 16.3252,19.6291992017068, 17.3971,10,16.67916,10,9.888839,-1.111019,180.570704,0,0,0,0
19.4613369018771, 16.8998,19.6444964013062, 13.5972,10,16.6794,10,12.8756,-0.266765,181.642496,0,0,0,0
19.4787127026357, 16.6844,19.662369301077, 20.0524,10,16.67941,10,10.07518,0.178283,178.340192,0,0,0,0
19.4952508029528, 14.6125,19.6791302016936, 14.6369,10,16.67718,10,12.17172,-0.306778,181.708496,0,0,0,0
19.5112756029703, 19.1943,19.6955587021075, 16.3561,10,16.67989,10,11.50172,-0.144134,181.732496,0,0,0,0
19.5293734022416, 16.9184,19.7115282020532, 17.8261,10,16.68015,10,11.41796,-0.210704,178.8952,0,0,0,0
19.54436010262, 16.321,19.7293761014007, 18.5083,10,16.67976,10,12.17002,-0.571854,179.803008,0,0,0,0
19.5609544026665, 17.1524,19.7452467004769, 13.2801,10,16.68027,10,9.768878,-0.227542,181.990896,0,0,0,0
19.5795298027806, 16.1482,19.7617604001425, 18.8032,10,16.6797,10,12.19603,-0.277113,178.118704,0,0,0,0
19.5944304023869, 17.0335,19.7784350006841, 14.4704,10,16.68007,10,9.986804,1.202713,180.773504,0,0,0,0
19.6114251022227, 15.8082,19.7954359999858, 16.9606,10,16.67914,10,10.34855,-0.31255,178.210896,0,0,0,0
19.6291992017068, 18.7728,19.8124037007801, 19.1675,10,16.68138,10,12.59074,0.408621,179.3628,0,0,0,0
19.6444964013062, 15.1903,19.8284797999077, 13.9798,10,16.67979,10,10.55371,-0.658961,179.758704,0,0,0,0
19.662369301077, 16.6869,19.8447319990955, 18.1455,10,16.6798,10,12.09669,-0.746586,178.547504,0,0,0,0
19.6791302016936, 16.7025,19.861888398882, 15.2881,10,16.67982,10,10.75085,-0.355722,180.007392,0,0,0,0
19.6955587021075, 16.5751,19.8785972981714, 18.3695,10,16.67971,10,10.61788,-0.876896,178.592992,0,0,0,0
19.7115282020532, 15.3914,19.8954619984142, 17.1718,10,16.67834,10,11.63056,-0.348648,180.387504,0,0,0,0
19.7293761014007, 17.8429,19.9110975987278, 13.4817,10,16.67958,10,10.95659,0.220003,182.1668,0,0,0,0
19.7452467004769, 16.211,19.9305565985851, 22.593,10,16.67908,10,12.65152,-0.387637,177.806496,0,0,0,0
19.7617604001425, 16.2737,19.9459462990053, 12.4925,10,16.67865,11,10.5267,-0.347439,184.189104,0,0,0,0
19.7784350006841, 16.302,19.9619802986272, 17.6644,10,16.67825,10,10.93145,0.123788,180.408496,0,0,0,0
19.7954359999858, 17.3231,19.9802859988995, 19.9114,10,16.67893,10,12.2423,2.03186,181.771104,0,0,0,0
19.8124037007801, 16.4948,19.9948827992193, 11.1228,10,16.67874,11,9.852937,-0.691113,184.359808,0,0,0,0
19.8284797999077, 17.4169,20.01223539887, 19.3532,10,16.67952,10,12.39644,-1.323524,178.988,0,0,0,0
19.8447319990955, 17.3648,20.027844698634, 13.6254,10,16.68024,10,12.36871,0.237519,180.9244,0,0,0,0
19.861888398882, 15.7605,20.0461906990968, 20.9769,10,16.67927,10,10.16964,-0.824131,177.185408,0,0,0,0
19.8785972981714, 14.6794,20.0621720994823, 15.3923,10,16.67717,11,9.925113,-0.422649,182.402096,0,0,0,0
19.8954619984142, 18.5153,20.0790027002804, 15.018,10,16.6791,10,10.95542,0.193536,183.1148,0,0,0,0
19.9110975987278, 16.4789,20.0958878002129, 18.5639,10,16.67889,10,13.18848,-0.82488,179.618,0,0,0,0
19.9305565985851, 16.5805,20.1122737000696, 14.6128,10,16.67879,10,11.78073,-0.277653,181.702704,0,0,0,0
19.9459462990053, 17.5925,20.1284858002327, 18.064,10,16.67974,10,11.08345,-0.063572,179.7352,0,0,0,0
19.9619802986272, 15.5297,20.145663801115, 17.0566,10,16.67854,10,10.50036,-0.735121,180.207296,0,0,0,0
19.9802859988995, 17.5144,20.162198101636, 14.8642,10,16.67941,10,7.71618,-0.06637,181.734208,0,0,0,0
19.9948827992193, 16.6158,20.1782003021799, 17.7258,10,16.67935,10,12.84425,-1.281019,179.084608,0,0,0,0
20.01223539887, 17.4989,20.1948223016225, 14.7231,10,16.6802,10,10.47937,0.262839,180.1944,0,0,0,0
20.027844698634, 16.4293,20.2121739010327, 17.4585,10,16.67994,10,11.98592,-0.34825,177.419296,0,0,0,0
20.0461906990968, 14.7474,20.228530801367, 18.2686,10,16.67793,10,10.69727,-0.602907,178.448304,0,0,0,0
20.0621720994823, 19.5173,20.245548801031, 15.0195,10,16.68088,10,11.99362,-0.964166,181.969696,0,0,0,0
20.0790027002804, 15.9163,20.2632283004932, 17.8329,10,16.68009,10,9.280361,-0.293607,177.4724,0,0,0,0
20.0958878002129, 16.3363,20.2781193009578, 16.7598,10,16.67973,9,9.76235,-0.081125,179.388608,0,0,0,0
20.1122737000696, 17.3185,20.2947759008966, 15.8688,10,16.68039,8,12.34051,0.471926,179.8132,0,0,0,0
20.1284858002327, 14.6462,20.3117687008344, 17.6343,10,16.67829,10,10.85137,-0.663953,178.3636,0,0,0,0
20.145663801115, 19.1073,20.3288869014941, 17.483,10,16.6808,10,10.87501,0.531637,181.352,0,0,0,0
20.162198101636, 15.5276,20.3462227019481, 15.2259,10,16.67961,10,10.38122,-0.25676,179.727904,0,0,0,0
20.1782003021799, 16.717,20.3626006017439, 18.325,10,16.67965,10,12.10707,-0.228113,179.425904,0,0,0,0
20.1948223016225, 16.9389,20.3784885010682, 14.0293,10,16.67991,10,9.788153,-0.259785,181.034592,0,0,0,0
20.2121739010327, 15.4169,20.3948388001882, 16.1437,10,16.67861,10,12.64016,1.438319,178.124704,0,0,0,0
20.228530801367, 17.7458,20.4118987000547, 18.8899,10,16.67971,10,9.48366,-0.639357,178.851904,0,0,0,0
20.2781193009578, 54.6865,20.4286532993428, 14.9415,10,16.71873,10,10.23531,-0.018619,179.996896,0,0,0,0
20.2781193009578, 1.6795,20.4451806000434, 18.1721,8,16.70331,10,12.01449,0.245213,140.251104,0,0,0,0
20.2947759008966, 1.8286,20.4631163994782, 16.3058,9,16.68806,10,10.40578,-0.269148,156.7456,0,0,0,0
20.2947759008966, 7.9045,20.4794079991989, 16.3783,9,16.67908,10,10.42066,0.355617,171.222496,0,0,0,0
20.3117687008344, 15.8732,20.4952439996414, 17.5959,10,16.67825,10,12.47182,-0.171823,179.696192,0,0,0,0
20.3288869014941, 17.3589,20.5121172997169, 16.9442,10,16.67895,10,10.03879,0.541229,181.418496,0,0,0,0
20.3462227019481, 17.0837,20.5292582004331, 15.213,10,16.67936,10,9.737248,-0.391053,181.004608,0,0,0,0
20.3626006017439, 16.921,20.5447072000243, 17.3583,10,16.67961,10,10.39568,0.096178,179.1336,0,0,0,0
20.3784885010682, 16.4332,20.5617772997357, 15.2735,10,16.67936,9,11.37002,-0.101736,179.571296,0,0,0,0
20.3948388001882, 17.2028,20.5812809006311, 19.4856,10,16.67989,8,12.18957,0.062561,178.411696,0,0,0,0
20.4118987000547, 15.2343,20.5948313004337, 15.1309,10,16.67842,10,9.318453,0.063352,180.695008,0,0,0,0
20.4286532993428, 17.5154,20.6124473004602, 16.0012,10,16.67927,10,12.21802,-0.855992,180.591696,0,0,0,0
20.4451806000434, 16.5478,20.6296495995484, 19.2103,10,16.67913,10,11.87014,-0.234694,179.0776,0,0,0,0
20.4631163994782, 17.2851,20.6469348999672, 15.1924,10,16.67975,10,10.17054,-0.334942,181.740992,0,0,0,0
20.4794079991989, 15.6111,20.6625259001739, 17.7012,10,16.67867,10,11.68615,0.134457,179.648192,0,0,0,0
20.4952439996414, 15.1432,20.6796283000149, 16.8509,10,16.67711,10,11.80539,-0.709015,181.738,0,0,0,0
20.5121172997169, 18.9018,20.6950106997974, 13.4222,10,16.67936,10,11.12759,-1.066881,183.463008,0,0,0,0
20.5617772997357, 56.1645,20.7131359004416, 20.2159,10,16.71921,10,12.16774,0.395259,177.984496,0,0,0,0
20.5617772997357, 2.01,20.728614800144, 13.5165,8,16.70438,9,12.31174,0.609412,142.0356,0,0,0,0
20.5617772997357, 1.7626,20.7459848993458, 18.422,9,16.68933,8,9.822115,0.261217,153.543504,0,0,0,0
20.5812809006311, 6.1369,20.7628063992597, 15.8143,10,16.67871,10,10.85048,0.296117,170.2032,0,0,0,0
20.5948313004337, 17.1704,20.7786147990264, 17.7795,10,16.67921,10,13.08174,-1.103071,179.879904,0,0,0,0
20.6124473004602, 17.4913,20.7956089996733, 15.4639,10,16.68002,10,9.757988,-1.229401,180.489296,0,0,0,0
20.6296495995484, 15.5912,20.8132434994914, 17.128,10,16.67893,10,11.42158,0.531755,178.461696,0,0,0,0
20.6469348999672, 17.5345,20.829660999123, 18.3381,10,16.67979,10,9.655383,-0.141272,179.999008,0,0,0,0
20.6625259001739, 14.5597,20.845166999381, 13.5223,10,16.67767,10,11.44917,-0.113159,180.803008,0,0,0,0
20.6796283000149, 19.9301,20.8634015000425, 20.0357,10,16.68092,10,10.9243,0.310026,179.765904,0,0,0,0
20.728614800144, 54.1272,20.8794648996554, 14.4469,10,16.71833,10,11.28994,0.469056,179.871808,0,0,0,0
20.728614800144, 1.8866,20.8947479999624, 16.9252,8,16.70353,10,11.08847,0.188286,140.1912,0,0,0,0
20.7459848993458, 2.2083,20.9121832004748, 17.5008,9,16.68907,10,10.29646,-0.469284,155.226208,0,0,0,0
20.7459848993458, 7.2339,20.9291643011384, 17.4256,9,16.67966,10,12.10617,-0.311531,170.521504,0,0,0,0
20.7628063992597, 15.9262,20.9462157017551, 14.7224,10,16.67891,10,11.69924,-0.402452,180.714592,0,0,0,0
20.7786147990264, 17.5356,20.9629658008926, 19.0002,10,16.67976,10,7.635014,0.456246,179.495104,0,0,0,0
20.7956089996733, 15.699,20.9803176014684, 15.1226,10,16.67878,11,11.63278,-0.314354,180.976192,0,0,0,0
20.8132434994914, 17.1026,20.9966149008833, 16.4479,10,16.6792,10,9.912131,-0.292618,180.399808,0,0,0,0
20.829660999123, 16.3931,21.0132619007491, 18.9352,10,16.67892,10,10.45315,-0.063193,179.745504,0,0,0,0
20.845166999381, 17.8672,21.0292751002125, 13.7201,10,16.6801,10,12.28345,-0.973965,182.288,0,0,0,0
20.8634015000425, 16.1302,21.0464223003946, 17.0135,10,16.67955,10,9.854154,0.683089,178.140704,0,0,0,0
20.8794648996554, 17.3698,21.0619618003257, 17.29,10,16.68024,10,12.13772,0.555956,179.024704,0,0,0,0
20.8947479999624, 14.025,21.0800023996271, 16.3119,10,16.67761,10,10.55129,-1.05852,178.9444,0,0,0,0
20.9121832004748, 16.4063,21.0965694994666, 18.7952,10,16.67735,10,11.99636,0.025559,181.231904,0,0,0,0
20.9291643011384, 17.9203,21.1128945001401, 14.0153,10,16.67857,10,13.04611,0.025886,183.6128,0,0,0,0
20.9462157017551, 16.9265,21.1317941998132, 20.8418,10,16.67882,10,9.473144,1.341469,179.7164,0,0,0,0
20.9629658008926, 15.0243,21.1459268997423, 13.5279,10,16.67719,10,10.48052,-0.624109,183.631696,0,0,0,0
20.9803176014684, 18.9013,21.1639895993285, 16.7163,10,16.67937,10,11.32564,-0.149521,182.1356,0,0,0,0
20.9966149008833, 16.6005,21.1801044992171, 18.6634,10,16.6793,10,11.99691,-0.157083,179.951008,0,0,0,0
21.0132619007491, 16.304,21.1958632986061, 13.3347,10,16.67893,10,10.09753,0.567194,182.013504,0,0,0,0
21.0292751002125, 16.6557,21.2133380989544, 19.773,10,16.67891,10,8.343809,-0.255569,179.044992,0,0,0,0
21.0464223003946, 16.6922,21.229087499436, 16.1773,10,16.67892,11,12.59642,0.068643,182.162592,0,0,0,0
21.0619618003257, 17.5082,21.246052000206, 14.3287,10,16.67973,10,10.18758,-1.178586,181.6476,0,0,0,0
21.0800023996271, 16.4278,21.2631817995571, 19.4901,10,16.67948,10,12.12281,0.534324,178.468496,0,0,0,0
21.0965694994666, 16.5675,21.2800658992492, 14.4317,10,16.67937,10,11.29847,-0.777052,181.528896,0,0,0,0
21.1128945001401, 16.4079,21.2960128984414, 17.6161,10,16.67911,10,10.35976,-0.46102,179.356304,0,0,0,0
21.1459268997423, 29.4174,21.3132870993577, 15.501,10,16.69151,10,11.71069,-0.496548,180.615392,0,0,0,0
21.1459268997423, 11.2281,21.3296627993695, 16.7785,9,16.6862,10,11.39888,0.634773,166.699104,0,0,0,0
21.1639895993285, 10.2449,21.3459749999456, 18.571,10,16.67994,10,11.28795,-0.218826,172.25,0,0,0,0
21.1801044992171, 16.0075,21.3630104004405, 14.3558,10,16.67929,10,10.79022,-0.155026,180.576,0,0,0,0
21.1958632986061, 16.6838,21.3798595997505, 19.6453,10,16.67929,10,12.24745,-0.243864,178.924496,0,0,0,0
21.2133380989544, 14.9742,21.3961798991077, 13.5297,10,16.67764,10,10.52353,-0.167867,181.886304,0,0,0,0
21.229087499436, 18.7709,21.4129763985984, 16.9312,10,16.67966,10,9.369926,0.373156,180.442,0,0,0,0
21.246052000206, 16.1218,21.4319371986203, 19.0137,10,16.67912,10,12.02793,-0.498797,178.5948,0,0,0,0
21.2631817995571, 18.0236,21.4460509982891, 16.1498,10,16.68042,10,10.16816,0.019711,181.4944,0,0,0,0
21.2800658992492, 15.3609,21.4650969975628, 17.0288,10,16.67915,10,9.861367,-0.524818,179.619504,0,0,0,0
21.2960128984414, 17.8042,21.480035297107, 14.9418,10,16.68023,10,12.13314,-0.359804,181.2892,0,0,0,0
21.3132870993577, 15.8336,21.4959201975726, 17.5411,10,16.67942,10,9.397997,-0.810661,178.4268,0,0,0,0
21.3296627993695, 16.6509,21.5133476979099, 15.5535,10,16.67939,10,10.64779,-0.590349,180.134496,0,0,0,0
21.3459749999456, 16.2211,21.530000097584, 18.6735,10,16.67895,10,11.63062,-0.374724,179.0372,0,0,0,0
21.3630104004405, 16.9886,21.5473140976392, 15.4385,10,16.67925,10,10.5183,0.320432,181.490096,0,0,0,0
21.3798595997505, 16.8277,21.5633679977618, 18.1862,10,16.67939,10,11.98076,-0.207273,179.940096,0,0,0,0
21.3961798991077, 16.9713,21.5800882983021, 14.5775,10,16.67967,10,10.76805,-0.504779,181.298896,0,0,0,0
21.4129763985984, 16.3297,21.5965091991238, 18.1056,10,16.67934,10,10.44352,-0.548741,178.905296,0,0,0,0
21.4319371986203, 17.5793,21.6128814998083, 16.4918,10,16.6802,10,12.21277,0.211604,180.681296,0,0,0,0
21.4460509982891, 15.1544,21.6304095997475, 15.7002,10,16.67874,10,11.50867,0.930625,179.594,0,0,0,0
21.4650969975628, 18.75,21.6461392990313, 17.7955,10,16.68072,10,9.917679,-0.959696,180.1396,0,0,0,0
21.480035297107, 14.9897,21.662859199103, 14.8399,10,16.6791,10,12.34324,-0.401626,179.185408,0,0,0,0
21.4959201975726, 17.4119,21.6802532984875, 17.3678,10,16.6798,10,12.3333,-0.337013,179.036192,0,0,0,0
21.5133476979099, 17.7468,21.6960353977047, 17.449,10,16.68082,10,10.09258,-0.179157,178.9924,0,0,0,0
21.530000097584, 16.0479,21.7133868983947, 15.6338,10,16.68022,10,10.9685,0.113704,178.694704,0,0,0,0
21.5473140976392, 16.4439,21.730270398315, 18.9135,10,16.67999,10,11.07033,-0.169238,178.280704,0,0,0,0
21.5633679977618, 15.9625,21.7461568987928, 13.7138,10,16.67931,10,10.49481,-1.617346,180.750496,0,0,0,0
21.5800882983021, 17.5405,21.7628280981444, 18.1916,10,16.68013,10,12.21126,-0.147734,178.501792,0,0,0,0
21.5965091991238, 15.266,21.7802355973981, 17.834,10,16.67879,10,12.1647,-0.194702,179.153696,0,0,0,0
21.6128814998083, 18.2925,21.7972227982245, 14.955,10,16.68031,10,9.602438,-1.447673,181.6868,0,0,0,0
21.6304095997475, 15.7195,21.81334599806, 17.8349,10,16.67941,10,11.95445,0.536292,178.384192,0,0,0,0
21.6461392990313, 17.5923,21.8304790980183, 15.4543,10,16.68027,10,13.52913,-0.056027,180.500496,0,0,0,0
21.662859199103, 17.3607,21.8469479973428, 16.3931,10,16.68091,10,10.2669,0.01023,178.3628,0,0,0,0
21.6802532984875, 14.9955,21.8639957974665, 18.7322,10,16.67932,10,11.98707,-0.688535,177.395392,0,0,0,0
21.6960353977047, 17.3524,21.8802472981624, 14.549,10,16.67995,10,13.27011,-0.56189,181.132192,0,0,0,0
21.7133868983947, 16.3691,21.8968438985758, 16.6509,10,16.67966,10,9.348727,-0.891673,178.324896,0,0,0,0
21.730270398315, 16.5225,21.9141266993247, 19.1825,10,16.67951,10,12.00527,-0.880878,178.6112,0,0,0,0
21.7461568987928, 17.4529,21.9300666986965, 14.1029,10,16.68024,10,11.70813,-0.422369,181.271008,0,0,0,0
21.7628280981444, 14.589,21.9471291988157, 18.834,10,16.67828,10,12.56059,-0.57975,177.921792,0,0,0,0
21.7802355973981, 18.6356,21.9642683989368, 15.3153,10,16.68011,10,10.65047,0.183654,182.167008,0,0,0,0
21.7972227982245, 15.8814,21.9796139993705, 15.5553,10,16.67937,10,12.81788,-1.03459,178.846304,0,0,0,0
21.81334599806, 17.1871,21.9983234987594, 20.9249,10,16.67984,10,12.53727,-0.18599,178.520608,0,0,0,0
21.8304790980183, 16.2904,22.013496698346, 12.7395,10,16.67948,10,10.46065,0.34251,182.258896,0,0,0,0
21.8469479973428, 16.7201,22.0302995978855, 18.6955,10,16.67951,10,10.48705,0.248881,178.708496,0,0,0,0
21.8639957974665, 16.83,22.0478084976785, 15.6226,10,16.67966,10,11.74679,0.268877,180.683504,0,0,0,0
21.8802472981624, 17.4886,22.0640493980609, 16.2302,10,16.68041,10,10.57839,-0.769735,179.460496,0,0,0,0
21.8968438985758, 15.9513,22.0802827975713, 17.9282,10,16.67973,10,12.18589,-0.519117,178.2184,0,0,0,0
21.9141266993247, 17.2086,22.0969728971832, 14.967,10,16.68022,10,11.63072,-0.48034,180.195296,0,0,0,0
21.9300666986965, 16.6154,22.1140968962573, 17.145,10,16.68016,10,9.439523,-1.411737,177.947808,0,0,0,0
21.9471291988157, 15.5327,22.1297208960168, 17.4856,10,16.6791,10,11.72633,0.361889,178.483808,0,0,0,0
21.9642683989368, 17.0706,22.1477288953029, 16.2121,10,16.67946,10,12.55992,-0.287095,180.436608,0,0,0,0
21.9796139993705, 17.2174,22.1641142959706, 16.4049,10,16.67996,10,10.45174,-0.223185,179.5788,0,0,0,0
21.9983234987594, 16.7237,22.1822090963833, 20.2303,10,16.68,10,11.96364,-0.697893,178.766704,0,0,0,0
22.013496698346, 16.3837,22.1979044969194, 13.4376,10,16.67972,10,13.32781,-0.660294,182.273296,0,0,0,0
22.0302995978855, 17.1832,22.2143424968235, 16.5297,10,16.68019,10,8.864395,0.070031,179.3276,0,0,0,0
22.0478084976785, 16.3047,22.2320714960806, 19.6972,10,16.67984,10,12.36569,-0.87157,178.674096,0,0,0,0
22.0640493980609, 16.5882,22.2468773960136, 13.0556,10,16.67976,10,9.886093,-0.267597,182.067104,0,0,0,0
22.0802827975713, 17.3027,22.2640035967343, 18.7057,10,16.68033,10,12.72359,-0.312126,178.5344,0,0,0,0
22.0969728971832, 16.7896,22.2806171975099, 16.6682,10,16.68043,10,10.65337,-0.936554,179.937504,0,0,0,0
22.1140968962573, 16.7926,22.2973188976757, 18.2272,10,16.68054,10,11.88897,-1.014602,179.816608,0,0,0,0
22.1297208960168, 17.7687,22.3140756967478, 13.2508,10,16.68154,11,12.8141,-0.567091,181.251296,0,0,0,0
22.1477288953029, 15.8256,22.3309736973606, 18.8752,10,16.68075,10,10.41713,0.274954,176.733696,0,0,0,0
22.1641142959706, 16.3772,22.3471875968389, 16.2126,10,16.68047,11,9.920454,-1.287495,179.7836,0,0,0,0
22.1822090963833, 16.7803,22.3638460966758, 14.826,10,16.68056,10,11.8636,-0.3756,179.618704,0,0,0,0
22.1979044969194, 16.487,22.3806439968757, 18.5578,10,16.68039,10,12.91889,-0.806753,177.665296,0,0,0,0
22.2143424968235, 16.9431,22.3970606974326, 14.6797,10,16.68063,10,10.50845,-0.925441,179.736192,0,0,0,0
22.2320714960806, 16.3434,22.4142882968299, 17.2108,10,16.68032,10,11.5499,-0.638694,177.472896,0,0,0,0
22.2468773960136, 16.1814,22.4298888971098, 17.2812,10,16.67986,10,11.3238,-0.277191,178.34,0,0,0,0
22.2640035967343, 14.6187,22.4472311963327, 15.5814,10,16.67798,10,11.92615,-0.359543,179.440192,0,0,0,0
22.2806171975099, 16.1075,22.4642233964987, 16.9808,10,16.67746,10,10.79314,-0.362127,180.4032,0,0,0,0
22.2973188976757, 17.7119,22.4807815966196, 18.5976,10,16.6784,10,12.99369,-0.02366,181.2764,0,0,0,0
22.3140756967478, 17.2767,22.4992515970953, 18.619,10,16.67895,10,12.52329,-0.1058,182.162592,0,0,0,0
22.3309736973606, 14.9205,22.5143738971092, 13.0785,10,16.67735,10,10.39704,-0.487956,183.503504,0,0,0,0
22.3471875968389, 18.9019,22.5300083965994, 17.3749,10,16.67937,9,12.37313,-1.353809,181.662896,0,0,0,0
22.3638460966758, 16.3514,22.5483283963986, 18.0464,10,16.67907,8,10.62186,-0.570088,180.136192,0,0,0,0
22.3806439968757, 14.8843,22.5637479959987, 15.6552,10,16.67744,10,12.0334,-0.356796,181.8312,0,0,0,0
22.3970606974326, 18.7202,22.5803355961107, 14.7627,10,16.6793,10,10.35196,-0.290429,182.602592,0,0,0,0
22.4142882968299, 16.4631,22.5973347960971, 18.8779,10,16.6791,10,11.89721,0.186056,178.645904,0,0,0,0
22.4298888971098, 17.2695,22.6144108953886, 15.3394,10,16.67963,10,11.53929,-0.666258,181.060192,0,0,0,0
22.4472311963327, 15.8388,22.6309344950132, 18.4214,10,16.67887,10,12.4687,-1.637636,179.1312,0,0,0,0
22.4642233964987, 17.5648,22.6486207949929, 17.845,10,16.67967,10,10.18733,0.878586,181.714096,0,0,0,0
22.4807815966196, 15.8869,22.6642844951712, 13.4689,10,16.67896,10,12.15444,-0.793253,181.993696,0,0,0,0
22.5300083965994, 54.8769,22.6819848953746, 19.4491,10,16.7134,10,9.295058,-0.08863,179.576704,0,0,0,0
22.5300083965994, 2.0867,22.6984404954128, 16.9899,8,16.70023,11,6.969536,0.897655,144.148496,0,0,0,0
22.5300083965994, 2.074,22.7153942952864, 17.7791,9,16.68706,11,13.49241,0.236857,159.052704,0,0,0,0
22.5483283963986, 7.5911,22.7305056951009, 12.2117,10,16.67888,11,8.976953,-0.137959,174.7588,0,0,0,0
22.5637479959987, 17.6605,22.7474088943563, 18.5979,10,16.67976,10,12.83143,-0.495995,179.378208,0,0,0,0
22.5803355961107, 16.5694,22.7643914944492, 15.1125,10,16.67966,10,10.27695,-0.110531,180.316192,0,0,0,0
22.5973347960971, 16.3911,22.7820829949342, 19.8289,10,16.6794,10,11.18864,-0.30159,178.859296,0,0,0,0
22.6144108953886, 16.471,22.796802894678, 14.4472,10,16.67922,10,9.997759,0.854505,182.297408,0,0,0,0
22.6309344950132, 14.9238,22.8149168952368, 16.194,10,16.67765,10,10.4285,-0.711402,180.273904,0,0,0,0
22.6486207949929, 19.341,22.830551694613, 17.4872,10,16.68003,10,12.51653,-0.441709,181.544496,0,0,0,0
22.6642844951712, 15.7429,22.8475621952675, 15.2025,10,16.67919,10,9.52679,0.822019,179.691008,0,0,0,0
22.6819848953746, 14.752,22.8646683949046, 17.0781,10,16.67747,10,12.1748,-1.188433,179.150896,0,0,0,0
22.6984404954128, 17.1843,22.87978779478, 17.1169,10,16.67792,10,8.990802,-0.117485,181.476992,0,0,0,0
22.7153942952864, 17.9688,22.8977142940275, 16.3843,10,16.67907,10,10.43461,-0.109285,181.409104,0,0,0,0
22.7305056951009, 17.4074,22.9148215944879, 18.8925,10,16.67972,10,12.36918,-1.078345,179.812192,0,0,0,0
22.7474088943563, 17.0771,22.9307473949157, 15.5415,10,16.68007,11,7.677433,-0.216509,181.311296,0,0,0,0
22.7643914944492, 16.7813,22.9470663941465, 14.8204,10,16.68016,10,13.06339,0.741367,179.776,0,0,0,0
22.7820829949342, 14.7888,22.9646029933356, 19.3008,10,16.67849,10,10.23629,0.103707,177.814208,0,0,0,0
22.796802894678, 17.8546,22.9795004935004, 13.1399,10,16.67953,10,11.97954,-1.063104,182.327392,0,0,0,0
22.8149168952368, 16.6342,22.9983820938505, 20.7811,10,16.67949,10,11.27971,-1.453798,177.6128,0,0,0,0
22.830551694613, 16.5035,23.0138139934279, 15.0507,10,16.67933,10,10.35613,-1.001062,181.759904,0,0,0,0
22.8475621952675, 16.8043,23.0323215932585, 16.7714,10,16.67944,10,11.15299,-0.734002,180.307104,0,0,0,0
22.8646683949046, 16.749,23.0475188936107, 17.1249,10,16.6795,10,9.915904,-0.202628,180.274208,0,0,0,0
22.87978779478, 17.0964,23.0639484929852, 14.2732,10,16.67987,10,12.9971,-1.096015,180.650208,0,0,0,0
22.8977142940275, 16.7629,23.0808943933807, 17.2181,10,16.67995,10,11.68016,1.182589,177.8272,0,0,0,0
22.9148215944879, 13.8937,23.0978321931325, 18.4851,10,16.67749,10,10.9951,0.313069,178.283008,0,0,0,0
22.9307473949157, 19.653,23.1142370938323, 14.7552,10,16.68011,10,12.72613,-0.061978,182.874096,0,0,0,0
22.9470663941465, 16.0292,23.1311455941759, 18.7954,10,16.67954,10,9.742815,-0.590183,177.9768,0,0,0,0
22.9646029933356, 16.2817,23.1480123936199, 15.2028,10,16.67919,10,13.13461,0.594979,180.731392,0,0,0,0
22.9795004935004, 17.2878,23.1637658937834, 17.3644,10,16.67972,10,10.66303,-0.76829,179.6648,0,0,0,0
22.9983820938505, 15.1066,23.1821526936255, 18.6404,10,16.67834,10,9.221378,-1.007961,179.741408,0,0,0,0
23.0138139934279, 18.5553,23.1982124927454, 13.9352,10,16.67999,10,11.92918,0.520897,183.275504,0,0,0,0
23.0323215932585, 16.4753,23.2141546919011, 17.8248,10,16.67981,10,10.57292,-0.535079,178.656,0,0,0,0
23.0475188936107, 16.177,23.2308780918829, 15.0084,10,16.67937,10,9.76319,-1.260383,180.0056,0,0,0,0
23.0639484929852, 17.2742,23.2484754915349, 17.4952,10,16.67989,10,12.70456,0.079213,178.8364,0,0,0,0
23.0808943933807, 16.5253,23.2642377908342, 15.7749,10,16.67975,10,8.344503,-0.336319,179.058208,0,0,0,0
23.0978321931325, 17.0197,23.2817344903015, 17.5402,10,16.68005,9,10.78938,0.049574,178.307808,0,0,0,0
23.1142370938323, 15.8372,23.2997854906134, 19.8399,10,16.67932,8,9.982283,-0.330679,178.828496,0,0,0,0
23.1311455941759, 16.6948,23.3141485904343, 12.4036,10,16.67933,11,11.38469,-0.15727,182.830592,0,0,0,0
23.1480123936199, 17.5932,23.3321703900583, 20.076,10,16.68012,10,11.24212,0.601191,178.541104,0,0,0,0
23.1637658937834, 14.164,23.3488006894477, 14.6735,10,16.67793,10,12.36933,0.459646,181.024,0,0,0,0
23.1821526936255, 17.972,23.3663384900428, 19.6563,10,16.67906,10,9.895179,0.051482,181.5332,0,0,0,0
23.1982124927454, 16.8085,23.3822587900795, 17.0757,10,16.67917,11,12.31457,-0.075744,183.217904,0,0,0,0
23.2141546919011, 15.8931,23.3989040893503, 13.3549,10,16.67849,10,10.09941,0.379851,183.485504,0,0,0,0
23.2308780918829, 17.2632,23.414514889475, 17.7191,10,16.679,10,11.39145,0.922828,180.946896,0,0,0,0
23.2817344903015, 56.8292,23.4320398899727, 15.6278,10,16.71379,10,11.57242,-0.689036,181.403392,0,0,0,0
23.2817344903015, 1.6019,23.4483095905744, 16.021,8,16.70071,10,10.26894,0.3819,140.201296,0,0,0,0
23.2817344903015, 1.6337,23.4649538914673, 18.6968,9,16.68767,10,12.08815,0.047057,154.622592,0,0,0,0
23.2997854906134, 6.2222,23.4825661922805, 15.6914,10,16.67863,10,9.292872,-0.720586,171.682592,0,0,0,0
23.3141485904343, 17.2541,23.4979360918514, 15.1441,10,16.67912,10,7.895236,-0.431532,181.154704,0,0,0,0
23.3321703900583, 16.6791,23.514826992061, 16.9933,10,16.67912,10,12.7168,0.255804,179.044704,0,0,0,0
23.3488006894477, 17.2818,23.5321680917405, 19.4489,10,16.67964,10,9.620243,0.116302,179.358896,0,0,0,0
23.3663384900428, 14.3431,23.5481734923087, 14.0342,10,16.67763,10,11.97079,-0.53908,181.525104,0,0,0,0
23.3822587900795, 18.4975,23.5646024919115, 18.0924,10,16.6792,10,12.64193,0.877038,181.216896,0,0,0,0
23.3989040893503, 16.9432,23.5824006921612, 17.8166,10,16.67942,10,10.1379,-0.817451,180.813104,0,0,0,0
23.414514889475, 16.0427,23.5977916917764, 13.5491,10,16.67888,10,11.6127,-0.839496,181.686704,0,0,0,0
23.4320398899727, 17.6822,23.6149683925323, 17.2566,10,16.67974,10,9.47458,0.976444,179.192608,0,0,0,0
23.4483095905744, 15.8567,23.6317877932452, 18.9199,10,16.67903,10,10.47846,-0.772622,178.767296,0,0,0,0
23.4649538914673, 16.7109,23.6483680936508, 14.765,10,16.67906,10,10.85345,-0.477519,181.830592,0,0,0,0
23.4825661922805, 17.5003,23.6648625931703, 17.7653,10,16.67976,10,10.8805,0.618706,179.8852,0,0,0,0
23.4979360918514, 16.443,23.6825571930967, 16.3743,10,16.67956,10,12.79886,-0.748538,180.150704,0,0,0,0
23.514826992061, 17.2262,23.6995907924138, 16.7169,10,16.68003,10,8.856722,0.438984,180.081408,0,0,0,0
23.5321680917405, 15.7051,23.7151005924679, 15.4307,10,16.6792,10,12.56302,0.502696,179.573104,0,0,0,0
23.5481734923087, 16.8436,23.7321700924076, 17.3565,10,16.67933,10,10.27379,0.2511,179.2988,0,0,0,0
23.5646024919115, 15.7296,23.7475616927259, 17.0596,10,16.67853,10,9.554738,-0.45842,179.812992,0,0,0,0
23.5824006921612, 18.805,23.7657938930206, 16.4073,10,16.68034,10,12.64042,0.714771,181.142592,0,0,0,0
23.5977916917764, 15.8848,23.7821164927445, 18.277,10,16.67966,10,9.243304,-0.05397,178.745104,0,0,0,0
23.6149683925323, 16.9547,23.7977963923477, 13.6281,10,16.67989,10,11.3114,-0.260946,181.137504,0,0,0,0
23.6317877932452, 16.0788,23.8145288932137, 16.8991,10,16.67938,10,11.63702,-0.272926,177.8108,0,0,0,0
23.6483680936508, 16.854,23.8308302923106, 17.7848,10,16.67953,10,10.49063,0.044823,178.631296,0,0,0,0
23.6648625931703, 15.6388,23.8482402930968, 15.9575,10,16.67865,10,8.66157,0.33637,179.562496,0,0,0,0
23.6825571930967, 18.1429,23.8648833925836, 16.5177,10,16.67989,10,12.06895,-0.259664,179.881408,0,0,0,0
23.6995907924138, 16.3108,23.8821579921059, 19.2209,10,16.67958,10,9.939226,-0.674303,178.250592,0,0,0,0
23.7151005924679, 16.8677,23.8975622919388, 13.5907,10,16.67974,10,12.14738,-0.21832,181.167008,0,0,0,0
23.7321700924076, 16.9613,23.9161074911244, 18.5057,10,16.67997,10,11.86243,-0.196758,177.890208,0,0,0,0
23.7475616927259, 16.3088,23.9319777903147, 17.7663,10,16.67966,10,9.379964,0.001271,179.434896,0,0,0,0
23.7657938930206, 16.856,23.9487147894688, 16.689,10,16.67981,10,12.0789,-0.9849,180.885104,0,0,0,0
23.7821164927445, 16.5339,23.9658214901574, 15.1449,10,16.67969,10,10.61372,1.747701,180.726208,0,0,0,0
23.7977963923477, 17.6331,23.9815739900805, 17.7668,10,16.68049,10,12.00886,0.438014,179.338592,0,0,0,0
23.8145288932137, 16.3133,23.9988663909025, 15.3129,10,16.68018,9,10.31493,-0.212273,179.472,0,0,0,0
23.8308302923106, 16.3001,24.0151745905168, 17.7272,10,16.67986,8,9.8272,1.410585,178.471808,0,0,0,0
23.8482402930968, 16.7344,24.030812990386, 15.8426,10,16.67991,10,13.0269,-0.612228,179.899696,0,0,0,0
23.8648833925836, 16.7409,24.0481238909997, 17.5271,10,16.67996,10,7.111386,0.020459,179.007696,0,0,0,0
23.8821579921059, 17.5702,24.0654657916166, 15.6327,10,16.6807,10,11.29077,-0.999988,179.794208,0,0,0,0
23.8975622919388, 15.0524,24.0816814922728, 16.2054,10,16.67934,10,10.31402,0.595312,177.856896,0,0,0,0
23.9161074911244, 17.1728,24.0988823925145, 19.4189,10,16.67975,10,7.084128,-0.082118,179.0104,0,0,0,0
23.9319777903147, 16.1476,24.1148637929, 13.5448,10,16.67931,10,12.64954,0.050552,181.250704,0,0,0,0
23.9487147894688, 17.098,24.1332696923055, 21.3541,10,16.67966,10,9.933988,0.249173,178.654208,0,0,0,0
23.9988663909025, 55.3767,24.1497882925905, 13.8061,10,16.71199,11,13.03099,-0.021613,182.910592,0,0,0,0
23.9988663909025, 1.8625,24.1659572930075, 18.0796,8,16.69959,10,8.725318,-0.531743,141.339696,0,0,0,0
24.0151745905168, 2.0281,24.1820911937393, 16.5634,9,16.68735,11,10.01085,-0.000634,157.558496,0,0,0,0
24.0151745905168, 7.8627,24.1984680932947, 13.887,9,16.68,10,11.67553,-0.156121,172.093296,0,0,0,0
24.030812990386, 14.7743,24.2150502935983, 16.4971,10,16.67841,10,9.779113,-0.839618,178.118,0,0,0,0
24.0481238909997, 18.2706,24.2319242940284, 19.4989,10,16.67974,10,11.86114,-0.912824,179.8404,0,0,0,0
24.0654657916166, 15.9552,24.2488131937571, 14.3005,10,16.67914,10,10.48113,-0.255869,181.0692,0,0,0,0
24.0816814922728, 16.6215,24.2659351942129, 17.0402,10,16.67909,10,10.10402,-0.537381,179.414704,0,0,0,0
24.0988823925145, 16.8063,24.2821266935207, 18.024,10,16.67919,10,11.91952,-0.219594,179.8332,0,0,0,0
24.1148637929, 17.2708,24.298509393353, 14.636,10,16.67968,10,10.87162,0.805097,181.051904,0,0,0,0
24.1332696923055, 15.4678,24.3153126933612, 18.71,10,16.67868,10,12.83247,-0.994812,178.4168,0,0,0,0
24.1497882925905, 18.7054,24.3322153934278, 15.1291,10,16.68036,10,12.05528,-1.041421,181.6592,0,0,0,0
24.1659572930075, 13.5234,24.3495432925411, 19.8199,10,16.67775,10,10.45149,-0.736186,178.083392,0,0,0,0
24.1820911937393, 17.1559,24.366168492008, 17.9434,10,16.67814,11,12.1272,-0.294061,184.379696,0,0,0,0
24.1984680932947, 17.7615,24.3817886919715, 11.8675,10,16.67904,11,10.97411,0.346088,185.159504,0,0,0,0
24.2150502935983, 16.7404,24.3990836911835, 19.7616,10,16.67909,10,10.89592,0.006042,179.266592,0,0,0,0
24.2319242940284, 16.8389,24.4155628909357, 13.8774,10,16.67922,10,11.73979,-0.732417,182.2948,0,0,0,0
24.2488131937571, 16.9083,24.4319495917298, 16.4457,10,16.67941,10,10.78036,-1.072123,179.334304,0,0,0,0
24.2659351942129, 16.9826,24.4490692918189, 19.61,10,16.67966,10,9.975712,-0.693178,178.872,0,0,0,0
24.2821266935207, 16.5444,24.4651667927392, 13.5339,10,16.67955,10,11.42976,-0.609965,181.493792,0,0,0,0
24.298509393353, 17.0064,24.4817901928909, 18.5789,10,16.67981,10,9.785517,-0.725683,178.488992,0,0,0,0
24.3153126933612, 17.4943,24.4992268928327, 15.4436,10,16.68048,10,12.43682,0.499949,180.061696,0,0,0,0
24.3322153934278, 16.5243,24.516196992714, 17.139,10,16.68036,9,12.97228,0.144815,178.0116,0,0,0,0
24.3495432925411, 13.7701,24.5322689921595, 18.7594,10,16.67797,8,10.76727,-0.737033,178.625792,0,0,0,0
24.366168492008, 18.2908,24.5492581916042, 16.8973,10,16.67929,11,12.50168,-0.5473,183.615696,0,0,0,0
24.3817886919715, 17.1149,24.5671455920674, 15.5291,10,16.67965,10,11.01535,-0.074814,182.2168,0,0,0,0
24.3990836911835, 16.3984,24.5821185917594, 17.0608,10,16.67942,10,11.38389,-1.307675,180.636608,0,0,0,0
24.4155628909357, 17.5934,24.5993048925884, 14.73,10,16.68016,10,11.68773,-0.927036,181.298592,0,0,0,0
24.4319495917298, 15.1814,24.6162953921594, 17.1996,10,16.67894,10,10.7703,0.816203,178.436096,0,0,0,0
24.4490692918189, 16.899,24.6322898925282, 17.6946,10,16.67912,10,10.50141,-1.174727,180.454592,0,0,0,0
24.4651667927392, 17.2277,24.6494801924564, 17.2715,10,16.67957,10,11.97048,-0.372341,181.250304,0,0,0,0
24.516196992714, 55.1855,24.6651594922878, 13.5952,10,16.71092,9,11.29254,0.199951,181.294208,0,0,0,0
24.516196992714, 2.3263,24.6821228922345, 18.4834,8,16.69922,8,12.6986,0.803827,139.703904,0,0,0,0
24.5322689921595, 3.2737,24.6998207927682, 19.2474,9,16.6883,10,9.909527,-0.271004,155.8608,0,0,0,0
24.5322689921595, 3.7102,24.7169510931708, 14.0786,9,16.67776,10,11.45804,0.143607,171.836096,0,0,0,0
24.5492581916042, 18.801,24.7328218934126, 18.8039,10,16.67949,10,12.13075,-1.10416,182.205104,0,0,0,0
24.5671455920674, 16.3836,24.749461394269, 15.8673,10,16.67924,11,9.601173,0.283221,182.207008,0,0,0,0
24.5821185917594, 16.9364,24.7651101951487, 13.488,10,16.67945,10,11.0959,-0.917998,181.6904,0,0,0,0
24.5993048925884, 16.6852,24.7830125954933, 20.436,10,16.67946,9,10.05049,-0.196117,178.242592,0,0,0,0
24.6162953921594, 17.3211,24.7999868956394, 16.6524,10,16.67998,8,9.87876,-0.040191,181.993504,0,0,0,0
24.6651594922878, 54.3576,24.8159155962057, 14.0173,10,16.71044,10,13.14598,-0.967047,181.325104,0,0,0,0
24.6651594922878, 1.8299,24.833349595312, 19.724,8,16.69842,10,9.603998,-0.635554,140.985104,0,0,0,0
24.6821228922345, 2.3607,24.8485241956078, 12.6853,9,16.68684,10,12.77012,0.277288,158.880304,0,0,0,0
24.6821228922345, 8.0805,24.8652517958544, 16.807,9,16.6799,10,11.04419,0.057504,169.2048,0,0,0,0
24.6998207927682, 15.3894,24.8831099956296, 19.5084,10,16.67886,10,11.90935,-1.118401,177.929408,0,0,0,0
24.7169510931708, 18.173,24.9000648963265, 15.0868,10,16.68007,10,10.79995,0.472378,182.056896,0,0,0,0
24.7328218934126, 14.376,24.9160589962266, 17.7784,10,16.67821,10,12.02041,-0.20262,178.9704,0,0,0,0
24.7830125954933, 57.5061,24.9328899956308, 15.0015,10,16.71103,10,11.5734,-1.575874,182.371008,0,0,0,0
24.7830125954933, 0.7322,24.9499887949787, 19.0865,8,16.6982,10,9.915501,-0.84031,139.868896,0,0,0,0
24.7999868956394, 2.0924,24.9659729949199, 15.9155,9,16.68648,10,13.07972,-0.538225,158.224304,0,0,0,0
24.7999868956394, 8.499,24.9830712950788, 15.461,9,16.67991,10,9.72152,-0.173072,172.0476,0,0,0,0
24.8159155962057, 16.5348,24.9994769948535, 18.0472,10,16.67979,10,11.94957,-0.046044,179.008704,0,0,0,0
24.833349595312, 17.7524,25.0162217947654, 16.9974,10,16.68065,10,11.70661,-1.142933,180.5212,0,0,0,0
24.8485241956078, 15.154,25.0331250946037, 14.954,10,16.67943,10,10.88253,0.209478,179.766304,0,0,0,0
24.8652517958544, 17.4146,25.0493946946226, 16.1681,10,16.68002,10,10.13727,0.162104,179.567296,0,0,0,0
24.8831099956296, 17.0037,25.0660626939498, 18.964,10,16.68028,10,12.09374,-0.524592,178.320496,0,0,0,0
24.9000648963265, 16.5646,25.0817475947551, 13.3887,10,16.68019,10,9.775233,0.00468,180.280992,0,0,0,0
24.9160589962266, 15.5065,25.1010129950009, 19.4289,10,16.67925,10,11.33432,-1.127126,177.105296,0,0,0,0
24.9328899956308, 16.5543,25.1160669946112, 16.8229,10,16.67915,10,11.5607,0.227655,181.0216,0,0,0,0
24.9499887949787, 15.6082,25.1331117940135, 15.1056,10,16.6783,10,9.305792,0.106926,181.2972,0,0,0,0
24.9659729949199, 19.2249,25.1494631939568, 16.3498,10,16.68032,10,12.27082,-0.280657,180.775904,0,0,0,0
24.9830712950788, 15.5045,25.1661175941117, 18.3175,10,16.67939,10,11.93903,1.954269,177.919904,0,0,0,0
24.9994769948535, 14.4244,25.1828106944449, 14.9834,10,16.6776,10,11.32615,-0.60104,180.732992,0,0,0,0
25.0162217947654, 17.261,25.2001845953055, 17.4167,10,16.67806,10,11.69747,0.789347,181.292304,0,0,0,0
25.0331250946037, 18.2705,25.216042494867, 17.5273,10,16.67932,10,9.576657,0.198249,181.448704,0,0,0,0
25.0493946946226, 16.0141,25.232950494159, 15.1966,10,16.6788,10,12.24753,-0.683889,180.688896,0,0,0,0
25.0660626939498, 17.3476,25.2502714940347, 17.2956,10,16.67933,10,8.07554,0.112025,179.879904,0,0,0,0
25.0817475947551, 16.0784,25.2660797932185, 17.7863,10,16.67885,10,11.23665,-0.833813,179.837104,0,0,0,0
25.1010129950009, 16.3864,25.2830693931319, 15.0393,10,16.67862,10,11.21935,-0.579151,181.545104,0,0,0,0
25.1160669946112, 16.9577,25.2995091923513, 16.4581,10,16.67884,10,9.231289,-0.116515,180.198208,0,0,0,0
25.1331117940135, 17.7691,25.3169647925533, 17.4974,10,16.6797,10,12.58107,0.11796,179.699104,0,0,0,0
25.1494631939568, 16.0609,25.3328821924515, 17.7513,10,16.67921,10,9.481613,-0.607164,179.4272,0,0,0,0
25.1661175941117, 17.1575,25.3501238920726, 15.4645,10,16.67959,10,9.981551,-0.022014,181.118304,0,0,0,0
25.1828106944449, 16.3251,25.3658805922605, 15.6267,10,16.67931,10,12.33772,-0.309949,179.425104,0,0,0,0
25.2001845953055, 16.8961,25.3831378915347, 19.5427,10,16.67948,10,9.52004,-0.719768,178.727008,0,0,0,0
25.216042494867, 17.2173,25.3988923919387, 13.4361,10,16.6799,10,11.76456,-0.37846,181.373904,0,0,0,0
25.232950494159, 15.5274,25.4175670915283, 20.6226,10,16.679,10,10.82531,-0.170711,177.592704,0,0,0,0
25.2502714940347, 17.2194,25.4337809910066, 14.3014,10,16.67942,10,12.00775,-0.533659,182.685408,0,0,0,0
25.2660797932185, 16.6907,25.4501668908633, 16.3605,10,16.67943,10,11.90867,-0.43405,179.770496,0,0,0,0
25.2830693931319, 16.7672,25.4660289906897, 17.6333,10,16.6795,10,10.01416,0.152379,179.4404,0,0,0,0
25.2995091923513, 16.5313,25.4830987905152, 15.5181,10,16.67938,10,12.34221,-0.717957,180.306704,0,0,0,0
25.3169647925533, 16.8695,25.4997797911055, 16.6223,10,16.67953,10,9.370159,-0.048254,179.2944,0,0,0,0
25.3328821924515, 16.5446,25.5168447908945, 16.9,10,16.67943,10,12.52665,-0.061992,179.047104,0,0,0,0
25.3501238920726, 16.8533,25.5329389912076, 17.9653,10,16.67956,10,12.27562,-0.885008,179.403008,0,0,0,0
25.3658805922605, 15.5223,25.54963949183, 14.9877,10,16.67866,10,9.937257,-0.132511,180.515392,0,0,0,0
25.3831378915347, 18.0757,25.5677429926582, 20.0388,10,16.67975,10,10.46925,-0.168512,179.980704,0,0,0,0
25.3988923919387, 16.2578,25.5845289924182, 16.6284,10,16.67942,11,10.11609,0.45717,181.944608,0,0,0,0
25.4175670915283, 16.5228,25.5995289920829, 13.235,10,16.6793,10,11.86181,-0.155345,182.314704,0,0,0,0
25.4337809910066, 18.0952,25.616277591791, 18.8773,10,16.6804,10,10.99801,-0.112836,179.027008,0,0,0,0
25.4501668908633, 16.674,25.6332427910529, 14.9031,10,16.6804,10,12.12741,-0.382845,179.809792,0,0,0,0
25.4660289906897, 16.7765,25.6506439908408, 17.2349,10,16.68047,10,10.13183,-0.714471,178.038304,0,0,0,0
25.4830987905152, 16.6781,25.667079990264, 18.391,10,16.68047,10,11.37794,0.175743,178.497296,0,0,0,0
25.4997797911055, 16.1489,25.6826388905756, 13.7142,10,16.68006,10,9.866536,-0.798571,180.2108,0,0,0,0
25.5168447908945, 17.3542,25.7021421897225, 19.7677,10,16.68058,10,11.97334,-0.732276,177.776304,0,0,0,0
25.5329389912076, 16.3811,25.716339089442, 13.7843,10,16.68035,10,10.54647,-0.059444,180.189792,0,0,0,0
25.54963949183, 14.9952,25.7332723890431, 18.9639,10,16.67904,10,10.73516,-0.942655,177.593504,0,0,0,0
25.5677429926582, 15.1257,25.7496344898827, 14.3904,10,16.67784,10,11.71227,-0.295476,181.562208,0,0,0,0
25.5845289924182, 19.2233,25.7660042890348, 17.9979,10,16.67981,10,10.59858,-0.070231,180.826704,0,0,0,0
25.5995289920829, 15.4607,25.7834063884802, 18.7326,10,16.67887,10,12.44054,-0.859893,179.601696,0,0,0,0
25.616277591791, 18.0001,25.8000120879151, 13.8113,10,16.67989,10,11.75455,-0.859307,182.873696,0,0,0,0
25.6332427910529, 15.3628,25.8166228872724, 18.6933,10,16.67887,10,10.98508,-0.154948,178.685696,0,0,0,0
25.6506439908408, 17.4542,25.8348926869221, 18.9313,10,16.67947,10,12.03313,0.186474,182.0164,0,0,0,0
25.667079990264, 16.7144,25.8501021866687, 12.2877,10,16.67949,11,9.794493,-0.38944,183.493904,0,0,0,0
25.6826388905756, 16.6516,25.8666730863042, 19.2027,10,16.67947,10,12.76601,0.084995,179.0672,0,0,0,0
25.7021421897225, 16.3402,25.8834316865541, 14.2689,10,16.67921,10,11.24715,-0.137246,181.618096,0,0,0,0
25.716339089442, 17.3524,25.9000982870348, 16.6035,10,16.67973,10,10.09083,0.238678,179.547392,0,0,0,0
25.7332723890431, 17.0213,25.9173351866193, 19.2119,10,16.67999,10,11.82554,-0.198036,178.798096,0,0,0,0
25.7496344898827, 15.8305,25.9332533874549, 13.915,10,16.67934,10,10.66341,-0.293091,180.989504,0,0,0,0
25.7660042890348, 15.4154,25.9494980876334, 18.1747,10,16.67837,10,11.89575,0.3217,179.0744,0,0,0,0
25.7834063884802, 18.0367,25.9661630881019, 14.8164,10,16.67941,10,12.18392,-0.40823,181.833696,0,0,0,0
25.8000120879151, 16.5439,25.9842467890121, 18.0737,10,16.67931,10,10.12644,-0.041652,178.613408,0,0,0,0
25.8166228872724, 14.7621,25.9998685889877, 17.4161,10,16.67784,10,12.26209,0.432386,180.143104,0,0,0,0
25.8348926869221, 18.4167,26.0164898880757, 14.8077,10,16.67917,10,12.2909,-0.96111,182.7976,0,0,0,0
25.8501021866687, 17.5353,26.0330967889167, 18.2601,10,16.67982,10,9.76233,1.123431,179.188496,0,0,0,0
25.8666730863042, 15.6792,26.0498712887056, 16.8485,10,16.67906,10,12.36745,-0.397427,179.914096,0,0,0,0
25.8834316865541, 18.0611,26.066229889635, 14.5407,10,16.68011,10,10.21121,-0.262426,181.083296,0,0,0,0
25.9000982870348, 15.4318,26.0837611895986, 19.5757,10,16.67916,10,11.57851,0.55095,177.562704,0,0,0,0
25.9173351866193, 16.7747,26.1006223899312, 14.8131,10,16.67924,10,12.70267,0.12496,181.707296,0,0,0,0
25.9332533874549, 17.2775,26.1166803897358, 16.1406,10,16.67969,10,8.452427,-0.329783,179.745792,0,0,0,0
25.9494980876334, 16.7732,26.1340633896179, 19.2425,10,16.67976,10,12.39473,-0.318441,178.608896,0,0,0,0
25.9661630881019, 16.174,26.149723789189, 13.6655,10,16.67938,10,10.38105,0.123226,181.070096,0,0,0,0
25.9842467890121, 16.9995,26.1664452892728, 18.5303,10,16.67962,10,11.44164,-0.940408,178.570496,0,0,0,0
25.9998685889877, 15.5814,26.1845565889962, 16.3696,10,16.67879,10,11.88758,0.399155,180.1012,0,0,0,0
26.0164898880757, 16.9963,26.2006644890644, 18.0635,10,16.67903,10,10.64244,0.101517,180.890304,0,0,0,0
26.0330967889167, 16.0831,26.217867389787, 18.3947,10,16.67858,11,12.35787,1.428166,181.958,0,0,0,0
26.0498712887056, 17.8402,26.234374190215, 13.3037,10,16.67946,11,11.89401,0.523893,184.269408,0,0,0,0
26.066229889635, 16.3021,26.250148490537, 17.8366,10,16.67917,10,11.08644,0.291029,179.733792,0,0,0,0
26.0837611895986, 15.7394,26.267486190889, 17.5965,10,16.67846,10,11.55918,1.325642,181.267904,0,0,0,0
26.1006223899312, 18.0466,26.2839984917082, 14.1945,10,16.67949,10,11.83443,-0.561585,183.1252,0,0,0,0
26.1166803897358, 16.4519,26.3017309908755, 20.7156,10,16.67932,10,8.279907,-0.114004,179.273104,0,0,0,0
26.1340633896179, 17.1561,26.3181547899731, 13.5739,10,16.67968,11,11.52987,-0.178167,183.5368,0,0,0,0
26.149723789189, 16.646,26.334848689381, 18.5573,10,16.67966,10,11.68016,-0.203548,179.955104,0,0,0,0
26.1664452892728, 16.7055,26.3518876885064, 15.1924,10,16.67967,10,8.659885,-0.079851,181.866496,0,0,0,0
26.1845565889962, 16.7911,26.3668752885424, 16.7358,10,16.67976,10,12.2852,0.181846,180.354096,0,0,0,0
26.2006644890644, 13.8266,26.3840046892874, 16.8558,10,16.67762,10,10.23187,-0.263602,180.298496,0,0,0,0
26.217867389787, 18.7101,26.4006511899643, 15.1739,10,16.67914,10,10.24085,-0.29155,183.3276,0,0,0,0
26.234374190215, 16.9189,26.4175407900475, 18.8806,10,16.67932,10,8.688951,-0.16752,179.792192,0,0,0,0
26.250148490537, 14.6059,26.4331518900581, 13.4918,10,16.67777,10,12.15545,-0.439892,181.753904,0,0,0,0
26.267486190889, 18.0589,26.4508033902384, 19.6099,10,16.6788,10,9.953502,0.120764,180.639808,0,0,0,0
26.2839984917082, 17.2349,26.4687649910338, 18.9536,10,16.67922,10,10.41985,-1.003632,182.1916,0,0,0,0
26.3017309908755, 16.5023,26.4840295906179, 12.4559,10,16.67909,11,12.27732,-0.354932,183.910208,0,0,0,0
26.3181547899731, 17.5244,26.5023554912768, 18.468,10,16.67972,10,10.39539,-0.021866,179.863808,0,0,0,0
26.334848689381, 16.1523,26.5174443912692, 14.9871,10,16.67932,10,12.39684,-0.15174,180.808,0,0,0,0
26.3518876885064, 17.6013,26.533664891962, 17.5508,10,16.68001,10,11.86613,1.581386,179.6436,0,0,0,0
26.3668752885424, 14.1841,26.552316992078, 17.4335,10,16.67815,10,11.26183,0.034027,179.592496,0,0,0,0
26.3840046892874, 19.5394,26.5674462919123, 14.9968,10,16.68028,10,12.36407,-1.012732,182.842704,0,0,0,0
26.4006511899643, 15.5166,26.5841994923539, 18.3795,10,16.67942,10,12.06184,0.662809,178.3,0,0,0,0
26.4175407900475, 16.7823,26.6008100924082, 14.743,10,16.67949,10,10.13481,-0.647951,181.163008,0,0,0,0
26.4331518900581, 17.457,26.6177421924658, 17.0646,10,16.68007,10,8.197973,-0.684631,179.124896,0,0,0,0
26.4508033902384, 13.8666,26.6345042926259, 18.827,10,16.67798,10,11.80003,-0.402493,178.732304,0,0,0,0
26.4687649910338, 18.7408,26.6506344922818, 14.0245,10,16.67951,10,11.10369,-0.041256,183.692896,0,0,0,0
26.4840295906179, 16.0704,26.6672779922374, 16.7855,10,16.67906,10,9.746651,-0.18236,178.976304,0,0,0,0
26.5023554912768, 16.4498,26.6847148914821, 19.6573,10,16.67889,10,10.76993,0.832022,179.691904,0,0,0,0
26.5174443912692, 17.1858,26.7013943907805, 16.3511,10,16.67926,11,12.69509,-0.125024,182.900096,0,0,0,0
26.533664891962, 17.1072,26.7179267914034, 14.5967,10,16.67958,10,10.49036,0.884548,182.058496,0,0,0,0
26.552316992078, 17.8972,26.7345811915584, 18.7515,10,16.68048,10,11.83086,0.489978,179.554896,0,0,0,0
26.5674462919123, 15.0394,26.7511278917082, 16.2854,10,16.67927,10,10.09008,0.881856,180.409696,0,0,0,0
26.5841994923539, 15.275,26.7683411915787, 15.2,10,16.67823,10,8.924324,-0.691917,181.655808,0,0,0,0
26.6008100924082, 17.475,26.7847760920413, 16.8706,10,16.67882,10,12.13785,-0.46439,181.580704,0,0,0,0
26.6177421924658, 17.468,26.8005317919888, 17.4076,10,16.6794,10,9.367122,-0.155911,180.9768,0,0,0,0
26.6345042926259, 16.7609,26.8170956918038, 14.5579,10,16.67946,10,9.054544,0.853314,180.916192,0,0,0,0
26.6506344922818, 17.1855,26.8339898926206, 16.9174,10,16.67983,10,7.955417,-1.044151,178.713904,0,0,0,0
26.6672779922374, 16.3898,26.8523852922954, 20.4596,10,16.67962,10,12.42489,0.376464,178.4452,0,0,0,0
26.6847148914821, 14.3875,26.8667868920602, 12.3079,10,16.67794,10,10.50681,-0.732865,182.515696,0,0,0,0
26.7013943907805, 18.3117,26.886182191316, 21.703,10,16.67914,10,12.07589,-0.354454,180.435104,0,0,0,0
26.7179267914034, 18.8388,26.9010591912083, 14.5337,10,16.68072,11,8.905051,0.023313,183.8284,0,0,0,0
26.7345811915584, 13.6466,26.9187016910873, 18.0453,10,16.6785,10,11.16364,-1.48503,179.5208,0,0,0,0
26.7511278917082, 18.2691,26.9345589908771, 15.5325,10,16.67966,11,11.65366,-0.235135,183.922096,0,0,0,0
26.7683411915787, 16.8782,26.9497055909596, 13.2424,10,16.67981,10,10.83965,0.139992,181.185504,0,0,0,0
26.7847760920413, 16.3245,26.9675670913421, 19.5819,10,16.67955,10,12.32349,-0.609297,177.5496,0,0,0,0
26.8005317919888, 17.5621,26.9845102909021, 15.2755,10,16.68019,10,11.92553,-0.966386,180.807808,0,0,0,0
26.8170956918038, 15.9408,27.0005694902502, 15.9628,10,16.67965,10,11.48413,-0.125697,178.521296,0,0,0,0
26.8339898926206, 17.1071,27.0181388906203, 19.5406,10,16.67996,10,11.78421,-1.837435,178.543504,0,0,0,0
26.8523852922954, 17.0668,27.0347007899545, 14.4819,10,16.68025,10,9.563997,0.299377,180.977104,0,0,0,0
26.8667868920602, 16.2489,27.0505755892955, 17.6784,10,16.67993,10,10.70149,-0.932546,178.3924,0,0,0,0
26.886182191316, 15.2811,27.0670421901159, 16.2955,10,16.67891,10,12.5612,0.883112,179.821904,0,0,0,0
26.9010591912083, 15.8573,27.0845339908265, 15.8396,10,16.67831,10,9.942035,-0.611076,180.836496,0,0,0,0
26.9187016910873, 15.7839,27.1021496909671, 17.7899,10,16.67766,10,13.48732,-0.799985,180.7972,0,0,0,0
26.9345589908771, 18.3039,27.1180629911833, 18.2008,10,16.67885,10,9.354546,-0.574653,182.801408,0,0,0,0
26.9497055909596, 17.4197,27.134147991892, 13.9227,10,16.67938,10,11.00989,-0.284342,182.7224,0,0,0,0
26.9675670913421, 16.6517,27.1525812926702, 18.3285,10,16.67937,10,10.91968,-0.609396,179.225696,0,0,0,0
26.9845102909021, 16.5737,27.168713293504, 18.0821,10,16.67929,10,10.47598,-0.364747,180.9028,0,0,0,0
27.0005694902502, 15.9439,27.1855703941546, 14.7791,10,16.67875,10,12.89155,-0.153662,182.4112,0,0,0,0
27.0181388906203, 16.9493,27.2008256944828, 17.0916,10,16.67895,10,12.34474,-1.123291,181.245904,0,0,0,0
27.0347007899545, 17.3771,27.2181872944348, 15.5833,10,16.67946,10,10.5456,0.583084,181.389696,0,0,0,0
27.0505755892955, 15.5537,27.2342262952588, 15.9781,10,16.67864,10,12.46695,0.023749,179.5956,0,0,0,0
27.0670421901159, 18.3434,27.2512919954024, 19.0149,10,16.67985,10,10.35316,-0.769011,180.020192,0,0,0,0
27.0845339908265, 15.7019,27.2680127951317, 14.7254,10,16.67914,10,11.82759,-0.743584,180.692608,0,0,0,0
27.1021496909671, 17.5589,27.2856285958551, 19.5942,10,16.67978,10,11.14762,0.183726,179.716096,0,0,0,0
27.1180629911833, 15.8344,27.3021817966364, 17.4716,10,16.67916,11,8.280851,-0.730671,181.751696,0,0,0,0
27.134147991892, 16.1657,27.3185291974805, 13.3782,10,16.67879,10,11.93741,0.104232,183.3892,0,0,0,0
27.1525812926702, 18.6184,27.3341579972766, 18.2096,10,16.68019,10,10.78458,0.909635,180.601792,0,0,0,0
27.168713293504, 15.6856,27.3510581976734, 14.3816,10,16.67948,10,12.45547,-0.821592,180.193296,0,0,0,0
27.1855703941546, 17.2905,27.3677951968275, 19.0581,10,16.67991,10,11.63957,0.474581,178.889408,0,0,0,0
27.2008256944828, 13.9708,27.3849820974283, 17.4734,10,16.67797,11,12.54507,0.441757,180.657696,0,0,0,0
27.2181872944348, 18.8074,27.4012189968489, 13.7747,10,16.6795,10,11.68466,1.290034,184.146496,0,0,0,0
27.2342262952588, 16.0591,27.4181266962551, 16.8821,10,16.67905,10,8.528392,0.530603,179.127104,0,0,0,0
27.2512919954024, 17.2819,27.4351432970725, 19.5897,10,16.67949,10,12.80772,0.501206,179.950704,0,0,0,0
27.2680127951317, 16.4884,27.4520108974539, 14.5537,10,16.67935,10,9.405843,-0.561291,182.2588,0,0,0,0
27.2856285958551, 14.863,27.4685528981499, 16.1526,10,16.67805,10,11.41127,0.261385,180.324608,0,0,0,0
27.3021817966364, 18.1774,27.4842749978416, 17.8132,10,16.67912,10,8.433997,-0.151692,181.614096,0,0,0,0
27.3185291974805, 17.2999,27.5020461971872, 15.9105,10,16.67956,10,8.038594,-0.16323,181.250096,0,0,0,0
27.3341579972766, 21.1502,27.5191108970903, 20.2304,10,16.68276,10,11.36379,0.759638,179.854208,0,0,0,0
27.3510581976734, 11.9293,27.5338863967918, 11.4944,10,16.67936,11,10.32432,-0.507021,178.941792,0,0,0,0
27.3677951968275, 14.4983,27.5521203964017, 20.5313,10,16.67781,10,11.37529,-0.346183,178.5068,0,0,0,0
27.3849820974283, 18.8675,27.5684556956403, 17.3186,10,16.67937,11,12.03693,0.310757,184.539808,0,0,0,0
27.4012189968489, 16.4142,27.5850495952182, 13.1755,10,16.67918,11,10.01756,-0.35207,182.9912,0,0,0,0
27.4181266962551, 16.7809,27.60184559552, 19.5486,10,16.67925,10,11.00872,-0.619665,179.7528,0,0,0,0
27.4351432970725, 17.1444,27.6181133962236, 13.5897,10,16.67958,11,12.55268,0.4987,182.520896,0,0,0,0
27.4520108974539, 16.6861,27.6352272960357, 17.259,10,16.67959,10,12.23114,-0.801025,178.9664,0,0,0,0
27.4685528981499, 16.9021,27.6519724964164, 19.0315,10,16.67975,10,9.46467,-0.312961,179.539392,0,0,0,0
27.4842749978416, 16.4105,27.6688186968677, 14.5003,10,16.67956,10,12.11077,-0.16552,181.6688,0,0,0,0
27.5020461971872, 17.2462,27.684878997039, 18.396,10,16.67996,10,10.6982,-0.306313,179.758896,0,0,0,0
27.5191108970903, 15.5247,27.7009239974432, 15.9468,10,16.67914,10,9.540225,-0.417396,180.908896,0,0,0,0
27.5338863967918, 17.089,27.7189565966837, 15.8846,10,16.67943,10,12.72246,0.535173,181.3312,0,0,0,0
27.5521203964017, 14.811,27.7352603967302, 16.3162,10,16.6781,10,12.14782,0.875825,180.126496,0,0,0,0
27.5684556956403, 17.886,27.7521149958484, 19.4585,10,16.67896,10,9.910513,-0.259264,181.632608,0,0,0,0
27.5850495952182, 16.9523,27.7681795950048, 13.194,10,16.67915,10,11.8244,0.13656,183.198208,0,0,0,0
27.60184559552, 14.9327,27.7853630944155, 17.2025,10,16.67792,10,10.74473,-1.167276,179.447104,0,0,0,0
27.6181133962236, 19.2898,27.8020047950558, 19.3129,10,16.67976,10,11.04408,0.39105,181.716704,0,0,0,0
27.6352272960357, 15.5439,27.8180861952715, 13.4853,10,16.67896,10,11.00386,0.07789,181.739296,0,0,0,0
27.6519724964164, 17.3466,27.8352791960351, 19.6363,10,16.67943,10,12.26754,-0.916219,179.681504,0,0,0,0
27.6688186968677, 17.3482,27.8518822952174, 14.2642,10,16.6799,10,11.58848,-0.914705,181.971696,0,0,0,0
27.684878997039, 14.3698,27.8679275955074, 17.7367,10,16.67828,10,11.20535,-1.264694,178.888304,0,0,0,0
27.7009239974432, 18.5646,27.884951795917, 17.482,10,16.67961,10,11.47731,-0.522274,182.255104,0,0,0,0
27.7189565966837, 17.1187,27.902879096102, 15.6294,10,16.67991,10,9.884519,-0.605434,181.172608,0,0,0,0
27.7352603967302, 15.9469,27.918722295668, 16.1139,10,16.6794,10,12.9417,0.01726,179.703008,0,0,0,0
27.7521149958484, 17.2365,27.9353880952112, 18.446,10,16.67979,10,12.71519,-1.298297,179.869792,0,0,0,0
27.7681795950048, 16.4747,27.9523003953509, 18.4314,10,16.67965,11,11.61627,0.564299,181.079504,0,0,0,0
27.7853630944155, 16.7755,27.9689799952321, 13.0244,10,16.67971,11,12.34153,-0.24484,183.036496,0,0,0,0
27.8020047950558, 16.5501,27.9850745960139, 18.4603,10,16.67962,10,12.49874,-0.253793,179.285696,0,0,0,0
27.8180861952715, 16.9198,28.0018767951988, 14.4775,10,16.67979,10,9.960697,0.2509,181.195696,0,0,0,0
27.8352791960351, 16.1335,28.0186460944824, 16.8464,10,16.67941,10,13.0494,-0.699557,178.753696,0,0,0,0
27.8518822952174, 17.1235,28.0359063944779, 19.6823,10,16.67972,10,11.21474,-0.071414,179.466592,0,0,0,0
27.8679275955074, 15.4276,28.0520915943198, 13.7683,10,16.67884,11,10.13859,-0.421571,182.0256,0,0,0,0
27.884951795917, 18.4356,28.0693386937492, 17.1992,10,16.68007,10,10.1251,-1.505025,180.366496,0,0,0,0
27.902879096102, 16.4311,28.0849398938008, 17.397,10,16.6799,10,11.66316,-0.823025,179.130208,0,0,0,0
27.918722295668, 16.1467,28.1018425938673, 15.1371,10,16.67953,10,10.57831,-0.201438,180.0964,0,0,0,0
27.9353880952112, 14.3359,28.1193939936347, 17.6353,10,16.67789,10,11.94497,-0.760176,179.086592,0,0,0,0
27.9523003953509, 18.6302,28.1352810938843, 17.7172,10,16.67925,10,10.91193,-0.167012,182.368304,0,0,0,0
27.9689799952321, 17.4177,28.1521056932397, 14.9676,10,16.67977,10,11.74422,-0.8276,181.473904,0,0,0,0
27.9850745960139, 16.2833,28.1687464923598, 16.6086,10,16.67949,10,10.90184,0.902006,179.0244,0,0,0,0
28.0018767951988, 16.8933,28.186313692946, 19.283,10,16.67964,10,11.94318,0.788826,179.349696,0,0,0,0
28.0186460944824, 16.7667,28.2021812931634, 14.8691,10,16.6797,10,12.42461,0.213646,181.739104,0,0,0,0
28.0359063944779, 14.4688,28.2189039927907, 15.9637,10,16.67816,10,9.6824,-0.333301,179.842,0,0,0,0
28.0520915943198, 18.8123,28.2362092924304, 19.3424,10,16.67964,10,12.82399,-0.601948,181.332304,0,0,0,0
28.0693386937492, 16.7085,28.2519712918438, 15.9495,10,16.67966,11,8.141274,-0.70009,181.867904,0,0,0,0
28.0849398938008, 16.2265,28.2688852925785, 14.6683,10,16.67935,10,11.02125,-0.528126,181.0944,0,0,0,0
28.1018425938673, 17.151,28.2859241929837, 19.2961,10,16.67968,10,9.608601,-0.299613,179.550592,0,0,0,0
28.1193939936347, 16.7522,28.3018063926138, 15.5185,10,16.67973,11,9.730448,0.107468,181.696192,0,0,0,0
28.1352810938843, 16.5318,28.3202559933998, 16.7539,10,16.67962,10,12.52509,-0.343339,180.462304,0,0,0,0
28.1521056932397, 16.5875,28.3350004930981, 16.167,10,16.67956,10,12.70803,-0.633696,180.684608,0,0,0,0
28.1687464923598, 16.3061,28.3520824932493, 15.4878,10,16.6793,10,9.883813,-0.540042,180.264608,0,0,0,0
28.2021812931634, 29.6473,28.3687029932626, 16.5763,10,16.68825,10,12.26783,-0.311656,179.4464,0,0,0,0
28.2021812931634, 10.71,28.3852193937637, 18.4202,9,16.68413,10,11.90804,0.313361,166.3692,0,0,0,0
28.2189039927907, 11.1987,28.4019826934673, 14.8506,10,16.68035,10,10.5606,0.282692,174.086208,0,0,0,0
28.2362092924304, 13.1181,28.4202615940012, 18.4137,10,16.6779,10,12.60784,-0.761998,177.738208,0,0,0,0
28.2519712918438, 18.0548,28.4348913938738, 14.5533,10,16.67884,10,10.57666,-0.272188,183.033696,0,0,0,0
28.2688852925785, 17.2672,28.4519475945272, 19.3095,10,16.67925,10,12.12804,-0.346835,179.532192,0,0,0,0
28.2859241929837, 14.8245,28.469183395151, 15.0122,10,16.67797,10,8.982008,-0.641352,181.575008,0,0,0,0
28.3018063926138, 17.7678,28.485588694457, 16.3672,10,16.67872,10,7.719298,-0.208216,181.7628,0,0,0,0
28.3202559933998, 17.2005,28.5015571941622, 17.4907,10,16.67908,10,12.53809,-0.796356,180.362592,0,0,0,0
28.3350004930981, 18.1267,28.5192585946061, 16.0878,10,16.68007,10,9.450435,-0.835476,180.652896,0,0,0,0
28.3520824932493, 15.6714,28.5362386950292, 18.8434,10,16.67938,10,12.26005,-0.093343,178.614304,0,0,0,0
28.3687029932626, 16.113,28.5520004951395, 14.1085,10,16.67899,10,12.49272,0.20019,181.782592,0,0,0,0
28.3852193937637, 16.7323,28.5692468942143, 18.8647,10,16.67903,10,9.558756,-0.442877,179.7824,0,0,0,0
28.4019826934673, 17.7385,28.5871972949244, 18.1995,10,16.67975,10,12.70948,-0.087838,181.915296,0,0,0,0
28.4202615940012, 15.703,28.6041668956168, 15.2482,10,16.67909,11,10.80294,1.047701,182.376,0,0,0,0
28.4348913938738, 16.7102,28.619312195573, 17.0576,10,16.67911,10,12.04601,-0.584284,181.921696,0,0,0,0
28.4519475945272, 16.9385,28.6348333959468, 15.3633,10,16.67929,11,11.58708,-0.083029,182.2692,0,0,0,0
28.469183395151, 15.8258,28.6527969953604, 15.8592,10,16.6787,10,9.501238,0.210518,180.694208,0,0,0,0
28.485588694457, 17.7648,28.6689792950638, 18.2127,10,16.67944,10,9.282299,-0.50454,180.7276,0,0,0,0
28.5015571941622, 16.7878,28.6855892953463, 16.3267,10,16.67952,10,10.41278,0.045583,181.175904,0,0,0,0
28.5192585946061, 16.8006,28.70175719494, 14.4387,10,16.6796,10,10.05283,-0.957394,180.715296,0,0,0,0
28.5362386950292, 16.2747,28.7201820951886, 20.0597,10,16.67933,10,12.00698,-0.714471,178.353504,0,0,0,0
28.5520004951395, 17.0827,28.7361640953459, 14.4244,10,16.6796,10,11.48704,0.321885,182.138896,0,0,0,0
28.5692468942143, 14.3136,28.7528522950597, 16.8102,10,16.67799,10,10.46932,0.794482,179.480608,0,0,0,0
28.5871972949244, 16.9356,28.7686185953207, 17.3366,10,16.67817,10,9.877794,0.031119,181.9768,0,0,0,0
28.6041668956168, 18.0493,28.7864664946683, 16.1183,10,16.6791,10,12.96887,-0.053294,182.341408,0,0,0,0
28.619312195573, 15.3872,28.8017085944302, 16.7965,10,16.67822,10,11.16961,-1.081007,180.447104,0,0,0,0
28.6348333959468, 18.8592,28.8192797941156, 18.4962,10,16.6797,10,8.597818,0.14028,181.857296,0,0,0,0
28.6527969953604, 16.7786,28.8355888933875, 13.9161,10,16.67977,10,11.20728,-0.328133,181.494496,0,0,0,0
28.6689792950638, 16.2624,28.8531270925887, 17.3921,10,16.67948,10,9.074794,-0.334209,178.631696,0,0,0,0
28.6855892953463, 17.4004,28.868690493051, 17.4763,10,16.67997,10,9.887207,0.441181,179.7612,0,0,0,0
28.70175719494, 16.5862,28.8860068921931, 15.518,10,16.67991,10,13.08242,-1.079113,179.837696,0,0,0,0
28.7201820951886, 16.5962,28.902755592484, 18.2906,10,16.67985,10,9.319433,-1.028266,178.769696,0,0,0,0
28.7361640953459, 16.971,28.9194566928782, 15.3106,10,16.68005,10,9.338409,0.153003,180.464496,0,0,0,0
28.7528522950597, 16.5323,28.9355411925353, 18.2166,10,16.67995,10,12.01832,0.422284,178.797696,0,0,0,0
28.7686185953207, 16.4202,28.9529344928451, 16.8962,10,16.67977,10,8.973313,-0.240794,180.488608,0,0,0,0
28.7864664946683, 16.5791,28.9706843928434, 15.9837,10,16.6797,10,12.97197,-0.187679,180.965104,0,0,0,0
28.8017085944302, 14.8814,28.9858200927265, 17.1762,10,16.6785,10,12.8411,0.318972,180.369504,0,0,0,0
28.8192797941156, 18.0075,29.0026785922237, 14.6616,10,16.67939,10,10.00822,-0.390278,182.6652,0,0,0,0
28.8355888933875, 16.8062,29.0192521926947, 16.7197,10,16.67947,10,11.60749,0.030825,179.319808,0,0,0,0
28.8531270925887, 16.9737,29.0355355930515, 18.0372,10,16.67967,10,10.50438,-0.226298,179.233104,0,0,0,0
28.868690493051, 15.904,29.0521833938546, 14.9027,10,16.67915,10,12.18783,-0.170786,180.2968,0,0,0,0
28.8860068921931, 17.3742,29.0685580936261, 18.1387,10,16.67962,10,9.776478,0.045717,179.295904,0,0,0,0
28.902755592484, 17.4597,29.0864994940348, 17.8024,10,16.68014,10,10.54047,-0.361943,180.060704,0,0,0,0
28.9194566928782, 15.829,29.1027998947538, 14.5852,10,16.67957,10,11.7628,-0.380466,180.403504,0,0,0,0
28.9355411925353, 14.6109,29.1194770955481, 16.7898,10,16.67819,10,10.39089,-1.363562,179.157296,0,0,0,0
28.9529344928451, 19.9817,29.1361447949894, 18.5775,10,16.68039,10,10.07248,1.209112,181.338,0,0,0,0
28.9706843928434, 14.6792,29.1529060942121, 14.7282,10,16.67906,10,11.79434,-0.418838,179.9352,0,0,0,0
28.9858200927265, 17.2369,29.1696037934162, 16.8365,10,16.67943,10,12.31117,-0.046757,179.984096,0,0,0,0
29.0026785922237, 16.8668,29.1872596931644, 19.6467,10,16.67955,10,9.996562,-0.380296,179.583808,0,0,0,0
29.0192521926947, 16.7872,29.2032059938647, 16.8287,10,16.67963,11,13.31769,-0.403496,182.364,0,0,0,0
29.0355355930515, 16.9806,29.2185325934552, 12.349,10,16.67983,10,10.56694,-0.384908,182.4052,0,0,0,0
29.0521833938546, 16.5722,29.2365605938248, 20.3244,10,16.67975,10,10.42106,0.298903,177.7744,0,0,0,0
29.0685580936261, 14.9431,29.2531307931058, 14.2497,10,16.6786,10,11.9987,-0.509507,181.5268,0,0,0,0
29.0864994940348, 18.1114,29.2697031940334, 16.6155,10,16.67955,10,12.3298,-0.286187,180.8328,0,0,0,0
29.1027998947538, 16.2502,29.2879781941883, 20.7036,10,16.67927,10,10.68661,0.34451,179.3376,0,0,0,0
29.1194770955481, 16.6245,29.3034287937917, 13.0425,10,16.67923,11,12.3882,-0.525688,183.7836,0,0,0,0
29.1361447949894, 16.928,29.3190655936487, 17.1269,10,16.6794,10,11.65051,-0.20661,180.209296,0,0,0,0
29.1529060942121, 16.4835,29.3362771929242, 15.6698,10,16.67927,10,10.80149,-0.440841,180.402496,0,0,0,0
29.1696037934162, 16.8542,29.3532729935832, 18.9524,10,16.67938,10,12.28779,0.309859,179.595504,0,0,0,0
29.1872596931644, 15.0983,29.3691438944079, 15.142,10,16.67834,11,11.67159,-0.444124,181.693792,0,0,0,0
29.2032059938647, 20.1506,29.386196595151, 16.0438,10,16.68063,10,10.56241,0.171044,181.737408,0,0,0,0
29.2185325934552, 14.5638,29.403275095392, 16.8799,10,16.67923,10,12.20534,-0.799083,177.630896,0,0,0,0
29.2365605938248, 17.1358,29.4191932962276, 18.1612,10,16.67953,10,12.42634,-0.223346,179.9472,0,0,0,0
29.2531307931058, 16.3292,29.4356508967467, 14.2413,10,16.6793,10,11.61072,-1.163205,180.973296,0,0,0,0
29.2697031940334, 17.1587,29.4528265972622, 17.8847,10,16.67962,10,10.51356,0.845146,178.885104,0,0,0,0
29.2879781941883, 15.713,29.4694132977165, 17.524,10,16.67898,10,11.75238,0.394626,179.6112,0,0,0,0
29.3034287937917, 17.8362,29.4869620972313, 15.9167,10,16.67974,10,12.80865,0.076128,181.423104,0,0,0,0
29.3190655936487, 16.8242,29.5025981967337, 17.4949,10,16.67984,10,9.939705,-0.725372,179.503296,0,0,0,0
29.3362771929242, 15.7802,29.518609397579, 14.1783,10,16.67925,10,13.18945,-0.341667,180.1744,0,0,0,0
29.3532729935832, 14.4861,29.5370787982829, 18.6306,10,16.6778,10,9.241674,-0.342137,178.572496,0,0,0,0
29.3691438944079, 17.7209,29.5531169981696, 17.7864,10,16.67849,10,11.62527,0.042095,182.716896,0,0,0,0
29.386196595151, 17.9589,29.5702841975726, 15.1777,10,16.67933,10,11.94527,-0.54956,182.7828,0,0,0,0
29.403275095392, 16.9375,29.5861040973105, 15.8179,10,16.6795,10,10.99127,-0.584438,180.002208,0,0,0,0
29.4191932962276, 17.7511,29.6037547965534, 19.7792,10,16.6802,10,12.15064,0.812216,178.883008,0,0,0,0
29.4356508967467, 14.7724,29.6197912958451, 15.9131,10,16.67895,11,12.21471,0.964276,180.911504,0,0,0,0
29.4528265972622, 17.5918,29.6388888959773, 17.6231,10,16.67955,10,11.99606,-0.740664,182.0516,0,0,0,0
29.4694132977165, 16.0044,29.6532143955119, 13.882,10,16.67911,10,10.70914,-0.699071,182.083104,0,0,0,0
29.4869620972313, 18.0525,29.6695500952192, 18.2157,10,16.68001,10,12.39168,-0.368937,179.9612,0,0,0,0
29.5025981967337, 15.3674,29.6864862949587, 15.0665,10,16.67915,10,9.037124,0.346177,180.124992,0,0,0,0
29.518609397579, 17.059,29.703348594252, 16.742,10,16.6794,10,9.069864,0.093107,179.8124,0,0,0,0
29.5370787982829, 17.2298,29.7203460936435, 19.1093,10,16.67976,10,12.53337,-1.00896,179.507008,0,0,0,0
29.5531169981696, 14.1378,29.7361261942424, 13.7687,10,16.6781,10,10.33704,1.797346,181.3872,0,0,0,0
29.5702841975726, 19.2137,29.7541036945768, 18.0413,10,16.67975,10,12.11442,-0.627927,181.017504,0,0,0,0
29.5861040973105, 16.3186,29.7705550943501, 18.5127,10,16.67952,10,11.55519,-0.416339,179.8456,0,0,0,0
29.6037547965534, 14.5126,29.7866507940926, 14.0829,10,16.6781,10,9.84946,-0.749968,182.040192,0,0,0,0
29.6197912958451, 17.0518,29.8041304931976, 19.2578,10,16.67835,10,12.81575,-1.018559,181.609696,0,0,0,0
29.6388888959773, 18.342,29.8203912940808, 16.4826,10,16.67943,11,9.730227,-0.332699,183.8168,0,0,0,0
29.6532143955119, 16.4057,29.8368355934508, 14.3857,10,16.67925,10,12.63224,-0.41947,181.957696,0,0,0,0
29.6695500952192, 16.4125,29.8531637941487, 18.027,10,16.67908,10,10.33977,-0.468781,179.937504,0,0,0,0
29.6864862949587, 16.896,29.8708162945695, 15.9589,10,16.67922,10,12.63176,1.077111,181.552496,0,0,0,0
29.703348594252, 16.7301,29.8867597938515, 15.7955,10,16.67925,10,11.3212,-0.334359,180.615808,0,0,0,0
29.7203460936435, 16.3522,29.9040752933361, 18.8917,10,16.67904,10,9.25997,-0.435929,179.681104,0,0,0,0
29.7361261942424, 17.4348,29.9205318936147, 17.0671,10,16.67953,10,12.13078,-0.386053,182.220896,0,0,0,0
29.7541036945768, 16.4381,29.9382925932296, 15.7273,10,16.67937,10,10.10349,-0.391514,181.853792,0,0,0,0
29.7705550943501, 16.8615,29.9532216931693, 16.9055,10,16.67949,10,7.866159,0.159372,181.143104,0,0,0,0
29.7866507940926, 16.5655,29.9699105932377, 14.5847,10,16.67942,10,12.26673,-0.516091,181.187808,0,0,0,0
29.8041304931976, 14.6262,29.9866331941448, 16.8389,10,16.67809,10,9.735453,-1.007227,179.206896,0,0,0,0
29.8203912940808, 18.9932,30.0046883947216, 19.8493,10,16.67959,10,12.14901,-1.026318,181.4196,0,0,0,0
29.8368355934508, 16.3612,30.0201775948517, 15.1799,10,16.67938,11,12.22403,0.38562,182.276496,0,0,0,0
29.8531637941487, 16.3108,30.0376627943479, 15.8676,10,16.67914,10,9.692591,-0.672658,181.095008,0,0,0,0
29.8708162945695, 17.9155,30.0528519940563, 16.8176,10,16.67994,10,12.46633,-0.736579,180.651504,0,0,0,0
29.8867597938515, 17.0538,30.0704252948053, 16.0899,10,16.68018,10,10.96162,-0.862767,179.5544,0,0,0,0
29.9040752933361, 15.6657,30.0865484946407, 16.087,10,16.67953,10,12.82728,-0.772996,178.590496,0,0,0,0
29.9205318936147, 16.8635,30.1026865937747, 18.0745,10,16.67965,10,11.43376,-1.033574,179.011696,0,0,0,0
29.9382925932296, 17.7125,30.1239995942451, 20.4749,10,16.68031,10,10.70008,-0.24293,180.222896,0,0,0,0
29.9532216931693, 16.579,30.1373441941105, 12.0035,10,16.68025,11,12.57047,-0.066001,182.986,0,0,0,0
29.9699105932377, 16.0889,30.1531260940246, 17.5989,10,16.67987,10,10.9917,-0.667062,178.411008,0,0,0,0
29.9866331941448, 16.641,30.1706331945024, 18.7415,10,16.67984,10,10.82207,-0.061856,179.920992,0,0,0,0
30.0046883947216, 14.5289,30.1873636948876, 13.8718,10,16.67846,11,12.96983,-0.938678,182.021904,0,0,0,0
30.0201775948517, 19.3267,30.2031738939695, 17.5307,10,16.68016,10,10.0678,-0.950859,181.3644,0,0,0,0
30.0376627943479, 15.8387,30.2204390945844, 17.5864,10,16.67962,10,11.93276,0.477085,179.5692,0,0,0,0
30.0528519940563, 15.1665,30.2370091951452, 14.4467,10,16.67865,10,12.47306,-0.07039,181.3168,0,0,0,0
30.0704252948053, 17.9617,30.2545084948651, 19.5436,10,16.67947,10,9.911478,0.412794,180.597408,0,0,0,0
30.0865484946407, 16.3305,30.2704135957174, 13.9492,10,16.67925,11,12.93336,0.318552,182.179696,0,0,0,0
30.1026865937747, 15.9538,30.2873943964951, 16.9025,10,16.67879,10,11.07582,-0.64039,179.798208,0,0,0,0
30.1239995942451, 17.3715,30.3034545960836, 17.7192,10,16.67923,10,11.38729,0.000789,180.747008,0,0,0,0
30.1373441941105, 17.0795,30.3204927961342, 15.5425,10,16.67948,10,10.00291,-0.092078,181.081296,0,0,0,0
30.1531260940246, 15.6271,30.337730995845, 17.1598,10,16.67881,10,8.288548,0.90392,179.5584,0,0,0,0
30.1706331945024, 16.8018,30.3545178952627, 18.4303,10,16.67889,10,11.67329,0.632834,181.083296,0,0,0,0
30.1873636948876, 17.9494,30.3701024954207, 13.9111,10,16.6797,10,10.50391,0.649248,182.720096,0,0,0,0
30.2031738939695, 15.7451,30.3869900950231, 18.8756,10,16.67911,10,9.592078,1.025331,178.681904,0,0,0,0
30.2204390945844, 17.4293,30.4042657953687, 17.3304,10,16.67958,10,12.08468,-0.685992,181.812992,0,0,0,0
30.2370091951452, 16.4762,30.420130094979, 13.9003,10,16.67945,10,8.041666,-0.192204,181.714304,0,0,0,0
30.2545084948651, 14.9935,30.4373399955221, 17.17,10,16.67838,10,11.14755,-0.253254,179.1388,0,0,0,0
30.2704135957174, 18.3449,30.4542127964087, 19.1635,10,16.67944,10,9.270869,-0.055136,181.314896,0,0,0,0
30.2873943964951, 16.7406,30.4702224959619, 15.1196,10,16.67948,11,10.75719,-1.119252,182.134208,0,0,0,0
30.3034545960836, 17.4094,30.4890984953381, 17.5589,10,16.67994,10,10.7023,-0.150044,180.513296,0,0,0,0
30.3204927961342, 16.1899,30.5044491956942, 17.4863,10,16.67963,10,10.53015,1.122585,180.6632,0,0,0,0
30.337730995845, 16.935,30.5210760957561, 14.3925,10,16.67979,10,12.03354,-0.293827,181.959696,0,0,0,0
30.3545178952627, 18.3619,30.5366503954865, 17.5976,10,16.68086,10,9.832552,1.335761,179.417104,0,0,0,0
30.3701024954207, 14.7332,30.5541189950891, 15.5332,10,16.67962,10,13.02204,-0.236899,178.653408,0,0,0,0
30.3869900950231, 14.4478,30.5711380955763, 17.0319,10,16.67822,10,10.09441,-0.654689,179.453296,0,0,0,0
30.4042657953687, 18.4614,30.5875481949188, 18.519,10,16.67934,10,7.820427,1.264746,182.037696,0,0,0,0
30.420130094979, 16.2797,30.6045808945782, 15.1291,10,16.67909,10,12.04384,-0.327036,182.096096,0,0,0,0
30.4373399955221, 17.23,30.6210749954917, 18.7026,10,16.67944,10,10.258,-0.176919,180.9452,0,0,0,0
30.4542127964087, 14.8471,30.637031594757, 13.3455,10,16.67828,10,11.95749,-0.222389,182.418208,0,0,0,0
30.4702224959619, 18.8636,30.654092295561, 17.0753,10,16.67966,10,11.08145,-0.035222,180.9164,0,0,0,0
30.4890984953381, 16.6866,30.6706820954569, 18.7784,10,16.67966,10,10.33284,0.064057,179.121296,0,0,0,0
30.5044491956942, 16.4346,30.6882836953737, 15.6111,10,16.67951,10,12.01552,-0.499646,181.220704,0,0,0,0
30.5210760957561, 16.9605,30.7038837955333, 17.2704,10,16.67969,10,10.32169,-0.521109,180.398096,0,0,0,0
30.5366503954865, 17.4793,30.7227553953417, 17.4354,10,16.68019,10,12.26082,0.233956,180.684896,0,0,0,0
30.5541189950891, 15.3751,30.7371713952161, 16.0924,10,16.67937,10,11.86744,0.212119,180.664,0,0,0,0
30.5711380955763, 17.284,30.7536760945804, 16.8259,10,16.67975,10,9.721546,0.064782,181.381792,0,0,0,0
30.5875481949188, 16.1497,30.7709546950646, 16.9684,10,16.67941,10,12.37781,0.048645,180.923696,0,0,0,0
30.6045808945782, 17.9052,30.7884066947736, 15.63,10,16.68018,9,12.27254,-0.102478,181.742208,0,0,0,0
30.6210749954917, 15.5108,30.8049773951061, 17.7378,10,16.67945,8,9.294981,0.458725,179.4676,0,0,0,0
30.637031594757, 17.0351,30.8206285950728, 14.5104,10,16.67967,10,9.623618,0.212862,181.694496,0,0,0,0
30.654092295561, 15.8659,30.8382633947767, 19.0504,10,16.67916,10,11.70455,-0.707046,179.170208,0,0,0,0
30.6706820954569, 17.888,30.8540948950686, 14.0998,10,16.67992,10,9.636478,-0.839594,182.354496,0,0,0,0
30.6882836953737, 16.7324,30.8710879948922, 18.9034,10,16.67995,10,10.03228,-0.636188,178.566896,0,0,0,0
30.7038837955333, 13.7818,30.8883527950384, 17.5126,10,16.67814,10,11.51124,1.062559,180.732704,0,0,0,0
30.7227553953417, 20.2247,30.9039297946729, 13.3177,10,16.68036,10,11.32265,-1.202306,184.469104,0,0,0,0
30.7371713952161, 15.202,30.921108095441, 17.2703,10,16.67943,10,10.58989,1.526546,177.562704,0,0,0,0
30.7884066947736, 56.1587,30.9375703954138, 18.6404,10,16.70405,10,12.71729,-0.286868,179.630496,0,0,0,0
30.7884066947736, 0.7292,30.9550781962462, 15.7314,8,16.69409,10,12.47704,0.690118,142.112704,0,0,0,0
30.7884066947736, 2.0388,30.9711415958591, 15.7299,9,16.68497,10,8.673206,-0.136946,157.115296,0,0,0,0
30.8049773951061, 8.7012,30.9880467955954, 19.5512,10,16.68,10,13.07575,-1.66931,170.806096,0,0,0,0
30.8206285950728, 16.9116,31.0053236954845, 14.8559,10,16.68015,10,8.053668,-0.496257,181.639808,0,0,0,0
30.8382633947767, 16.3025,31.0211431947537, 17.7752,10,16.67991,10,10.19768,-0.231742,179.584896,0,0,0,0
30.8540948950686, 16.881,31.0380133953877, 17.1394,10,16.68003,10,8.835246,-0.862807,181.074096,0,0,0,0
30.8710879948922, 16.0795,31.0541885946877, 14.1396,10,16.67966,10,9.98011,-0.052296,181.331904,0,0,0,0
30.8883527950384, 18.2624,31.0708331954665, 16.6994,10,16.68064,10,13.41706,-0.071951,179.392992,0,0,0,0
30.9039297946729, 15.8,31.0875656963326, 18.7728,10,16.6801,10,10.51754,-0.875602,177.83,0,0,0,0
30.921108095441, 16.2361,31.103800995741, 13.5771,10,16.67982,10,11.92041,-1.046459,180.802496,0,0,0,0
30.9375703954138, 16.3908,31.1211023950018, 17.3543,10,16.67964,10,12.6362,-0.304201,178.143904,0,0,0,0
30.9550781962462, 16.195,31.1381711945869, 19.5838,10,16.67934,10,9.778751,0.650753,179.108304,0,0,0,0
30.9711415958591, 17.3897,31.1538438950665, 13.1603,10,16.67978,10,11.9747,-0.126886,182.497296,0,0,0,0
30.9880467955954, 16.7386,31.1717558954842, 20.3892,10,16.67982,10,10.97706,-0.721461,178.268,0,0,0,0
31.0053236954845, 16.0607,31.188347695861, 14.1774,10,16.67944,10,11.3678,1.033574,181.918592,0,0,0,0
31.0211431947537, 15.4146,31.2042231955566, 17.5309,10,16.67866,10,12.20285,0.48788,180.035904,0,0,0,0
31.0380133953877, 18.3617,31.2219242961146, 18.3338,10,16.6797,10,11.09949,0.655988,182.152304,0,0,0,0
31.0541885946877, 16.4785,31.2379780956544, 16.2535,10,16.67957,11,9.579361,-0.760688,182.124496,0,0,0,0
31.0708331954665, 16.4859,31.254322795663, 14.0549,10,16.67945,10,12.33603,-0.081503,181.899392,0,0,0,0
31.0875656963326, 16.72,31.271972796414, 20.0354,10,16.67948,10,10.68652,-0.740871,179.4688,0,0,0,0
31.103800995741, 16.7423,31.2873161961325, 14.5868,10,16.67952,11,9.287012,-0.359669,182.784496,0,0,0,0
31.1211023950018, 16.821,31.3039333955385, 14.9186,10,16.6796,10,11.18889,-0.244321,180.629296,0,0,0,0
31.1381711945869, 16.7773,31.3210886963643, 19.1164,10,16.67966,10,10.773,0.628594,178.727008,0,0,0,0
31.1538438950665, 16.8365,31.3378551960923, 14.5346,10,16.67976,10,11.87347,0.564347,181.066208,0,0,0,0
31.1717558954842, 16.4528,31.355531596113, 17.7403,10,16.67962,10,12.57507,0.2202,178.764896,0,0,0,0
31.188347695861, 17.1543,31.3706336957403, 16.7896,10,16.67991,10,10.22432,-0.83472,180.052608,0,0,0,0
31.2042231955566, 15.4227,31.3879086957313, 15.5726,10,16.67914,10,12.20381,-0.729184,179.6856,0,0,0,0
31.2219242961146, 15.2032,31.4051308953203, 17.1762,10,16.67823,10,9.280953,-0.598943,179.837696,0,0,0,0
31.2379780956544, 19.2126,31.421746395994, 18.7061,10,16.67979,10,8.489,-0.07705,181.811104,0,0,0,0
31.254322795663, 16.4904,31.4381642960943, 16.1747,10,16.67967,10,11.79652,-0.479057,181.304992,0,0,0,0
31.271972796414, 14.3223,31.4555965964682, 15.6983,10,16.67823,10,10.25588,-0.262526,180.972,0,0,0,0
31.2873161961325, 18.7474,31.4707574960776, 15.1371,10,16.67949,10,12.56844,0.073694,182.364704,0,0,0,0
31.3039333955385, 16.6086,31.4891096954234, 20.5027,10,16.67945,10,10.18595,0.250741,178.755696,0,0,0,0
31.3210886963643, 16.3126,31.5061243963428, 18.1372,10,16.67923,11,9.389657,0.061257,182.649504,0,0,0,0
31.3378551960923, 16.799,31.5219451957382, 25.749,10,16.6793,11,12.29893,-0.871931,184.474592,0,0,0,0
31.355531596113, 17.335,31.5398568962701, 4.7404,10,16.6797,11,12.09741,0.225423,193.424896,0,0,0,0
31.3706336957403, 16.7362,31.5561123960651, 16.242,10,16.67973,10,9.183459,0.618168,180.830304,0,0,0,0
31.3879086957313, 16.4124,31.5731750954874, 19.4378,10,16.67957,10,11.31064,-1.27217,180.336608,0,0,0,0
31.4051308953203, 16.5092,31.5892007951625, 13.5944,10,16.67947,11,11.84203,0.262892,183.362208,0,0,0,0
31.421746395994, 15.2946,31.6059328955598, 16.7611,10,16.67863,10,10.70468,-0.171613,180.4472,0,0,0,0
31.4381642960943, 18.6177,31.6229103957303, 19.6484,10,16.6798,10,11.47883,-0.140673,181.912608,0,0,0,0
31.4555965964682, 16.9164,31.6391644948162, 13.6855,10,16.67995,11,7.92317,-0.023233,182.9444,0,0,0,0
31.4707574960776, 16.2484,31.6560460948385, 16.8571,10,16.67969,10,13.11501,-0.467952,179.714208,0,0,0,0
31.4891096954234, 14.7332,31.6735995956697, 19.5926,10,16.6785,10,9.249413,-0.013371,180.322896,0,0,0,0
31.5061243963428, 18.5731,31.6908613950945, 18.0072,10,16.67965,11,8.616273,0.054665,185.181904,0,0,0,0
31.5061243963428, 16.38,31.7082008947618, 15.8505,10,16.67947,11,12.12703,0.218903,184.6084,0,0,0,0
31.5398568962701, 18.2357,31.7228901949711, 15.0967,11,16.68041,11,9.225552,-0.38243,184.087296,0,0,0,0
31.5561123960651, 16.0557,31.7404379942454, 18.9273,10,16.68004,11,12.34387,-1.040834,180.9484,0,0,0,0
31.5731750954874, 15.7377,31.756053193938, 12.3661,10,16.67947,11,11.74144,0.230789,183.820496,0,0,0,0
31.5892007951625, 17.6326,31.7735064937733, 17.5992,10,16.68004,10,9.403497,-0.041016,180.449104,0,0,0,0
31.6059328955598, 14.4956,31.7902306946926, 18.6377,10,16.67872,10,11.59213,0.11267,180.396992,0,0,0,0
31.6229103957303, 15.4342,31.8071188940667, 17.8125,10,16.67797,11,9.873134,-0.503029,184.558096,0,0,0,0
31.6391644948162, 18.4623,31.8240694939159, 14.3007,10,16.67905,11,10.58751,-0.009119,186.9364,0,0,0,0
31.6560460948385, 16.7492,31.8400999936275, 18.631,10,16.67909,10,11.40372,-0.047965,182.775696,0,0,0,0
31.6735995956697, 15.8083,31.856770993676, 13.8434,10,16.67857,11,11.76763,-0.635278,184.657696,0,0,0,0
31.6908613950945, 17.6252,31.8739562942646, 17.2611,10,16.67914,10,8.983929,-0.1208,182.692608,0,0,0,0
31.7082008947618, 17.1613,31.8918533935212, 20.4647,10,16.67943,10,12.47712,-0.20809,182.319504,0,0,0,0
31.7228901949711, 14.4919,31.9072605934925, 13.0111,10,16.67811,11,11.95347,-0.851498,185.632096,0,0,0,0
31.7404379942454, 19.0933,31.9242334929295, 18.016,10,16.67956,10,9.315578,-0.506817,184.151808,0,0,0,0
31.756053193938, 17.0489,31.9405008931644, 18.4447,10,16.67978,11,12.515,0.760639,183.0748,0,0,0,0
31.7735064937733, 15.3314,31.9574864939786, 16.3535,10,16.67897,11,9.55449,-0.069632,184.471296,0,0,0,0
31.7902306946926, 15.5153,31.9749510944821, 16.6021,10,16.67828,11,11.9743,-0.091129,185.4932,0,0,0,0
31.8071188940667, 18.5173,31.9931681943126, 17.3266,10,16.67938,11,10.91502,0.087479,186.580608,0,0,0,0
31.8240694939159, 17.2638,32.0068757939152, 12.6284,10,16.67973,11,10.08866,0.137928,185.381696,0,0,0,0
31.8400999936275, 16.5401,32.023858494591, 19.965,10,16.67965,10,11.14763,-0.459423,180.7552,0,0,0,0
31.856770993676, 16.9513,32.0417914944701, 15.2264,10,16.67981,11,11.71253,-0.336788,184.172192,0,0,0,0
31.8739562942646, 15.8873,32.0577973942272, 18.5035,10,16.67933,10,9.942721,-0.220477,182.454496,0,0,0,0
31.8918533935212, 16.895,32.0743403933011, 14.0653,10,16.67946,11,8.190572,0.338385,185.071808,0,0,0,0
31.9072605934925, 17.0334,32.0921835931949, 18.8411,10,16.67967,10,11.85202,-0.137779,182.242096,0,0,0,0
31.9242334929295, 15.5248,32.1075766929425, 17.2332,10,16.67899,11,10.04029,0.420957,184.049792,0,0,0,0
31.9405008931644, 17.2047,32.1246758927591, 15.1944,10,16.6793,11,12.27308,-0.647187,185.758304,0,0,0,0
31.9574864939786, 16.3851,32.1418582932092, 17.8421,10,16.67912,11,12.10752,-0.422851,183.748704,0,0,0,0
31.9749510944821, 15.6759,32.1598064941354, 17.3352,10,16.67853,11,9.099879,0.445899,185.198592,0,0,0,0
31.9931681943126, 17.268,32.174730093684, 15.3461,10,16.67888,11,12.01414,-0.373778,186.865104,0,0,0,0
32.0068757939152, 17.6191,32.1896162941121, 16.2393,10,16.67944,11,11.49539,-0.221305,184.933104,0,0,0,0
32.023858494591, 17.1816,32.2084409943782, 17.2625,10,16.67974,11,10.77655,-0.23803,183.563392,0,0,0,0
32.0417914944701, 16.9376,32.2245552944951, 17.5236,10,16.67989,11,12.321,0.682209,183.637696,0,0,0,0
32.0577973942272, 16.018,32.2406233954243, 14.7891,10,16.67949,11,11.36498,-0.174594,184.231104,0,0,0,0
32.0743403933011, 16.9223,32.2582329954021, 17.1262,10,16.67964,10,10.32481,-0.171841,182.992304,0,0,0,0
32.0921835931949, 16.0995,32.2741403947584, 16.8456,10,16.67929,11,12.04213,0.492432,183.2068,0,0,0,0
32.1075766929425, 16.7498,32.293072394561, 17.73,10,16.67934,11,12.11369,-0.447265,183.952992,0,0,0,0
32.1246758927591, 16.7143,32.3091863947921, 16.5861,10,16.67936,11,9.506294,-0.192662,184.933792,0,0,0,0
32.1418582932092, 15.125,32.3247043951415, 17.3874,10,16.67844,11,11.32744,0.167194,184.804896,0,0,0,0
32.1598064941354, 17.6259,32.34214339545, 15.2645,10,16.679,11,12.05087,-0.680181,187.068496,0,0,0,0
32.174730093684, 16.321,32.3580055958591, 17.6797,10,16.67879,11,9.383165,1.136244,184.696304,0,0,0,0
32.1896162941121, 16.4614,32.374542595353, 13.9032,10,16.67866,11,10.11226,-0.805979,186.065296,0,0,0,0
32.2084409943782, 17.7459,32.3908360949717, 16.1555,10,16.67929,10,12.12861,-0.39126,183.5036,0,0,0,0
32.2245552944951, 15.0573,32.4092585942708, 20.4046,10,16.67833,10,9.504581,-0.463433,181.917904,0,0,0,0
32.2406233954243, 18.2085,32.425374194514, 15.1755,10,16.67923,11,10.66786,-0.614915,187.265104,0,0,0,0
32.2582329954021, 16.824,32.4421540941112, 16.7034,10,16.67932,11,10.59358,-0.581209,184.2244,0,0,0,0
32.2741403947584, 14.8746,32.4575703940354, 17.5165,10,16.67825,11,11.10626,1.03976,184.111808,0,0,0,0
32.293072394561, 18.6766,32.4759058947675, 16.6498,10,16.67943,11,12.30043,-0.990595,186.7536,0,0,0,0
32.3091863947921, 15.8662,32.4918043944053, 16.4436,10,16.67895,11,12.40361,-0.632983,184.727104,0,0,0,0
32.3247043951415, 16.7057,32.5094975936227, 16.6185,10,16.67897,11,10.65991,-0.061592,185.3044,0,0,0,0
32.34214339545, 17.0323,32.5245560933836, 14.584,10,16.67918,11,12.49294,-0.335778,185.217904,0,0,0,0
32.3580055958591, 15.3943,32.5417414926924, 18.6471,10,16.67842,10,10.74069,-1.004682,182.769904,0,0,0,0
32.374542595353, 19.1205,32.5578946922906, 16.6159,10,16.67986,11,12.88298,-0.035026,186.022592,0,0,0,0
32.3908360949717, 16.0252,32.5739544914104, 16.6445,10,16.67947,11,10.23119,0.313056,183.5184,0,0,0,0
32.4092585942708, 14.9568,32.591039492283, 14.4684,10,16.67846,11,11.92358,-0.640644,184.137904,0,0,0,0
32.425374194514, 18.0606,32.6086692926474, 19.44,10,16.67927,10,12.23558,-0.079469,183.649408,0,0,0,0
32.4421540941112, 17.1162,32.6262510926463, 18.5413,10,16.67953,11,11.42233,1.188432,185.029504,0,0,0,0
32.4575703940354, 16.1877,32.642133793328, 14.3571,10,16.67924,11,12.01704,-0.521635,186.4548,0,0,0,0
32.4759058947675, 17.4118,32.6579127931036, 16.3692,10,16.67967,11,9.847944,-0.052702,184.624304,0,0,0,0
32.4918043944053, 14.7041,32.6745697935112, 17.3131,10,16.67851,11,12.42527,-1.212024,183.582,0,0,0,0
32.5094975936227, 18.3928,32.6907731932588, 13.8079,10,16.67952,11,10.23647,0.068954,186.1912,0,0,0,0
32.5245560933836, 16.3655,32.7087267939933, 20.3241,10,16.67933,10,8.723235,-0.437844,181.606592,0,0,0,0
32.5417414926924, 15.6842,32.7248056945391, 14.4353,10,16.67875,11,10.157,-0.498409,185.565296,0,0,0,0
32.5578946922906, 16.3681,32.7408917942084, 15.3834,10,16.67857,11,9.775524,-1.004992,184.316896,0,0,0,0
32.5739544914104, 17.2169,32.7586531941779, 19.4325,10,16.67888,10,11.09295,0.732938,183.332,0,0,0,0
32.591039492283, 17.6826,32.7760727950372, 18.2818,10,16.67947,11,11.91514,0.036031,185.548192,0,0,0,0
32.6086692926474, 14.3051,32.7922468953766, 14.6531,10,16.67808,11,10.37961,0.049081,186.148304,0,0,0,0
32.6262510926463, 18.9529,32.8092574947514, 17.7884,10,16.67941,11,10.73549,-0.877066,186.495904,0,0,0,0
32.642133793328, 16.229,32.8245309949853, 16.2224,10,16.67915,11,12.97846,0.240387,185.332192,0,0,0,0
32.6579127931036, 15.0858,32.8421404943801, 15.9845,10,16.67822,11,9.595369,-1.141685,185.3252,0,0,0,0
32.6745697935112, 18.2094,32.8578904946335, 15.3243,10,16.67911,11,11.85552,-0.293789,186.223904,0,0,0,0
32.6907731932588, 17.2343,32.875683393795, 18.997,10,16.67943,11,11.72657,-0.723484,183.329296,0,0,0,0
32.7087267939933, 16.1886,32.8907615938224, 15.857,10,16.67915,11,11.06491,0.186828,185.102496,0,0,0,0
32.7248056945391, 16.2886,32.9083683942445, 16.0404,10,16.67892,11,11.62409,-0.923145,184.7608,0,0,0,0
32.7408917942084, 16.921,32.9249372933991, 16.9368,10,16.67906,11,11.51489,-0.299216,184.523008,0,0,0,0
32.7586531941779, 15.1656,32.9419104927219, 16.9486,10,16.67818,11,9.692784,-0.172467,184.538592,0,0,0,0
32.7760727950372, 18.4859,32.9601487931795, 17.7118,10,16.67923,11,12.45497,-0.217183,186.322,0,0,0,0
32.7922468953766, 17.3257,32.974595292937, 14.2054,10,16.67961,11,11.74874,-0.810622,185.5384,0,0,0,0
32.8092574947514, 14.2316,32.9917395929806, 18.2716,10,16.67819,10,10.95042,-0.099591,182.42,0,0,0,0
32.8245309949853, 18.5719,33.008349693846, 16.9685,10,16.67928,11,12.11157,0.928123,186.468608,0,0,0,0
32.8421404943801, 16.8869,33.0256627942435, 16.2146,10,16.6794,11,10.50078,-0.557471,184.865104,0,0,0,0
32.8578904946335, 15.9653,33.0413128933869, 16.587,10,16.67899,11,11.87102,-0.333328,184.193408,0,0,0,0
32.875683393795, 15.2954,33.0577545925044, 17.3275,10,16.67819,11,10.31009,-0.494157,184.814592,0,0,0,0
32.8907615938224, 18.1921,33.0748389917426, 14.1209,10,16.67907,11,10.12108,-0.851311,186.847504,0,0,0,0
32.9083683942445, 17.1604,33.091085891705, 16.1661,10,16.67934,10,10.81747,-0.892237,182.776096,0,0,0,0
32.9249372933991, 15.1009,33.1078414912336, 18.4866,10,16.67843,10,10.31963,-1.204064,181.782096,0,0,0,0
32.9419104927219, 16.1846,33.1256034909748, 18.5127,10,16.67815,11,12.34566,0.070281,185.166896,0,0,0,0
32.9601487931795, 18.4029,33.1409153905697, 12.9526,10,16.67914,11,12.29821,-0.261519,187.496496,0,0,0,0
32.974595292937, 16.5175,33.158378391061, 19.9352,10,16.67905,10,10.94364,-0.325771,182.046208,0,0,0,0
32.9917395929806, 14.6384,33.1747189913876, 13.4739,10,16.67788,11,12.72066,-0.355938,185.464608,0,0,0,0
33.008349693846, 18.2541,33.1924138912, 18.7036,10,16.67878,10,11.26302,-0.226169,184.299504,0,0,0,0
33.0256627942435, 17.9549,33.2078177914955, 16.2087,10,16.67952,11,10.13632,-0.267065,184.749792,0,0,0,0
33.0413128933869, 14.4995,33.2258558911271, 19.1185,10,16.67826,11,12.24097,0.724869,183.004096,0,0,0,0
33.0577545925044, 18.6816,33.2432856918313, 15.6535,10,16.67941,11,12.12464,-0.011366,187.622592,0,0,0,0
33.0748389917426, 16.693,33.2589087919332, 17.4332,10,16.67942,11,10.22777,-1.324001,184.585104,0,0,0,0
33.091085891705, 16.467,33.2745517925359, 12.9266,10,16.6793,11,12.18836,-0.069034,185.335504,0,0,0,0
33.1078414912336, 14.7505,33.291634591762, 17.1884,10,16.67819,10,12.02473,-0.147167,181.795296,0,0,0,0
33.1256034909748, 18.1657,33.3094161921181, 19.3673,10,16.67905,10,9.056566,-0.263601,184.232608,0,0,0,0
33.1409153905697, 17.3119,33.3248830917291, 16.7187,10,16.67941,11,8.906301,1.401896,185.435008,0,0,0,0
33.158378391061, 14.8605,33.3420437923633, 14.1916,10,16.67837,11,13.24733,0.115214,184.842304,0,0,0,0
33.1747189913876, 18.8779,33.3576981923543, 18.2339,10,16.67962,10,9.595967,-0.879768,184.172896,0,0,0,0
33.1924138912, 16.4263,33.3753976929002, 16.1545,10,16.67948,11,12.0274,-0.348313,183.53,0,0,0,0
33.2078177914955, 14.9763,33.3930631927215, 17.5946,10,16.67851,11,12.0917,-0.079653,183.2576,0,0,0,0
33.2258558911271, 17.7579,33.4082947927527, 16.186,10,16.67912,11,8.069286,-0.868358,185.875504,0,0,0,0
33.2432856918313, 17.5751,33.4249069928192, 17.4341,10,16.67963,11,11.70627,-0.514663,184.294096,0,0,0,0
33.2589087919332, 14.2552,33.4420473924838, 14.8095,10,16.67825,11,11.26361,-0.120553,184.1564,0,0,0,0
33.2745517925359, 19.2571,33.460376793053, 20.3566,10,16.67972,10,12.27455,-0.888485,184.7184,0,0,0,0
33.291634591762, 16.3415,33.4754185932688, 12.7566,10,16.67953,11,9.990158,-1.111886,185.818896,0,0,0,0
33.3094161921181, 14.8025,33.4926917939447, 19.1823,10,16.67846,10,11.53976,-0.72289,182.233296,0,0,0,0
33.3248830917291, 17.6583,33.5091524939053, 16.8594,10,16.67902,11,12.16705,-0.705643,186.614,0,0,0,0
33.3420437923633, 17.6558,33.5254774945788, 13.9533,10,16.67957,11,11.97038,0.102406,185.815296,0,0,0,0
33.3576981923543, 16.5342,33.541964893695, 16.3249,10,16.67949,10,10.48899,-0.867503,182.113408,0,0,0,0
33.3753976929002, 16.3726,33.5586466933601, 18.7658,10,16.67932,10,12.92829,-1.528011,181.9036,0,0,0,0
33.3930631927215, 16.6152,33.574532893952, 16.7152,10,16.67928,11,11.71734,0.272839,184.297104,0,0,0,0
33.4082947927527, 15.076,33.5922319940291, 14.8058,10,16.67837,11,10.88089,-0.395959,184.397296,0,0,0,0
33.4249069928192, 18.9457,33.6084889932536, 18.4137,10,16.67966,10,11.6429,0.109084,184.127104,0,0,0,0
33.4420473924838, 16.7421,33.6263327929191, 18.2254,10,16.67969,11,10.80701,-0.706114,183.587696,0,0,0,0
33.460376793053, 16.3909,33.6425764928572, 14.0883,10,16.67953,11,13.33016,0.199634,185.079696,0,0,0,0
33.4754185932688, 17.2187,33.6594830933027, 19.2331,10,16.67983,10,11.38046,-0.443671,182.765792,0,0,0,0
33.4926917939447, 15.6259,33.6749671935104, 13.1002,10,16.67924,11,10.26022,-0.024376,184.791696,0,0,0,0
33.5091524939053, 17.772,33.693055994343, 18.9902,10,16.67986,10,11.78391,-0.383924,182.265792,0,0,0,0
33.5254774945788, 17.0066,33.7084702947177, 16.0767,10,16.68004,11,12.64577,-0.721355,183.4768,0,0,0,0
33.541964893695, 15.7994,33.7275176947005, 17.7016,10,16.67954,11,9.539571,-0.479408,182.555296,0,0,0,0
33.5586466933601, 15.5104,33.7419189945795, 13.7771,10,16.67888,11,10.27998,-0.276387,184.4572,0,0,0,0
33.574532893952, 17.9841,33.7587298941799, 19.6748,10,16.67962,10,9.359724,0.023293,182.723904,0,0,0,0
33.5922319940291, 16.5383,33.7757230945863, 15.146,10,16.67954,11,12.16016,-0.87826,184.415296,0,0,0,0
33.6084889932536, 15.3064,33.7922182944603, 17.2264,10,16.67877,11,10.59421,0.436499,183.023104,0,0,0,0
33.6263327929191, 17.6776,33.8088667937554, 17.5868,10,16.67933,11,12.23679,0.199268,184.943104,0,0,0,0
33.6425764928572, 17.5721,33.8258209940977, 15.1796,10,16.67983,11,12.17591,-0.400907,184.8528,0,0,0,0
33.6594830933027, 15.3852,33.8423643936403, 16.6667,10,16.6791,11,9.74786,0.4046,182.4604,0,0,0,0
33.6749671935104, 17.3994,33.8592144944705, 18.0105,10,16.67951,11,12.6579,0.002408,183.7416,0,0,0,0
33.693055994343, 15.9462,33.8752545942552, 16.5547,10,16.67909,11,11.29543,-0.234284,184.353696,0,0,0,0
33.7084702947177, 15.6265,33.8920653951354, 14.2585,10,16.6785,11,9.465107,-0.612671,184.961792,0,0,0,0
33.7275176947005, 17.7684,33.9096646946855, 19.2972,10,16.67912,10,12.0625,0.367747,183.593696,0,0,0,0
33.7419189945795, 16.7103,33.9257721942849, 16.0638,10,16.67913,11,9.484492,-0.376197,185.112192,0,0,0,0
33.7587298941799, 16.3817,33.9450378944166, 18.5066,10,16.67897,11,9.677184,0.314962,184.476704,0,0,0,0
33.7757230945863, 16.9302,33.9588967948221, 13.9496,10,16.67911,11,11.97507,0.04438,186.601696,0,0,0,0
33.7922182944603, 15.0684,33.9757121945731, 18.8822,10,16.67821,10,10.62945,1.133851,183.613104,0,0,0,0
33.8088667937554, 18.6082,33.9927059947513, 14.3256,10,16.67929,11,11.3484,-0.636996,187.435504,0,0,0,0
33.8258209940977, 16.5886,34.0089051942341, 17.9435,10,16.67924,10,12.23554,-0.566207,183.1424,0,0,0,0
33.8423643936403, 16.5534,34.0255864947103, 16.3125,10,16.67916,11,10.02802,-0.582953,184.508704,0,0,0,0
33.8592144944705, 15.6363,34.0439416947775, 18.1078,10,16.67858,11,9.614649,0.759081,184.268096,0,0,0,0
33.8752545942552, 18.312,34.0591654949822, 14.06,10,16.67949,11,10.5904,-0.396481,186.740304,0,0,0,0
33.8920653951354, 16.7154,34.0762476944365, 18.6731,10,16.67951,10,10.36841,0.418357,182.479904,0,0,0,0
33.9096646946855, 14.7568,34.0919680935331, 16.719,10,16.67844,11,12.46985,-1.025302,184.444496,0,0,0,0
33.9257721942849, 16.6395,34.1095881932415, 15.1359,10,16.67842,11,12.30542,-0.190022,186.409104,0,0,0,0
33.9450378944166, 17.9702,34.1261285939254, 17.6144,10,16.67914,10,9.135281,-0.730273,184.9056,0,0,0,0
33.9588967948221, 16.967,34.1430285931565, 18.5253,10,16.6793,10,10.63504,-1.290245,184.538592,0,0,0,0
33.9757121945731, 16.5344,34.159159493167, 13.2448,10,16.67922,11,11.4486,1.543306,186.108704,0,0,0,0
33.9927059947513, 19.1243,34.176010592375, 17.1403,10,16.68058,10,11.31072,0.041178,182.819296,0,0,0,0
34.0089051942341, 12.5812,34.1932044927962, 18.3061,10,16.6783,10,11.90067,-0.89015,180.833296,0,0,0,0
34.0255864947103, 16.9019,34.2091718935408, 16.2029,10,16.67842,11,12.49535,-0.105133,186.560704,0,0,0,0
34.0439416947775, 18.7011,34.2259819940664, 18.4874,10,16.67955,11,11.10069,-0.019124,185.8616,0,0,0,0
34.0591654949822, 17.225,34.2431020946242, 15.2834,10,16.67985,11,7.316322,-0.892015,185.631104,0,0,0,0
34.0762476944365, 14.2297,34.2589464937337, 16.8145,10,16.67849,11,11.99715,-0.337315,183.7072,0,0,0,0
34.0919680935331, 18.4647,34.2761744935997, 16.0563,10,16.67948,11,11.07823,-0.35792,186.292,0,0,0,0
34.1095881932415, 17.2634,34.2932902933098, 16.8297,10,16.67981,11,9.011724,0.390498,183.883008,0,0,0,0
34.1261285939254, 16.8656,34.3088145931251, 16.2381,10,16.67991,11,11.81291,-0.368284,183.4504,0,0,0,0
34.1430285931565, 15.0173,34.3261597924866, 18.9453,10,16.67899,11,10.96762,-0.067966,182.813904,0,0,0,0
34.159159493167, 18.503,34.3429787927307, 14.6411,10,16.68,11,10.04432,-0.687706,186.750896,0,0,0,0
34.176010592375, 16.3488,34.3592718918808, 15.5086,10,16.67981,11,12.3024,-0.337085,182.8896,0,0,0,0
34.1932044927962, 14.6086,34.3759224922396, 18.8874,10,16.67867,10,9.431084,0.240973,182.049904,0,0,0,0
34.2091718935408, 15.8471,34.393041592557, 15.8885,10,16.67821,11,12.16117,0.324242,186.3288,0,0,0,0
34.2259819940664, 18.6078,34.4092540931888, 14.7077,10,16.67928,11,11.93841,-0.770651,186.370096,0,0,0,0
34.2431020946242, 17.6595,34.4252040931024, 17.5069,10,16.67982,10,10.90098,-0.548808,182.430592,0,0,0,0
34.2589464937337, 15.8315,34.4433744926937, 19.821,10,16.67935,11,12.03913,0.031167,182.291808,0,0,0,0
34.2761744935997, 16.8379,34.459324893076, 12.8035,10,16.67944,11,11.55806,-0.735548,186.297408,0,0,0,0
34.2932902933098, 16.9318,34.4759870939888, 19.5078,10,16.67957,10,9.808751,-0.241189,182.273408,0,0,0,0
34.3088145931251, 14.9922,34.4928654939868, 14.2105,10,16.67865,11,12.58031,-0.062278,184.825104,0,0,0,0
34.3261597924866, 16.1979,34.509845294524, 16.8757,10,16.67838,10,10.38183,-0.668959,184.068192,0,0,0,0
34.3429787927307, 18.9768,34.5257799946703, 17.6345,10,16.67965,10,9.734448,1.45196,184.7464,0,0,0,0
34.3592718918808, 17.3538,34.5429551941343, 18.4611,10,16.68002,11,12.52049,0.165602,183.404192,0,0,0,0
34.3759224922396, 16.12,34.5591760934331, 12.8553,10,16.67971,11,12.02418,0.082139,184.511696,0,0,0,0
34.393041592557, 16.4942,34.5759670925327, 19.4877,10,16.67961,10,9.540059,-1.029569,181.230704,0,0,0,0
34.4092540931888, 16.343,34.5930787925608, 17.9717,10,16.67942,11,11.10584,-0.247554,184.2412,0,0,0,0
34.4252040931024, 16.2223,34.6103742928244, 15.0288,10,16.67917,11,10.227,0.100058,185.869904,0,0,0,0
34.4433744926937, 16.9866,34.6272838921286, 17.5829,10,16.67934,11,9.417161,-0.17931,184.668608,0,0,0,0
34.459324893076, 17.7749,34.6432000924833, 15.7854,10,16.67994,11,11.70377,0.115743,185.2728,0,0,0,0
34.4759870939888, 13.7449,34.6592072923668, 17.3353,10,16.67833,11,10.78725,-0.211472,183.284,0,0,0,0
34.4928654939868, 19.6377,34.6758917928673, 13.6331,10,16.67995,11,11.93224,-0.716555,186.874704,0,0,0,0
34.509845294524, 16.2502,34.6930314921774, 19.0958,10,16.67972,10,11.58351,-0.320606,180.87,0,0,0,0
34.5257799946703, 14.051,34.7093313918449, 17.2249,10,16.67828,11,9.767657,-0.422979,183.7164,0,0,0,0
34.5429551941343, 19.3789,34.7259802916087, 13.8348,10,16.67975,11,11.32517,0.489857,186.890304,0,0,0,0
34.5591760934331, 17.1011,34.7427110918798, 17.0013,10,16.67999,10,9.299755,-0.575063,181.3352,0,0,0,0
34.5759670925327, 13.7941,34.7590509918518, 17.7399,10,16.67841,10,12.64011,-0.388716,181.247008,0,0,0,0
34.5930787925608, 18.7297,34.7757925917394, 17.6817,10,16.67953,11,12.24458,-0.654759,185.192992,0,0,0,0
34.6103742928244, 16.1483,34.7931310911663, 14.6965,10,16.67924,11,10.14044,-0.832116,184.134208,0,0,0,0
34.6272838921286, 17.2507,34.8095943913795, 18.9016,10,16.67955,10,11.21486,-0.24575,182.693504,0,0,0,0
34.6432000924833, 17.0669,34.8259967905469, 13.988,10,16.67976,11,10.62242,0.533616,184.344192,0,0,0,0
34.6592072923668, 16.9501,34.8428600900806, 17.2048,10,16.67991,10,9.863259,0.349882,181.265504,0,0,0,0
34.6758917928673, 17.3607,34.8591049895622, 18.7677,10,16.68028,10,10.45202,-0.599987,181.520304,0,0,0,0
34.6930314921774, 14.7511,34.876052389387, 14.5025,10,16.67923,11,10.30355,0.349412,182.927904,0,0,0,0
34.7093313918449, 17.9795,34.8929260899313, 16.8629,10,16.67994,10,10.01798,-0.650233,182.6792,0,0,0,0
34.7259802916087, 16.0065,34.9099399899133, 17.7797,10,16.67957,10,11.07172,-0.185043,181.5632,0,0,0,0
34.7427110918798, 17.1137,34.9261339907534, 16.4079,10,16.67981,11,9.991287,0.392422,183.336704,0,0,0,0
34.7590509918518, 14.2998,34.9431040906347, 16.8843,10,16.67852,10,12.18849,-0.70724,182.650208,0,0,0,0
34.7757925917394, 18.1978,34.9617945910431, 17.0226,10,16.67934,9,9.798933,-0.208284,185.234704,0,0,0,0
34.7931310911663, 17.5856,34.9780162912793, 18.024,10,16.67983,8,12.40214,-0.421382,184.051392,0,0,0,0
34.8095943913795, 14.9076,34.9927094909362, 12.901,10,16.67887,11,10.17408,0.391195,184.496704,0,0,0,0
34.8259967905469, 18.1362,35.0104280910455, 19.4456,10,16.67966,10,9.34074,-0.213049,182.491904,0,0,0,0
34.8428600900806, 17.7226,35.0256939907558, 16.2828,10,16.68022,11,12.71118,0.009107,183.802096,0,0,0,0
34.8591049895622, 13.806,35.0429121912457, 14.5024,10,16.67867,11,12.11968,0.585024,182.362304,0,0,0,0
34.876052389387, 18.6641,35.0605393913575, 18.2684,10,16.67974,10,10.15421,-0.264396,183.058304,0,0,0,0
34.8929260899313, 16.5239,35.0768167921342, 17.5864,10,16.67966,11,11.10735,-0.100433,182.663808,0,0,0,0
34.9099399899133, 16.3256,35.0945209921338, 18.1297,10,16.67947,11,12.05869,-0.58329,183.708192,0,0,0,0
34.9617945910431, 55.8819,35.1097938925959, 12.8781,10,16.70061,11,9.153876,-0.606085,185.5304,0,0,0,0
34.9617945910431, 0.6365,35.1265084934421, 19.5673,8,16.69195,10,10.9703,-0.573056,142.524,0,0,0,0
34.9617945910431, 1.312,35.1428452939726, 13.8749,9,16.68367,11,9.911033,-0.989007,161.458592,0,0,0,0
34.9780162912793, 8.4434,35.1600139946677, 18.6712,10,16.67923,10,9.45099,-0.394883,174.020992,0,0,0,0
34.9927094909362, 17.0987,35.1772717949934, 18.1466,10,16.67945,11,11.99518,0.018802,184.248896,0,0,0,0
35.0104280910455, 14.8273,35.1931617953815, 13.2333,10,16.67846,11,11.97736,-1.0044,185.297408,0,0,0,0
35.0256939907558, 18.1452,35.2101231948473, 17.7669,10,16.67925,10,9.880107,0.220438,183.703104,0,0,0,0
35.0429121912457, 16.6474,35.2271227953024, 19.5456,10,16.67923,10,12.98848,0.14808,183.325408,0,0,0,0
35.0605393913575, 16.7395,35.2440997944213, 14.8117,10,16.67926,11,12.3138,-0.646639,186.224096,0,0,0,0
35.0768167921342, 15.2321,35.2601859946735, 16.848,10,16.67849,11,9.3993,0.313751,184.295504,0,0,0,0
35.0945209921338, 18.4251,35.27884509461, 17.8115,10,16.67942,11,12.92976,-0.273684,185.912496,0,0,0,0
35.1097938925959, 16.6503,35.2930627944879, 13.249,10,16.67941,11,9.21632,-0.626119,185.299296,0,0,0,0
35.1265084934421, 16.584,35.3101743939333, 17.0266,10,16.67936,10,11.72354,0.360094,181.897792,0,0,0,0
35.1428452939726, 17.2564,35.3259160942398, 17.4251,10,16.67966,10,10.87125,-0.974035,182.329696,0,0,0,0
35.1600139946677, 14.0546,35.3456713943742, 19.0914,10,16.67826,11,9.212984,-1.026464,182.510208,0,0,0,0
35.1772717949934, 18.7282,35.359823693987, 13.2099,10,16.67936,11,9.639119,-0.579458,187.5468,0,0,0,0
35.1931617953815, 17.0281,35.3765890947543, 18.6596,10,16.67954,10,12.26901,-0.433609,182.014,0,0,0,0
35.2101231948473, 16.1816,35.3942801947705, 18.3883,10,16.67928,11,8.906635,0.541364,183.6604,0,0,0,0
35.2271227953024, 16.6704,35.410108495038, 13.2368,10,16.67927,11,10.97016,-1.068336,185.867296,0,0,0,0
35.2440997944213, 17.1706,35.4269175953232, 19.4093,10,16.67953,10,12.76516,-0.436836,182.433904,0,0,0,0
35.2601859946735, 14.7481,35.4441750957631, 15.7629,10,16.6785,11,10.32451,0.09483,184.673296,0,0,0,0
35.27884509461, 18.2733,35.460281395819, 15.0363,10,16.67935,11,12.47414,0.036959,185.666304,0,0,0,0
35.2930627944879, 16.7338,35.4762834957801, 17.7197,10,16.67938,10,11.41344,-0.225809,182.450896,0,0,0,0
35.3101743939333, 16.7679,35.4931169948541, 18.0497,10,16.67943,11,11.30234,0.525066,183.437296,0,0,0,0
35.3259160942398, 15.1295,35.5102101950906, 13.9572,10,16.6786,11,12.40627,-0.994038,184.719504,0,0,0,0
35.3456713943742, 18.4828,35.5271541955881, 18.0779,10,16.67956,10,11.91554,0.675214,183.547104,0,0,0,0
35.359823693987, 16.7343,35.5434271949343, 17.6857,10,16.67959,11,9.885009,-0.381791,183.142896,0,0,0,0
35.3765890947543, 14.5081,35.5598470955156, 13.947,10,16.67844,11,10.37103,0.163355,184.0944,0,0,0,0
35.3942801947705, 18.0511,35.5766748948954, 17.7253,10,16.67917,10,11.37684,-0.447172,183.533904,0,0,0,0
35.410108495038, 17.0304,35.5939048952423, 18.0982,10,16.67936,11,12.91909,-0.049987,183.208608,0,0,0,0
35.4269175953232, 15.0252,35.6104494943283, 16.7164,10,16.67848,11,9.088991,-0.709753,184.276192,0,0,0,0
35.4441750957631, 18.5468,35.6274704947136, 17.8042,10,16.67947,11,7.629245,-0.654819,185.967296,0,0,0,0
35.460281395819, 17.9954,35.643813894596, 14.8236,10,16.68017,11,-1.437183,-0.350862,185.225696,0,0,0,0
35.4762834957801, 13.453,35.659552694764, 16.2651,10,16.67846,11,11.94247,-0.823233,182.053904,0,0,0,0
35.4931169948541, 16.3209,35.6776032946073, 19.363,10,16.67827,11,12.38549,-0.613504,184.8664,0,0,0,0
35.5102101950906, 18.5686,35.6944416943006, 14.6802,10,16.67927,11,9.621953,0.248748,187.908992,0,0,0,0
35.5271541955881, 16.7861,35.7109426944517, 16.4405,10,16.67932,11,12.71272,0.839182,184.020704,0,0,0,0
35.5434271949343, 14.4058,35.7267488944344, 17.1495,10,16.67812,11,12.63176,1.495746,183.675008,0,0,0,0
35.5598470955156, 18.7251,35.7446510936134, 18.7203,10,16.6792,11,9.656933,-0.49418,186.419296,0,0,0,0
35.5766748948954, 16.3469,35.7612426928245, 14.8465,10,16.67903,11,12.6553,0.37131,186.410208,0,0,0,0
35.5939048952423, 15.1992,35.7771662934683, 16.3743,10,16.67825,11,12.47845,-0.672152,184.914496,0,0,0,0
35.6104494943283, 16.813,35.7948259930126, 18.6357,10,16.67832,11,9.558818,0.077886,186.090096,0,0,0,0
35.6274704947136, 18.3679,35.8101030928083, 12.498,10,16.67921,11,8.231654,-0.623398,187.9128,0,0,0,0
35.643813894596, 16.518,35.8265864928253, 16.6463,10,16.67912,10,9.05998,-0.429274,182.043104,0,0,0,0
35.659552694764, 14.84,35.8438895926811, 18.482,10,16.67816,10,10.64379,-0.157953,182.150208,0,0,0,0
35.6776032946073, 18.7325,35.8596419920214, 16.9903,10,16.67924,10,8.394852,-0.806932,185.814096,0,0,0,0
35.6944416943006, 15.9584,35.8773575914092, 16.329,10,16.67886,11,12.71681,-0.809878,184.072304,0,0,0,0
35.7109426944517, 16.9535,35.8933488917537, 15.2209,10,16.679,11,11.7764,-0.309224,184.4204,0,0,0,0
35.7267488944344, 15.2204,35.9122810908593, 20.4881,10,16.67823,10,10.59077,0.905768,182.710096,0,0,0,0
35.7446510936134, 18.1815,35.926993091125, 15.8547,10,16.67903,11,9.457653,-0.362395,187.979008,0,0,0,0
35.7612426928245, 17.101,35.9442387917079, 15.1522,10,16.67925,11,11.84053,-0.064558,185.6404,0,0,0,0
35.7771662934683, 14.829,35.9602437918074, 15.0424,10,16.67827,11,9.885678,-0.484443,183.6928,0,0,0,0
35.7948259930126, 18.492,35.9775516916998, 19.2246,10,16.67923,10,12.72802,-0.181742,183.9168,0,0,0,0
35.8101030928083, 16.4416,35.994992992375, 16.1492,10,16.6791,11,12.14693,0.551335,184.649696,0,0,0,0
35.8265864928253, 17.4752,36.0107156918384, 16.3326,10,16.67952,11,8.357495,0.07591,184.358096,0,0,0,0
35.8438895926811, 16.4295,36.0272386916913, 15.2966,10,16.67939,11,12.02946,-0.897866,183.215008,0,0,0,0
35.8596419920214, 16.5693,36.0442863912322, 18.0017,10,16.67933,10,10.68964,-0.539342,182.0832,0,0,0,0
35.8773575914092, 16.7396,36.0604656920768, 17.327,10,16.67936,11,8.925242,0.716823,183.516096,0,0,0,0
35.8933488917537, 16.5956,36.0779001922347, 18.4454,10,16.67932,11,9.250865,0.058288,184.103696,0,0,0,0
35.9122810908593, 15.5007,36.0939861913212, 13.1135,10,16.6787,11,9.32949,-0.075407,185.9532,0,0,0,0
35.926993091125, 15.4231,36.1113635920919, 19.7448,10,16.67805,10,8.681766,1.027598,183.566704,0,0,0,0
35.9442387917079, 18.978,36.1272048917599, 16.4831,10,16.67925,11,12.71844,-0.248597,187.887904,0,0,0,0
35.9602437918074, 16.9436,36.143837491516, 13.7201,10,16.67938,11,9.448777,0.171566,185.385104,0,0,0,0
35.9775516916998, 15.023,36.1621263907291, 19.007,10,16.67852,10,9.845012,0.726809,182.1704,0,0,0,0
35.994992992375, 17.3299,36.1765177906491, 15.6262,10,16.67886,11,9.078207,-0.028027,186.154592,0,0,0,0
36.0107156918384, 17.1062,36.1943975915201, 18.1582,10,16.67908,11,11.696,0.168976,184.451696,0,0,0,0
36.0272386916913, 17.1777,36.2110796910711, 15.2693,10,16.67934,11,9.530197,-1.620709,185.5016,0,0,0,0
36.0442863912322, 15.9422,36.2273054909892, 16.1187,10,16.67896,11,8.977034,0.540934,183.595696,0,0,0,0
36.0604656920768, 15.1651,36.2442059912719, 17.971,10,16.67817,11,10.46249,-0.031854,183.772,0,0,0,0
36.0779001922347, 17.9712,36.2610080917366, 17.7978,10,16.67884,11,9.301127,-0.672183,186.578096,0,0,0,0
36.0939861913212, 18.3386,36.2769855917431, 12.9081,10,16.67971,11,8.643924,0.271688,186.404896,0,0,0,0
36.1113635920919, 13.7086,36.2946959924884, 20.1819,10,16.67816,10,9.977709,-0.49513,180.967808,0,0,0,0
36.1272048917599, 18.7155,36.3109827921726, 13.7977,10,16.67922,11,10.41697,-0.318584,187.447504,0,0,0,0
36.143837491516, 17.3356,36.3278919928707, 16.9746,10,16.67956,10,9.835354,1.183084,182.5304,0,0,0,0
36.1621263907291, 16.1997,36.3446793933399, 18.8469,10,16.67931,9,8.991883,0.039831,182.169696,0,0,0,0
36.1765177906491, 14.7212,36.3609292940237, 16.7693,10,16.6783,8,10.88091,0.754163,184.8172,0,0,0,0
36.1943975915201, 18.2338,36.3780421935953, 16.1377,10,16.6791,11,10.43653,-0.042813,186.8656,0,0,0,0
36.2110796910711, 16.5914,36.3945605927147, 17.3382,10,16.67906,11,10.26498,-0.178134,184.7704,0,0,0,0
36.2273054909892, 16.6986,36.4124128934927, 16.5717,10,16.67907,10,9.222416,-0.509855,185.508496,0,0,0,0
36.2442059912719, 15.3405,36.429402793292, 17.0005,10,16.67838,11,9.313969,1.193189,185.382096,0,0,0,0
36.2610080917366, 17.9115,36.445224293042, 16.1703,10,16.67901,11,8.608137,-1.256471,187.050096,0,0,0,0
36.2769855917431, 17.2378,36.4624238931574, 18.6898,10,16.6793,11,10.02381,0.734358,185.2984,0,0,0,0
36.2946959924884, 15.8891,36.477710892912, 12.4432,10,16.67889,11,9.022334,-0.548169,186.7624,0,0,0,0
36.3446793933399, 56.4719,36.4946295931004, 19.7822,10,16.69944,10,11.79996,1.126492,183.288096,0,0,0,0
36.3446793933399, 0.7161,36.5113452929072, 13.8669,8,16.69119,11,12.29841,0.324724,146.627104,0,0,0,0
36.3446793933399, 1.8517,36.5268327924423, 15.5244,9,16.68354,10,8.600971,-0.380388,159.778592,0,0,0,0
36.3609292940237, 9.0121,36.5438910922967, 18.6967,10,16.67958,10,10.10444,-0.288403,173.451504,0,0,0,0
36.3780421935953, 16.9009,36.5628362926655, 18.2669,10,16.6797,11,10.07967,0.235882,183.127696,0,0,0,0
36.3945605927147, 18.5841,36.5778381922282, 14.7325,10,16.68068,11,9.244208,-0.330468,184.502208,0,0,0,0
36.4124128934927, 14.0058,36.5963901919313, 19.7712,10,16.6793,11,9.276976,-0.936736,180.650496,0,0,0,0
36.429402793292, 17.8312,36.6116920919158, 16.4709,10,16.67989,11,9.512288,-0.539218,186.404304,0,0,0,0
36.445224293042, 14.1955,36.6285216924734, 16.0539,10,16.67862,11,9.574803,0.4253,185.055696,0,0,0,0
36.4624238931574, 18.6007,36.6437684926204, 15.3893,10,16.6796,11,11.65942,1.330417,186.9148,0,0,0,0
36.477710892912, 16.811,36.6609486932866, 14.6762,10,16.67967,11,9.700768,0.514408,183.692,0,0,0,0
36.4946295931004, 14.436,36.6782321925275, 17.9421,10,16.67852,10,9.767036,-0.357639,181.568992,0,0,0,0
36.5113452929072, 18.9462,36.6945213931613, 17.418,10,16.67968,11,9.802318,-0.398058,185.075296,0,0,0,0
36.5268327924423, 16.1009,36.7121713939123, 18.6206,10,16.67939,11,12.0147,-0.855268,183.5472,0,0,0,0
36.5438910922967, 14.3384,36.7280459939502, 12.9556,10,16.67819,11,9.251583,0.416722,186.067504,0,0,0,0
36.5628362926655, 18.9343,36.7441968931817, 16.0075,10,16.67934,10,7.391292,-0.186526,184.683808,0,0,0,0
36.5778381922282, 15.7429,36.7618318940513, 20.5708,10,16.67886,10,9.713939,-0.786747,181.7424,0,0,0,0
36.5963901919313, 16.8278,36.7776486943476, 12.9718,10,16.67894,11,10.02376,0.286532,186.5772,0,0,0,0
36.6116920919158, 17.1748,36.7955837934278, 18.6248,10,16.67919,10,9.393168,1.062549,182.730096,0,0,0,0
36.6285216924734, 18.1936,36.8123097936623, 17.9063,10,16.67997,11,12.26568,0.529718,184.168304,0,0,0,0
36.6437684926204, 13.4239,36.8278051936068, 16.7725,10,16.6783,11,8.620826,0.853612,183.894096,0,0,0,0
36.6609486932866, 18.6583,36.8448807937093, 14.1209,10,16.67931,11,10.86455,-0.541276,187.242592,0,0,0,0
36.6782321925275, 16.3522,36.8623831928708, 19.7747,10,16.67915,10,12.15777,0.37124,182.698096,0,0,0,0
36.6945213931613, 15.2398,36.8785781920888, 14.7902,10,16.67841,10,9.407551,-0.559664,186.127808,0,0,0,0
36.7121713939123, 16.606,36.8946193926968, 15.0535,10,16.67838,10,7.806682,0.561044,185.6788,0,0,0,0
36.7280459939502, 18.6752,36.9122432922013, 18.7035,10,16.67939,10,9.835088,-1.053048,184.126208,0,0,0,0
36.7441968931817, 16.3346,36.9285934926011, 17.3646,10,16.67922,11,8.725976,-0.130414,184.154704,0,0,0,0
36.7618318940513, 16.951,36.9450827934779, 16.1725,10,16.67936,11,9.18426,-0.230858,185.185104,0,0,0,0
36.7776486943476, 16.7122,36.9621703927405, 15.2519,10,16.67937,10,9.880264,0.023308,184.406208,0,0,0,0
36.7955837934278, 16.275,36.9792940919288, 19.03,10,16.67917,9,11.23466,-0.469141,182.946704,0,0,0,0
36.8123097936623, 14.9971,36.9951510918327, 15.8276,10,16.67831,8,8.917048,-0.613984,185.701696,0,0,0,0
36.8278051936068, 18.2605,37.0107141914777, 15.6354,10,16.67912,11,9.756414,-0.109627,186.532496,0,0,0,0
36.8623831928708, 32.392,37.0291869915091, 17.8108,10,16.6871,11,10.39586,-0.246003,183.8956,0,0,0,0
36.8623831928708, 11.4884,37.0446510915644, 16.9717,9,16.68446,11,10.13819,0.397815,169.317904,0,0,0,0
36.8785781920888, 8.9133,37.061286392156, 15.1776,10,16.68052,11,9.869541,-0.6258,174.795808,0,0,0,0
36.8946193926968, 14.4715,37.0785489925183, 17.3251,10,16.67939,10,8.837384,-0.882663,181.0748,0,0,0,0
36.9122432922013, 16.7995,37.0952016920783, 16.5211,10,16.67945,11,11.29643,-0.467676,183.928992,0,0,0,0
36.9285934926011, 14.3619,37.1125895925798, 18.4273,10,16.67828,11,9.720703,-0.902089,183.6504,0,0,0,0
36.9792940919288, 57.3664,37.1282781925984, 16.2846,10,16.69888,11,9.430585,-0.82351,187.7088,0,0,0,0
36.9792940919288, 0.7073,37.1451305919327, 13.9513,8,16.69079,11,9.8971,0.255396,146.635008,0,0,0,0
36.9792940919288, 2.0677,37.1621895921417, 19.1448,9,16.68339,10,9.988963,-1.06285,159.8792,0,0,0,0
36.9951510918327, 6.4711,37.1786461924203, 17.2767,10,16.67823,11,9.343076,-0.279796,176.957408,0,0,0,0
37.0107141914777, 16.7452,37.1945467931218, 13.1159,10,16.67826,11,11.90309,-0.624364,187.7624,0,0,0,0
37.0291869915091, 19.3862,37.2117974930443, 18.0427,10,16.67963,10,12.41551,0.374268,184.108608,0,0,0,0
37.0446510915644, 15.6436,37.2304902938195, 19.0687,10,16.67911,10,10.6089,-0.895612,182.789504,0,0,0,0
37.061286392156, 17.1572,37.2445119940676, 14.8983,10,16.67935,11,8.77075,0.45868,186.2148,0,0,0,0
37.0785489925183, 16.5695,37.2623297949322, 19.0638,10,16.67929,11,12.5003,1.231656,183.956896,0,0,0,0
37.0952016920783, 16.4196,37.2790439953096, 14.4775,10,16.67916,11,9.246964,0.125721,186.450592,0,0,0,0
37.1125895925798, 15.566,37.2946853959002, 15.5055,10,16.6786,11,12.44503,-0.915632,184.507904,0,0,0,0
37.1282781925984, 17.9388,37.3122454960831, 18.9337,10,16.67924,10,10.42921,-0.519685,184.448896,0,0,0,0
37.1451305919327, 17.1605,37.3292289958335, 18.0785,10,16.67948,11,10.90042,0.598893,185.444304,0,0,0,0
37.1621895921417, 14.74,37.3449229956605, 12.619,10,16.6785,11,8.462944,-0.606768,186.362496,0,0,0,0
37.1786461924203, 17.6943,37.3620481961407, 16.7242,10,16.67901,10,9.491179,-0.130987,184.2408,0,0,0,0
37.1945467931218, 17.1486,37.3776206965558, 17.6586,10,16.67925,10,8.734232,-1.150706,183.271696,0,0,0,0
37.2117974930443, 16.8127,37.3965262970887, 16.8135,10,16.67932,11,12.48938,-0.152697,183.781792,0,0,0,0
37.2304902938195, 16.7717,37.411740296986, 15.5562,10,16.67936,10,11.98181,0.845186,183.783296,0,0,0,0
37.2445119940676, 14.6724,37.4283499973826, 17.4668,10,16.67836,9,9.287768,-0.624495,182.567008,0,0,0,0
37.2623297949322, 18.6156,37.4449010971002, 15.1453,10,16.67933,11,9.247487,-0.643466,185.361104,0,0,0,0
37.2790439953096, 16.3568,37.4621105971746, 20.3441,10,16.67917,10,11.74461,-0.209223,181.892,0,0,0,0
37.2946853959002, 18.9901,37.4781025978737, 15.2528,10,16.68032,10,10.1885,1.37362,185.774304,0,0,0,0
37.3122454960831, 13.1922,37.4950594971888, 14.8819,10,16.67858,10,10.71551,-0.218808,182.141904,0,0,0,0
37.3292289958335, 18.532,37.5130106969737, 19.2652,10,16.67951,10,9.799795,0.289964,183.831904,0,0,0,0
37.3449229956605, 17.1586,37.5289087961428, 16.629,10,16.67975,11,10.29417,0.145527,184.565296,0,0,0,0
37.3620481961407, 16.4195,37.5469723953865, 17.4835,10,16.67962,11,9.529423,-0.186328,184.0368,0,0,0,0
37.3776206965558, 13.7235,37.5618244954385, 15.0297,10,16.67814,11,11.41438,-0.410083,185.100608,0,0,0,0
37.411740296986, 40.3786,37.5792360962369, 16.979,10,16.68998,11,7.738408,-0.440123,186.378,0,0,0,0
37.411740296986, 0.5694,37.5959357959218, 17.1235,9,16.68193,11,11.66374,-1.182906,163.007296,0,0,0,0
37.4283499973826, 11.0786,37.6121501964517, 16.9082,10,16.67913,11,9.161173,-0.146925,179.563104,0,0,0,0
37.4621105971746, 32.9623,37.6287593957968, 17.485,10,16.68725,11,8.983528,-0.574044,185.391808,0,0,0,0
37.4621105971746, 9.1407,37.6449918956496, 15.521,9,16.68349,11,11.69408,0.61509,169.902592,0,0,0,0
37.4781025978737, 10.5213,37.661961496342, 15.6257,10,16.68042,11,12.06712,0.142462,176.295104,0,0,0,0
37.4950594971888, 14.9137,37.6786132962443, 17.7242,10,16.67954,11,9.979806,0.357434,181.4,0,0,0,0
37.5130106969737, 16.4369,37.6961986967362, 18.634,10,16.67942,11,9.940225,-0.768668,184.210704,0,0,0,0
37.5289087961428, 14.3628,37.7128213965334, 14.3195,10,16.67827,11,11.79894,0.59913,186.408,0,0,0,0
37.5469723953865, 18.4528,37.7297885962762, 17.1191,10,16.67915,11,10.08751,-0.690165,186.365104,0,0,0,0
37.5618244954385, 17.5019,37.7454854962416, 16.348,10,16.67956,11,8.541838,-0.473169,184.999904,0,0,0,0
37.5792360962369, 16.4159,37.7620082967915, 17.631,10,16.67943,11,11.13357,-0.562685,183.877696,0,0,0,0
37.5959357959218, 16.7832,37.77888179617, 13.9915,10,16.67948,11,8.580168,-0.427001,185.0932,0,0,0,0
37.6121501964517, 14.4751,37.7948607956059, 15.9418,10,16.67839,10,12.16197,-0.124468,182.301296,0,0,0,0
37.6287593957968, 18.4105,37.8118379958905, 19.6515,10,16.67924,10,9.848965,-0.297975,183.768608,0,0,0,0
37.6449918956496, 17.685,37.8294474952854, 18.6698,10,16.67974,11,10.45227,-0.34818,185.010208,0,0,0,0
37.661961496342, 15.6532,37.845067395363, 13.5592,10,16.67924,11,9.432485,-0.065365,185.986,0,0,0,0
37.6786132962443, 14.9547,37.8619230953045, 17.4789,10,16.67838,10,12.335,-0.2373,183.900496,0,0,0,0
37.6961986967362, 17.7094,37.8796047945507, 18.8662,10,16.67889,11,9.339468,-0.049664,186.424896,0,0,0,0
37.7128213965334, 18.1121,37.8954183948226, 13.8343,10,16.6796,11,10.87438,-0.708346,187.5828,0,0,0,0
37.7297885962762, 17.0034,37.911976093892, 15.2805,10,16.67976,11,10.32678,-0.57824,183.296096,0,0,0,0
37.7454854962416, 14.3552,37.9291934934445, 19.2466,10,16.67861,10,9.419565,0.345366,181.5824,0,0,0,0
37.7620082967915, 19.2101,37.9453893941827, 16.8776,10,16.67986,11,10.9206,-0.225575,186.473792,0,0,0,0
37.77888179617, 16.0038,37.9617189937271, 13.7979,10,16.67953,11,10.93436,0.515105,184.141296,0,0,0,0
37.7948607956059, 16.5058,37.9789713942446, 18.85,10,16.67944,10,9.604846,-0.455234,181.935808,0,0,0,0
37.8118379958905, 14.5387,37.9977184948511, 18.8096,10,16.67839,11,9.72844,-0.447673,184.28,0,0,0,0
37.8294474952854, 18.9236,38.0135138952173, 14.7849,10,16.67949,11,12.12673,-0.128592,188.5512,0,0,0,0
37.845067395363, 16.715,38.0292719961144, 16.6293,10,16.67951,11,9.535275,-0.677711,184.400304,0,0,0,0
37.8619230953045, 14.661,38.0453191963024, 17.4276,10,16.67852,11,10.1504,-0.483611,184.326,0,0,0,0
37.8796047945507, 18.8889,38.0632416964509, 16.0965,10,16.67961,11,8.318934,-0.579336,187.077792,0,0,0,0
37.8954183948226, 16.0036,38.0791688957252, 16.6197,10,16.67927,11,11.05427,-0.255584,184.302304,0,0,0,0
37.911976093892, 17.321,38.096768096555, 16.9858,10,16.67959,11,8.853092,0.127568,184.918,0,0,0,0
37.9291934934445, 14.37,38.1116371969692, 13.6384,10,16.67845,11,11.20641,-0.831523,184.5836,0,0,0,0
37.9453893941827, 17.8017,38.1290196976624, 20.1512,10,16.679,10,9.941711,0.104696,183.852,0,0,0,0
37.9617189937271, 17.8512,38.1450504972599, 15.1382,10,16.67958,11,10.31184,-0.009085,186.19,0,0,0,0
37.9789713942446, 14.2857,38.1630587964319, 18.3968,10,16.67841,11,8.885384,0.22201,183.4892,0,0,0,0
37.9977184948511, 18.704,38.1800474966876, 15.5598,10,16.6794,11,11.50813,-0.333578,187.600704,0,0,0,0
38.0135138952173, 17.0459,38.1947574964724, 13.2239,10,16.67958,11,9.510823,-0.158466,184.4356,0,0,0,0
38.0292719961144, 14.6905,38.2118287957273, 17.212,10,16.6786,10,9.473004,0.351937,180.617104,0,0,0,0
38.0453191963024, 19.1797,38.2287195953541, 18.8422,10,16.67983,10,11.01359,-0.361532,183.156096,0,0,0,0
38.0632416964509, 16.131,38.246012495365, 18.1186,10,16.67956,11,10.06619,-0.238642,182.809696,0,0,0,0
38.0791688957252, 14.4159,38.2629236946814, 14.907,10,16.67845,11,8.228478,0.207183,184.797904,0,0,0,0
38.096768096555, 18.5844,38.2803060947917, 18.3434,10,16.67938,10,11.67307,-0.630733,185.298304,0,0,0,0
38.1116371969692, 16.7206,38.2962774946354, 16.5055,10,16.67941,11,11.20676,-0.074981,185.0192,0,0,0,0
38.1290196976624, 17.1336,38.3117716950364, 16.1313,10,16.67963,11,9.584332,0.367984,184.8424,0,0,0,0
38.1450504972599, 14.3561,38.3302786950953, 16.8789,10,16.67849,11,10.05994,-0.80109,183.840992,0,0,0,0
38.1630587964319, 18.7234,38.3462123950012, 16.606,10,16.67949,11,8.246417,-0.144936,186.364192,0,0,0,0
38.1800474966876, 17.1627,38.3635428943671, 16.7785,10,16.67973,11,9.649833,-0.020917,184.231104,0,0,0,0
38.1947574964724, 16.541,38.3790683946572, 16.0764,10,16.67966,11,9.520381,-0.427262,183.8228,0,0,0,0
38.2118287957273, 16.8,38.3959155953489, 17.9606,10,16.67972,11,10.14162,-0.426007,183.411808,0,0,0,0
38.2287195953541, 14.5447,38.4128556954674, 15.0304,10,16.67868,11,9.99339,0.021785,184.572896,0,0,0,0
38.246012495365, 18.2852,38.4291700958274, 15.2687,10,16.67946,11,10.43444,-0.454621,185.058208,0,0,0,0
38.2629236946814, 16.4913,38.4462204962038, 18.666,10,16.67937,10,8.166817,-1.179527,182.029408,0,0,0,0
38.2803060947917, 16.1977,38.4627924966626, 17.35,10,16.67913,11,10.20986,0.197902,184.215696,0,0,0,0
38.2962774946354, 15.2427,38.4788955966942, 13.8753,10,16.67843,11,11.38451,-0.448937,185.369104,0,0,0,0
38.3117716950364, 18.7427,38.4958558971994, 18.1171,10,16.67944,10,9.173615,-0.467776,184.0024,0,0,0,0
38.3302786950953, 16.65,38.5120419966988, 15.6473,10,16.67942,11,9.966321,-0.256309,183.376608,0,0,0,0
38.3462123950012, 14.0424,38.5291690970771, 17.177,10,16.67814,10,11.94383,0.026058,182.374704,0,0,0,0
38.3635428943671, 19.0831,38.5459369975142, 18.4114,10,16.67931,11,11.1124,-0.715793,185.509504,0,0,0,0
38.3790683946572, 14.7745,38.5616495977156, 13.1116,10,16.67839,11,7.995337,-0.216573,184.817104,0,0,0,0
38.3959155953489, 16.4466,38.5787583976053, 17.1129,10,16.67827,10,11.87468,-0.723928,183.174704,0,0,0,0
38.4128556954674, 18.4408,38.5961707974784, 18.0883,10,16.67913,10,9.042509,-0.594683,183.8416,0,0,0,0
38.4291700958274, 16.9833,38.6127754966728, 15.894,10,16.67928,10,11.51384,-0.129094,183.489504,0,0,0,0
38.4462204962038, 16.5089,38.6302750962786, 19.0993,10,16.67919,10,11.31869,0.474577,182.400704,0,0,0,0
38.4627924966626, 16.3073,38.6457639965229, 16.8445,10,16.67901,11,10.35887,0.677337,184.978096,0,0,0,0
38.4788955966942, 17.2436,38.6631640973501, 14.4389,10,16.67929,11,8.574528,-0.037014,185.516992,0,0,0,0
38.4958558971994, 16.0887,38.6785302977078, 15.3345,10,16.679,10,12.39128,-0.716676,182.724704,0,0,0,0
38.5120419966988, 16.7606,38.6960690985434, 17.5856,10,16.67904,10,9.595894,-0.701585,181.9708,0,0,0,0
38.5291690970771, 16.7019,38.7128290976398, 19.2347,10,16.67905,10,8.297823,-0.332494,182.795696,0,0,0,0
38.5459369975142, 16.4675,38.7293586968444, 14.176,10,16.67895,11,9.953163,-0.659824,185.329104,0,0,0,0
38.5616495977156, 15.6569,38.7465528971516, 17.0871,10,16.67846,11,9.049414,-0.659961,183.014896,0,0,0,0
38.5787583976053, 18.2447,38.761743996758, 15.1871,10,16.67921,10,9.945176,-0.659498,184.468096,0,0,0,0
38.5961707974784, 16.6344,38.7794171967544, 19.3002,10,16.67919,10,9.290485,-0.996269,181.403296,0,0,0,0
38.6127754966728, 17.1507,38.7972034965642, 17.9783,10,16.67942,10,12.33859,-0.870385,184.077408,0,0,0,0
38.6302750962786, 15.8837,38.8126796963625, 15.4539,10,16.67903,11,9.918024,-0.215424,184.905408,0,0,0,0
38.6457639965229, 18.4446,38.8300444963388, 18.3249,10,16.67988,11,9.378361,-0.439863,184.475504,0,0,0,0
38.6631640973501, 15.9465,38.8465653969906, 15.1415,10,16.67953,11,12.2262,-0.713634,184.346096,0,0,0,0
38.6785302977078, 18.015,38.8628208967857, 15.8363,10,16.68017,11,11.86977,-0.556505,183.5436,0,0,0,0
38.6960690985434, 15.8936,38.8802853967063, 18.0721,10,16.67979,11,10.84319,-0.982064,181.373296,0,0,0,0
38.7128290976398, 14.921,38.8983484967612, 18.1314,10,16.67895,11,9.840524,-0.745234,183.552192,0,0,0,0
38.7293586968444, 15.4878,38.9128538970836, 15.3927,10,16.67838,11,11.78936,-0.508404,186.7632,0,0,0,0
38.7465528971516, 18.7689,38.9287781962194, 13.5509,10,16.67938,11,9.602434,-0.181747,186.667696,0,0,0,0
38.761743996758, 17.9873,38.9467701953836, 18.7601,10,16.68001,10,12.2956,-0.733714,181.45,0,0,0,0
38.7794171967544, 15.6442,38.9632270955481, 16.4802,10,16.67951,11,11.77036,-0.338781,182.223696,0,0,0,0
38.7972034965642, 16.3441,38.9807196953334, 18.6069,10,16.67935,11,9.679634,1.673652,183.0596,0,0,0,0
38.8126796963625, 16.2852,38.9969047945924, 17.3901,10,16.67916,11,11.8076,1.197885,185.322896,0,0,0,0
38.8300444963388, 16.8495,39.0130346943624, 14.2123,10,16.67924,11,11.67425,-0.799543,186.4248,0,0,0,0
38.8465653969906, 17.0731,39.030166995246, 17.0684,10,16.67943,11,10.55331,0.265529,183.78,0,0,0,0
38.8628208967857, 15.5968,39.0471353945322, 17.3806,10,16.67892,11,10.82818,-1.139729,183.7756,0,0,0,0
38.8802853967063, 18.2225,39.0634085950442, 16.6962,10,16.67965,11,10.62565,-0.604175,185.5708,0,0,0,0
38.8983484967612, 16.2803,39.0791896958835, 16.5869,10,16.67946,11,10.28531,0.332979,184.0444,0,0,0,0
38.9128538970836, 16.2879,39.0961490967311, 14.3987,10,16.67928,11,8.930843,-0.061882,184.352,0,0,0,0
38.9287781962194, 15.3148,39.1134097971953, 18.2355,10,16.67862,10,12.71607,0.959033,182.4624,0,0,0,0
38.9467701953836, 17.9673,39.1301479977556, 16.5383,10,16.67924,11,9.952029,-0.452889,185.374896,0,0,0,0
38.9632270955481, 16.4497,39.1474293977953, 18.0569,10,16.67913,11,10.34927,-0.405011,183.9456,0,0,0,0
38.9807196953334, 15.4745,39.1627606977709, 15.3305,10,16.67855,11,12.52912,-0.816666,185.5628,0,0,0,0
38.9969047945924, 18.3212,39.1797907971777, 17.2663,10,16.67934,11,10.93738,-0.300821,185.419104,0,0,0,0
39.0130346943624, 14.4686,39.1989816972055, 17.6486,10,16.67828,11,10.02557,0.26942,184.363808,0,0,0,0
39.030166995246, 18.7506,39.2138282968663, 15.66,10,16.67927,11,8.580189,-0.526336,187.544096,0,0,0,0
39.0471353945322, 17.3574,39.2308205976151, 16.6683,10,16.67959,11,12.38111,-0.233592,184.454208,0,0,0,0
39.0634085950442, 14.4454,39.2466589971446, 16.7123,10,16.67853,11,9.495866,0.093166,183.763904,0,0,0,0
39.0791896958835, 18.5427,39.2637904970907, 16.1838,10,16.67942,11,12.30362,0.386695,186.032304,0,0,0,0
39.0961490967311, 16.7066,39.2802015966736, 18.2937,10,16.67943,10,10.30828,-0.234038,183.654896,0,0,0,0
39.1134097971953, 16.2838,39.2972382972948, 15.6996,10,16.67924,11,8.841536,0.041459,185.2612,0,0,0,0
39.1301479977556, 16.7587,39.3146628974937, 17.1452,10,16.67928,11,12.29289,-0.698094,184.663392,0,0,0,0
39.1474293977953, 14.8135,39.3300383971073, 15.1342,10,16.67839,11,11.20253,-0.228247,185.048608,0,0,0,0
39.1627606977709, 16.9503,39.3475948967971, 18.6842,10,16.67852,10,8.335405,-1.206929,185.383904,0,0,0,0
39.1797907971777, 16.9548,39.3639110964723, 16.5413,10,16.67865,11,10.19884,0.237067,187.119104,0,0,0,0
39.1989816972055, 17.2913,39.38062879676, 14.3729,10,16.67895,11,10.03534,-0.657897,186.706208,0,0,0,0
39.2138282968663, 17.1762,39.3983526960947, 19.5336,10,16.67918,10,8.906194,-0.565461,183.787392,0,0,0,0
39.2308205976151, 16.7649,39.4130267961882, 14.7556,10,16.67922,11,12.33815,0.4414,186.145696,0,0,0,0
39.2466589971446, 17.4416,39.4304778962396, 18.6064,10,16.67958,11,11.99133,-0.402468,184.137104,0,0,0,0
39.2637904970907, 18.9242,39.4460759959184, 12.5761,10,16.68064,11,11.24313,-0.272736,185.302096,0,0,0,0
39.2802015966736, 13.5412,39.4630321967416, 18.9256,10,16.67916,10,8.830197,0.266487,178.954208,0,0,0,0
39.2972382972948, 17.1543,39.4806550960056, 18.5393,10,16.67938,11,12.27776,-0.267381,184.322896,0,0,0,0
39.3146628974937, 16.4557,39.4961907961406, 12.8942,10,16.67928,11,10.3195,-0.958849,185.724096,0,0,0,0
39.3300383971073, 16.7255,39.5129806962796, 16.6295,10,16.6793,10,8.606968,-0.833305,182.159296,0,0,0,0
39.3475948967971, 15.0216,39.5304466956295, 19.3246,10,16.67852,10,12.05734,-0.430671,182.060608,0,0,0,0
39.3639110964723, 18.8179,39.5464026951231, 16.8649,10,16.67953,11,9.322613,-0.167037,186.372496,0,0,0,0
39.38062879676, 17.1133,39.5639164955355, 14.7364,10,16.67973,11,10.23998,-0.563761,184.4056,0,0,0,0
39.3983526960947, 14.4974,39.5795678948052, 15.5774,10,16.6787,10,11.88855,-0.839882,182.041408,0,0,0,0
39.4130267961882, 16.3186,39.5965126943775, 18.8069,10,16.67853,10,10.84361,-0.672303,183.123008,0,0,0,0
39.4304778962396, 18.598,39.6138234944083, 18.1049,10,16.67944,11,9.473271,-0.086931,185.612096,0,0,0,0
39.4460759959184, 17.5086,39.6301145949401, 14.7403,10,16.67983,11,12.19644,-0.202877,185.1196,0,0,0,0
39.4630321967416, 14.8012,39.6475864951499, 17.2278,10,16.67894,11,10.79666,0.085106,182.351392,0,0,0,0
39.4806550960056, 18.1883,39.6636127945967, 16.9812,10,16.67965,11,9.790182,-0.272403,184.778304,0,0,0,0
39.4961907961406, 18.3371,39.6806602948345, 18.5132,10,16.68043,11,12.4998,-1.201327,183.571808,0,0,0,0
39.5129806962796, 14.7625,39.6967916940339, 13.3813,10,16.67953,11,11.45153,0.096118,183.7484,0,0,0,0
39.5304466956295, 14.8579,39.7127952934243, 15.3703,10,16.67868,10,10.05708,0.313982,182.3672,0,0,0,0
39.5464026951231, 17.8817,39.730713094119, 18.0141,10,16.67924,10,10.02039,0.162625,182.869904,0,0,0,0
39.5639164955355, 17.5515,39.7471341942437, 18.7393,10,16.67965,10,8.892003,-0.739976,182.998896,0,0,0,0
39.5795678948052, 16.0344,39.7631623935886, 13.7033,10,16.67935,11,10.75253,0.484589,184.199904,0,0,0,0
39.5965126943775, 14.4211,39.7799302940257, 17.5139,10,16.67829,10,11.16018,0.400564,181.868896,0,0,0,0
39.6138234944083, 17.1944,39.7966877934523, 16.917,10,16.67853,11,8.484518,-0.344682,184.961408,0,0,0,0
39.6301145949401, 18.1817,39.8145056930371, 19.0615,10,16.67923,10,10.47668,0.624143,184.6852,0,0,0,0
39.6475864951499, 16.9864,39.8341061924584, 18.67,10,16.67938,11,10.71228,-0.767583,185.565792,0,0,0,0
39.6636127945967, 14.4602,39.8474153927527, 13.6081,10,16.67834,11,10.25171,-0.968909,187.240096,0,0,0,0
39.6806602948345, 18.949,39.864218392875, 17.2452,10,16.6794,11,8.212236,-0.343411,186.398,0,0,0,0
39.6967916940339, 17.2033,39.8802247936837, 15.8125,10,16.67965,11,10.04518,-1.232299,184.6944,0,0,0,0
39.7127952934243, 16.203,39.8965262933634, 17.8015,10,16.67942,11,10.35076,-0.242929,183.304,0,0,0,0
39.730713094119, 17.0324,39.9140091924928, 15.5606,10,16.67959,11,8.396083,-0.925791,184.893696,0,0,0,0
39.7471341942437, 14.8559,39.9298779922538, 15.6258,10,16.67874,10,12.57851,1.300847,183.430496,0,0,0,0
39.7631623935886, 17.6869,39.9477909929119, 18.7521,10,16.67921,11,12.58271,-0.650755,184.1872,0,0,0,0
39.7799302940257, 16.1217,39.9635554919951, 16.7887,10,16.67895,11,10.8082,-0.069501,185.2668,0,0,0,0
39.7966877934523, 17.0949,39.9799048914574, 13.4123,10,16.67914,11,10.49853,-0.765148,185.933792,0,0,0,0
39.8145056930371, 15.2227,39.9971924922429, 18.1874,10,16.67846,10,10.84909,-0.134195,182.250208,0,0,0,0
39.8341061924584, 18.7934,40.0144481915049, 17.0957,10,16.67945,11,12.31055,-1.063716,185.208096,0,0,0,0
39.8474153927527, 16.6955,40.0304769906215, 16.2707,10,16.67945,11,8.500255,-0.373277,183.518896,0,0,0,0
39.864218392875, 14.3667,40.0473797912709, 17.9126,10,16.67838,11,9.325301,-0.47276,183.092992,0,0,0,0
39.8802247936837, 16.7292,40.0647059916519, 17.9964,10,16.6784,11,10.85255,-0.114043,186.640896,0,0,0,0
39.8965262933634, 18.6812,40.0806574909948, 14.5913,10,16.67933,11,12.4924,-0.555202,187.908304,0,0,0,0
39.9140091924928, 17.1764,40.0967383901589, 15.0707,10,16.67957,10,9.941116,0.148826,183.796992,0,0,0,0
39.9298779922538, 15.6011,40.1146334907971, 18.6427,10,16.67906,10,10.47858,-0.399418,181.702496,0,0,0,0
39.9477909929119, 15.1777,40.1306669912301, 15.9121,10,16.67837,10,10.82176,0.254138,184.754592,0,0,0,0
39.9635554919951, 18.3655,40.1480418904684, 18.3451,10,16.67915,10,12.20824,-0.624025,185.476096,0,0,0,0
39.9799048914574, 16.9452,40.1638457900845, 16.5075,10,16.67927,11,10.8854,-0.633246,185.470096,0,0,0,0
39.9971924922429, 16.6091,40.1803329898976, 14.0902,10,16.67924,11,10.23927,0.937133,185.032992,0,0,0,0
40.0144481915049, 17.0226,40.1976877893321, 18.3064,10,16.6794,10,8.471118,-1.32348,182.501104,0,0,0,0
40.0304769906215, 16.2589,40.2141827899031, 17.1418,10,16.6792,11,12.04106,-0.114578,183.782304,0,0,0,0
40.0473797912709, 15.5196,40.2326297904365, 19.5135,10,16.67867,11,8.970925,-0.130482,184.6812,0,0,0,0
40.0647059916519, 18.1167,40.2479131906293, 13.5935,10,16.67933,11,9.169746,-0.56324,188.666208,0,0,0,0
40.0806574909948, 17.0902,40.2651927913539, 17.3952,10,16.67952,11,12.13217,-0.356608,184.116096,0,0,0,0
40.0967383901589, 16.223,40.2797200917266, 13.1167,10,16.67931,11,9.80258,-0.234984,184.450496,0,0,0,0
40.1146334907971, 17.4671,40.2979089911096, 19.6648,10,16.67968,10,10.85678,-0.940598,181.3512,0,0,0,0
40.1306669912301, 16.3467,40.3145969915204, 17.1824,10,16.67952,11,9.379282,0.090088,183.549104,0,0,0,0
40.1480418904684, 14.9031,40.3296006913297, 15.1399,10,16.6787,11,10.78834,-0.235606,184.369504,0,0,0,0
40.1638457900845, 18.7884,40.3481104909442, 19.3944,10,16.67968,11,11.34921,-0.0672,184.622896,0,0,0,0
40.1803329898976, 17.0941,40.3647380913608, 14.9296,10,16.67987,11,10.05918,0.068406,185.216192,0,0,0,0
40.1976877893321, 15.9325,40.382360491436, 17.3976,10,16.67952,11,8.941798,-0.382088,183.065296,0,0,0,0
40.2141827899031, 14.8754,40.3972037914209, 15.6779,10,16.67869,11,12.70901,0.035329,184.529696,0,0,0,0
40.2326297904365, 18.8144,40.4144981908612, 18.3485,10,16.67967,11,9.210506,-0.110168,185.3328,0,0,0,0
40.2479131906293, 15.9335,40.431555790361, 15.4257,10,16.67933,11,12.099,-0.790865,184.867296,0,0,0,0
40.2651927913539, 16.7557,40.448461191263, 16.8431,10,16.67937,11,11.77689,1.356434,184.3448,0,0,0,0
40.2797200917266, 16.9555,40.4653182919137, 17.6926,10,16.67949,11,9.630488,0.497541,184.436496,0,0,0,0
40.2979089911096, 16.8843,40.4822790916078, 17.8131,10,16.67959,11,9.544371,1.049325,185.1848,0,0,0,0
40.3145969915204, 15.0872,40.497496091295, 13.7933,10,16.67886,11,10.08617,-0.386479,186.114,0,0,0,0
40.3296006913297, 16.2604,40.5135543909855, 15.4083,10,16.67866,11,9.422065,-0.147183,184.8204,0,0,0,0
40.3481104909442, 17.7325,40.5322749917395, 19.1732,10,16.67915,10,9.538866,-0.106003,183.9684,0,0,0,0
40.3647380913608, 16.7458,40.5476379920729, 15.6802,10,16.67918,11,9.216059,-1.305423,185.396704,0,0,0,0
40.382360491436, 16.8767,40.5649318923242, 18.4897,10,16.67927,11,9.726975,-0.924506,184.333296,0,0,0,0
40.3972037914209, 14.7265,40.582272392232, 15.8652,10,16.67837,11,7.719679,-0.472792,185.949104,0,0,0,0
40.4144981908612, 17.9435,40.5976396924816, 14.0425,10,16.67895,11,11.92388,-0.333734,187.096608,0,0,0,0
40.431555790361, 17.3581,40.6157674933784, 19.52,10,16.67926,10,8.853803,1.530103,183.190592,0,0,0,0
40.448461191263, 16.0147,40.6314124925993, 15.912,10,16.67896,11,11.66762,0.149064,185.358096,0,0,0,0
40.4653182919137, 15.7453,40.6476606926881, 17.5538,10,16.67853,11,12.78641,0.315572,185.255392,0,0,0,0
40.4822790916078, 18.4754,40.6656855936162, 16.2948,10,16.67936,11,10.79959,-1.075895,187.064608,0,0,0,0
40.497496091295, 15.6125,40.6811642940156, 15.2367,10,16.67887,11,9.218234,-0.551398,184.857904,0,0,0,0
40.5135543909855, 16.7484,40.6981459944509, 17.2365,10,16.6789,11,11.1648,-0.007201,184.496,0,0,0,0
40.5322749917395, 17.2696,40.7146119936369, 15.2781,10,16.67917,11,8.073436,-0.395348,184.992608,0,0,0,0
40.5476379920729, 16.6319,40.7318554944359, 18.9912,10,16.67915,10,8.284128,0.554339,183.005504,0,0,0,0
40.5649318923242, 16.5379,40.7475323951803, 16.5997,10,16.67908,11,8.907695,-0.211737,185.365296,0,0,0,0
40.582272392232, 17.594,40.7641272949986, 14.0167,10,16.6795,11,9.899798,-0.684813,185.427296,0,0,0,0
40.5976396924816, 16.6133,40.781870895531, 18.8242,10,16.67947,10,12.2076,0.295693,181.850208,0,0,0,0
40.6157674933784, 16.6352,40.7981141950004, 16.166,10,16.67945,11,10.91635,-0.635763,184.0612,0,0,0,0
40.6314124925993, 17.3038,40.8144517946057, 16.9922,10,16.67973,11,10.20326,0.615081,183.592608,0,0,0,0
40.6476606926881, 15.4163,40.8315024948679, 17.8766,10,16.67916,11,8.263537,0.649714,183.281504,0,0,0,0
40.6656855936162, 17.7255,40.8484843946062, 15.3006,10,16.67963,11,11.98711,-0.573098,185.741504,0,0,0,0
40.6811642940156, 15.8695,40.8635118943639, 14.3152,10,16.67927,11,12.66261,-0.181014,183.306304,0,0,0,0
40.6981459944509, 16.7684,40.8819052935578, 19.7461,10,16.67931,10,8.762263,0.60507,181.752992,0,0,0,0
40.7146119936369, 17.7474,40.8980294936337, 17.5183,10,16.67979,11,12.47632,0.110474,184.741296,0,0,0,0
40.7318554944359, 14.7199,40.9149015941657, 15.0025,10,16.6789,11,10.53089,-0.559183,184.512992,0,0,0,0
40.7475323951803, 18.2681,40.930895593483, 16.1984,10,16.67962,11,9.304798,0.445402,184.795008,0,0,0,0
40.7641272949986, 16.3989,40.948369093705, 17.1882,10,16.6795,10,9.212614,0.131547,182.725504,0,0,0,0
40.781870895531, 16.5231,40.9640448936261, 16.2795,10,16.67942,11,11.77073,-0.072134,183.514896,0,0,0,0
40.7981141950004, 16.7965,40.9819452934898, 19.0606,10,16.67948,11,8.685226,0.347485,183.272,0,0,0,0
40.8144517946057, 13.7153,40.9982206937857, 15.2377,10,16.67813,11,10.58508,-0.861196,185.5364,0,0,0,0
40.8315024948679, 19.1872,41.0151113946922, 16.3213,10,16.67927,11,12.1898,0.016523,187.0584,0,0,0,0
40.8484843946062, 16.8297,41.0319686946459, 17.2857,10,16.67934,11,10.18455,-1.145307,184.1932,0,0,0,0
40.8635118943639, 16.497,41.0491747953929, 18.1387,10,16.67926,11,9.500934,0.631329,184.6496,0,0,0,0
40.8819052935578, 17.0726,41.0661280960776, 17.4317,10,16.67944,11,10.00791,-0.565403,186.282896,0,0,0,0
40.8980294936337, 15.8208,41.0818776958622, 14.4299,10,16.67905,11,11.4331,-0.627212,186.6508,0,0,0,0
40.9149015941657, 17.161,41.0988842961378, 17.4337,10,16.67926,11,9.087777,-0.029421,185.241104,0,0,0,0
40.930895593483, 16.7178,41.1144993961789, 15.7903,10,16.67928,11,9.937707,-0.070916,185.533296,0,0,0,0
40.948369093705, 16.2201,41.1318701957352, 18.6421,10,16.67908,11,10.97907,0.56072,184.5888,0,0,0,0
40.9640448936261, 16.5403,41.1480899960734, 14.4254,10,16.67901,11,9.849903,-0.365583,187.019008,0,0,0,0
40.9819452934898, 17.3418,41.1646976959892, 17.2007,10,16.67931,10,9.558212,-0.167221,184.9136,0,0,0,0
40.9982206937857, 16.9701,41.1820124951191, 17.0246,10,16.67944,11,11.04132,0.212141,184.759008,0,0,0,0
41.0151113946922, 15.9156,41.1993789956905, 17.6053,10,16.6791,11,10.41472,-0.013263,184.8112,0,0,0,0
41.0319686946459, 18.195,41.2158746966161, 16.6641,10,16.67978,11,10.57268,-0.792278,186.5076,0,0,0,0
41.0491747953929, 14.6118,41.2313335961662, 14.8154,10,16.67885,10,8.826983,-0.231393,184.9868,0,0,0,0
41.0661280960776, 18.0014,41.2475520963781, 14.5318,10,16.67945,9,9.222721,1.790256,185.1908,0,0,0,0
41.0818776958622, 17.1571,41.2647772966884, 19.8971,10,16.67966,8,11.95606,-0.889008,181.7216,0,0,0,0
41.0988842961378, 14.564,41.2828871975653, 16.9653,10,16.67871,11,9.486663,0.253935,184.452,0,0,0,0
41.1144993961789, 16.9099,41.298224797938, 15.4625,10,16.67881,11,8.890178,0.295406,186.863904,0,0,0,0
41.1318701957352, 18.2535,41.3148949970491, 16.6151,10,16.67952,11,12.45459,-0.750061,185.4164,0,0,0,0
41.1480899960734, 17.0466,41.3316755970009, 16.6788,10,16.67969,11,11.09084,0.110872,183.765104,0,0,0,0
41.1646976959892, 14.1182,41.3478613966145, 17.4122,10,16.67854,11,8.703308,0.441194,183.411808,0,0,0,0
41.1820124951191, 17.3069,41.3653983962722, 16.5122,10,16.67882,11,10.48277,-0.526912,186.704992,0,0,0,0
41.1993789956905, 16.6881,41.3820510958321, 16.288,10,16.67882,11,8.099794,-0.114518,185.910896,0,0,0,0
41.2475520963781, 57.0387,41.3982872967608, 16.2721,10,16.69691,11,10.30196,-1.171964,185.495392,0,0,0,0
41.2475520963781, 0.6344,41.4150750958361, 17.0651,8,16.68971,11,11.47813,-0.764902,144.744896,0,0,0,0
41.2475520963781, 2.3895,41.4320062962361, 18.497,9,16.68331,11,9.216306,-0.40854,161.1772,0,0,0,0
41.2647772966884, 7.7414,41.4481854964979, 13.4376,10,16.67931,11,7.822312,-0.495278,177.285296,0,0,0,0
41.2828871975653, 17.2811,41.4653952964582, 17.9532,10,16.67958,10,11.86972,-0.61801,182.980496,0,0,0,0
41.298224797938, 16.21,41.4819971960969, 16.6735,10,16.67937,11,11.84496,-0.111542,183.632304,0,0,0,0
41.3148949970491, 17.2149,41.4983986956067, 16.468,10,16.67961,11,10.8626,-0.774796,184.1164,0,0,0,0
41.3316755970009, 16.7855,41.5151635953225, 17.6343,10,16.67966,11,10.73234,-0.503788,183.369696,0,0,0,0
41.3478613966145, 16.852,41.5311663956381, 17.1677,10,16.67973,11,11.85248,0.753491,184.219008,0,0,0,0
41.3653983962722, 17.0497,41.5490086958744, 16.0604,10,16.6799,11,11.06441,-0.02673,184.524992,0,0,0,0
41.3820510958321, 15.7761,41.5661061950959, 16.8618,10,16.67949,11,12.58254,-0.482598,183.5348,0,0,0,0
41.3982872967608, 16.4284,41.5819201958366, 15.7786,10,16.67938,11,8.937696,-0.478148,184.632304,0,0,0,0
41.4150750958361, 16.6864,41.5975855966099, 16.5496,10,16.67938,11,10.37549,0.260293,183.966704,0,0,0,0
41.4320062962361, 16.6483,41.6150882975198, 18.092,10,16.67937,11,12.17821,0.272665,183.846208,0,0,0,0
41.4481854964979, 17.2575,41.6320766978897, 15.3174,10,16.67963,11,9.58723,-0.191615,185.264,0,0,0,0
41.4653952964582, 16.5485,41.6476751980372, 14.4363,10,16.67957,11,9.638598,-0.262901,183.350304,0,0,0,0
41.4819971960969, 16.3045,41.665097898338, 19.1079,10,16.6794,10,8.835148,-0.682546,181.227392,0,0,0,0
41.4983986956067, 16.6705,41.6827920977958, 18.9138,10,16.6794,11,10.48561,-0.43469,184.0416,0,0,0,0
41.5151635953225, 15.055,41.6988881980069, 14.2986,10,16.67868,11,10.18624,-0.444825,186.268608,0,0,0,0
41.5311663956381, 18.6819,41.714923298452, 15.2024,10,16.67957,11,9.740015,0.469494,185.5212,0,0,0,0
41.5490086958744, 16.2131,41.7319540982135, 18.812,10,16.67936,10,9.512201,0.372303,182.049792,0,0,0,0
41.5661061950959, 16.9744,41.7488367990591, 16.6693,10,16.67949,11,8.707546,0.691603,184.649104,0,0,0,0
41.5819201958366, 16.8451,41.76582129905, 17.0254,10,16.67956,11,9.86529,-0.287258,184.329504,0,0,0,0
41.5975855966099, 15.0126,41.7820999999531, 16.8637,10,16.67883,11,10.92033,-0.44207,184.524992,0,0,0,0
41.6150882975198, 15.9538,41.799110299442, 15.6142,10,16.6785,11,9.875506,-0.238632,186.3764,0,0,0,0
41.6320766978897, 18.2278,41.8146528997459, 14.4357,10,16.67919,11,7.921197,-0.931994,186.037408,0,0,0,0
41.6476751980372, 17.2663,41.8318399996497, 17.0998,10,16.67945,10,10.2831,-0.650522,182.210592,0,0,0,0
41.665097898338, 14.4908,41.8492519003339, 17.9705,10,16.67848,10,9.844858,0.240491,182.078208,0,0,0,0
41.6827920977958, 18.1936,41.8661109008826, 18.1752,10,16.67915,11,10.17407,-0.796403,185.559392,0,0,0,0
41.6988881980069, 16.744,41.881801801268, 16.178,10,16.67918,11,9.223832,-0.605297,185.541104,0,0,0,0
41.714923298452, 17.2992,41.8996641007252, 16.4566,10,16.67945,11,11.91529,0.381286,184.975008,0,0,0,0
41.7319540982135, 16.9015,41.9163125013001, 16.3582,10,16.67955,11,12.62562,-0.560019,184.132704,0,0,0,0
41.7488367990591, 14.3136,41.9316652012058, 14.883,10,16.67851,11,9.676109,-0.612991,183.570496,0,0,0,0
41.76582129905, 16.7498,41.9498353009112, 19.211,10,16.67854,10,7.687703,-0.072863,184.159104,0,0,0,0
41.7820999999531, 18.071,41.9646180006675, 16.2989,10,16.67915,11,10.8068,-0.558616,186.620608,0,0,0,0
41.799110299442, 17.2341,41.9819954014383, 15.6867,10,16.6794,11,10.00901,-0.888121,184.827008,0,0,0,0
41.8146528997459, 16.7689,41.9989450010471, 17.2856,10,16.67944,10,7.822219,-0.333426,183.300304,0,0,0,0
41.8318399996497, 16.6335,42.0149842011742, 14.7467,10,16.67942,11,10.66979,-0.042831,183.818704,0,0,0,0
41.8492519003339, 16.0572,42.0320132016204, 18.0905,10,16.67914,10,12.07376,0.87247,181.932304,0,0,0,0
41.8661109008826, 15.1824,42.0489049009047, 18.4347,10,16.67848,10,9.500616,-0.104209,183.965296,0,0,0,0
41.881801801268, 18.3777,42.0664488016628, 15.9097,10,16.67923,11,9.302321,-0.691913,187.217792,0,0,0,0
41.8996641007252, 16.7528,42.0819326019846, 15.3748,10,16.67926,11,12.18753,0.534358,184.7496,0,0,0,0
41.9163125013001, 16.6056,42.0989796011709, 17.3837,10,16.67923,11,10.01313,-0.222002,183.372896,0,0,0,0
41.9316652012058, 16.6076,42.1153262010776, 16.4308,10,16.6792,11,7.88203,-1.096054,184.150592,0,0,0,0
41.9498353009112, 17.4229,42.1330616003834, 18.92,10,16.67953,10,9.780009,-1.129739,183.973904,0,0,0,0
41.9646180006675, 16.059,42.1489472012036, 13.4984,10,16.67925,11,9.775713,-0.529924,185.471696,0,0,0,0
41.9819954014383, 16.8722,42.1648141010664, 15.936,10,16.67934,10,9.082442,-1.052651,182.902208,0,0,0,0
41.9989450010471, 16.7137,42.1818633018993, 16.8928,10,16.67936,10,9.665402,0.292657,181.976,0,0,0,0
42.0149842011742, 16.8114,42.1986383027397, 16.6967,10,16.67941,10,9.726254,0.602967,182.154496,0,0,0,0
42.0320132016204, 16.5904,42.2157631027512, 19.8504,10,16.67937,10,9.419339,-1.356659,182.040608,0,0,0,0
42.0489049009047, 16.5776,42.2323113023303, 14.7513,10,16.67933,11,12.46512,-0.988885,185.3012,0,0,0,0
42.0664488016628, 16.5058,42.2494544028305, 16.9597,10,16.67925,11,8.989251,-0.758944,183.461792,0,0,0,0
42.0819326019846, 16.2137,42.2660375027917, 16.5032,10,16.67905,11,10.53094,-0.141021,183.928896,0,0,0,0
42.0989796011709, 17.4092,42.2832234031521, 17.3814,10,16.67937,11,8.814933,0.07842,184.218592,0,0,0,0
42.1153262010776, 17.0798,42.298588403035, 16.8741,10,16.67954,11,9.936159,0.752661,184.177296,0,0,0,0
42.1330616003834, 15.9731,42.3158726026304, 15.7461,10,16.67924,11,13.39668,0.078628,183.986096,0,0,0,0
42.1489472012036, 17.3438,42.3332506031729, 18.5825,10,16.67953,11,12.86364,-1.092007,183.7588,0,0,0,0
42.1648141010664, 16.1406,42.3496031039394, 15.5291,10,16.67929,11,10.69682,0.727655,184.998096,0,0,0,0
42.1818633018993, 17.082,42.3661225032993, 17.2778,10,16.67947,11,9.25048,-0.033869,184.3816,0,0,0,0
42.1986383027397, 16.6382,42.3819144037552, 15.8311,10,16.67945,11,11.03024,-1.160312,184.583296,0,0,0,0
42.2157631027512, 15.8079,42.3993777041323, 18.2498,10,16.67907,11,9.333972,-0.543423,183.776096,0,0,0,0
42.2323113023303, 17.1052,42.4156700042076, 13.6591,10,16.67925,11,9.540407,-0.361509,186.218896,0,0,0,0
42.2494544028305, 17.1056,42.4330107034184, 18.1813,10,16.67944,10,10.08864,-0.111583,182.772496,0,0,0,0
42.2660375027917, 16.1382,42.4491023034789, 16.1146,10,16.6792,11,9.888269,-0.465911,183.848304,0,0,0,0
42.2832234031521, 16.8038,42.4655966036953, 17.2925,10,16.67926,11,9.962312,-0.097539,183.812304,0,0,0,0
42.298588403035, 14.6388,42.4821357042529, 17.6619,10,16.67837,11,9.849523,-0.202332,184.313696,0,0,0,0
42.3158726026304, 18.4486,42.4997047041543, 15.8906,10,16.67914,11,10.45201,-0.774445,187.337408,0,0,0,0
42.3332506031729, 17.0363,42.5167507049628, 16.6856,10,16.67929,10,9.171483,-0.492358,184.768608,0,0,0,0
42.3496031039394, 16.8308,42.5330483042635, 16.6314,10,16.67936,11,10.81991,-1.002259,184.4292,0,0,0,0
42.3661225032993, 14.8517,42.5488322046585, 16.2972,10,16.67857,11,12.23464,-0.50836,184.2304,0,0,0,0
42.3819144037552, 17.1926,42.5658030048944, 18.2938,10,16.67879,11,10.24403,-0.410311,185.6756,0,0,0,0
42.3993777041323, 16.103,42.5832054042257, 15.3337,10,16.67854,11,9.574345,-1.37926,186.778,0,0,0,0
42.4156700042076, 18.6349,42.5986139043234, 14.4873,10,16.67939,11,12.38246,-0.960009,186.008992,0,0,0,0
42.4330107034184, 16.5649,42.6164776044898, 17.9616,10,16.67934,10,10.94126,-0.221665,181.861792,0,0,0,0
42.4491023034789, 16.5809,42.6334467041306, 19.1138,10,16.6793,10,11.95516,-0.303876,183.258704,0,0,0,0
42.4655966036953, 15.4968,42.6508031035773, 16.1943,10,16.67878,11,11.47641,0.511034,185.792,0,0,0,0
42.4821357042529, 18.3577,42.6668786029331, 15.7459,10,16.67951,11,9.74286,-0.668,186.489104,0,0,0,0
42.4997047041543, 17.1481,42.6832802030258, 16.3443,10,16.67971,11,13.31701,0.040516,183.877792,0,0,0,0
42.5167507049628, 16.5552,42.6991916033439, 15.2667,10,16.67966,10,12.88076,-1.256368,183.0744,0,0,0,0
42.5330483042635, 16.6361,42.7161471038125, 19.4625,10,16.67964,10,11.46788,-0.411699,181.785296,0,0,0,0
42.5488322046585, 14.7485,42.7331927041523, 14.4199,10,16.67881,11,12.25827,-0.335772,184.612704,0,0,0,0
42.5658030048944, 19.1457,42.7490087035112, 17.5174,10,16.67987,11,9.8357,-0.480322,184.284496,0,0,0,0
42.5832054042257, 16.0019,42.7657979032956, 15.4492,10,16.67958,10,9.671584,0.0331,182.645904,0,0,0,0
42.5986139043234, 17.3125,42.7839352036826, 20.0762,10,16.67985,10,11.91227,-1.450078,182.087008,0,0,0,0
42.6164776044898, 16.6925,42.7989081037231, 15.0914,10,16.67986,11,13.2606,-0.453559,184.868304,0,0,0,0
42.6334467041306, 15.713,42.8162696030922, 15.0593,10,16.67944,11,12.35617,0.687432,183.246,0,0,0,0
42.6508031035773, 17.441,42.8324323021807, 17.1808,10,16.67977,10,9.798422,-0.528319,182.613104,0,0,0,0
42.6668786029331, 16.3769,42.8523445022292, 20.417,10,16.67964,10,12.3049,0.093819,182.354,0,0,0,0
42.6832802030258, 16.5702,42.8654718021862, 13.5846,10,16.67959,11,11.89728,-0.072225,186.383808,0,0,0,0
42.6991916033439, 16.8405,42.884945502039, 18.4467,10,16.67966,11,13.38316,-0.503458,183.409104,0,0,0,0
42.7161471038125, 16.2163,42.9005609019659, 15.5537,10,16.67946,11,10.76607,0.288327,185.015504,0,0,0,0
42.7331927041523, 15.8907,42.9183630025946, 17.6472,10,16.67912,11,9.467319,1.636974,184.337904,0,0,0,0
42.7490087035112, 17.5993,42.933290802408, 15.7989,10,16.67952,11,10.69198,-0.618588,186.109408,0,0,0,0
42.7657979032956, 17.4868,42.9497621026821, 17.6308,10,16.67987,11,9.040125,-1.298663,184.301792,0,0,0,0
42.7839352036826, 14.5862,42.967778401915, 16.2864,10,16.67896,11,10.58486,-0.030638,184.4544,0,0,0,0
42.7989081037231, 17.6558,42.9831930021755, 15.1678,10,16.67938,11,11.42877,-0.218376,186.154096,0,0,0,0
42.8162696030922, 17.3637,43.000199703034, 18.2698,10,16.67968,10,10.03713,0.604295,183.666592,0,0,0,0
42.8324323021807, 15.9047,43.0161400022916, 16.7102,10,16.67935,11,8.582788,0.091541,184.572992,0,0,0,0
42.8523445022292, 16.4915,43.0331024019979, 15.489,10,16.67927,11,9.872463,-0.442496,185.378896,0,0,0,0
42.8654718021862, 15.3461,43.050436201971, 16.7213,10,16.67869,11,13.00474,0.01292,184.376704,0,0,0,0
42.884945502039, 18.4211,43.0669324020855, 17.6061,10,16.67944,11,10.92048,0.266549,185.752192,0,0,0,0
42.9005609019659, 17.4912,43.0833457014523, 17.0995,10,16.67979,11,11.1207,-0.111145,184.936608,0,0,0,0
42.9183630025946, 16.4276,43.1003692015074, 15.8326,10,16.67968,11,9.194559,-1.009276,184.530304,0,0,0,0
42.933290802408, 14.8932,43.1177221010439, 17.1808,10,16.67892,11,8.483096,-0.741693,183.951504,0,0,0,0
42.9497621026821, 17.7986,43.1331538013183, 15.2633,10,16.6794,11,10.95088,-0.13851,186.239296,0,0,0,0
42.967778401915, 17.1266,43.1492849006318, 16.1344,10,16.67959,11,10.55685,-0.055652,183.690704,0,0,0,0
42.9831930021755, 16.6758,43.1659333012067, 18.3486,10,16.67958,11,9.862245,0.547668,182.6988,0,0,0,0
43.000199703034, 15.1772,43.1825799006037, 14.0212,10,16.67894,11,9.845976,-0.783726,184.385296,0,0,0,0
43.0161400022916, 17.8212,43.1999713997357, 18.6539,10,16.67943,10,9.938593,-0.470249,183.228192,0,0,0,0
43.0331024019979, 16.4343,43.21616769908, 15.6806,10,16.67933,11,12.18571,0.296097,184.062896,0,0,0,0
43.050436201971, 16.3343,43.2333463984542, 17.4031,10,16.67918,11,10.66525,0.219652,183.309104,0,0,0,0
43.0669324020855, 15.6803,43.250222699251, 17.4516,10,16.67875,11,10.80583,0.459472,184.378304,0,0,0,0
43.0833457014523, 17.7918,43.2671670983545, 17.0511,10,16.67923,11,9.429126,-0.355649,186.149792,0,0,0,0
43.1003692015074, 16.9474,43.2831532987766, 16.6758,10,16.67934,11,10.77925,0.050569,185.4096,0,0,0,0
43.1177221010439, 16.4969,43.2995429984294, 14.1125,10,16.67926,11,10.1919,-0.146213,185.137904,0,0,0,0
43.1331538013183, 16.634,43.3177465978079, 19.1065,10,16.67924,10,9.224848,0.163528,182.754,0,0,0,0
43.1492849006318, 16.588,43.3326921979897, 13.8252,10,16.67921,11,10.24003,0.905244,185.2268,0,0,0,0
43.1659333012067, 15.1418,43.3495396985672, 17.9751,10,16.67855,10,10.25255,-0.371534,182.464496,0,0,0,0
43.1825799006037, 18.78,43.3665769989602, 18.0708,10,16.67945,10,10.22263,0.506366,185.297792,0,0,0,0
43.1999713997357, 16.2453,43.3831122997217, 16.9087,10,16.67926,11,10.74261,0.141249,184.589408,0,0,0,0
43.21616769908, 16.6601,43.3998502991162, 15.4551,10,16.67925,11,9.121772,0.184022,185.2412,0,0,0,0
43.2333463984542, 17.3704,43.4163610986434, 15.3992,10,16.67955,11,10.11086,1.218495,184.048496,0,0,0,0
43.250222699251, 15.4042,43.4346325988881, 19.1682,10,16.679,10,9.642734,-0.782208,182.077296,0,0,0,0
43.2671670983545, 16.2939,43.4501738990657, 16.4416,10,16.67884,11,11.18813,-0.043641,185.841408,0,0,0,0
43.2831532987766, 18.7208,43.467509099748, 17.3694,10,16.67971,11,9.186351,-1.109378,185.989504,0,0,0,0
43.2995429984294, 16.5385,43.4840402002446, 16.3183,10,16.67965,11,9.326278,-0.788615,184.6384,0,0,0,0
43.3177465978079, 16.6642,43.4998771003447, 16.1695,10,16.67964,11,11.63301,0.111442,184.419008,0,0,0,0
43.3326921979897, 16.1132,43.5184145006351, 18.6535,10,16.6794,11,8.779608,-1.035611,183.924304,0,0,0,0
43.3495396985672, 16.6433,43.533927700948, 13.9923,10,16.67939,11,10.70414,-0.899664,186.464704,0,0,0,0
43.3665769989602, 14.6421,43.5504474001937, 16.6123,10,16.67852,11,8.776778,-0.151696,183.813904,0,0,0,0
43.3831122997217, 17.0825,43.5668252999894, 16.3293,10,16.67869,11,12.88081,-0.850272,185.783904,0,0,0,0
43.3998502991162, 18.1238,43.5845357007347, 17.7882,10,16.67931,11,10.63706,-0.017712,185.030896,0,0,0,0
43.4163610986434, 16.9569,43.6021252009086, 19.1129,10,16.67942,11,8.772211,-1.044452,184.684992,0,0,0,0
43.4346325988881, 16.4966,43.618209100794, 13.6432,10,16.67935,10,12.56206,-0.780301,186.852,0,0,0,0
43.4501738990657, 17.2383,43.6342303003184, 17.182,10,16.67958,10,12.6134,-0.15679,183.998592,0,0,0,0
43.467509099748, 14.5962,43.6521260007285, 18.1112,10,16.6787,11,9.967672,-0.69822,183.932096,0,0,0,0
43.4840402002446, 16.316,43.6667903005145, 13.329,10,16.67855,11,9.784212,0.225346,187.458208,0,0,0,0
43.4998771003447, 16.4647,43.684282799717, 19.3308,10,16.67846,10,11.72845,-0.424632,184.471808,0,0,0,0
43.5184145006351, 19.0599,43.6997449998744, 15.7614,10,16.67946,11,12.8283,-0.048072,187.338096,0,0,0,0
43.533927700948, 15.7425,43.7167980005033, 17.1836,10,16.67907,11,10.70229,-0.635973,184.0396,0,0,0,0
43.5504474001937, 17.3761,43.7344801002182, 17.8908,10,16.67936,11,9.27772,-1.231574,185.4812,0,0,0,0
43.5668252999894, 16.3317,43.7507914998569, 15.9324,10,16.67921,11,11.21745,-0.01572,185.995904,0,0,0,0
43.5845357007347, 17.971,43.7671424006112, 14.2538,10,16.67976,11,10.67063,-0.297544,185.586096,0,0,0,0
43.6021252009086, 20.0276,43.7830940005369, 18.2523,10,16.68117,10,10.36927,-0.929681,181.876192,0,0,0,0
43.618209100794, 14.1699,43.8000944000669, 17.7852,10,16.68011,11,8.537073,-0.840918,180.1052,0,0,0,0
43.6342303003184, 15.814,43.8173392997123, 15.4431,10,16.67975,11,11.83597,-0.758966,183.720896,0,0,0,0
43.6521260007285, 16.9633,43.8339538001455, 15.3617,10,16.67987,11,13.14802,0.380286,183.350304,0,0,0,0
43.6667903005145, 16.962,43.8502344996668, 17.9819,10,16.67999,10,11.80524,1.422923,181.7488,0,0,0,0
43.684282799717, 14.4954,43.8665189989842, 14.4679,10,16.67907,9,9.751381,-0.279525,182.769296,0,0,0,0
43.6997449998744, 16.8268,43.8832752988674, 18.3181,10,16.67913,8,12.72822,0.00652,182.741696,0,0,0,0
43.7167980005033, 15.8696,43.9007881996222, 17.0014,10,16.67879,11,11.89177,-0.66436,184.2336,0,0,0,0
43.7344801002182, 17.4803,43.9175307997502, 16.7921,10,16.67913,11,11.65471,-1.041563,185.365792,0,0,0,0
43.7507914998569, 17.7979,43.9345075995661, 16.8364,10,16.6796,11,9.274277,-0.246497,184.677408,0,0,0,0
43.7671424006112, 18.2066,43.9501899988391, 16.3825,10,16.68024,11,7.276925,-1.052162,183.702496,0,0,0,0
43.7830940005369, 12.5339,43.9672077992, 17.3864,10,16.6785,11,10.35538,0.187474,181.892608,0,0,0,0
43.8000944000669, 16.2042,43.9839283996262, 17.3362,10,16.6783,11,9.79006,-0.714193,186.745408,0,0,0,0
43.8173392997123, 19.0351,44.0005600997247, 15.6339,10,16.67929,11,10.65536,-1.051043,187.877504,0,0,0,0
43.8665189989842, 58.5698,44.0178176988848, 16.8262,10,16.69683,11,9.534297,-0.446893,184.476992,0,0,0,0
43.8665189989842, 0.6564,44.0342626986094, 16.211,8,16.69011,11,10.65236,0.114966,142.7328,0,0,0,0
43.8832752988674, 1.8884,44.0510045983829, 16.9225,9,16.68392,11,11.70883,-0.529134,158.2888,0,0,0,0
43.8832752988674, 3.9471,44.0676241987385, 18.4717,9,16.67859,11,9.635993,-0.346439,173.323008,0,0,0,0
43.9007881996222, 18.0412,44.0846548979171, 15.2966,10,16.67916,11,9.528843,0.342893,187.846208,0,0,0,0
43.9175307997502, 16.755,44.1010606982745, 16.2752,10,16.6792,11,12.79669,-0.394441,185.092096,0,0,0,0
43.9345075995661, 16.7278,44.1166290980764, 15.5555,10,16.67922,11,11.28323,-0.979875,184.623392,0,0,0,0
43.9501899988391, 17.0616,44.1339171980508, 17.6008,10,16.67937,11,10.87143,0.246501,183.451008,0,0,0,0
43.9672077992, 14.1828,44.1501752980985, 17.1025,10,16.67833,11,11.28334,-0.425912,183.991104,0,0,0,0
43.9839283996262, 18.234,44.1679063984193, 19.2036,10,16.67898,11,10.05021,0.280212,186.910704,0,0,0,0
44.0005600997247, 17.7709,44.1838258975185, 13.937,10,16.67944,11,8.732741,-0.600491,187.865904,0,0,0,0
44.0178176988848, 16.2566,44.2019350980408, 17.7212,10,16.67926,11,10.82218,-0.799067,184.045904,0,0,0,0
44.0342626986094, 15.8785,44.2175383982249, 14.9858,10,16.67893,11,12.4322,-0.128543,185.511504,0,0,0,0
44.0510045983829, 17.508,44.2342052985914, 17.3316,10,16.67927,10,10.47041,-0.309966,184.600496,0,0,0,0
44.0676241987385, 16.7548,44.2510151979513, 17.1724,10,16.6793,11,11.23789,1.438242,184.443696,0,0,0,0
44.0846548979171, 16.816,44.2677679979242, 17.4292,10,16.67936,11,9.574991,0.046467,184.837904,0,0,0,0
44.1010606982745, 16.3403,44.2844138988294, 14.1585,10,16.67922,11,9.748067,0.651535,185.474896,0,0,0,0
44.1166290980764, 16.4219,44.3005630993284, 16.1674,10,16.67911,10,12.33874,-1.501132,183.293408,0,0,0,0
44.1339171980508, 16.5956,44.3175554000773, 19.0542,10,16.67908,9,10.71207,-0.003999,183.038896,0,0,0,0
44.1501752980985, 15.0153,44.335154900793, 17.492,10,16.67839,8,10.24876,0.016413,185.497696,0,0,0,0
44.1679063984193, 18.2872,44.3518557013012, 18.2831,10,16.67905,11,7.415933,-1.656243,187.9748,0,0,0,0
44.1838258975185, 17.7126,44.3671825011261, 12.2479,10,16.67948,11,10.50276,0.029993,187.971008,0,0,0,0
44.2019350980408, 15.8544,44.386357600335, 19.7725,10,16.67914,10,9.782332,0.130445,182.5068,0,0,0,0
44.2175383982249, 20.0129,44.4009910007007, 15.0185,10,16.68052,11,13.3352,1.072467,186.4248,0,0,0,0
44.2342052985914, 13.1437,44.4175140005536, 16.5382,10,16.67906,11,10.36549,-0.796702,181.430896,0,0,0,0
44.2510151979513, 15.6389,44.4339919001795, 17.868,10,16.67863,11,9.865043,-0.166976,184.825408,0,0,0,0
44.2677679979242, 16.6857,44.4519500010647, 16.9294,10,16.67863,11,11.40371,0.22907,187.054704,0,0,0,0
44.3175554000773, 56.3836,44.468168000225, 15.6201,10,16.69507,11,8.690555,0.449605,187.298592,0,0,0,0
44.3175554000773, 2.3053,44.4843341005035, 16.0831,8,16.68912,11,10.44013,0.616045,146.535504,0,0,0,0
44.3175554000773, 1.8611,44.4996405006386, 14.9086,9,16.68298,11,9.723002,0.891912,160.314496,0,0,0,0
44.335154900793, 8.2239,44.5174285010435, 18.6173,10,16.67948,10,10.72528,-0.561943,173.363008,0,0,0,0
44.3518557013012, 14.8816,44.534343500156, 17.8321,10,16.67874,11,9.05123,-1.22651,183.721792,0,0,0,0
44.3671825011261, 19.1194,44.5506308996119, 16.1261,10,16.67975,11,10.31019,0.845691,186.706496,0,0,0,0
44.386357600335, 15.7794,44.5678715989925, 18.0903,10,16.67937,11,10.14655,-0.465378,183.713904,0,0,0,0
44.4009910007007, 16.4015,44.5839322996326, 13.3463,10,16.67926,11,9.135588,0.075875,186.024608,0,0,0,0
44.4175140005536, 17.5102,44.6019095000811, 19.1922,10,16.6796,10,8.002243,0.801692,182.944608,0,0,0,0
44.4339919001795, 14.2589,44.6172766997479, 16.1294,10,16.6786,11,10.88181,-0.507208,184.643392,0,0,0,0
44.4519500010647, 18.6471,44.6361328992061, 19.6753,10,16.67942,11,12.15801,0.938492,186.5228,0,0,0,0
44.468168000225, 16.2905,44.6509610996582, 13.6599,10,16.67926,11,9.665878,-0.093658,187.5516,0,0,0,0
44.4843341005035, 16.7048,44.668279599864, 16.6617,10,16.67927,11,10.66673,-0.515192,184.919904,0,0,0,0
44.4996405006386, 17.4427,44.6861331001855, 18.5696,10,16.67958,11,8.857408,0.818049,184.878304,0,0,0,0
44.5174285010435, 15.9353,44.7019682009704, 15.8751,10,16.67928,11,9.672108,-0.370986,186.005792,0,0,0,0
44.534343500156, 15.0201,44.7181103010662, 17.011,10,16.67859,11,12.31251,-0.087053,185.945408,0,0,0,0
44.5506308996119, 17.1909,44.7339944005944, 14.3139,10,16.6788,11,9.470758,-0.29886,187.934704,0,0,0,0
44.5678715989925, 18.4273,44.7519592014141, 17.9429,10,16.67952,11,10.24019,0.301133,185.059808,0,0,0,0
44.5839322996326, 17.377,44.7670335010625, 15.8273,10,16.67981,11,9.364951,-0.718469,184.575808,0,0,0,0
44.6019095000811, 15.4323,44.784099301789, 17.7763,10,16.6793,11,9.752086,-0.803793,183.026208,0,0,0,0
44.6172766997479, 15.5514,44.8008962017484, 17.4905,10,16.67883,10,11.19465,0.326283,185.370496,0,0,0,0
44.6361328992061, 19.1436,44.8169389017858, 13.1956,10,16.67985,11,10.63696,-0.158342,187.309296,0,0,0,0
44.6509610996582, 16.5714,44.8348715011962, 18.685,10,16.6798,10,12.04247,-0.51532,181.347008,0,0,0,0
44.668279599864, 16.3797,44.850459700916, 16.337,10,16.67968,11,9.730069,-0.139955,183.4488,0,0,0,0
44.6861331001855, 15.348,44.8684935015626, 19.3165,10,16.67913,11,9.809493,0.179173,183.433408,0,0,0,0
44.7019682009704, 15.8022,44.8858919017948, 15.1952,10,16.67877,11,12.47452,-1.462167,187.391904,0,0,0,0
44.7181103010662, 18.3883,44.9020171021111, 16.1966,10,16.67947,11,10.32814,0.233693,186.795808,0,0,0,0
44.7339944005944, 15.8917,44.917092402, 13.5305,10,16.67915,11,10.84342,-0.316042,184.604304,0,0,0,0
44.7519592014141, 17.5668,44.9349538017996, 19.6037,10,16.67951,10,10.53195,-0.128289,182.235808,0,0,0,0
44.7670335010625, 14.9149,44.9524216023274, 17.7983,10,16.67879,11,9.334627,-0.811254,184.280304,0,0,0,0
44.784099301789, 20.3916,44.9681554031558, 15.9041,10,16.68031,11,10.71367,-0.028536,187.163904,0,0,0,0
44.8008962017484, 15.07,44.9839863036759, 16.6709,10,16.67965,11,13.07651,-1.019111,182.676608,0,0,0,0
44.8169389017858, 16.7862,45.0019506034441, 17.0009,10,16.67969,11,10.01404,0.194377,184.262704,0,0,0,0
44.8348715011962, 16.2923,45.0182912037708, 15.7433,10,16.67954,11,9.174689,-0.206534,184.493296,0,0,0,0
44.850459700916, 15.1745,45.0353602045216, 18.061,10,16.67892,11,10.85375,-0.003576,183.9424,0,0,0,0
44.8684935015626, 18.2623,45.0521282036789, 17.6115,10,16.67957,11,11.33444,0.116226,186.8304,0,0,0,0
44.8858919017948, 16.3366,45.0690682032146, 15.1388,10,16.67943,11,10.82601,0.670045,186.1576,0,0,0,0
44.9020171021111, 16.742,45.0836139027961, 13.233,10,16.67945,11,11.22632,0.953695,184.976096,0,0,0,0
44.917092402, 17.9448,45.1017570034601, 19.7542,10,16.67997,10,8.841934,0.04665,181.4636,0,0,0,0
44.9349538017996, 16.0797,45.1179160033353, 16.5259,10,16.67973,11,10.28448,0.37549,183.2848,0,0,0,0
44.9524216023274, 14.5361,45.1346950032748, 17.6429,10,16.67885,11,10.64647,-0.702019,183.7244,0,0,0,0
44.9681554031558, 16.4564,45.1529193040915, 16.3558,10,16.67876,11,10.04066,-0.018432,186.829696,0,0,0,0
44.9839863036759, 18.9349,45.1682647042908, 15.283,10,16.67968,11,8.582305,-0.476452,186.737696,0,0,0,0
45.0019506034441, 16.2464,45.1852128044702, 17.7067,10,16.6795,11,7.82245,-0.557072,183.075104,0,0,0,0
45.0182912037708, 16.4976,45.2007671040483, 16.0621,10,16.67943,11,10.08021,0.066293,184.528992,0,0,0,0
45.0353602045216, 14.8466,45.217905104626, 17.6095,10,16.67868,11,9.326019,0.767176,184.091296,0,0,0,0
45.0521282036789, 18.5375,45.2360041053034, 16.4982,10,16.67944,11,10.21413,0.583255,186.874208,0,0,0,0
45.0690682032146, 16.3831,45.2509868056513, 13.9179,10,16.67932,11,8.252152,-0.658866,184.819904,0,0,0,0
45.0836139027961, 16.4954,45.2679073051549, 17.9735,10,16.67924,10,10.50667,-1.117487,182.363296,0,0,0,0
45.1017570034601, 14.8203,45.28504270548, 18.0704,10,16.67849,11,9.985207,-0.530808,183.848704,0,0,0,0
45.1179160033353, 16.2304,45.3021881063469, 17.4109,10,16.67831,11,9.639724,0.904883,187.099008,0,0,0,0
45.1346950032748, 19.229,45.3182651069947, 14.9408,10,16.67934,11,8.715345,-0.460495,188.280304,0,0,0,0
45.1529193040915, 17.0801,45.3339056060649, 17.0655,10,16.6795,11,8.727066,-0.474263,183.9768,0,0,0,0
45.1682647042908, 16.0446,45.350869806949, 14.3055,10,16.67925,11,10.59079,-0.36167,183.978,0,0,0,0
45.1852128044702, 15.2397,45.3681278065778, 18.345,10,16.67867,10,12.74601,-0.878725,182.238208,0,0,0,0
45.2007671040483, 16.9165,45.3851662059315, 17.7493,10,16.67876,11,9.524917,-0.011956,185.344608,0,0,0,0
45.217905104626, 18.63,45.4019318060018, 17.7569,10,16.67955,11,9.238595,-0.042553,186.177504,0,0,0,0
45.2360041053034, 15.748,45.4192537055351, 15.3896,10,16.67917,11,10.45426,-0.461046,185.290304,0,0,0,0
45.2509868056513, 17.1117,45.4348882050253, 15.8435,10,16.67935,11,10.52037,-0.371627,184.946704,0,0,0,0
45.2679073051549, 16.6443,45.4517149054445, 15.833,10,16.67933,11,10.52112,-0.114611,183.679008,0,0,0,0
45.28504270548, 15.4369,45.4692057059146, 19.5319,10,16.67883,10,9.790256,-0.617782,182.867392,0,0,0,0
45.3021881063469, 15.9565,45.4844563058577, 16.0915,10,16.67854,11,9.946453,-0.088353,186.9628,0,0,0,0
45.3182651069947, 19.0216,45.5009451056831, 13.6851,10,16.67949,11,10.34895,-0.157923,187.0976,0,0,0,0
45.3339056060649, 16.5637,45.5179339065216, 17.9982,10,16.67944,10,10.75673,-0.464226,181.755296,0,0,0,0
45.350869806949, 17.1407,45.53499780735, 17.2591,10,16.67963,11,10.37071,-0.355325,183.181696,0,0,0,0
45.3681278065778, 15.9758,45.5508005074225, 16.2384,10,16.67934,11,8.552782,-1.046202,183.315696,0,0,0,0
45.3851662059315, 14.9778,45.5685933078639, 18.7479,10,16.67866,11,10.72325,0.121131,183.578496,0,0,0,0
45.4019318060018, 16.1156,45.5852726078592, 14.7993,10,16.67843,11,10.52422,0.531571,187.3488,0,0,0,0
45.4192537055351, 18.7654,45.6027324083261, 17.5268,10,16.67927,11,10.53003,-0.33642,186.032704,0,0,0,0
45.4348882050253, 16.7841,45.6189814074896, 16.9016,10,16.67931,11,10.74483,-1.368984,184.794,0,0,0,0
45.4517149054445, 17.6154,45.6355284075253, 16.8547,10,16.67969,11,9.795602,-0.519809,184.912192,0,0,0,0
45.4692057059146, 14.2318,45.6518255076371, 16.2478,10,16.6787,11,9.308569,-0.200712,184.1516,0,0,0,0
45.4844563058577, 16.0771,45.6693245074712, 17.8623,10,16.67846,11,9.925529,-1.269802,186.168,0,0,0,0
45.5009451056831, 18.7934,45.6849079071544, 15.8828,10,16.67931,11,9.74532,-0.547392,187.953408,0,0,0,0
45.5179339065216, 16.4273,45.7018558080308, 15.5794,10,16.67921,11,10.64728,0.483827,185.043296,0,0,0,0
45.53499780735, 16.5974,45.7192269074731, 17.3198,10,16.67918,11,10.77661,-0.102624,184.1956,0,0,0,0
45.5508005074225, 14.6643,45.735246708151, 16.7636,10,16.67837,11,9.363212,-0.747904,184.917904,0,0,0,0
45.5685933078639, 16.4797,45.7520100078546, 17.2547,10,16.67829,11,10.7264,-0.407084,187.0132,0,0,0,0
45.5852726078592, 19.114,45.7688489085995, 17.0398,10,16.67927,11,12.97109,-0.254837,187.7928,0,0,0,0
45.6027324083261, 16.6358,45.7852042089216, 14.2388,10,16.67925,11,10.54007,0.092756,185.708192,0,0,0,0
45.6189814074896, 17.346,45.8015763084404, 18.8869,10,16.67952,10,8.306824,-0.329283,183.323008,0,0,0,0
45.6355284075253, 14.4618,45.8185568093322, 14.371,10,16.67863,9,10.687,0.041264,184.852704,0,0,0,0
45.6518255076371, 16.5096,45.8348033088259, 17.861,10,16.67856,8,12.16748,-1.107434,184.7732,0,0,0,0
45.6693245074712, 17.3238,45.8526823087595, 18.8319,10,16.67882,11,10.02954,-0.510932,186.124896,0,0,0,0
45.6849079071544, 16.6574,45.8693260080181, 15.2171,10,16.67881,11,10.04064,0.16333,187.633408,0,0,0,0
45.7018558080308, 18.0085,45.8856519083492, 15.8211,10,16.67934,11,9.692583,0.351287,186.178,0,0,0,0
45.7192269074731, 16.4822,45.902063108515, 17.3253,10,16.67926,11,9.510936,-0.636497,184.006208,0,0,0,0
45.735246708151, 14.949,45.9202352087013, 18.4648,10,16.67857,11,10.57703,0.559671,184.849104,0,0,0,0
45.7520100078546, 16.6297,45.9354515089653, 15.9829,10,16.67855,11,12.82703,0.512407,188.365408,0,0,0,0
45.7688489085995, 18.0736,45.9522115080617, 15.1164,10,16.67911,11,12.40407,-0.846625,187.718592,0,0,0,0
45.8185568093322, 56.6474,45.9688996071927, 16.6628,10,16.69506,11,11.11041,0.633843,184.762208,0,0,0,0
45.8185568093322, 0.5079,45.9856049078517, 17.4222,8,16.6886,11,9.613197,-1.280184,144.777696,0,0,0,0
45.8185568093322, 1.6563,46.0032110079192, 19.8617,9,16.68261,11,10.11603,-0.543639,161.6932,0,0,0,0
45.8348033088259, 6.7328,46.0189650072716, 14.1568,10,16.67864,11,10.33969,-0.290894,179.898896,0,0,0,0
45.8526823087595, 18.3139,46.0371638066135, 17.0943,10,16.67929,11,10.66142,-0.925649,187.322208,0,0,0,0
45.8693260080181, 17.4176,46.0519729065709, 14.3904,10,16.67959,11,12.46036,-0.580504,186.087296,0,0,0,0
45.8856519083492, 16.1805,46.0704395058565, 19.2383,10,16.67939,10,9.926884,-0.360017,183.075808,0,0,0,0
45.902063108515, 14.7508,46.0852690055035, 15.0208,10,16.67862,11,10.30844,0.487854,186.133296,0,0,0,0
45.9202352087013, 17.872,46.102164005395, 16.7141,10,16.6791,11,11.30059,-0.703899,186.403696,0,0,0,0
45.9354515089653, 17.6177,46.1189923058264, 16.9062,10,16.67947,11,10.69255,-0.335348,185.246208,0,0,0,0
45.9522115080617, 16.995,46.13559840573, 16.4941,10,16.6796,11,12.6321,-0.662217,184.535104,0,0,0,0
45.9688996071927, 16.2548,46.1533563057892, 18.7157,10,16.67943,11,11.21762,0.392814,184.034704,0,0,0,0
45.9856049078517, 14.7565,46.1692731059156, 14.2509,10,16.67866,11,9.455846,-0.414921,186.495504,0,0,0,0
46.0032110079192, 17.2018,46.1851050066762, 15.7277,10,16.67887,11,10.2323,-1.213656,185.989408,0,0,0,0
46.0189650072716, 17.4119,46.202129106503, 17.8776,10,16.67916,11,11.53735,-0.867681,184.516496,0,0,0,0
46.0371638066135, 17.5127,46.2185772056691, 16.6185,10,16.67949,11,10.83362,-0.759171,184.966304,0,0,0,0
46.0519729065709, 16.8449,46.2374733048491, 19.383,10,16.67956,11,11.08009,-0.314137,184.066592,0,0,0,0
46.0704395058565, 15.4157,46.2517862045206, 12.943,10,16.67906,11,8.842621,-0.371404,186.626896,0,0,0,0
46.0852690055035, 16.1718,46.2696537044831, 18.258,10,16.67886,10,10.97046,0.044543,184.154592,0,0,0,0
46.102164005395, 16.1874,46.2853396036662, 16.0116,10,16.67866,11,12.77118,-0.040296,186.240704,0,0,0,0
46.1189923058264, 16.9423,46.3024104037322, 16.3727,10,16.67876,11,12.53397,0.456801,186.064896,0,0,0,0
46.13559840573, 17.631,46.3192098033614, 17.6364,10,16.67914,11,12.54154,-0.853057,185.4964,0,0,0,0
46.1533563057892, 17.5964,46.3351980042644, 16.9074,10,16.6795,11,9.368004,-0.248826,185.501904,0,0,0,0
46.1692731059156, 15.4846,46.352142103482, 15.3431,10,16.67903,11,11.29676,0.419634,184.798496,0,0,0,0
46.1851050066762, 17.2365,46.3695553042926, 17.1874,10,16.67925,11,11.0162,0.045239,184.657104,0,0,0,0
46.202129106503, 15.0264,46.3855701037683, 15.6533,10,16.6786,11,11.1929,-0.124022,184.622304,0,0,0,0
46.2185772056691, 16.7414,46.4031282034703, 18.2552,10,16.67862,11,10.48886,-0.973288,185.250496,0,0,0,0
46.2374733048491, 18.9989,46.4201263026334, 16.4991,10,16.67954,11,10.29533,-0.241578,186.764304,0,0,0,0
46.2517862045206, 16.1428,46.4357964028604, 16.513,10,16.67933,11,11.22947,-0.667417,184.25,0,0,0,0
46.2696537044831, 16.7065,46.4533498031087, 17.8093,10,16.67934,11,9.327061,0.039844,184.627504,0,0,0,0
46.2853396036662, 14.6821,46.4700589035638, 17.4553,10,16.67855,11,10.47552,-0.545095,185.738208,0,0,0,0
46.3024104037322, 18.6623,46.4864095044322, 15.198,10,16.67933,11,9.877388,-0.729792,188.511904,0,0,0,0
46.3192098033614, 14.7436,46.502170404885, 14.5047,10,16.67857,11,10.72788,-0.857776,185.036704,0,0,0,0
46.3351980042644, 16.7512,46.5201373049058, 17.7934,10,16.6786,10,9.155817,0.024112,184.807904,0,0,0,0
46.352142103482, 18.9127,46.5367635046132, 16.6342,10,16.67948,10,12.17796,0.388597,185.851008,0,0,0,0
46.3695553042926, 16.2062,46.5533723053522, 18.1513,10,16.67929,10,10.67519,0.016036,183.566704,0,0,0,0
46.3855701037683, 16.1588,46.5685500050895, 15.2449,10,16.67909,11,11.24089,-0.797406,185.507504,0,0,0,0
46.4031282034703, 16.9901,46.5863946056925, 18.8008,10,16.67921,11,10.62898,-0.606512,184.596,0,0,0,0
46.4201263026334, 16.3924,46.6022628056817, 14.1022,10,16.6791,11,9.648288,0.124215,186.401408,0,0,0,0
46.4357964028604, 15.4614,46.6196220065467, 17.4213,10,16.67862,11,10.4367,-1.151665,184.1264,0,0,0,0
46.4533498031087, 17.0008,46.6355705070309, 16.8664,10,16.67875,11,10.43046,0.042455,186.086304,0,0,0,0
46.4700589035638, 18.1717,46.6532255071215, 17.6787,10,16.67933,11,10.48121,0.331901,185.9528,0,0,0,0
46.4864095044322, 16.9724,46.6690094075166, 16.6544,10,16.67945,11,10.86461,0.993559,185.444608,0,0,0,0
46.502170404885, 17.1141,46.6863483074121, 15.7276,10,16.67962,11,9.245585,0.334289,185.142096,0,0,0,0
46.5201373049058, 18.2084,46.7033515064977, 16.7304,10,16.68022,11,10.59766,0.107449,183.755904,0,0,0,0
46.5367635046132, 17.2732,46.7200829065405, 17.5602,10,16.68045,11,12.78845,-0.647691,182.278496,0,0,0,0
46.5533723053522, 15.1729,46.7363803065382, 16.7367,10,16.67986,11,11.5104,-0.385083,182.5624,0,0,0,0
46.5685500050895, 15.6305,46.7537154066376, 18.0399,10,16.67945,11,9.076841,0.009355,184.130592,0,0,0,0
46.5863946056925, 16.3073,46.7701299074106, 14.6635,10,16.6793,11,9.562511,-0.933867,186.539808,0,0,0,0
46.6022628056817, 16.7506,46.786965908017, 16.5569,10,16.67933,11,10.49725,-0.780285,184.882,0,0,0,0
46.6196220065467, 16.6558,46.8036769083701, 17.4822,10,16.67932,11,10.83349,0.686797,184.701408,0,0,0,0
46.6355705070309, 14.853,46.8199764075689, 16.774,10,16.67861,11,12.24768,-1.017668,185.529904,0,0,0,0
46.6532255071215, 16.9011,46.8356465077959, 16.5137,10,16.67869,11,9.465545,-0.350353,187.451104,0,0,0,0
46.6690094075166, 18.0819,46.8533152076416, 15.9066,10,16.67924,11,11.72867,-0.833638,187.064608,0,0,0,0
46.6863483074121, 16.4603,46.8695752075873, 15.9779,10,16.67916,11,10.88638,2.375683,184.852704,0,0,0,0
46.7033515064977, 16.8866,46.8880711081438, 19.2163,10,16.67924,10,12.1213,-1.158383,184.407104,0,0,0,0
46.7200829065405, 15.1958,46.9027056084014, 15.2424,10,16.67866,11,8.722868,-0.092977,186.7368,0,0,0,0
46.7363803065382, 16.594,46.9191562091, 16.4917,10,16.67863,11,10.31185,0.572782,186.783808,0,0,0,0
46.7537154066376, 18.7176,46.9363846094348, 14.915,10,16.67942,11,11.93394,1.737493,186.681504,0,0,0,0
46.7701299074106, 16.5228,46.9517980092205, 15.3221,10,16.67936,10,11.43292,-0.104688,182.879696,0,0,0,0
46.786965908017, 16.2272,46.9707200084813, 20.6463,10,16.67918,10,7.696683,-0.292204,181.6448,0,0,0,0
46.8036769083701, 15.4666,46.986032308545, 15.7596,10,16.67871,11,10.79068,1.048201,186.098896,0,0,0,0
46.8199764075689, 16.7263,47.0031236088835, 17.8741,10,16.67873,11,9.023818,-0.241286,186.3924,0,0,0,0
46.8356465077959, 19.0108,47.0223097088747, 17.722,10,16.67964,11,10.15081,0.108927,187.540496,0,0,0,0
46.8533152076416, 17.0218,47.0371561092325, 14.2044,10,16.67977,11,9.177988,-0.632515,186.2524,0,0,0,0
46.8695752075873, 16.0833,47.0538629093207, 17.869,10,16.67954,11,10.0652,-0.370946,183.435296,0,0,0,0
46.8880711081438, 15.6049,47.0702340085991, 16.4564,10,16.67912,11,9.116999,0.298028,185.220992,0,0,0,0
46.9027056084014, 15.4797,47.0867561087944, 17.0745,10,16.67865,11,9.509986,0.106949,186.072896,0,0,0,0
46.9191562091, 19.1869,47.1038426090963, 15.665,10,16.67963,11,11.02237,-0.147103,187.6676,0,0,0,0
46.9363846094348, 17.1995,47.1195502099581, 15.3737,10,16.67983,11,9.431315,0.19847,184.1348,0,0,0,0
46.9517980092205, 15.7593,47.1362004098482, 17.4872,10,16.67947,11,9.396346,0.854828,182.3076,0,0,0,0
46.9707200084813, 14.8446,47.1530672092922, 17.594,10,16.67876,11,10.58757,-0.372636,184.048896,0,0,0,0
46.986032308545, 16.2705,47.1703123101033, 17.3533,10,16.6786,11,10.55195,-0.939481,186.798096,0,0,0,0
47.0031236088835, 18.3492,47.1874668099917, 16.3534,10,16.67925,11,9.625203,-0.974087,187.8816,0,0,0,0
47.0223097088747, 17.2237,47.203258509282, 15.5881,10,16.67946,11,9.20593,-1.022138,185.884304,0,0,0,0
47.0371561092325, 16.413,47.2197105088271, 16.8799,10,16.67936,11,10.05317,-0.301089,184.233904,0,0,0,0
47.0538629093207, 15.3364,47.2368593090214, 17.6299,10,16.67884,11,9.552536,-0.76005,184.7184,0,0,0,0
47.0702340085991, 16.2856,47.2537577082403, 17.1746,10,16.67869,11,10.96878,-0.297203,187.011904,0,0,0,0
47.0867561087944, 18.5644,47.2698199083097, 13.533,10,16.67942,11,11.51459,-0.074549,187.9012,0,0,0,0
47.1038426090963, 16.7822,47.2866101083346, 17.6911,10,16.67945,10,9.846038,0.197547,182.869904,0,0,0,0
47.1195502099581, 16.4756,47.3034426090308, 17.603,10,16.67938,11,12.48989,-0.485194,183.779296,0,0,0,0
47.1362004098482, 14.918,47.3199279089458, 17.3713,10,16.6787,11,10.52985,-0.812802,184.9072,0,0,0,0
47.1530672092922, 16.5187,47.3382594087161, 16.9043,10,16.67863,11,11.5207,0.71319,187.3604,0,0,0,0
47.1703123101033, 18.0135,47.3545829080977, 16.3871,10,16.67915,11,10.80845,-1.086551,187.746704,0,0,0,0
47.1874668099917, 17.7309,47.3704337072559, 16.3156,10,16.67956,11,10.03685,-0.856192,186.1208,0,0,0,0
47.203258509282, 15.4571,47.3863557078876, 16.2066,10,16.67908,11,9.664494,-0.497993,184.705696,0,0,0,0
47.2197105088271, 15.788,47.4037170079537, 17.7057,10,16.67874,11,9.669502,-0.643216,185.454592,0,0,0,0
47.2368593090214, 16.3967,47.4197346088476, 13.661,10,16.67863,11,12.23871,-0.57451,187.372496,0,0,0,0
47.2537577082403, 18.5,47.4369316087104, 18.4558,10,16.67933,10,9.810951,-0.744016,184.637408,0,0,0,0
47.2698199083097, 17.3398,47.4532490079291, 16.7799,10,16.67959,11,12.66909,0.844978,184.562592,0,0,0,0
47.2866101083346, 16.0778,47.4723386080004, 19.3669,10,16.67936,11,11.34809,-0.311968,184.033904,0,0,0,0
47.3034426090308, 15.1077,47.4873418076895, 15.4814,10,16.67875,11,9.974616,0.36025,187.322704,0,0,0,0
47.3199279089458, 18.432,47.5028539081104, 12.9315,10,16.67943,11,9.75281,0.207648,187.697296,0,0,0,0
47.3382594087161, 16.8947,47.5207655080594, 20.6528,10,16.67951,11,10.97712,-0.6752,182.1744,0,0,0,0
47.3545829080977, 16.643,47.5360327078961, 12.5087,10,16.67949,11,11.27892,1.223542,185.94,0,0,0,0
47.3704337072559, 14.4539,47.5532252076082, 17.8037,10,16.67864,10,9.769168,0.120779,181.820608,0,0,0,0
47.3863557078876, 16.459,47.5697600073181, 17.1443,10,16.67855,11,10.00195,-0.062789,185.171392,0,0,0,0
47.4037170079537, 18.4562,47.5875397077762, 17.9992,10,16.67924,11,9.313052,-0.365051,185.857408,0,0,0,0
47.4197346088476, 17.7006,47.6039430084638, 16.6827,10,16.67963,11,9.6795,0.660634,185.384496,0,0,0,0
47.4369316087104, 16.1932,47.6240477091633, 19.1801,10,16.67944,11,10.19046,1.563374,184.3832,0,0,0,0
47.4532490079291, 14.7551,47.6370316087268, 13.0997,10,16.6787,11,8.216221,0.976114,187.3696,0,0,0,0
47.4723386080004, 18.5348,47.6533721084706, 16.3785,10,16.67942,11,10.90309,0.271144,185.714208,0,0,0,0
47.4873418076895, 15.9841,47.6703216093592, 16.9129,10,16.67915,11,10.97145,1.498496,183.558304,0,0,0,0
47.5028539081104, 15.1182,47.6874824087135, 17.5685,10,16.67855,11,11.32267,-0.536171,184.488192,0,0,0,0
47.5207655080594, 18.7142,47.704385209363, 16.5535,10,16.67933,11,10.21613,0.270462,186.930096,0,0,0,0
47.5360327078961, 17.7333,47.72014331026, 15.8693,10,16.67974,11,7.781286,-0.933506,184.762704,0,0,0,0
47.5532252076082, 15.0611,47.7368302098475, 16.9823,10,16.67912,11,10.82376,-0.573636,182.914704,0,0,0,0
47.5697600073181, 17.4783,47.7530608098023, 15.857,10,16.67942,11,10.321,0.424174,184.835904,0,0,0,0
47.5875397077762, 16.6631,47.7708916100673, 18.8157,10,16.67941,10,8.890071,0.051748,183.2024,0,0,0,0
47.6039430084638, 14.7811,47.7870844095014, 16.3617,10,16.67869,11,12.24354,-0.275248,185.367808,0,0,0,0
47.6240477091633, 19.092,47.8029273091815, 16.2979,10,16.67961,11,9.599406,-1.004044,186.948608,0,0,0,0
47.6370316087268, 15.5193,47.8205305091105, 15.0874,10,16.67917,11,10.51864,-0.635242,184.154896,0,0,0,0
47.6533721084706, 16.8849,47.8371922089718, 16.5078,10,16.67925,10,10.01403,-0.126641,183.7232,0,0,0,0
47.6703216093592, 16.3268,47.854584609624, 18.1511,10,16.67911,9,8.805352,-0.150127,183.346592,0,0,0,0
47.6874824087135, 17.4498,47.870834609028, 16.8535,10,16.67941,8,9.551748,-0.550013,185.170896,0,0,0,0
47.704385209363, 16.1165,47.8871164093725, 16.0867,10,16.67919,11,11.97954,-0.945199,184.5752,0,0,0,0
47.72014331026, 17.4628,47.9040534100495, 17.6246,10,16.67949,11,10.40614,-1.326185,184.545504,0,0,0,0
47.7368302098475, 16.345,47.9201948097907, 14.3074,10,16.67936,11,9.299041,-0.025479,184.707696,0,0,0,0
47.7530608098023, 16.6553,47.93730601063, 18.3743,10,16.67935,10,10.53593,0.037157,182.668304,0,0,0,0
47.7708916100673, 15.0259,47.9543067100458, 17.6969,10,16.67872,11,11.85361,0.286562,184.389792,0,0,0,0
47.7870844095014, 16.409,47.9703491101973, 17.4508,10,16.67862,11,10.5511,-0.695154,187.0608,0,0,0,0
47.8029273091815, 18.8721,47.9872172097676, 15.169,10,16.67946,11,12.75998,-0.348529,188.093792,0,0,0,0
47.854584609624, 56.0047,48.0040323096327, 16.7756,10,16.69443,11,11.12718,-0.336762,184.385696,0,0,0,0
47.854584609624, 2.3797,48.021232209634, 16.7215,8,16.68898,11,10.80444,-0.366344,145.171296,0,0,0,0
47.854584609624, 0.8524,48.0372466105036, 16.8074,9,16.68295,11,10.69124,0.200618,159.514304,0,0,0,0
47.870834609028, 7.6291,48.0536245102994, 16.3697,10,16.67951,11,10.53705,-0.017043,175.468704,0,0,0,0
47.8871164093725, 16.4117,48.0717607098632, 17.226,10,16.67941,11,10.83483,0.027929,184.209504,0,0,0,0
47.9040534100495, 16.43,48.0870056101121, 14.6721,10,16.67932,11,10.12646,-0.036744,185.023504,0,0,0,0
47.9201948097907, 18.5371,48.103316210676, 16.2408,10,16.68002,10,9.471544,0.317752,183.266096,0,0,0,0
47.93730601063, 15.5848,48.1219618101604, 20.2728,10,16.67961,10,10.51668,0.052591,180.970592,0,0,0,0
47.9543067100458, 14.3032,48.1373906102963, 15.388,10,16.6787,11,10.37084,-1.054229,185.658304,0,0,0,0
47.9703491101973, 18.5429,48.1541071110405, 18.2148,10,16.67941,11,10.84087,-0.447342,186.743904,0,0,0,0
47.9872172097676, 17.0623,48.1717568119057, 15.7885,10,16.67956,11,10.56814,-0.876821,186.400608,0,0,0,0
48.0040323096327, 16.8474,48.1868819114752, 15.3955,10,16.67962,11,8.806048,0.206192,185.122208,0,0,0,0
48.021232209634, 16.5704,48.2040709112771, 17.7141,10,16.67958,11,10.18951,-0.552263,183.6908,0,0,0,0
48.0372466105036, 14.5482,48.2201146115549, 15.9988,10,16.67877,11,10.59513,0.848353,184.822592,0,0,0,0
48.0536245102994, 17.1204,48.2369081121869, 17.6719,10,16.67894,11,11.71854,-0.218889,186.285904,0,0,0,0
48.0717607098632, 18.2655,48.2541978121735, 15.5012,10,16.67954,11,10.79902,-0.194431,186.8376,0,0,0,0
48.0870056101121, 17.2687,48.27209491143, 17.5215,10,16.67976,11,10.37381,-0.099389,184.073904,0,0,0,0
48.103316210676, 16.5907,48.2869462114759, 14.9563,10,16.67973,11,7.847763,-0.035316,184.3268,0,0,0,0
48.1219618101604, 14.7772,48.3039831114002, 17.3344,10,16.67901,11,10.59455,-0.068546,182.686,0,0,0,0
48.1373906102963, 16.3853,48.3199739106931, 17.9826,10,16.6789,11,9.553689,-0.592676,185.250208,0,0,0,0
48.1541071110405, 18.7118,48.3372730114497, 15.1839,10,16.67967,11,11.26153,-0.269706,186.847904,0,0,0,0
48.1717568119057, 17.3328,48.3552389112301, 17.9689,10,16.67991,11,10.60999,0.650064,183.304496,0,0,0,0
48.1868819114752, 16.0387,48.3714002114721, 16.098,10,16.67967,11,10.11772,0.612782,183.955504,0,0,0,0
48.2040709112771, 14.9984,48.3882244122215, 16.7477,10,16.67904,11,9.361546,-0.702757,184.015296,0,0,0,0
48.2201146115549, 15.9664,48.4041225113906, 16.1703,10,16.67877,11,11.89118,1.799704,185.764896,0,0,0,0
48.2369081121869, 18.7237,48.4220148106106, 18.6716,10,16.67954,11,12.40061,-0.250071,185.9696,0,0,0,0
48.2541978121735, 16.5924,48.4372596102767, 15.3609,10,16.6795,11,10.02524,-0.407032,185.9024,0,0,0,0
48.27209491143, 16.74,48.4543638094328, 18.438,10,16.67953,11,9.214718,-0.647036,184.673408,0,0,0,0
48.2869462114759, 16.1944,48.4709211098962, 14.3737,10,16.67934,11,7.607057,0.661659,186.384704,0,0,0,0
48.3039831114002, 16.5207,48.4878678093664, 16.7708,10,16.67929,11,12.0483,0.193942,184.545904,0,0,0,0
48.3199739106931, 15.0605,48.5039839087985, 17.1265,10,16.67868,11,8.688071,-0.290814,184.814496,0,0,0,0
48.3372730114497, 18.6875,48.5203258092515, 13.7614,10,16.67943,10,10.61123,-1.673081,186.880608,0,0,0,0
48.3552389112301, 16.6342,48.5371155100875, 16.9129,10,16.67941,9,10.73254,-0.568348,181.955008,0,0,0,0
48.3714002114721, 16.5189,48.5537377106957, 18.2223,10,16.67936,8,9.565141,-0.345223,182.233408,0,0,0,0
48.3882244122215, 16.6965,48.571792410221, 18.2139,10,16.67936,11,9.261958,-0.737215,183.9224,0,0,0,0
48.4041225113906, 16.7383,48.5872237100266, 15.66,10,16.67938,11,10.37541,-0.171418,185.438496,0,0,0,0
48.4220148106106, 15.6016,48.6040241098963, 17.1788,10,16.67898,11,10.96578,-0.79174,184.3772,0,0,0,0
48.4372596102767, 15.8677,48.62193050934, 18.2958,10,16.67867,11,12.74515,0.460738,185.954496,0,0,0,0
48.4543638094328, 18.5911,48.6382519095205, 14.8434,10,16.67939,11,10.80462,-0.811458,188.383296,0,0,0,0
48.4709211098962, 16.8245,48.6538470094092, 14.1883,10,16.67945,11,9.651315,1.365809,184.618208,0,0,0,0
48.4878678093664, 16.7819,48.6717446097173, 20.0825,10,16.67949,10,10.20502,-0.486836,181.999808,0,0,0,0
48.5371155100875, 55.073,48.68808900984, 16.467,10,16.69387,11,8.79464,0.151864,185.300304,0,0,0,0
48.5371155100875, 1.5171,48.7048277095892, 17.2459,8,16.68819,11,12.13196,1.332887,146.6888,0,0,0,0
48.5371155100875, 0.491,48.7217019093223, 15.3896,9,16.68212,11,9.616358,0.490356,162.424896,0,0,0,0
48.5537377106957, 9.6157,48.7380262096412, 16.1577,10,16.67948,11,10.16659,-0.062116,177.323904,0,0,0,0
48.571792410221, 16.7125,48.7539253090508, 16.8168,10,16.67949,10,7.170736,-0.849088,183.865296,0,0,0,0
48.5872237100266, 14.9056,48.7718293094076, 18.2381,10,16.67883,11,10.19214,0.414863,183.969696,0,0,0,0
48.6040241098963, 16.7016,48.7880596094765, 16.6216,10,16.67883,11,10.20991,-1.17635,187.224608,0,0,0,0
48.62193050934, 18.0886,48.8048608102836, 14.3627,10,16.67936,11,8.320944,-0.845041,187.2232,0,0,0,0
48.6382519095205, 17.0144,48.8220844105817, 17.8534,10,16.67949,10,9.125316,-0.662832,183.497296,0,0,0,0
48.6538470094092, 16.8741,48.8383761108853, 17.3727,10,16.67956,10,8.793088,-1.292483,184.3244,0,0,0,0
48.6717446097173, 14.8454,48.8542733103968, 16.1362,10,16.67887,11,11.15824,-0.036934,184.835504,0,0,0,0
48.68808900984, 16.7652,48.8719686106779, 18.2042,10,16.67891,11,9.89585,-1.12657,186.126,0,0,0,0
48.7048277095892, 18.135,48.8891962100752, 15.5862,10,16.67945,11,10.74884,0.210608,187.565408,0,0,0,0
48.7217019093223, 17.4122,48.904246810358, 15.1856,10,16.67972,11,9.650632,0.91974,185.001408,0,0,0,0
48.7380262096412, 16.4452,48.9217329095118, 17.5185,10,16.67963,11,8.840483,0.365412,182.7912,0,0,0,0
48.7539253090508, 14.688,48.9380133091472, 16.5559,10,16.67889,11,12.32703,-1.225242,183.851008,0,0,0,0
48.7718293094076, 16.6406,48.9540314092301, 16.474,10,16.67888,11,10.32007,-0.042896,185.732,0,0,0,0
48.7880596094765, 19.2847,48.970909809228, 17.0584,10,16.67985,11,10.66239,0.720879,185.5664,0,0,0,0
48.8048608102836, 17.3427,48.9879918093793, 17.0995,10,16.6801,11,8.02526,-0.197573,183.340192,0,0,0,0
48.8220844105817, 16.0575,49.0050815097056, 17.912,10,16.67986,11,9.512188,-1.085434,183.097104,0,0,0,0
48.8383761108853, 14.7155,49.0209830100648, 14.5533,10,16.67913,11,9.995142,0.253087,184.951808,0,0,0,0
48.8542733103968, 16.6933,49.0379713098519, 16.3109,10,16.67914,11,13.1503,-0.098416,184.7896,0,0,0,0
48.8719686106779, 15.6157,49.0549811101519, 17.4222,10,16.67874,10,10.16372,0.270155,184.4076,0,0,0,0
48.8891962100752, 18.7289,49.0717597096227, 16.9262,10,16.6795,11,9.102173,0.328471,186.214208,0,0,0,0
48.904246810358, 16.2041,49.0879411096685, 16.5735,10,16.67933,11,9.876534,0.609632,184.406208,0,0,0,0
48.9217329095118, 17.074,49.1047310098074, 16.8915,10,16.67948,11,9.881013,-1.499587,184.781792,0,0,0,0
48.9380133091472, 17.1396,49.1235881089233, 17.2941,10,16.67965,11,9.564416,-0.038606,184.599392,0,0,0,0
48.9540314092301, 14.4202,49.139645808842, 17.7526,10,16.67881,11,10.50144,-0.559496,184.732096,0,0,0,0
48.970909809228, 16.4377,49.1552428086288, 15.5506,10,16.67872,11,9.118529,-0.456004,188.087104,0,0,0,0
48.9879918093793, 16.474,49.1738342088647, 17.8141,10,16.67864,11,8.187468,1.092254,187.199696,0,0,0,0
49.0050815097056, 17.8824,49.187933109235, 12.8646,10,16.67909,11,9.728187,-0.237251,188.540304,0,0,0,0
49.0209830100648, 17.5359,49.2051769099198, 18.0006,10,16.67941,10,13.17801,0.029201,183.5232,0,0,0,0
49.0379713098519, 16.9995,49.2217500093393, 16.7971,10,16.67953,11,10.0988,-1.097664,183.985792,0,0,0,0
49.0549811101519, 16.1835,49.2377391098998, 14.9498,10,16.67934,11,10.2517,-0.655325,183.785792,0,0,0,0
49.0717597096227, 17.0926,49.2549456092529, 18.2033,10,16.67949,10,9.289446,0.788225,182.552096,0,0,0,0
49.0879411096685, 14.7475,49.271729608532, 16.8141,10,16.67878,11,9.613251,-0.911149,183.663696,0,0,0,0
49.1047310098074, 16.3349,49.2878503086977, 16.3976,10,16.67865,11,11.0102,-0.684223,185.729792,0,0,0,0
49.1235881089233, 16.6912,49.3047758094035, 17.3731,10,16.67866,11,9.983064,-0.226857,185.792608,0,0,0,0
49.139645808842, 18.6405,49.3207822102122, 16.0126,10,16.67938,11,10.59972,0.201411,186.474496,0,0,0,0
49.1552428086288, 14.9028,49.3387410095893, 19.2148,10,16.67872,11,9.670575,-0.35013,183.847696,0,0,0,0
49.1738342088647, 18.0058,49.3548918101005, 14.383,10,16.67921,11,9.850849,-1.416517,188.160304,0,0,0,0
49.187933109235, 17.8304,49.3717616102658, 16.7687,10,16.67964,11,12.61442,-1.042457,184.5372,0,0,0,0
49.2051769099198, 16.2124,49.3894672109745, 18.6565,10,16.67947,11,11.30896,-0.539397,183.476096,0,0,0,0
49.2217500093393, 16.9954,49.404015711043, 14.7921,10,16.67958,11,9.928289,-0.186739,185.921104,0,0,0,0
49.2377391098998, 16.5432,49.4220289108343, 17.6357,10,16.67953,11,9.19453,-0.085495,183.718096,0,0,0,0
49.2549456092529, 16.4617,49.440958710853, 17.26,10,16.67945,11,10.92652,0.559076,184.810704,0,0,0,0
49.271729608532, 16.548,49.4572250102647, 18.7398,10,16.67941,11,10.55116,-0.497994,185.609104,0,0,0,0
49.2878503086977, 16.6316,49.4718543100171, 14.746,10,16.67939,11,12.928,-0.343106,187.765296,0,0,0,0
49.3047758094035, 15.0494,49.4891425105743, 15.9345,10,16.67879,11,11.26094,0.458282,185.916304,0,0,0,0
49.3207822102122, 16.9003,49.505752210971, 16.3498,10,16.67887,11,10.19079,-0.961922,186.800992,0,0,0,0
49.3387410095893, 18.0764,49.5230302116834, 17.7184,10,16.67938,11,9.112924,-1.146684,186.251296,0,0,0,0
49.3548918101005, 17.2191,49.5387786119245, 16.1637,10,16.67958,11,10.40249,-0.848846,185.8764,0,0,0,0
49.3717616102658, 16.2588,49.554591211956, 15.575,10,16.67943,11,11.23891,-0.451957,184.817408,0,0,0,0
49.3894672109745, 15.665,49.5705811115913, 15.8859,10,16.67905,11,12.08762,-1.349935,184.152096,0,0,0,0
49.404015711043, 15.9258,49.5895269117318, 18.036,10,16.67878,11,9.230822,-0.226204,184.367392,0,0,0,0
49.4220289108343, 17.0845,49.6061264122836, 16.996,10,16.67893,11,9.813184,-0.229094,186.486304,0,0,0,0
49.440958710853, 17.857,49.6223368118517, 15.8339,10,16.67936,11,12.81565,0.599739,186.397792,0,0,0,0
49.4572250102647, 17.3023,49.6380152120255, 15.0486,10,16.67959,11,11.49566,0.12589,184.3672,0,0,0,0
49.4718543100171, 16.1462,49.6551641128026, 18.2001,10,16.67939,10,10.91523,-0.008026,182.112896,0,0,0,0
49.4891425105743, 17.4289,49.6707849125378, 14.207,10,16.67967,11,11.3535,-0.391554,184.1764,0,0,0,0
49.505752210971, 15.9378,49.6904861121438, 21.0099,10,16.6794,10,9.286794,0.438386,180.942,0,0,0,0
49.5230302116834, 15.439,49.7059350120835, 16.2911,10,16.67894,11,11.16706,-0.658933,186.027104,0,0,0,0
49.5387786119245, 16.6063,49.7241666126065, 17.2366,10,16.67891,11,10.32001,-0.394943,186.879008,0,0,0,0
49.554591211956, 16.9959,49.7380675128661, 12.9034,10,16.67903,11,10.09803,0.290015,187.509296,0,0,0,0
49.5705811115913, 16.2274,49.7563945124857, 20.4069,10,16.67887,11,9.922954,-0.361048,183.4168,0,0,0,0
49.5895269117318, 18.814,49.7716707126237, 15,10,16.67965,11,10.35421,-0.282419,187.5968,0,0,0,0
49.6061264122836, 16.6936,49.7883600131609, 14.801,10,16.67965,10,9.171733,-0.126271,183.783504,0,0,0,0
49.6223368118517, 16.3625,49.8056659125723, 17.2461,10,16.67953,9,9.968043,-0.44278,181.890096,0,0,0,0
49.6380152120255, 16.8839,49.8220248133875, 17.1944,10,16.67961,8,11.06269,-0.798489,182.761696,0,0,0,0
49.6551641128026, 16.6133,49.838652912993, 15.9929,10,16.67958,10,10.42305,-0.500998,183.085696,0,0,0,0
49.6707849125378, 17.0921,49.8557657138444, 18.1083,10,16.67974,10,10.34312,-0.885007,182.453504,0,0,0,0
49.6904861121438, 16.2954,49.8719113138504, 17.6954,10,16.6796,11,9.767571,0.043351,183.482208,0,0,0,0
49.7059350120835, 15.1773,49.8886801139452, 14.2316,10,16.67905,11,9.40788,0.235658,184.882896,0,0,0,0
49.7241666126065, 18.516,49.9059078139253, 17.1932,10,16.67972,10,11.84969,-0.20013,183.937408,0,0,0,0
49.7380675128661, 14.6419,49.92251341464, 18.4061,10,16.67897,9,9.637198,-0.408319,182.599392,0,0,0,0
49.7563945124857, 18.1187,49.9381035142578, 15.1184,10,16.6795,8,11.94831,1.10416,186.378704,0,0,0,0
49.8056659125723, 56.1232,49.9558770139702, 18.6222,10,16.69387,11,10.76865,-0.382036,183.379904,0,0,0,0
49.8056659125723, 1.604,49.9728039135225, 16.5435,8,16.68838,11,8.616442,-0.294105,145.878592,0,0,0,0
49.8056659125723, 1.6374,49.9886356131174, 16.2716,9,16.6829,11,10.07833,-0.2951,160.819808,0,0,0,0
49.8220248133875, 7.3296,50.006666012574, 18.8866,10,16.67949,11,10.93772,-0.265626,175.454592,0,0,0,0
49.838652912993, 17.1554,50.0224200119264, 13.974,10,16.67966,11,10.29354,0.696612,187.010208,0,0,0,0
49.8557657138444, 15.9134,50.0389291127212, 16.0172,10,16.67938,11,8.509336,-0.249258,183.8292,0,0,0,0
49.8719113138504, 14.8065,50.056788012851, 18.7806,10,16.6787,11,9.206805,1.255681,183.933296,0,0,0,0
49.92251341464, 56.8691,50.0730997123756, 16.6085,10,16.69331,11,10.7708,-0.603511,187.907392,0,0,0,0
49.92251341464, 2.2808,50.0895148129202, 16.7941,8,16.68808,11,10.78593,1.089997,147.646208,0,0,0,0
49.92251341464, 1.715,50.1055317134596, 14.7298,9,16.68264,11,10.04449,-0.681059,162.160608,0,0,0,0
49.9381035142578, 7.8263,50.1220924132504, 16.4437,10,16.67942,11,6.847358,-0.519514,175.177504,0,0,0,0
49.9558770139702, 15.221,50.1399894137867, 18.813,10,16.67889,11,9.386019,-0.324174,183.781296,0,0,0,0
49.9728039135225, 17.1838,50.1561409146525, 17.1775,10,16.67908,11,8.971911,-0.376239,187.385904,0,0,0,0
49.9886356131174, 15.5216,50.1727681146003, 14.8255,10,16.67866,11,11.2626,0.683519,187.3752,0,0,0,0
50.006666012574, 18.7806,50.1894235149957, 16.793,10,16.67942,11,8.705359,-0.079086,186.683904,0,0,0,0
50.0224200119264, 16.9949,50.206061814446, 16.6144,10,16.67953,11,10.36351,-0.924518,184.696992,0,0,0,0
50.0389291127212, 16.2992,50.2230154150166, 17.0568,10,16.67939,11,10.33017,-0.57217,184.303104,0,0,0,0
50.056788012851, 15.7019,50.2394787152298, 17.4094,10,16.67904,11,10.10334,-0.820869,185.060896,0,0,0,0
50.0730997123756, 16.3015,50.2559118145145, 16.8596,10,16.6789,11,10.29078,1.408407,186.7816,0,0,0,0
50.0895148129202, 17.6493,50.2733716149814, 15.9257,10,16.67925,11,8.253886,-0.957733,187.3392,0,0,0,0
50.1055317134596, 17.1732,50.2887704153545, 15.3339,10,16.67943,11,10.65992,0.213639,185.6168,0,0,0,0
50.1220924132504, 16.9636,50.3067491152324, 18.308,10,16.67954,11,11.63477,-0.7674,183.764992,0,0,0,0
50.1399894137867, 15.0994,50.322392814327, 13.9813,10,16.67896,11,10.43787,-0.417851,185.121792,0,0,0,0
50.1561409146525, 16.5055,50.3392173149623, 18.7435,10,16.6789,10,10.49859,-0.283884,184.0036,0,0,0,0
50.1727681146003, 18.2231,50.3563605141826, 16.8227,10,16.67946,10,7.795533,-0.965654,186.243008,0,0,0,0
50.1894235149957, 17.2337,50.373352013994, 18.5707,10,16.67966,10,11.53196,-0.678953,184.842704,0,0,0,0
50.206061814446, 16.4199,50.3894922141917, 14.7808,10,16.67957,11,9.9506,0.092168,186.180192,0,0,0,0
50.2230154150166, 16.5045,50.4067538143136, 16.6998,10,16.6795,11,10.62295,-0.629925,184.5284,0,0,0,0
50.2394787152298, 15.0462,50.423232414294, 17.023,10,16.67891,11,10.93168,0.251787,184.736192,0,0,0,0
50.2559118145145, 16.9964,50.4391315137036, 16.5204,10,16.67903,11,9.973654,0.629177,186.713296,0,0,0,0
50.2733716149814, 18.8447,50.4557526134886, 16.8128,10,16.67981,11,9.746753,-0.43702,186.238208,0,0,0,0
50.2887704153545, 15.5201,50.4722883128561, 15.3045,10,16.67939,11,11.08393,0.448461,184.190704,0,0,0,0
50.3067491152324, 17.0897,50.4903708123602, 17.7551,10,16.67954,11,10.57763,0.462016,183.990896,0,0,0,0
50.3392173149623, 30.7584,50.5064274114557, 17.1713,10,16.68461,11,11.60321,0.134584,184.635296,0,0,0,0
50.3392173149623, 13.0395,50.5222340119071, 15.9658,9,16.6833,11,10.02892,-0.770363,171.069696,0,0,0,0
50.3563605141826, 7.6498,50.5398999121971, 17.4247,10,16.68005,11,10.20492,0.49819,173.996704,0,0,0,0
50.373352013994, 15.1997,50.5579040129669, 17.1988,10,16.67951,11,10.37544,0.435873,183.771008,0,0,0,0
50.3894922141917, 16.5059,50.5727553130127, 14.7081,10,16.67945,11,9.225284,0.363656,185.755296,0,0,0,0
50.4067538143136, 16.5482,50.5907583129592, 18.0549,10,16.6794,11,8.469816,-1.167603,183.973296,0,0,0,0
50.423232414294, 14.9489,50.6057530133985, 14.048,10,16.67878,11,9.952963,0.030649,185.48,0,0,0,0
50.4391315137036, 16.6537,50.6231491132639, 18.2212,10,16.67877,10,12.13061,-0.779753,184.579696,0,0,0,0
50.4557526134886, 18.4918,50.6390936127864, 15.3021,10,16.67942,11,11.01663,-0.097983,186.147808,0,0,0,0
50.4722883128561, 16.8672,50.6561647127382, 18.2138,10,16.67949,10,11.06454,-0.822203,182.941504,0,0,0,0
50.4903708123602, 16.3027,50.6730353119783, 17.1874,10,16.67936,11,9.593803,0.152291,184.2868,0,0,0,0
50.5064274114557, 15.2211,50.6912195119075, 17.2628,10,16.67883,11,11.02865,-0.756802,185.19,0,0,0,0
50.5222340119071, 17.4708,50.7064023115672, 15.4739,10,16.67912,11,8.908653,-0.097043,187.231504,0,0,0,0
50.5398999121971, 16.1426,50.7224585120566, 16.1345,10,16.67892,11,11.48518,0.215701,185.235296,0,0,0,0
50.5579040129669, 17.9171,50.7396255121566, 16.9102,10,16.67937,10,10.7443,0.276464,185.219296,0,0,0,0
50.5727553130127, 15.3437,50.7571867113002, 18.4229,10,16.67889,11,10.55711,-0.094094,184.204704,0,0,0,0
50.5907583129592, 18.6724,50.772776810918, 13.9552,10,16.6796,11,9.559002,0.562981,187.299696,0,0,0,0
50.6057530133985, 16.9899,50.7893079114147, 17.3215,10,16.67971,10,9.583843,0.346161,182.556304,0,0,0,0
50.6231491132639, 16.2753,50.8060924117453, 17.838,10,16.67957,11,10.5368,0.401102,182.9128,0,0,0,0
50.6390936127864, 17.1308,50.8230631113984, 16.034,10,16.67973,11,10.45894,0.467619,184.478096,0,0,0,0
50.6561647127382, 16.6701,50.8400063109584, 17.8522,10,16.67973,11,9.604794,0.090609,183.381296,0,0,0,0
50.6730353119783, 14.6779,50.8573691104539, 16.4764,10,16.67901,11,9.541419,-0.92072,184.564096,0,0,0,0
50.6912195119075, 18.6465,50.8723877104931, 14.1203,10,16.67972,11,8.188439,0.094143,186.362,0,0,0,0
50.7064023115672, 16.4043,50.8902235100977, 18.5686,10,16.67962,11,10.2056,-0.382527,181.820304,0,0,0,0
50.7224585120566, 16.5178,50.9061173102818, 16.6908,10,16.67956,11,10.32778,1.458903,184.0008,0,0,0,0
50.7396255121566, 16.1413,50.9227055101655, 15.3965,10,16.67937,11,9.525791,-0.571317,184.174704,0,0,0,0
50.7571867113002, 17.6934,50.9393947101198, 17.1727,10,16.67973,10,9.43142,-0.841571,183.429504,0,0,0,0
50.772776810918, 16.7727,50.9563271100633, 17.4067,10,16.67976,10,9.598257,-0.2213,182.908896,0,0,0,0
50.7893079114147, 15.8768,50.9729023105465, 17.0332,10,16.67948,11,10.37213,-1.491929,183.543808,0,0,0,0
50.8060924117453, 15.1252,50.989622709807, 17.0572,10,16.67892,11,11.0726,0.74744,184.7,0,0,0,0
50.8230631113984, 18.8121,51.0055293100886, 13.6061,10,16.67968,11,8.537517,-0.626821,186.624304,0,0,0,0
50.8400063109584, 14.4719,51.0225113104098, 16.9888,10,16.6789,10,9.975871,-0.193323,181.423104,0,0,0,0
50.8573691104539, 18.2539,51.0390325109474, 16.593,10,16.67946,10,10.1647,2.308027,183.943296,0,0,0,0
50.8723877104931, 15.0863,51.0574363111518, 19.7887,10,16.67889,10,11.93053,0.371066,182.2832,0,0,0,0
50.8902235100977, 19.0151,51.0731742116623, 16.0858,10,16.67972,11,13.28096,0.467708,186.985792,0,0,0,0
50.9061173102818, 16.7063,51.0922071109526, 19.096,10,16.67973,11,9.320621,0.13817,184.043504,0,0,0,0
50.9227055101655, 18.4746,51.10740621062, 15.3743,10,16.68037,11,10.24082,-0.017716,186.434592,0,0,0,0
50.9393947101198, 14.7311,51.1238091108389, 17.0302,10,16.67968,11,9.047073,0.385668,183.3476,0,0,0,0
50.9563271100633, 14.8586,51.1391764110886, 12.6795,10,16.67903,11,8.006234,-0.527687,185.6464,0,0,0,0
50.9729023105465, 16.7007,51.1556844110601, 16.8774,10,16.67904,10,10.48119,-0.567164,183.467392,0,0,0,0
50.989622709807, 18.6739,51.1731762117706, 18.386,10,16.67974,10,9.29213,-0.416359,183.644192,0,0,0,0
51.0055293100886, 16.4011,51.1891889120452, 14.9698,10,16.67965,10,9.516416,0.160007,183.357104,0,0,0,0
51.0225113104098, 16.3634,51.2064287117682, 18.9242,10,16.67953,10,9.119832,0.609758,181.918496,0,0,0,0
51.0390325109474, 17.0652,51.223684811499, 17.2192,10,16.67967,11,10.13549,-0.275598,184.4796,0,0,0,0
51.0574363111518, 16.8421,51.2390921111219, 15.4261,10,16.67973,11,11.44366,-0.508482,184.642208,0,0,0,0
51.0731742116623, 15.2933,51.2567927106284, 18.9715,10,16.67924,11,10.63456,-0.037122,183.2264,0,0,0,0
51.0922071109526, 17.3954,51.2729654102586, 13.0229,10,16.67949,11,9.719193,0.179947,186.904496,0,0,0,0
51.10740621062, 15.6707,51.2906535095535, 18.4574,10,16.67913,10,9.041942,-0.443886,182.512992,0,0,0,0
51.1238091108389, 17.8623,51.3061962095089, 15.0573,10,16.67955,10,9.371898,-0.275219,185.3192,0,0,0,0
51.1391764110886, 17.59,51.3232233100571, 16.983,10,16.67987,10,10.46508,-0.219875,182.514592,0,0,0,0
51.1556844110601, 16.0606,51.3399935108609, 19.8176,10,16.67966,10,10.26562,-0.354426,181.9076,0,0,0,0
51.1731762117706, 16.8226,51.3560312115587, 13.2575,10,16.67971,11,9.315353,1.272748,185.6652,0,0,0,0
51.1891889120452, 16.8218,51.3730298117734, 16.8699,10,16.67976,10,8.820086,0.883139,182.1,0,0,0,0
51.2064287117682, 14.7209,51.3901472114958, 18.1292,10,16.67906,10,11.97002,0.103845,182.148896,0,0,0,0
51.223684811499, 17.2264,51.4058724106289, 14.8053,10,16.67926,11,10.95757,-0.667094,185.556896,0,0,0,0
51.2390921111219, 16.9241,51.4227719106711, 18.8124,10,16.67934,10,10.03533,0.030352,183.135808,0,0,0,0
51.2567927106284, 18.3072,51.4400066104718, 17.1616,10,16.67992,11,9.344052,-0.629485,185.0248,0,0,0,0
51.2729654102586, 17.0652,51.4558494095691, 16.8764,10,16.68005,11,9.121161,-0.131222,183.862208,0,0,0,0
51.2906535095535, 15.9355,51.4732528091408, 15.6689,10,16.67979,11,9.414855,-0.455865,183.6912,0,0,0,0
51.3061962095089, 16.9543,51.489900609944, 16.5538,10,16.67989,11,9.779094,1.934531,183.424,0,0,0,0
51.3232233100571, 17.1755,51.5059749097563, 16.7866,10,16.68006,11,10.25145,0.235415,183.024192,0,0,0,0
51.3399935108609, 14.6468,51.5231481106021, 17.5001,10,16.67935,11,9.225785,-0.879835,182.636,0,0,0,0
51.3560312115587, 18.2836,51.541831810493, 19.2759,10,16.67991,11,12.24562,0.262214,185.488896,0,0,0,0
51.3730298117734, 16.4027,51.5569426105358, 12.1863,10,16.67981,11,10.46826,-1.093217,186.482096,0,0,0,0
51.3901472114958, 15.429,51.5730589111336, 17.2213,10,16.67937,10,10.36847,-0.577348,182.265504,0,0,0,0
51.4058724106289, 18.0756,51.590904511977, 18.8819,10,16.67986,10,7.682085,-0.747563,184.058,0,0,0,0
51.4227719106711, 13.9959,51.6065904111601, 16.016,10,16.67892,11,8.881335,0.349116,184.865104,0,0,0,0
51.4400066104718, 16.8872,51.6236737114377, 17.4149,10,16.67899,11,12.63449,0.082801,186.885104,0,0,0,0
51.4558494095691, 18.1718,51.6399076119997, 14.007,10,16.67952,11,8.656217,1.664512,187.412992,0,0,0,0
51.4732528091408, 17.2769,51.6569902119227, 17.1473,10,16.67973,10,12.81745,-0.1962,183.248304,0,0,0,0
51.489900609944, 16.3338,51.6742319115438, 18.3353,10,16.67961,10,11.68086,-0.534168,183.111808,0,0,0,0
51.5059749097563, 14.8672,51.6901482106186, 16.3334,10,16.67897,11,11.24098,-0.268015,185.120896,0,0,0,0
51.5231481106021, 17.0735,51.7058557108976, 16.8173,10,16.67911,11,9.632399,0.231773,186.587392,0,0,0,0
51.541831810493, 19.4999,51.7229669117369, 13.6575,10,16.6801,11,9.919188,0.453967,186.3312,0,0,0,0
51.5569426105358, 16.007,51.7401339118369, 17.0959,10,16.67986,10,7.4193,-0.476224,180.488704,0,0,0,0
51.5730589111336, 15.8828,51.7575050112791, 17.3856,10,16.67958,10,10.99957,-0.481314,181.576192,0,0,0,0
51.590904511977, 15.0866,51.7738337111659, 18.376,10,16.67903,10,11.30241,-0.913777,183.071904,0,0,0,0
51.6065904111601, 17.5196,51.789837511722, 16.4613,10,16.67932,11,11.06913,0.22426,186.371504,0,0,0,0
51.6236737114377, 17.4291,51.8069211118855, 16.8251,10,16.67958,11,10.17913,-0.228764,185.300992,0,0,0,0
51.6399076119997, 17.5814,51.8247968112119, 16.9142,10,16.6799,11,10.30692,-1.091585,184.6644,0,0,0,0
51.6569902119227, 16.9381,51.8403393109329, 14.5669,10,16.67999,11,11.11821,-0.183941,184.043008,0,0,0,0
51.6742319115438, 14.7065,51.8566685100086, 16.4227,10,16.6793,10,10.81618,-0.193897,181.655504,0,0,0,0
51.6901482106186, 16.5476,51.8742202096619, 18.5767,10,16.67925,10,11.63734,-0.742653,183.3876,0,0,0,0
51.7058557108976, 18.9372,51.8904883102514, 15.2263,10,16.68004,10,9.504264,0.098991,185.4172,0,0,0,0
51.7229669117369, 16.7125,51.9068522104062, 18.1402,10,16.68005,10,9.821785,-0.296621,181.707008,0,0,0,0
51.7401339118369, 16.9878,51.924171209801, 17.2353,10,16.68016,11,10.20484,-0.035432,183.135392,0,0,0,0
51.7575050112791, 16.4551,51.9397930097766, 17.0508,10,16.68008,11,11.7982,-0.606448,183.3832,0,0,0,0
51.7738337111659, 13.9309,51.956871109549, 18.3805,10,16.67912,11,11.96815,-0.128964,183.978592,0,0,0,0
51.789837511722, 16.4089,51.9738733102567, 13.0095,10,16.67903,11,10.49761,0.19513,188.428304,0,0,0,0
51.8069211118855, 17.9795,51.9910668102093, 17.8031,10,16.67948,10,10.32582,-0.428774,185.028896,0,0,0,0
51.8247968112119, 15.8846,52.0077858106233, 16.4278,10,16.6792,11,10.91993,-0.253385,184.837408,0,0,0,0
51.8403393109329, 19.2633,52.0251838103868, 17.8028,10,16.68011,11,9.974448,-0.138941,185.396704,0,0,0,0
51.8566685100086, 16.0646,52.0407363106497, 15.0643,10,16.67989,11,12.34986,0.401139,183.935296,0,0,0,0
51.8742202096619, 16.9554,52.0565671105869, 16.7468,10,16.67999,10,10.65317,-0.335339,182.935808,0,0,0,0
51.8904883102514, 17.356,52.0741931111552, 17.8836,10,16.68022,11,9.635974,-0.57901,182.728192,0,0,0,0
51.9068522104062, 14.0428,52.0897262110375, 15.2205,10,16.6793,11,8.864185,-1.113148,183.255904,0,0,0,0
51.924171209801, 17.4468,52.1103289104067, 20.8346,10,16.67957,11,10.37604,-0.561787,184.433904,0,0,0,0
51.9397930097766, 15.3065,52.1228964100592, 13.6198,10,16.67909,11,10.27926,-0.934526,187.821696,0,0,0,0
51.956871109549, 18.4143,52.1402528095059, 14.3221,10,16.6797,11,10.23764,1.027612,186.126496,0,0,0,0
51.9738733102567, 19.5339,52.1570402099751, 16.8329,10,16.68069,10,10.11161,-0.208997,181.990304,0,0,0,0
51.9910668102093, 13.1363,52.174331010785, 17.9795,10,16.67946,10,10.42185,-0.187395,179.343104,0,0,0,0
52.0077858106233, 16.7839,52.1906412108801, 16.2435,10,16.67949,11,9.873587,0.789439,184.167808,0,0,0,0
52.0251838103868, 17.5097,52.2068602102809, 16.3801,10,16.67978,11,11.88573,-0.773773,183.632608,0,0,0,0
52.0407363106497, 16.4558,52.223622310441, 17.5442,10,16.6797,10,12.30239,-0.257443,182.488704,0,0,0,0
52.0565671105869, 14.314,52.2402604105882, 16.7234,10,16.67888,11,8.728997,-0.889179,183.6056,0,0,0,0
52.0741931111552, 16.7399,52.2571350107901, 17.4199,10,16.6789,11,10.0195,-0.805446,186.0152,0,0,0,0
52.0897262110375, 17.4378,52.2733578099869, 16.467,10,16.67917,11,8.485461,-0.163884,186.687296,0,0,0,0
52.1103289104067, 18.1888,52.2908955099992, 16.2897,10,16.67969,11,9.374773,1.056011,185.724896,0,0,0,0
52.1228964100592, 15.4802,52.3069302099757, 14.6924,10,16.67928,10,10.65264,-0.783117,183.825696,0,0,0,0
52.1402528095059, 17.8635,52.3239931105636, 17.0771,10,16.67969,10,9.626879,-0.417662,183.0388,0,0,0,0
52.1570402099751, 16.8774,52.3416802114807, 18.7007,10,16.67975,10,10.30745,-1.108548,182.252992,0,0,0,0
52.174331010785, 16.4607,52.358104411047, 17.3976,10,16.67968,11,9.315884,-0.496424,184.074704,0,0,0,0
52.1906412108801, 15.8622,52.3739616102539, 15.7636,10,16.6794,11,10.49469,0.774644,185.013696,0,0,0,0
52.2068602102809, 17.0135,52.3911069105379, 18.0597,10,16.67951,11,9.653217,0.255629,184.892992,0,0,0,0
52.223622310441, 15.2577,52.4071262101643, 14.3393,10,16.67902,11,11.37666,0.420674,185.961408,0,0,0,0
52.2402604105882, 16.5275,52.4248414109461, 16.5288,10,16.67897,11,10.72175,-0.384287,185.043104,0,0,0,0
52.2571350107901, 16.2088,52.4408844108693, 16.0923,10,16.6788,10,9.418724,0.84533,185.044992,0,0,0,0
52.2733578099869, 19.0851,52.457798610907, 17.0213,10,16.67963,10,10.88606,-0.591049,184.928608,0,0,0,0
52.2908955099992, 17.3541,52.4745020116679, 18.1758,10,16.67987,10,9.626671,-0.155423,182.852304,0,0,0,0
52.3069302099757, 15.8495,52.4905138122849, 16.0742,10,16.67958,11,10.20823,-0.270415,183.6872,0,0,0,0
52.3239931105636, 17.4302,52.5069324127398, 17.8812,10,16.67984,11,10.13959,-0.011861,183.912096,0,0,0,0
52.3416802114807, 16.4909,52.5242890133522, 14.2691,10,16.67978,11,10.64977,-0.563646,184.363808,0,0,0,0
52.358104411047, 14.5487,52.5406594141386, 16.4897,10,16.67904,10,8.656549,-0.924731,182.142096,0,0,0,0
52.3739616102539, 16.697,52.5578660140745, 17.0972,10,16.67905,10,9.976023,-0.816116,184.083008,0,0,0,0
52.3911069105379, 17.602,52.573967713397, 16.0159,10,16.67937,10,8.216915,-0.814501,184.483504,0,0,0,0
52.4071262101643, 16.7973,52.5916814128868, 18.7207,10,16.67941,10,10.52386,0.497222,182.879808,0,0,0,0
52.4248414109461, 18.3627,52.6081712129526, 17.5824,10,16.67999,11,10.43395,-0.782167,184.794704,0,0,0,0
52.4408844108693, 16.1499,52.6237602126785, 15.4359,10,16.6798,11,9.986931,-0.669992,184.042208,0,0,0,0
52.457798610907, 17.181,52.6409679134376, 17.3578,10,16.67998,11,12.90992,0.560274,183.3284,0,0,0,0
52.4745020116679, 13.8987,52.6607226138003, 18.7743,10,16.67902,11,12.6754,0.205213,183.5056,0,0,0,0
52.4905138122849, 17.0733,52.6739732134156, 12.3292,10,16.67915,11,11.13158,-0.879073,188.380992,0,0,0,0
52.5069324127398, 16.2889,52.6917481138371, 17.6807,10,16.67902,10,9.596767,0.351541,183.637104,0,0,0,0
52.5242890133522, 18.5951,52.7081622141413, 16.4318,10,16.67968,10,10.66839,0.000767,185.029104,0,0,0,0
52.5406594141386, 17.1707,52.7241460136138, 15.9409,10,16.67985,10,10.17183,0.062461,182.859008,0,0,0,0
52.5578660140745, 17.2963,52.7419247138314, 19.4435,10,16.68006,10,8.554387,0.255711,181.636304,0,0,0,0
52.573967713397, 16.8795,52.7579560144804, 16.1436,10,16.68013,11,10.39227,-0.109112,183.784,0,0,0,0
52.5916814128868, 15.1027,52.7748073148541, 18.1337,10,16.67959,11,12.88526,-0.877335,183.048192,0,0,0,0
52.6081712129526, 14.772,52.7907499144785, 13.1196,10,16.67893,11,9.479633,0.329972,186.079504,0,0,0,0
52.6237602126785, 17.3503,52.8076291135512, 16.7215,10,16.67916,10,9.691939,-0.100607,184.427008,0,0,0,0
52.6409679134376, 16.7795,52.8248074143194, 17.9732,10,16.6792,10,9.125389,0.012444,183.798592,0,0,0,0
52.6607226138003, 18.1279,52.8407982136123, 15.0124,10,16.67969,10,10.41521,0.558995,184.992304,0,0,0,0
52.6739732134156, 16.5128,52.8579594134353, 19.9624,10,16.67963,10,10.93773,0.166299,181.877296,0,0,0,0
52.6917481138371, 17.6209,52.8746885131113, 15.0875,10,16.67996,11,10.80163,-0.617235,185.327808,0,0,0,0
52.7081622141413, 16.4132,52.8920115134679, 17.2879,10,16.67987,11,9.243907,0.341226,182.794896,0,0,0,0
52.7241460136138, 16.4962,52.9084404143505, 16.5444,10,16.6798,11,9.300456,0.944782,183.6688,0,0,0,0
52.7419247138314, 14.2115,52.9249507146887, 16.3675,10,16.67896,11,11.62241,-0.705723,183.717904,0,0,0,0
52.7579560144804, 16.789,52.9419386140071, 17.0916,10,16.679,11,10.445,0.114448,185.874096,0,0,0,0
52.7748073148541, 19.6154,52.958620514255, 17.3917,10,16.68,11,9.752835,-0.266427,186.168608,0,0,0,0
52.7907499144785, 15.9614,52.9737922144122, 15.2395,10,16.67975,11,10.29757,-0.930273,183.919904,0,0,0,0
52.8076291135512, 16.3826,52.9921188135631, 19.5206,10,16.67965,11,8.769918,-0.740581,183.230496,0,0,0,0
52.8248074143194, 16.9435,53.0085997139104, 14.5369,10,16.67974,11,9.865323,-0.338299,186.370096,0,0,0,0
52.8407982136123, 17.4472,53.0245076143183, 14.9613,10,16.68,11,11.35845,0.062959,183.9632,0,0,0,0
52.8579594134353, 13.9488,53.0415778146125, 18.1808,10,16.67907,10,10.46603,-0.70193,181.478304,0,0,0,0
52.8746885131113, 18.5439,53.0583639149554, 17.326,10,16.67971,11,10.64477,-0.393936,185.7092,0,0,0,0
52.8920115134679, 16.5692,53.0738653154112, 15.5057,10,16.67967,11,10.85078,-0.066342,184.492896,0,0,0,0
52.9084404143505, 16.3948,53.0947946147062, 20.4044,10,16.67957,11,10.4718,0.025317,183.429504,0,0,0,0
52.9249507146887, 16.7855,53.1081204148941, 12.1341,10,16.67961,11,10.05164,-0.459777,187.439504,0,0,0,0
52.9419386140071, 17.5221,53.1243915143423, 17.2164,10,16.6799,11,8.81933,-0.357956,182.775296,0,0,0,0
52.958620514255, 14.9127,53.141474714037, 16.9883,10,16.6793,10,10.94574,0.087892,182.4828,0,0,0,0
52.9737922144122, 15.9705,53.1577634136193, 15.722,10,16.67905,11,11.31334,-0.238165,184.559008,0,0,0,0
52.9921188135631, 18.4521,53.1754495142959, 18.2852,10,16.67966,10,10.56738,0.122153,184.3108,0,0,0,0
53.0085997139104, 17.3181,53.1905287145637, 16.0907,10,16.67987,11,10.32598,0.292028,184.144304,0,0,0,0
53.0245076143183, 16.4242,53.2075530136935, 17.0913,10,16.67979,11,10.43146,-0.518987,182.885904,0,0,0,0
53.0415778146125, 16.7801,53.2245093132369, 17.5165,10,16.67982,11,10.21821,0.006998,183.584704,0,0,0,0
53.0583639149554, 16.4189,53.2410291130655, 14.0961,10,16.67973,11,9.605765,-0.14907,184.315392,0,0,0,0
53.0738653154112, 15.0128,53.2580622131936, 17.8448,10,16.67917,10,8.533547,-0.799654,181.998208,0,0,0,0
53.0947946147062, 18.4169,53.2745846132748, 15.7821,10,16.67976,11,9.660872,-0.267138,184.830896,0,0,0,0
53.1081204148941, 15.0563,53.2920719138347, 18.7861,10,16.67921,10,8.531187,-0.163892,182.1964,0,0,0,0
53.1243915143423, 17.7803,53.3081235135905, 17.2586,10,16.67958,11,12.35,-0.710097,185.926304,0,0,0,0
53.141474714037, 16.4443,53.325680912938, 15.796,10,16.6795,11,11.02607,-0.475285,185.4048,0,0,0,0
53.1577634136193, 18.1117,53.3430851134472, 17.3341,10,16.67999,11,10.91085,-1.155473,184.757104,0,0,0,0
53.1754495142959, 15.5344,53.3578302138485, 13.9821,10,16.6796,11,12.64394,0.080758,183.98,0,0,0,0
53.1905287145637, 15.2524,53.3759180144407, 17.9638,10,16.67911,10,11.11789,-0.453725,182.427104,0,0,0,0
53.2075530136935, 16.1561,53.3925096136518, 17.3336,10,16.67894,10,10.9831,-0.255107,185.139008,0,0,0,0
53.2245093132369, 18.4861,53.4080837140791, 15.811,10,16.67955,11,11.26408,0.773966,186.317296,0,0,0,0
53.2410291130655, 17.9417,53.4254387146793, 18.4402,10,16.67998,10,10.57167,-1.363188,183.642096,0,0,0,0
53.2580622131936, 15.1635,53.441749915015, 15.9974,10,16.67946,11,11.23794,-0.032066,184.139904,0,0,0,0
53.2745846132748, 17.4299,53.4606230142526, 19.6204,10,16.67972,11,8.702925,0.312807,184.962304,0,0,0,0
53.2920719138347, 16.4028,53.4753020140342, 13.4945,10,16.67962,11,10.99941,0.400448,187.165792,0,0,0,0
53.3081235135905, 14.698,53.4922638139687, 16.8626,10,16.67895,11,10.91113,-0.24904,184.2584,0,0,0,0
53.325680912938, 18.8136,53.5091694141738, 16.9144,10,16.67967,11,8.928888,0.369468,186.422704,0,0,0,0
53.3430851134472, 16.5559,53.5253485138528, 15.3571,10,16.67963,11,10.82267,0.299901,184.5108,0,0,0,0
53.3578302138485, 16.9054,53.5419040131383, 16.6102,10,16.67971,10,9.866993,0.891406,183.3076,0,0,0,0
53.3759180144407, 17.8252,53.5585193126462, 16.2349,10,16.6801,10,9.288352,-0.024634,183.0232,0,0,0,0
53.3925096136518, 15.5445,53.5745672131889, 16.0238,10,16.67971,10,7.22894,-0.868448,181.440704,0,0,0,0
53.4080837140791, 16.5318,53.5916797122918, 19.0859,10,16.67966,10,9.160132,-1.574278,181.919808,0,0,0,0
53.4254387146793, 14.9593,53.610394412186, 18.3006,10,16.67908,11,9.907099,-1.018843,184.474704,0,0,0,0
53.441749915015, 15.8155,53.6254755123518, 15.2247,10,16.67879,11,10.23819,0.628311,187.816304,0,0,0,0
53.4606230142526, 19.2257,53.6422403114848, 17.0533,10,16.67965,11,9.199234,0.16056,187.2256,0,0,0,0
53.4753020140342, 16.9175,53.6584432120435, 16.9133,10,16.67973,11,9.715048,-0.885275,185.053696,0,0,0,0
53.4922638139687, 16.372,53.6750205117278, 13.6462,10,16.67963,11,10.82108,-0.42991,185.034496,0,0,0,0
53.5091694141738, 16.9614,53.6922031114809, 17.2058,10,16.67972,10,11.61534,-1.433795,182.323904,0,0,0,0
53.5253485138528, 19.1741,53.7077124114148, 15.591,10,16.68056,10,10.25969,1.53922,182.568896,0,0,0,0
53.5419040131383, 16.2885,53.7251172116958, 17.4888,10,16.68043,10,9.94224,0.318824,178.985792,0,0,0,0
53.5585193126462, 14.8477,53.7418836108409, 18.329,10,16.67981,10,10.78887,0.115677,180.186592,0,0,0,0
53.5745672131889, 16.526,53.7588739111088, 16.5971,10,16.67976,11,12.42361,-0.880041,183.668496,0,0,0,0
53.5916797122918, 14.6034,53.7748555107974, 17.4131,10,16.67906,11,10.8967,-0.927215,183.739504,0,0,0,0
53.610394412186, 17.3141,53.7916984106414, 16.5971,10,16.67928,11,13.37938,-0.681714,186.549408,0,0,0,0
53.6254755123518, 15.9494,53.8077509100549, 15.4729,10,16.67903,11,9.047376,-0.656713,185.832608,0,0,0,0
53.6422403114848, 16.7375,53.8259514099918, 18.2514,10,16.67905,10,9.435423,-0.050112,185.356304,0,0,0,0
53.6584432120435, 18.0789,53.8419090094976, 16.4694,10,16.67952,11,8.880041,-0.313811,186.870896,0,0,0,0
53.6750205117278, 18.4206,53.8579602087848, 13.413,10,16.68011,11,12.65442,-0.421507,185.243904,0,0,0,0
53.6922031114809, 16.8333,53.8764887093566, 19.5613,10,16.68016,10,8.930214,0.003902,180.254896,0,0,0,0
53.7077124114148, 16.4057,53.8920520092361, 14.6521,10,16.68006,11,10.60981,-0.528383,182.983392,0,0,0,0
53.7251172116958, 15.9324,53.9090805086307, 17.9684,10,16.67981,10,12.48701,-0.452287,181.23,0,0,0,0
53.7418836108409, 16.4119,53.9258126090281, 17.3637,10,16.67972,11,11.91751,0.150209,183.266,0,0,0,0
53.7588739111088, 16.5733,53.9429568084888, 17.1835,10,16.67969,11,11.41561,0.017305,184.160096,0,0,0,0
53.7748555107974, 15.5151,53.9587647090666, 16.3356,10,16.6793,11,12.103,-0.971699,184.828496,0,0,0,0
53.7916984106414, 16.0505,53.9766536089592, 17.6503,10,16.67909,11,10.67058,-0.042121,185.632192,0,0,0,0
53.8077509100549, 19.6861,53.9940185095184, 16.6861,10,16.68009,11,9.658187,0.325487,187.249296,0,0,0,0
53.8259514099918, 14.035,54.0090831094421, 13.9125,10,16.67921,11,12.10679,-0.563989,184.249104,0,0,0,0
53.8419090094976, 17.4115,54.0253981095739, 19.2268,10,16.67945,11,11.59359,0.803655,184.126704,0,0,0,0
53.8579602087848, 17.5097,54.0419899099506, 14.887,10,16.67973,11,9.865199,-0.135563,185.942208,0,0,0,0
53.8764887093566, 16.4967,54.0593477101065, 17.0774,10,16.67967,11,11.42782,-0.284395,183.320608,0,0,0,0
53.8920520092361, 16.7531,54.0753872101195, 15.0171,10,16.6797,11,9.486013,0.915011,183.900992,0,0,0,0
53.9090805086307, 16.5153,54.0923536107875, 16.9138,10,16.67964,10,9.618189,0.544071,182.165296,0,0,0,0
53.9258126090281, 15.0237,54.1088624116965, 18.5787,10,16.67909,10,10.03055,0.270267,182.549696,0,0,0,0
53.9429568084888, 16.6016,54.1258609113283, 17.0396,10,16.67906,11,7.824763,-0.408288,186.110704,0,0,0,0
53.9587647090666, 17.379,54.1418761112727, 16.343,10,16.67929,11,10.5309,-0.522622,186.556896,0,0,0,0
53.9766536089592, 16.1552,54.159121111501, 17.4573,10,16.67912,11,11.19249,0.661142,185.521792,0,0,0,0
53.9940185095184, 17.574,54.1763321110047, 15.9689,10,16.67942,11,9.091529,0.145377,186.8236,0,0,0,0
54.0090831094421, 15.1277,54.1932136104442, 16.3149,10,16.6789,11,9.164533,0.141875,185.219008,0,0,0,0
54.0253981095739, 18.3845,54.2085868106224, 14.9215,10,16.67947,11,9.049888,0.067015,186.406208,0,0,0,0
54.0419899099506, 16.8694,54.2255583112128, 16.8256,10,16.67953,10,10.99952,0.026655,182.924896,0,0,0,0
54.0593477101065, 16.0966,54.2426053103991, 17.9402,10,16.67934,10,11.23496,0.268188,182.900496,0,0,0,0
54.0753872101195, 17.4857,54.2604438108392, 18.2028,10,16.67961,11,9.104423,0.066685,184.725408,0,0,0,0
54.0923536107875, 19.8756,54.2759910109453, 14.1654,10,16.68067,11,8.607725,-0.180529,185.4616,0,0,0,0
54.1088624116965, 12.831,54.2920804112218, 17.9719,10,16.67939,10,10.46078,0.646342,179.750896,0,0,0,0
54.1258609113283, 15.2376,54.3104322119616, 16.3772,10,16.67891,9,10.34904,-0.686967,184.892496,0,0,0,0
54.1418761112727, 17.5701,54.3249042122625, 15.9735,10,16.67921,8,10.41431,0.621841,186.032704,0,0,0,0
54.159121111501, 18.4524,54.3423158130608, 18.5371,10,16.6798,11,10.03852,-0.376298,184.437104,0,0,0,0
54.1763321110047, 16.9471,54.3597920122556, 15.0048,10,16.67989,11,9.309329,-0.273737,184.521904,0,0,0,0
54.1932136104442, 15.7095,54.3762614126317, 17.3387,10,16.67956,10,9.130258,0.214254,182.579904,0,0,0,0
54.2085868106224, 17.0152,54.3921140129678, 15.2141,10,16.67967,11,9.885667,0.504457,184.176,0,0,0,0
54.2255583112128, 17.3867,54.4091682131402, 16.8993,10,16.67991,10,11.22996,-0.037157,182.408192,0,0,0,0
54.2426053103991, 15.7439,54.4247836130671, 18.3019,10,16.6796,10,9.603598,0.542492,181.921504,0,0,0,0
54.2604438108392, 16.913,54.4430421139114, 15.4396,10,16.67967,11,12.30084,0.322588,184.46,0,0,0,0
54.3104322119616, 56.1892,54.4586328142323, 15.5496,10,16.69278,10,10.24395,-0.462694,182.978896,0,0,0,0
54.3104322119616, 1.8674,54.4756220136769, 17.4419,8,16.68787,10,10.10784,-0.513967,142.366592,0,0,0,0
54.3104322119616, 0.585,54.4920209129341, 16.1859,9,16.68253,10,8.206657,-0.641091,157.943008,0,0,0,0
54.3249042122625, 6.1327,54.509211812634, 19.2469,10,16.67903,10,10.11511,0.766217,173.544,0,0,0,0
54.3423158130608, 18.787,54.5255463127978, 15.9343,10,16.67973,11,10.09511,0.12296,186.657696,0,0,0,0
54.3597920122556, 17.8688,54.5422112126835, 17.691,10,16.68012,11,9.748194,-0.738374,183.786896,0,0,0,0
54.3762614126317, 15.6205,54.5592612125911, 14.2739,10,16.67977,11,9.912367,0.224608,183.628192,0,0,0,0
54.3921140129678, 16.7649,54.57619891176, 17.6956,10,16.6798,10,9.779991,-0.148517,182.267104,0,0,0,0
54.4091682131402, 17.2881,54.5930796121247, 17.6688,10,16.68,10,11.15548,-0.321686,183.2124,0,0,0,0
54.4247836130671, 14.645,54.6122339130379, 19.7674,10,16.67933,11,10.08144,1.047624,183.593696,0,0,0,0
54.4430421139114, 19.0994,54.6256096134894, 13.9809,10,16.68013,11,9.589374,-0.62638,188.695296,0,0,0,0
54.4586328142323, 16.6324,54.6423728126101, 14.4958,10,16.68011,11,10.30269,0.098416,183.598,0,0,0,0
54.4756220136769, 15.5441,54.6587260118686, 15.8081,10,16.67974,10,9.559217,-0.660455,181.4616,0,0,0,0
54.4920209129341, 17.4052,54.6765104117803, 20.064,10,16.67998,10,9.041186,-0.259926,181.725904,0,0,0,0
54.509211812634, 14.2578,54.6930784112774, 16.4642,10,16.67918,11,11.01268,-0.030955,184.385104,0,0,0,0
54.5255463127978, 16.3112,54.7094653113745, 16.6509,10,16.67906,11,9.63818,-0.285768,186.591904,0,0,0,0
54.5422112126835, 18.8286,54.7265461119823, 15.7115,10,16.67977,11,12.27188,-0.069584,186.931808,0,0,0,0
54.5592612125911, 17.4123,54.7430700114928, 16.348,10,16.68001,11,10.72925,-0.711902,183.793296,0,0,0,0
54.57619891176, 15.9535,54.7586952107958, 15.4195,10,16.67977,11,12.11013,-0.246362,182.751392,0,0,0,0
54.5930796121247, 15.1083,54.7762234113179, 16.9734,10,16.67925,10,10.57565,0.68697,182.208496,0,0,0,0
54.6122339130379, 18.4533,54.7919077104889, 15.6159,10,16.67983,10,10.06787,-0.41206,184.082304,0,0,0,0
54.6256096134894, 16.7106,54.8092614109628, 19.3449,10,16.67984,10,9.486784,-0.56029,181.245408,0,0,0,0
54.6423728126101, 17.0152,54.8257894101553, 16.8287,10,16.67995,11,10.6922,-0.450466,183.879696,0,0,0,0
54.6587260118686, 15.9893,54.8431446100585, 18.0381,10,16.67973,11,11.23906,-0.179389,183.6868,0,0,0,0
54.6765104117803, 15.3214,54.8593552107923, 14.5825,10,16.67928,11,11.00943,0.079729,185.742704,0,0,0,0
54.6930784112774, 16.4845,54.8759368113242, 15.6558,10,16.67922,11,9.26766,-1.059267,185.004304,0,0,0,0
54.7094653113745, 17.6947,54.8921050108038, 16.078,10,16.67955,10,11.99409,-0.943024,184.175296,0,0,0,0
54.7265461119823, 15.1406,54.910338609945, 20.0594,10,16.67904,10,11.35127,0.310386,182.5072,0,0,0,0
54.7430700114928, 18.7132,54.9270692090504, 16.5696,10,16.67971,11,10.19379,-0.518435,187.477504,0,0,0,0
54.7586952107958, 17.1106,54.9429815090261, 15.9233,10,16.67985,11,10.84127,-0.589566,185.3208,0,0,0,0
54.7762234113179, 16.9564,54.9590018088929, 16.5616,10,16.67994,11,9.668167,-0.575797,184.148096,0,0,0,0
54.7919077104889, 15.6559,54.9769143084995, 17.5099,10,16.67961,11,9.869324,-0.311166,183.7524,0,0,0,0
54.8092614109628, 15.418,54.9948156080209, 16.5695,10,16.67919,11,12.43401,-0.427595,185.607392,0,0,0,0
54.8257894101553, 17.5229,55.0120677086525, 17.5246,10,16.67947,11,10.54513,-0.380232,186.759008,0,0,0,0
54.8431446100585, 16.9587,55.0259578083642, 16.2346,10,16.67956,11,10.53107,-1.134077,186.761504,0,0,0,0
54.8593552107923, 17.2841,55.0430160076357, 13.5848,10,16.67976,11,11.8196,-0.863422,186.003696,0,0,0,0
54.8759368113242, 17.3574,55.0604579080828, 18.7112,10,16.67998,10,11.32677,-1.062368,182.338592,0,0,0,0
54.8921050108038, 15.7655,55.0762553089298, 14.2995,10,16.67968,10,10.59949,0.665198,183.6928,0,0,0,0
54.910338609945, 16.4861,55.0932619092055, 17.7158,10,16.67962,10,10.24823,-0.27443,182.227104,0,0,0,0
54.9270692090504, 15.155,55.1103733093478, 18.2165,10,16.67912,10,9.870477,2.087333,183.440608,0,0,0,0
54.9429815090261, 16.9966,55.126184808556, 15.5468,10,16.67923,11,12.94592,0.611743,186.5184,0,0,0,0
54.9590018088929, 17.1693,55.1427414086647, 15.1114,10,16.67938,11,12.63807,0.31961,185.068704,0,0,0,0
54.9769143084995, 15.7623,55.1600018092431, 19.9351,10,16.67908,10,12.7248,-0.948242,183.0112,0,0,0,0
54.9948156080209, 19.0962,55.1767961089499, 16.4294,10,16.67988,11,9.61483,-1.160494,187.184304,0,0,0,0
55.0120677086525, 14.8356,55.1945467093028, 17.3412,10,16.67927,11,10.21177,-0.360268,184.518304,0,0,0,0
55.0259578083642, 16.5434,55.2094156094827, 13.4291,10,16.67923,11,7.794757,-1.018474,187.021792,0,0,0,0
55.0430160076357, 19.2514,55.2271087099798, 20.7968,10,16.68007,11,9.10119,-0.47408,183.893696,0,0,0,0
55.0604579080828, 16.6996,55.2428462100215, 13.6765,10,16.68007,11,8.750942,0.104556,185.4556,0,0,0,0
55.0762553089298, 16.4364,55.2598898098804, 16.8583,10,16.68,11,12.75659,-1.170901,182.4164,0,0,0,0
55.0932619092055, 17.0752,55.2757419091649, 15.682,10,16.68012,11,12.53537,-0.129545,182.845904,0,0,0,0
55.1103733093478, 16.4083,55.292791208718, 17.6804,10,16.68004,11,10.84887,-0.604163,181.461792,0,0,0,0
55.126184808556, 15.6109,55.3102240082808, 17.6525,10,16.67969,11,12.56178,0.351019,182.731808,0,0,0,0
55.1427414086647, 17.9503,55.3258169083856, 15.5826,10,16.6801,11,10.31614,-0.769372,184.775904,0,0,0,0
55.1600018092431, 13.6029,55.343432709109, 17.224,10,16.6791,11,9.777301,-0.429063,182.408096,0,0,0,0
55.1767961089499, 16.6544,55.3601529090665, 17.254,10,16.67909,11,11.03205,-0.313751,186.0296,0,0,0,0
55.1945467093028, 18.4432,55.3758168085478, 15.7069,10,16.67966,11,8.742363,-0.966798,186.629504,0,0,0,0
55.2094156094827, 15.0268,55.3928754082881, 17.3124,10,16.67913,11,12.39548,-0.636245,183.8752,0,0,0,0
55.2271087099798, 19.3627,55.4119143090211, 17.8793,10,16.68,11,10.62207,-0.204457,186.1792,0,0,0,0
55.2428462100215, 15.8155,55.4257927094586, 14.0295,10,16.67972,11,12.24676,-1.167431,184.688496,0,0,0,0
55.2598898098804, 16.1575,55.4428410087712, 16.7918,10,16.67955,10,11.94605,-0.932405,182.908704,0,0,0,0
55.2757419091649, 15.9194,55.4601462096907, 17.862,10,16.6793,11,8.806698,-0.398626,183.527392,0,0,0,0
55.292791208718, 17.1954,55.4768491094001, 16.6667,10,16.67947,11,12.22744,-1.23042,185.474704,0,0,0,0
55.3102240082808, 15.0225,55.4951738086529, 17.9653,10,16.67893,11,12.04136,-0.495439,184.959808,0,0,0,0
55.3258169083856, 15.7492,55.5099432081915, 14.5145,10,16.67863,11,10.58963,-0.545168,187.903008,0,0,0,0
55.343432709109, 19.1906,55.5268472083844, 17.0839,10,16.67945,11,12.46041,-1.142475,186.658704,0,0,0,0
55.3601529090665, 15.0821,55.5428287074901, 15.4038,10,16.67893,11,10.33113,-0.664846,184.561792,0,0,0,0
55.3758168085478, 16.3634,55.5607964065857, 18.6063,10,16.67882,11,9.84872,1.328645,184.8832,0,0,0,0
55.3928754082881, 16.6246,55.5775948059745, 17.8158,10,16.67881,11,9.652739,-0.217054,187.108496,0,0,0,0
55.4119143090211, 18.5456,55.5940826055594, 15.8137,10,16.67941,11,10.66497,-0.778953,188.3184,0,0,0,0
55.4257927094586, 17.1478,55.6099667050876, 16.1836,10,16.67956,11,10.79138,0.380684,185.586304,0,0,0,0
55.4428410087712, 16.4407,55.626568805892, 16.625,10,16.67949,11,10.68395,-0.607841,184.6224,0,0,0,0
55.4601462096907, 17.006,55.6443892051466, 18.472,10,16.67959,11,9.864255,-0.193261,184.807008,0,0,0,0
55.4768491094001, 16.9585,55.6599686047994, 14.5335,10,16.67968,11,7.269154,-0.658643,186.1316,0,0,0,0
55.4951738086529, 16.8596,55.676902804058, 16.5817,10,16.67974,11,11.75835,-0.244625,183.812704,0,0,0,0
55.5099432081915, 15.3379,55.6928745037876, 15.9691,10,16.67931,11,11.22042,0.322077,183.570896,0,0,0,0
55.5268472083844, 16.8515,55.710895603057, 18.8252,10,16.67936,11,8.999741,-0.449121,184.185904,0,0,0,0
55.5428287074901, 16.1339,55.7266380037181, 15.1943,10,16.67919,11,9.682661,-1.412873,186.152608,0,0,0,0
55.5607964065857, 16.8175,55.7429108037613, 16.152,10,16.67923,11,8.947843,-0.962814,185.236304,0,0,0,0
55.5775948059745, 16.5074,55.7602286036126, 17.2814,10,16.67917,11,11.62232,-0.504655,184.571504,0,0,0,0
55.5940826055594, 15.9661,55.7770006037317, 17.2257,10,16.67894,11,11.11872,0.226692,185.346,0,0,0,0
55.6099667050876, 16.3551,55.7956503028981, 18.1621,10,16.67884,11,9.500121,-0.183368,186.597504,0,0,0,0
55.626568805892, 16.3854,55.8095355029218, 13.7471,10,16.67875,11,9.846573,-0.87749,188.412992,0,0,0,0
55.6443892051466, 18.9584,55.8269843026064, 17.1763,10,16.67948,11,9.709014,-0.429317,185.775008,0,0,0,0
55.6599686047994, 15.8859,55.8439865033142, 17.1799,10,16.67923,11,12.71385,-1.012998,183.9932,0,0,0,0
55.676902804058, 17.1747,55.8603127035312, 16.8467,10,16.67938,11,12.32061,-0.374802,185.264992,0,0,0,0
55.6928745037876, 16.7936,55.8777072033845, 17.1157,10,16.67942,11,11.61537,-0.738806,184.96,0,0,0,0
55.710895603057, 17.3424,55.8942238031887, 16.0427,10,16.67963,11,9.91689,0.135989,185.282096,0,0,0,0
55.7266380037181, 15.1457,55.9103771033697, 17.0143,10,16.67914,11,10.13262,-0.275501,183.981504,0,0,0,0
55.7429108037613, 17.5162,55.9272117032669, 16.9859,10,16.67941,11,9.988898,-0.606587,185.850896,0,0,0,0
55.7602286036126, 17.0668,55.9439396033995, 16.7435,10,16.67953,11,9.750902,0.046809,185.321104,0,0,0,0
55.7770006037317, 14.5418,55.9631705037318, 18.4857,10,16.67885,11,11.85341,-1.024962,184.997696,0,0,0,0
55.7956503028981, 18.3895,55.9770289040171, 13.7749,10,16.6794,11,12.11161,-0.619055,188.933408,0,0,0,0
55.8095355029218, 16.7142,55.9949315036647, 18.2547,10,16.67941,11,10.2238,-0.309952,184.299696,0,0,0,0
55.8269843026064, 16.3366,56.0098790037446, 14.6253,10,16.6793,11,11.68479,0.183251,185.867808,0,0,0,0
55.8439865033142, 16.9881,56.0272322031669, 18.03,10,16.6794,11,10.22199,0.262994,184.157904,0,0,0,0
55.8603127035312, 16.916,56.0439704037271, 17.3313,10,16.67947,11,9.662862,0.973401,185.181296,0,0,0,0
55.8777072033845, 16.0228,56.0600703037344, 16.6589,10,16.67926,11,9.294755,-0.151781,185.608704,0,0,0,0
55.8942238031887, 17.1506,56.0771013046615, 15.2751,10,16.67941,11,7.593452,-0.989085,186.243696,0,0,0,0
55.9103771033697, 17.2249,56.0938604041003, 16.5371,10,16.67959,11,11.26905,-0.039668,184.376096,0,0,0,0
55.9272117032669, 14.4379,56.1120072039776, 18.5647,10,16.67887,11,10.14191,-1.176672,183.6888,0,0,0,0
55.9439396033995, 16.4185,56.126786604058, 14.8374,10,16.67879,11,10.3958,1.032161,187.815392,0,0,0,0
55.9631705037318, 19.1641,56.1442433032207, 16.7961,10,16.67958,11,9.272681,-1.36653,186.234896,0,0,0,0
55.9770289040171, 15.6468,56.1618841025047, 18.2142,10,16.67925,11,10.88929,-0.689805,183.848896,0,0,0,0
55.9949315036647, 17.3307,56.1774062025361, 16.4478,10,16.67946,11,10.82097,-0.58788,186.4348,0,0,0,0
56.0098790037446, 16.3502,56.1938635031693, 15.9966,10,16.67936,11,9.616572,0.042035,185.551808,0,0,0,0
56.0272322031669, 14.8746,56.2117252028547, 17.938,10,16.67878,11,11.07674,-0.348143,185.198592,0,0,0,0
56.0439704037271, 17.3192,56.2281276020221, 17.5732,10,16.67898,11,6.92233,-0.812638,188.262208,0,0,0,0
56.0600703037344, 17.4784,56.2442745021544, 14.3073,10,16.67924,11,9.982405,-0.721333,188.5164,0,0,0,0
56.0771013046615, 17.0731,56.2607238027267, 16.426,10,16.67937,11,12.34248,-0.776952,185.346,0,0,0,0
56.0938604041003, 16.4955,56.2773441034369, 16.5056,10,16.67931,11,12.18876,-0.568618,184.6996,0,0,0,0
56.1120072039776, 16.7818,56.2944371025078, 17.9314,10,16.67934,11,10.88914,-1.031022,184.709792,0,0,0,0
56.126786604058, 17.1752,56.3099734024145, 15.1383,10,16.6795,11,11.32444,-0.177957,185.840496,0,0,0,0
56.1442433032207, 15.9134,56.3273050026037, 17.6855,10,16.67925,11,11.62243,-0.834092,183.808896,0,0,0,0
56.1618841025047, 17.1338,56.3437552028336, 16.6696,10,16.6794,11,10.75975,-0.45176,185.5952,0,0,0,0
56.1774062025361, 15.1247,56.361188702751, 18.3504,10,16.6789,11,10.71462,0.557859,185.131296,0,0,0,0
56.1938635031693, 16.2376,56.3771241032518, 14.1803,10,16.67876,11,9.974622,0.317384,188.3576,0,0,0,0
56.2117252028547, 17.7004,56.3947336026467, 17.9729,10,16.67909,11,10.18836,-0.516856,186.300304,0,0,0,0
56.2281276020221, 16.9581,56.4105913029052, 15.7329,10,16.67917,11,10.55719,-0.140002,186.573904,0,0,0,0
56.2442745021544, 17.2106,56.4277193029411, 16.6287,10,16.67934,11,12.56426,-0.718267,185.349296,0,0,0,0
56.2607238027267, 16.4574,56.4443917036988, 17.1062,10,16.67927,11,12.13344,0.331628,184.736608,0,0,0,0
56.2773441034369, 17.0867,56.462059204001, 17.093,10,16.6794,11,10.14872,-0.318077,185.416896,0,0,0,0
56.2944371025078, 16.5353,56.4781506047584, 16.0833,10,16.67936,11,9.430056,-0.075862,185.4228,0,0,0,0
56.3099734024145, 17.2765,56.4945620042272, 16.726,10,16.67955,11,10.3471,-0.059564,184.963008,0,0,0,0
56.3273050026037, 14.9682,56.5122358039953, 17.753,10,16.679,11,8.966967,-0.719782,184.421408,0,0,0,0
56.3437552028336, 16.5507,56.527686603833, 15.2163,10,16.67896,11,11.30737,-0.986236,187.206208,0,0,0,0
56.361188702751, 16.9493,56.5445360043086, 17.3548,10,16.67905,11,11.46008,-0.310455,185.862704,0,0,0,0
56.3771241032518, 17.7116,56.5623668045737, 17.4841,10,16.67938,11,12.04926,-0.607774,186.278,0,0,0,0
56.3947336026467, 16.9153,56.5782881048508, 16.4332,10,16.67945,11,11.70696,-0.074052,186.050704,0,0,0,0
56.4105913029052, 16.5828,56.5944998045452, 16.5224,10,16.67942,11,10.21018,-0.667999,185.550496,0,0,0,0
56.4277193029411, 16.1288,56.6123489052989, 18.2591,10,16.67925,11,10.81474,0.362942,185.495008,0,0,0,0
56.4443917036988, 18.2317,56.6278338055126, 15.073,10,16.67974,11,9.613155,0.154656,187.638896,0,0,0,0
56.462059204001, 15.9566,56.6447944059037, 17.1067,10,16.67951,11,12.02617,-0.927375,184.480608,0,0,0,0
56.4781506047584, 16.6422,56.6612912057899, 17.6769,10,16.6795,11,12.21445,-0.413836,185.6308,0,0,0,0
56.4945620042272, 16.735,56.6781649063341, 14.9254,10,16.67952,11,11.7785,0.868368,186.646096,0,0,0,0
56.5122358039953, 18.1621,56.6944635058753, 16.0673,10,16.67999,11,12.46186,-0.719524,184.842496,0,0,0,0
56.527686603833, 14.7389,56.7120764064603, 17.6313,10,16.67937,11,10.42064,0.353984,182.747392,0,0,0,0
56.5445360043086, 16.6868,56.7277826066129, 16.2599,10,16.67937,11,9.517975,0.075049,185.654704,0,0,0,0
56.5623668045737, 17.0615,56.7443326073699, 15.7349,10,16.67949,11,10.76184,-0.607509,185.202592,0,0,0,0
56.5782881048508, 15.5551,56.7621010071598, 18.1455,10,16.67914,11,10.08423,0.494125,183.901296,0,0,0,0
56.5944998045452, 16.0145,56.7777249072678, 16.571,10,16.67893,11,7.990024,-0.165334,186.492096,0,0,0,0
56.6123489052989, 17.9821,56.7947080065496, 16.6242,10,16.67934,11,12.34372,0.05777,187.048704,0,0,0,0
56.6278338055126, 15.6119,56.8125199065544, 17.7245,10,16.679,11,11.33735,-0.74343,185.690496,0,0,0,0
56.6447944059037, 16.642,56.8277682061307, 15.6931,10,16.67899,11,11.59211,-0.58143,187.803808,0,0,0,0
56.6612912057899, 17.8395,56.8439242052846, 16.6082,10,16.67936,11,12.33107,-0.065185,186.855392,0,0,0,0
56.6781649063341, 16.5843,56.8632277059369, 18.4624,10,16.67933,11,9.545734,-0.796138,185.624496,0,0,0,0
56.6944635058753, 16.5943,56.8778297058307, 14.0911,10,16.6793,11,10.10033,-0.298381,187.502208,0,0,0,0
56.7120764064603, 16.8419,56.8947496055625, 16.6819,10,16.67935,11,8.64733,-0.249354,185.000304,0,0,0,0
56.7277826066129, 16.36,56.91104350565, 17.0133,10,16.67925,11,12.20953,0.374437,184.840496,0,0,0,0
56.7443326073699, 16.6596,56.9282500050031, 16.4807,10,16.67924,11,12.14369,0.143765,185.494208,0,0,0,0
56.7621010071598, 17.175,56.9440589058213, 16.3262,10,16.6794,11,10.87084,-0.03921,185.315008,0,0,0,0
56.7777249072678, 15.1113,56.9617558061145, 17.638,10,16.67891,11,12.55718,0.280379,184.4668,0,0,0,0
56.7947080065496, 16.6198,56.9782117060386, 16.2014,10,16.67889,11,9.274354,0.268781,186.994,0,0,0,0
56.8125199065544, 17.6699,56.9947822052054, 16.2367,10,16.6792,11,10.86696,-1.204615,186.575008,0,0,0,0
56.8277682061307, 15.5948,57.0118145043962, 18.5461,10,16.67886,11,10.25344,0.415031,185.142304,0,0,0,0
56.8439242052846, 18.0221,57.0283543053083, 15.9956,10,16.67928,11,10.39201,0.250673,188.0944,0,0,0,0
56.8632277059369, 15.9487,57.0442791054957, 16.0775,10,16.67905,11,10.70972,-0.561902,186.067904,0,0,0,0
56.8778297058307, 18.8055,57.0611720061861, 16.7596,10,16.67972,11,10.29792,-0.173077,186.196304,0,0,0,0
56.8947496055625, 15.6698,57.0777729055844, 16.8978,10,16.6794,11,9.586115,-0.075199,184.151104,0,0,0,0
56.91104350565, 16.3312,57.0961121055298, 16.2311,10,16.67929,11,11.02697,-1.239333,185.3656,0,0,0,0
56.9282500050031, 16.514,57.1122463061474, 15.948,10,16.67924,10,8.185427,1.2032,185.278304,0,0,0,0
56.9440589058213, 15.9366,57.1280029057525, 17.7508,10,16.67901,9,10.3303,-0.349958,184.713696,0,0,0,0
56.9617558061145, 17.2331,57.1447442057543, 15.7031,10,16.67918,8,12.05048,-0.773664,186.5288,0,0,0,0
56.9782117060386, 16.9678,57.1623810059391, 18.124,10,16.67927,11,10.549,-0.38197,184.981792,0,0,0,0
56.9947822052054, 15.7084,57.1782963066362, 16.0725,10,16.67897,11,9.904133,-0.76127,186.1556,0,0,0,0
57.0118145043962, 17.2117,57.1958156074397, 17.7201,10,16.67913,11,11.0779,0.26333,186.519808,0,0,0,0
57.0283543053083, 15.8606,57.2110380078666, 15.4427,10,16.67888,11,7.354058,-1.349068,187.028704,0,0,0,0
57.0442791054957, 16.3038,57.2294700085185, 18.3727,10,16.67876,11,11.89636,-1.005482,186.610208,0,0,0,0
57.0611720061861, 17.1821,57.2440543086268, 14.4894,10,16.67892,11,11.36407,-0.727318,188.679808,0,0,0,0
57.0777729055844, 16.484,57.2623366084881, 18.3355,10,16.67886,11,11.05567,-0.865967,185.987696,0,0,0,0
57.1280029057525, 55.8622,57.2776379087009, 14.7553,10,16.69117,11,12.01577,-0.522316,187.838,0,0,0,0
57.1280029057525, 2.4602,57.2955298093148, 18.3907,8,16.6867,11,10.40877,-0.650379,146.731696,0,0,0,0
57.1280029057525, 1.8246,57.3109608092345, 15.7604,9,16.68203,11,10.99878,0.107558,162.6636,0,0,0,0
57.1447442057543, 8.8041,57.3285489086993, 18.344,10,16.67956,11,10.58662,-0.520065,176.599696,0,0,0,0
57.1623810059391, 16.118,57.3441814095713, 13.8979,10,16.67938,11,9.751167,0.302882,186.1392,0,0,0,0
57.1782963066362, 17.2079,57.3612838094123, 16.0368,10,16.67955,11,12.33422,1.001207,183.900496,0,0,0,0
57.1958156074397, 16.145,57.380183710251, 20.6014,10,16.67938,11,11.17128,-0.860426,182.748496,0,0,0,0
57.2110380078666, 15.7621,57.3954955101945, 15.3032,10,16.67909,11,12.06974,0.563241,187.186496,0,0,0,0
57.2294700085185, 17.4174,57.4118464109488, 16.8145,10,16.67932,11,9.962865,0.464032,186.746592,0,0,0,0
57.2440543086268, 15.5144,57.4275394105352, 15.3954,10,16.67896,11,9.385118,-0.631181,186.143504,0,0,0,0
57.2623366084881, 17.1478,57.444628410507, 17.5953,10,16.67911,11,10.25859,0.025006,186.0248,0,0,0,0
57.2776379087009, 17.4576,57.4621372097172, 18.0019,10,16.67935,11,9.616826,-0.330776,186.472608,0,0,0,0
57.2955298093148, 15.5781,57.4785893098451, 14.9122,10,16.679,11,12.31616,0.056733,187.016096,0,0,0,0
57.3109608092345, 16.1457,57.494601410348, 15.4139,10,16.67884,11,11.03307,-0.152017,186.350896,0,0,0,0
57.3285489086993, 17.1986,57.5107615110464, 16.2887,10,16.679,11,10.37788,0.128253,185.619696,0,0,0,0
57.3441814095713, 17.5676,57.5301088117994, 20.077,10,16.67928,11,11.22749,0.343027,184.71,0,0,0,0
57.3612838094123, 15.8442,57.5445178118534, 14.5835,10,16.67902,11,9.486876,-0.157794,187.220096,0,0,0,0
57.380183710251, 18.6252,57.5623472114094, 18.4776,10,16.67962,11,10.17577,-0.285215,185.958592,0,0,0,0
57.3954955101945, 14.5448,57.5787828122266, 16.047,10,16.67896,11,7.228517,-0.333376,185.812,0,0,0,0
57.4118464109488, 17.123,57.5946173113771, 16.5072,10,16.6791,11,10.42215,-0.979405,187.304192,0,0,0,0
57.4275394105352, 17.1213,57.6110098105855, 14.9183,10,16.67924,11,10.23977,-0.551817,186.698592,0,0,0,0
57.444628410507, 15.9313,57.6294945110567, 18.6466,10,16.679,11,10.00549,1.490521,184.472896,0,0,0,0
57.4621372097172, 17.842,57.6448875111528, 14.937,10,16.67937,11,11.33022,-0.097455,187.211696,0,0,0,0
57.4785893098451, 16.9117,57.6620190110989, 17.5765,10,16.67944,11,11.39998,-0.030085,184.307104,0,0,0,0
57.494601410348, 16.0569,57.6788386111148, 17.179,10,16.67924,11,11.8243,-0.506035,184.972304,0,0,0,0
57.5107615110464, 16.7031,57.6959444102831, 17.3384,10,16.67925,11,12.50502,-0.549455,186.053296,0,0,0,0
57.5301088117994, 16.8432,57.7121745110489, 16.2782,10,16.6793,11,10.09768,-0.035175,186.729792,0,0,0,0
57.5445178118534, 15.1501,57.7288886108436, 16.5113,10,16.67883,11,8.478055,-1.27678,186.164992,0,0,0,0
57.5623472114094, 17.2791,57.7449017115869, 16.0669,10,16.67901,11,9.932985,-0.537736,187.526304,0,0,0,0
57.5787828122266, 16.6901,57.7617755108513, 16.955,10,16.67901,11,9.561035,-0.4727,186.3144,0,0,0,0
57.5946173113771, 17.569,57.7786024105735, 17.0646,10,16.67929,11,9.328355,-0.119923,186.5792,0,0,0,0
57.6110098105855, 17.3404,57.7953084097244, 16.3124,10,16.6795,11,12.36567,-0.836311,186.076,0,0,0,0
57.6294945110567, 16.1565,57.8119134088047, 16.7839,10,16.67933,11,11.83898,-0.640709,185.030896,0,0,0,0
57.6448875111528, 17.5502,57.8285543085076, 17.544,10,16.67961,11,12.90444,-1.272196,185.656304,0,0,0,0
57.6620190110989, 16.8132,57.8451473084278, 14.7174,10,16.67965,11,12.1197,0.152317,185.669696,0,0,0,0
57.6788386111148, 14.5659,57.8621736080386, 17.049,10,16.67899,11,10.46922,-0.453791,183.574592,0,0,0,0
57.6959444102831, 17.1864,57.8784382087179, 16.1216,10,16.67915,11,10.55221,-1.079744,186.048192,0,0,0,0
57.7121745110489, 16.2449,57.8952962090261, 16.9664,10,16.67901,11,9.819109,0.732703,184.992896,0,0,0,0
57.7288886108436, 16.2944,57.9123260085471, 17.5147,10,16.67889,11,9.902096,-0.391067,185.714304,0,0,0,0
57.7449017115869, 16.5606,57.9290815093555, 17.0283,10,16.67886,11,11.10788,-0.043237,186.934096,0,0,0,0
57.7617755108513, 16.785,57.9446159093641, 15.8,10,16.67889,11,9.539591,0.015623,187.398304,0,0,0,0
57.7786024105735, 16.8864,57.9625603086315, 18.0484,10,16.67896,11,9.746144,0.483137,186.418208,0,0,0,0
57.7953084097244, 16.4563,57.9787242091261, 16.1168,10,16.67889,11,13.0187,-0.402523,187.5804,0,0,0,0
57.8119134088047, 17.023,57.9959425083362, 18.4911,10,16.67899,11,10.13487,0.820983,187.240704,0,0,0,0
57.8285543085076, 16.5273,58.0118302083574, 14.958,10,16.67895,11,12.16594,-0.285836,188.709504,0,0,0,0
57.8451473084278, 18.6039,58.028483109083, 16.2054,10,16.67954,11,10.86328,-0.110154,187.140896,0,0,0,0
57.8621736080386, 16.7137,58.0450701094232, 16.7799,10,16.67955,11,10.19206,-0.512054,184.7284,0,0,0,0
57.8784382087179, 16.8062,58.061919409316, 17.2692,10,16.67959,11,9.689323,-0.562623,184.8076,0,0,0,0
57.8952962090261, 16.4587,58.0791745088063, 17.4915,10,16.67952,11,10.03342,0.094145,185.2564,0,0,0,0
57.9123260085471, 17.1038,58.0949437092058, 14.926,10,16.67965,11,9.063436,-0.537993,186.305296,0,0,0,0
57.9290815093555, 14.4454,58.1128858099692, 16.9933,10,16.67896,11,9.054754,-0.239231,184.128608,0,0,0,0
57.9446159093641, 17.0037,58.1289958092384, 16.7228,10,16.67906,10,11.82575,-0.423138,186.676096,0,0,0,0
57.9625603086315, 16.7089,58.1459920085035, 17.2236,10,16.67907,11,9.273923,-0.119827,186.395696,0,0,0,0
57.9787242091261, 16.0654,58.1617036084644, 15.3197,10,16.67888,11,11.01836,-0.812437,186.9112,0,0,0,0
57.9959425083362, 16.9881,58.1791406082921, 16.8658,10,16.67898,11,10.67479,-0.245843,186.165408,0,0,0,0
58.0118302083574, 16.3123,58.1952140084468, 16.5658,10,16.67887,11,12.34003,0.288761,186.0344,0,0,0,0
58.028483109083, 16.7728,58.2133178091608, 18.0369,10,16.6789,11,12.10484,0.488976,186.297504,0,0,0,0
58.0450701094232, 17.1245,58.2295967093669, 16.1046,10,16.67903,11,10.20763,-0.810486,187.561408,0,0,0,0
58.061919409316, 16.5484,58.2457867092453, 16.5688,10,16.67899,11,9.846837,-0.521848,186.507296,0,0,0,0
58.0791745088063, 18.1596,58.2629730100743, 17.578,10,16.67945,11,10.18424,-0.142122,186.562592,0,0,0,0
58.0949437092058, 16.7748,58.2788492101245, 15.5828,10,16.67948,11,9.408739,0.91028,185.980896,0,0,0,0
58.1128858099692, 21.0025,58.2959158099256, 17.0329,10,16.68081,11,10.11682,-0.203795,184.789792,0,0,0,0
58.1289958092384, 13.1939,58.3127287100069, 17.2549,10,16.67974,11,10.48399,-0.74087,180.819904,0,0,0,0
58.1459920085035, 16.0902,58.3288465100341, 16.1514,10,16.67955,11,12.24425,0.879655,184.874096,0,0,0,0
58.1617036084644, 16.8055,58.3459205101244, 17.1903,10,16.67959,11,12.10012,-1.26072,184.941696,0,0,0,0
58.1791406082921, 16.4802,58.3619808102958, 16.8076,10,16.67953,11,10.84092,-0.536251,185.280496,0,0,0,0
58.1952140084468, 16.943,58.379406710621, 16.4117,10,16.67961,11,9.317795,0.26832,185.655104,0,0,0,0
58.2133178091608, 15.5858,58.3959175101481, 15.7501,10,16.67928,11,11.83467,0.108691,185.1248,0,0,0,0
58.2295967093669, 16.3024,58.4119426100515, 16.4515,10,16.67916,11,10.54735,-0.778681,185.2708,0,0,0,0
58.2457867092453, 17.5395,58.4293528101407, 17.0595,10,16.67942,11,10.85062,-0.400653,185.418592,0,0,0,0
58.2629730100743, 16.5611,58.4459991096519, 16.5736,10,16.67939,11,11.56095,-1.476353,184.934496,0,0,0,0
58.2788492101245, 16.4299,58.4617799087428, 16.3974,10,16.67931,11,9.70148,0.163519,184.971296,0,0,0,0
58.2959158099256, 16.671,58.4789988095872, 16.6733,10,16.67931,11,11.37501,-0.984409,184.9392,0,0,0,0
58.3127287100069, 15.6661,58.4963073092513, 16.9223,10,16.679,11,10.72028,-0.683638,184.942096,0,0,0,0
58.3288465100341, 16.205,58.5118167088367, 15.9437,10,16.67885,11,12.18105,-0.970751,186.198304,0,0,0,0
58.3459205101244, 17.2045,58.5290145096369, 17.1231,10,16.67901,11,11.96785,-0.452689,185.937296,0,0,0,0
58.3619808102958, 17.7883,58.5459605087526, 18.0142,10,16.67935,11,10.34418,-0.803766,185.855904,0,0,0,0
58.379406710621, 17.0872,58.5615971093066, 15.6164,10,16.67948,11,11.58811,-0.827522,186.082208,0,0,0,0
58.3959175101481, 16.1059,58.5788525086828, 17.0081,10,16.6793,11,12.71664,-0.448887,184.612192,0,0,0,0
58.4119426100515, 14.3235,58.5961804077961, 17.5693,10,16.67858,11,11.95725,-0.189952,185.495808,0,0,0,0
58.4293528101407, 19.5436,58.6118580070324, 15.675,10,16.67946,11,12.45059,0.006341,188.7604,0,0,0,0
58.4459991096519, 16.4771,58.6289622061886, 17.3378,10,16.6794,11,9.884866,2.452792,184.892608,0,0,0,0
58.4617799087428, 17.2624,58.6458747056313, 16.6135,10,16.67958,11,10.62962,-0.820242,185.732496,0,0,0,0
58.4789988095872, 16.2149,58.6619460047223, 16.3052,10,16.67943,11,9.619687,-0.724686,185.090592,0,0,0,0
58.4963073092513, 16.3571,58.6796346050687, 17.5766,10,16.67933,11,12.02735,-1.06913,185.188992,0,0,0,0
58.5118167088367, 17.3646,58.6960650053807, 16.7475,10,16.67954,11,11.01246,0.036016,186.415296,0,0,0,0
58.5290145096369, 15.816,58.7127603054978, 15.64,10,16.67928,11,10.02331,-0.063464,185.7988,0,0,0,0
58.5459605087526, 15.5198,58.7290930063464, 15.716,10,16.67893,11,6.937342,-0.36038,185.621904,0,0,0,0
58.5615971093066, 16.0613,58.7459365059622, 16.9207,10,16.67874,11,9.635686,0.02347,185.819008,0,0,0,0
58.5788525086828, 16.8783,58.7628307067789, 17.437,10,16.6788,11,11.82243,-0.080674,186.679104,0,0,0,0
58.5961804077961, 17.2961,58.779889407102, 16.2521,10,16.67899,11,12.69558,-1.183486,187.238208,0,0,0,0
58.6118580070324, 15.9792,58.7959213075228, 16.5848,10,16.67877,11,9.310164,-0.307898,186.184304,0,0,0,0
58.6289622061886, 17.095,58.8119495068677, 15.9009,10,16.6789,11,9.52728,-1.288152,186.799904,0,0,0,0
58.6458747056313, 16.5933,58.8298842073418, 18.447,10,16.67887,11,9.55653,-0.618397,185.606592,0,0,0,0
58.6619460047223, 16.3752,58.84634580696, 16.5595,10,16.67878,11,10.52437,-0.774391,187.460192,0,0,0,0
58.6796346050687, 17.659,58.8630150076933, 16.7367,10,16.67908,11,10.85779,-0.105862,187.6452,0,0,0,0
58.6960650053807, 17.6108,58.8803679072298, 17.1098,10,16.67937,11,12.1138,-0.602525,186.722592,0,0,0,0
58.7127603054978, 16.8027,58.8959568073042, 15.6743,10,16.6794,11,11.83095,-0.674486,186.206,0,0,0,0
58.7290930063464, 15.5548,58.912802007515, 17.92,10,16.67906,11,12.8951,-1.192047,185.094208,0,0,0,0
58.7459365059622, 16.9603,58.9301174082793, 15.7026,10,16.67915,11,10.22539,0.36377,187.459696,0,0,0,0
58.7628307067789, 17.3798,58.945894008968, 15.3898,10,16.67936,11,10.07706,0.40685,186.182592,0,0,0,0
58.779889407102, 16.3573,58.9629368097521, 17.2178,10,16.67926,11,8.719325,-0.385671,184.212,0,0,0,0
58.7959213075228, 16.5845,58.9801582102664, 17.5322,10,16.67923,11,10.81649,-1.006696,185.053792,0,0,0,0
58.8119495068677, 17.4436,58.9972751107998, 18.5315,10,16.67946,11,11.84355,0.225019,186.020704,0,0,0,0
58.8298842073418, 15.0666,59.0127988108434, 14.7316,10,16.67897,11,12.44683,-0.582466,187.082496,0,0,0,0
58.84634580696, 16.5948,59.0302735106088, 17.7641,10,16.67895,11,9.05635,1.835458,186.774,0,0,0,0
58.8630150076933, 16.7698,59.0461539109237, 15.6768,10,16.67898,11,9.173971,-0.785615,187.9436,0,0,0,0
58.8803679072298, 17.1097,59.0629269112833, 17.2756,10,16.67911,11,9.931996,-0.400343,186.851104,0,0,0,0
58.8959568073042, 15.848,59.0793040120043, 13.7911,10,16.67885,11,10.04998,0.365029,187.016992,0,0,0,0
58.912802007515, 18.4868,59.0990755115636, 22.1377,10,16.6794,11,9.219366,-0.52694,184.9604,0,0,0,0
58.9301174082793, 17.3675,59.1130464118905, 13.6808,10,16.67961,11,9.330242,-0.195115,188.592496,0,0,0,0
58.945894008968, 15.1334,59.1300530121662, 16.9369,10,16.67914,11,8.484015,0.260289,184.907104,0,0,0,0
58.9629368097521, 17.2393,59.145906212274, 15.711,10,16.67931,11,8.931143,-0.651647,186.722,0,0,0,0
58.9801582102664, 16.8253,59.1629077126272, 18.3745,10,16.67936,11,12.02777,-0.811734,185.201408,0,0,0,0
58.9972751107998, 15.8402,59.1796559118666, 14.9464,10,16.6791,11,9.99114,-0.174721,186.750304,0,0,0,0
59.0127988108434, 15.8324,59.1957624112256, 15.7903,10,16.67885,11,12.37982,-0.057619,185.857104,0,0,0,0
59.0302735106088, 17.8434,59.2138478108682, 17.8276,10,16.6792,10,11.32931,-0.748709,185.8148,0,0,0,0
59.0461539109237, 15.715,59.2301389114, 16.9361,10,16.67891,11,9.806047,-0.803674,185.8,0,0,0,0
59.0629269112833, 18.9926,59.2469155122526, 16.3855,10,16.67961,11,10.93893,0.212199,187.021296,0,0,0,0
59.0793040120043, 14.7102,59.2629720126279, 16.0636,10,16.67901,11,12.51062,-0.734201,184.395104,0,0,0,0
59.0990755115636, 20.2092,59.2802153122611, 17.2123,10,16.68008,10,9.246419,-0.37322,185.767392,0,0,0,0
59.1130464118905, 13.2669,59.2962333117612, 16.7845,10,16.67905,10,9.497309,-1.205269,182.764704,0,0,0,0
59.1300530121662, 17.0018,59.3138826121576, 17.3833,10,16.67914,11,8.839874,-0.906671,186.289296,0,0,0,0
59.145906212274, 16.4521,59.3288962119259, 15.7853,10,16.67908,11,12.0951,-0.082041,186.670592,0,0,0,0
59.1629077126272, 18.9074,59.3467738111503, 18.0343,10,16.67975,11,7.977001,-1.158872,186.004496,0,0,0,0
59.1796559118666, 16.6687,59.3636767105199, 15.8281,10,16.67975,11,10.97932,-0.233201,185.103296,0,0,0,0
59.1957624112256, 18.3877,59.3803380099125, 16.5081,10,16.68026,11,10.80167,-0.189946,184.2912,0,0,0,0
59.2138478108682, 15.107,59.3974374090321, 17.4112,10,16.67979,11,11.79907,-1.213072,182.4116,0,0,0,0
59.2301389114, 17.0258,59.413135508541, 15.3928,10,16.67989,11,10.79834,-0.841696,184.716608,0,0,0,0
59.2469155122526, 16.557,59.4299207092263, 17.1187,10,16.67985,11,9.826572,-0.260302,183.060192,0,0,0,0
59.2629720126279, 16.1667,59.4468126096763, 16.7328,10,16.6797,11,10.9245,-1.265614,183.645104,0,0,0,0
59.2802153122611, 17.2892,59.4626913093962, 15.9822,10,16.67988,11,10.37875,-0.886626,184.193696,0,0,0,0
59.2962333117612, 14.0032,59.4806457092054, 18.2462,10,16.67908,11,9.805372,-0.277312,182.905296,0,0,0,0
59.3138826121576, 16.4429,59.496566309128, 16.2235,10,16.679,11,10.7756,-0.250404,187.1484,0,0,0,0
59.3288962119259, 16.366,59.5143309091218, 17.8982,10,16.67891,11,10.1446,1.415913,186.929104,0,0,0,0
59.3467738111503, 18.2003,59.5306030088104, 15.7881,10,16.67937,11,8.943814,-0.495728,188.4436,0,0,0,0
59.3636767105199, 16.7451,59.5466903080232, 16.471,10,16.67939,11,11.57643,-0.275834,186.031008,0,0,0,0
59.3803380099125, 17.2249,59.5632648081519, 16.1348,10,16.67955,11,11.48331,-0.979296,185.757104,0,0,0,0
59.3974374090321, 16.4805,59.5794946090318, 16.6639,10,16.67949,11,10.3,0.312319,184.668608,0,0,0,0
59.413135508541, 16.4864,59.5966589082964, 16.9882,10,16.67944,11,10.31429,0.405189,184.870096,0,0,0,0
59.4299207092263, 16.251,59.6141617079265, 17.4027,10,16.67931,11,9.023528,0.242914,185.372096,0,0,0,0
59.4468126096763, 17.4038,59.6306491070427, 16.3694,10,16.67952,11,11.19263,-0.55163,186.504,0,0,0,0
59.4626913093962, 17.1774,59.6465120078065, 16.1139,10,16.67967,11,10.7911,-0.647369,185.469904,0,0,0,0
59.4806457092054, 14.5966,59.664764108602, 18.8683,10,16.67905,11,12.06608,0.505586,184.4268,0,0,0,0
59.496566309128, 16.3576,59.6802935083397, 14.8571,10,16.67895,11,10.13891,-0.593795,188.690304,0,0,0,0
59.5143309091218, 17.7478,59.6966682081111, 14.3912,10,16.67927,10,9.003186,-0.34222,187.198704,0,0,0,0
59.5306030088104, 15.9517,59.7137926076539, 18.1504,10,16.67905,9,9.86333,-1.039805,183.842208,0,0,0,0
59.5466903080232, 16.5748,59.7297846083529, 16.1307,10,16.67902,8,10.36417,0.262273,186.036496,0,0,0,0
59.5632648081519, 16.383,59.7484927088954, 19.2128,10,16.67893,11,10.41931,-0.642562,185.598,0,0,0,0
59.5794946090318, 16.4645,59.7641407088377, 15.5426,10,16.67887,11,8.627995,-1.051803,188.428,0,0,0,0
59.5966589082964, 16.7682,59.7795583088882, 14.8126,10,16.6789,11,10.77322,-0.437614,187.505904,0,0,0,0
59.6141617079265, 17.2344,59.796210909728, 16.8704,10,16.67906,11,10.87201,-0.320349,185.551104,0,0,0,0
59.6306491070427, 16.5186,59.8137404103763, 17.9077,10,16.67901,11,11.58123,-0.169196,185.178208,0,0,0,0
59.6465120078065, 16.0702,59.8302841098048, 16.8983,10,16.67883,11,9.436262,-1.155894,186.576096,0,0,0,0
59.664764108602, 19.0063,59.8473363094963, 16.9591,10,16.67953,11,10.922,-0.386203,187.395904,0,0,0,0
59.7137926076539, 53.3977,59.8631399092264, 15.1602,10,16.69053,11,11.45031,-0.048802,185.357904,0,0,0,0
59.7137926076539, 2.4183,59.8811864093877, 18.5192,8,16.68625,11,10.84375,-0.4092,147.120496,0,0,0,0
59.7137926076539, 0.6068,59.8967239097692, 15.1323,9,16.68144,11,10.3042,0.309626,163.2224,0,0,0,0
59.7297846083529, 9.5188,59.91421921039, 17.9984,10,16.6793,11,8.819894,0.144563,177.748896,0,0,0,0
59.7484927088954, 16.9072,59.9297291100956, 15.6347,10,16.67937,11,11.7535,-0.414351,186.228192,0,0,0,0
59.7641407088377, 16.3173,59.9471541107632, 17.7237,10,16.67926,11,11.2579,-0.230841,184.955104,0,0,0,0
59.7795583088882, 16.7889,59.9638716098852, 16.7029,10,16.67929,11,10.758,-0.17581,186.3424,0,0,0,0
59.796210909728, 16.6002,59.980302809272, 16.1154,10,16.67927,11,10.59047,0.343504,186.2764,0,0,0,0
59.8137404103763, 14.6346,59.9974847086705, 17.5854,10,16.67866,11,10.15414,-0.46398,185.776608,0,0,0,0
59.8302841098048, 18.7216,60.0163452089764, 16.6155,10,16.67926,11,10.79205,0.677368,188.742496,0,0,0,0
59.8473363094963, 17.3029,60.0300606093369, 15.6477,10,16.67945,11,10.43894,-1.001393,186.637104,0,0,0,0
59.8631399092264, 16.3774,60.0471398099326, 17.3463,10,16.67936,11,10.15261,-0.286749,184.9824,0,0,0,0
59.8811864093877, 16.4936,60.0631770095788, 15.8651,10,16.67931,11,10.0883,-0.263926,185.9516,0,0,0,0
59.8967239097692, 16.7508,60.0806019096635, 18.3028,10,16.67933,11,8.28058,-0.824008,185.297792,0,0,0,0
59.91421921039, 16.5257,60.0973242088221, 15.3885,10,16.67928,11,11.18523,-0.470446,186.875808,0,0,0,0
59.9297291100956, 15.2538,60.1138074095361, 16.0712,10,16.67886,11,9.610093,-0.404311,185.738096,0,0,0,0
59.9471541107632, 17.2557,60.1307377102785, 17.8956,10,16.67903,11,11.66675,1.089083,186.555392,0,0,0,0
59.9638716098852, 16.5397,60.1474034111015, 16.4301,10,16.67899,11,10.31583,-0.809156,187.195808,0,0,0,0
59.980302809272, 16.2082,60.164296710398, 16.9055,10,16.67885,11,9.662908,-0.043653,187.0868,0,0,0,0
59.9974847086705, 17.3109,60.1795278103091, 15.3563,10,16.67904,11,9.684646,0.916795,187.784496,0,0,0,0
60.0163452089764, 16.6032,60.1995588098653, 21.0002,10,16.67901,11,11.08971,-0.233803,185.829792,0,0,0,0
60.0300606093369, 16.3679,60.2143201096915, 12.9299,10,16.67892,11,11.23382,-0.476103,190.2176,0,0,0,0
60.0471398099326, 16.8148,60.2304720091633, 16.1398,10,16.67896,11,9.343456,0.700538,186.789696,0,0,0,0
60.0631770095788, 16.4287,60.2485072086565, 18.1339,10,16.67888,11,11.18995,0.442852,186.114896,0,0,0,0
60.0806019096635, 18.6458,60.2646119087003, 16.7213,10,16.67947,11,11.0745,-0.127823,187.820608,0,0,0,0
60.0973242088221, 17.1369,60.2801007083617, 16.3095,10,16.67961,11,9.534503,-0.319668,185.875392,0,0,0,0
60.1138074095361, 15.806,60.2969524092041, 14.1964,10,16.67935,11,9.766503,-0.437342,185.0516,0,0,0,0
60.1307377102785, 16.9396,60.314214009326, 19.9072,10,16.67942,10,10.45376,-0.018146,183.43,0,0,0,0
60.1474034111015, 16.5579,60.3312620087527, 15.4312,10,16.67939,11,9.195248,-1.161404,186.427392,0,0,0,0
60.164296710398, 15.8692,60.347361409571, 16.2688,10,16.67915,11,8.301423,-0.501152,185.301696,0,0,0,0
60.1795278103091, 16.0608,60.3643644093536, 17.5457,10,16.67896,11,10.66867,-0.743155,185.700896,0,0,0,0
60.1995588098653, 20.4813,60.3821464101784, 19.1877,10,16.68009,11,10.92914,0.026183,187.1856,0,0,0,0
60.2143201096915, 14.4738,60.3972005103715, 11.6551,10,16.67944,11,11.10175,-0.736465,185.8932,0,0,0,0
60.2304720091633, 17.0057,60.4140549101867, 18.0654,10,16.67953,10,9.851104,0.201558,183.074496,0,0,0,0
60.2485072086565, 16.6698,60.431162210647, 18.7482,10,16.67953,11,11.39405,-0.613694,184.134208,0,0,0,0
60.2646119087003, 15.2462,60.4484623097815, 16.2844,10,16.67911,11,10.38826,-0.178415,186.212096,0,0,0,0
60.2801007083617, 17.7204,60.4647228089161, 15.6972,10,16.67941,11,10.39922,-0.187561,187.2512,0,0,0,0
60.2969524092041, 17.7598,60.4806834091432, 17.0399,10,16.67974,11,8.727865,0.778199,185.227808,0,0,0,0
60.314214009326, 14.4941,60.4981786091812, 18.3031,10,16.67909,11,11.22484,0.205089,184.501696,0,0,0,0
60.3312620087527, 18.9375,60.5144489095546, 14.7373,10,16.67976,11,9.934294,-0.052109,188.317504,0,0,0,0
60.347361409571, 16.415,60.5309444093145, 16.1775,10,16.67968,11,10.88072,0.923575,184.1032,0,0,0,0
60.3643644093536, 14.597,60.5482341093011, 17.9373,10,16.67906,11,10.93266,-0.343012,183.866896,0,0,0,0
60.3821464101784, 19.584,60.5664012101479, 17.3274,10,16.67992,11,10.5072,-0.134182,187.222,0,0,0,0
60.3972005103715, 19.6784,60.5818888102658, 15.5757,10,16.68081,11,10.09431,1.023246,184.965904,0,0,0,0
60.4140549101867, 11.9379,60.5976753109135, 16.4155,10,16.67941,10,10.69191,0.256352,180.862592,0,0,0,0
60.431162210647, 15.4717,60.6148244109936, 17.9837,10,16.67905,11,10.64592,-0.206085,185.3416,0,0,0,0
60.4484623097815, 17.855,60.6320747104473, 16.332,10,16.6794,11,9.573212,0.948889,187.853296,0,0,0,0
60.4647228089161, 16.0233,60.6484760106541, 15.9349,10,16.6792,11,11.03728,-0.23495,186.301904,0,0,0,0
60.4806834091432, 15.9266,60.6645705108531, 17.1523,10,16.67898,11,10.36255,0.064549,186.2424,0,0,0,0
60.4981786091812, 19.045,60.6810080115683, 17.0227,10,16.67968,11,9.559248,-0.12854,187.459104,0,0,0,0
60.5144489095546, 14.7383,60.6978320111521, 15.3062,10,16.67911,11,9.806085,0.049803,185.4464,0,0,0,0
60.5309444093145, 17.8812,60.7144050118513, 17.2273,10,16.67946,11,9.960811,-0.294624,186.0144,0,0,0,0
60.5482341093011, 15.3921,60.730802711565, 16.4511,10,16.67908,11,8.38565,0.623176,185.360496,0,0,0,0
60.5664012101479, 17.5785,60.7486265120097, 18.6629,10,16.67935,11,9.993251,-0.371075,186.42,0,0,0,0
60.5818888102658, 21.4966,60.765645511914, 15.4622,10,16.68077,11,9.56544,-0.506825,187.5048,0,0,0,0
60.5976753109135, 10.3816,60.7812359123491, 15.93,10,16.67891,11,8.568697,0.593631,181.4704,0,0,0,0
60.6148244109936, 18.2141,60.7981504122727, 17.1659,10,16.67936,11,10.32412,-0.46137,187.0192,0,0,0,0
60.6320747104473, 16.6299,60.8144189114682, 16.3346,10,16.67935,11,10.93762,-0.149775,185.950096,0,0,0,0
60.6484760106541, 17.1209,60.8308395105414, 16.7307,10,16.67948,11,9.986175,0.933038,185.6568,0,0,0,0
60.6645705108531, 15.36,60.8505824110471, 18.7854,10,16.67909,11,10.40543,-0.467862,185.2864,0,0,0,0
60.6810080115683, 17.7806,60.8648803108372, 14.6941,10,16.67941,11,11.35217,-0.977619,188.712608,0,0,0,0
60.6978320111521, 16.9708,60.8813156099059, 16.6568,10,16.6795,11,9.88767,1.6372,185.6076,0,0,0,0
60.7144050118513, 14.9168,60.8977272105403, 17.4098,10,16.67898,11,9.997875,-0.444851,185.312496,0,0,0,0
60.730802711565, 16.4941,60.9154732101597, 16.1295,10,16.67893,11,10.05246,-0.201772,187.806096,0,0,0,0
60.7486265120097, 18.4513,60.9321975097992, 16.4244,10,16.67945,11,9.008662,-0.532175,187.440992,0,0,0,0
60.765645511914, 16.4283,60.9476782097481, 15.6863,10,16.67937,11,9.994119,-0.136868,185.415296,0,0,0,0
60.7812359123491, 16.9835,60.965429009404, 19.0994,10,16.67946,11,10.0667,-0.961209,184.652608,0,0,0,0
60.7981504122727, 15.2589,60.9821869092993, 15.6082,10,16.67904,11,8.283651,0.077384,186.769792,0,0,0,0
60.8144189114682, 16.0928,60.9978981087916, 15.4199,10,16.67887,11,10.87297,-0.132798,187.138896,0,0,0,0
60.8308395105414, 16.8487,61.0145605090074, 16.727,10,16.67892,11,10.87057,-0.239671,186.465904,0,0,0,0
60.8505824110471, 19.1073,61.0323800086044, 18.5463,10,16.67964,11,10.53847,0.113762,186.345104,0,0,0,0
60.8648803108372, 16.138,61.0480828094296, 14.9474,10,16.67948,11,10.73821,-0.032173,185.7644,0,0,0,0
60.8813156099059, 15.0031,61.0643604095094, 17.1078,10,16.67899,11,11.09172,-0.78175,184.594208,0,0,0,0
60.8977272105403, 18.8939,61.081184708979, 17.1115,10,16.67963,11,10.1342,-0.571409,186.698304,0,0,0,0
60.9154732101597, 16.072,61.1008867095225, 18.4957,10,16.67946,11,10.61227,-0.627326,184.916496,0,0,0,0
60.9321975097992, 17.1075,61.1155418097042, 14.8531,10,16.67958,11,11.05484,-0.555582,187.340704,0,0,0,0
60.9476782097481, 16.0591,61.1326491101645, 17.0869,10,16.6794,11,9.190073,0.442262,185.087008,0,0,0,0
60.965429009404, 17.3971,61.1477473103441, 16.4879,10,16.67961,11,9.86935,-0.458294,186.091392,0,0,0,0
60.9821869092993, 16.1013,61.1644376111217, 16.2954,10,16.67944,11,10.47661,-0.33245,185.206208,0,0,0,0
60.9978981087916, 15.9387,61.1844514110126, 19.0566,10,16.67922,11,10.39843,0.444492,185.400992,0,0,0,0
61.0145605090074, 17.2244,61.197564010974, 11.9201,10,16.67938,11,10.18018,-0.23059,188.499104,0,0,0,0
61.0323800086044, 17.1825,61.2155966102146, 19.0958,10,16.67953,10,10.62804,0.602963,183.2148,0,0,0,0
61.0480828094296, 16.3151,61.2323071095161, 16.6711,10,16.67942,11,11.35379,-0.818817,185.127296,0,0,0,0
61.0643604095094, 15.536,61.2490564095788, 17.9702,10,16.67909,11,10.28535,0.883691,185.4848,0,0,0,0
61.081184708979, 16.2639,61.2648983090185, 17.0011,10,16.67897,11,11.26651,-1.180233,187.919296,0,0,0,0
61.1008867095225, 19.0737,61.280494808685, 13.6223,10,16.67967,11,9.81989,0.372008,188.657104,0,0,0,0
61.1155418097042, 15.978,61.2988245091401, 18.8768,10,16.67946,11,10.42994,-0.961698,183.205696,0,0,0,0
61.1326491101645, 15.6169,61.3151408093981, 16.6799,10,16.67915,11,9.390117,0.268853,186.085792,0,0,0,0
61.1477473103441, 15.9425,61.3318308102898, 17.8613,10,16.67894,11,10.62781,-0.987452,187.168096,0,0,0,0
61.1644376111217, 16.5791,61.3480670112185, 14.5263,10,16.67891,11,8.935533,-0.08289,189.084096,0,0,0,0
61.1844514110126, 19.2368,61.3649218115024, 16.9237,10,16.67966,11,11.12649,-1.13359,187.034704,0,0,0,0
61.197564010974, 16.8409,61.3821959118359, 17.4647,10,16.6797,11,9.470998,-0.700468,184.701296,0,0,0,0
61.2155966102146, 15.9172,61.3983660112135, 17.1896,10,16.67948,11,11.39085,-0.211885,185.346304,0,0,0,0
61.2323071095161, 16.8549,61.4142800117843, 13.0641,10,16.67953,11,9.684952,0.13339,186.618896,0,0,0,0
61.2490564095788, 16.0154,61.4321152116172, 18.9481,10,16.67934,11,10.60419,-0.193368,182.808704,0,0,0,0
61.2648983090185, 17.2374,61.4483366119675, 15.0553,10,16.6795,10,8.94029,-1.166665,185.753696,0,0,0,0
61.280494808685, 16.6111,61.4641375127248, 15.3636,10,16.67948,10,11.72227,-0.778,183.5724,0,0,0,0
61.2988245091401, 17.4679,61.4820511131547, 20.5604,10,16.67971,10,12.36779,0.049998,182.332608,0,0,0,0
61.3151408093981, 14.6388,61.4978276132606, 16.3488,10,16.67912,11,8.44821,-0.164667,185.4252,0,0,0,0
61.3318308102898, 18.4497,61.514713013079, 14.5489,10,16.67963,11,9.822268,-0.847504,187.126592,0,0,0,0
61.3480670112185, 17.722,61.5307394131087, 17.6865,10,16.67993,10,9.686965,-1.369147,183.215008,0,0,0,0
61.3649218115024, 14.2851,61.5487822121941, 18.009,10,16.67924,11,10.973,1.247103,183.199696,0,0,0,0
61.3821959118359, 16.7967,61.5648875120096, 17.0704,10,16.67927,11,10.0578,-0.958598,186.923904,0,0,0,0
61.3983660112135, 18.3952,61.5820404118858, 15.0761,10,16.67977,11,8.735667,0.173077,187.197792,0,0,0,0
61.4142800117843, 14.9136,61.5981814111583, 16.608,10,16.67926,11,10.5028,-0.069935,183.871904,0,0,0,0
61.4321152116172, 19.2642,61.6149704116397, 17.1008,10,16.68001,11,11.77015,-0.90195,185.5736,0,0,0,0
61.4483366119675, 16.5793,61.6318942117505, 18.1445,10,16.67998,11,12.1608,-1.203942,183.4108,0,0,0,0
61.4641375127248, 17.9295,61.6482449113391, 14.6096,10,16.68034,11,8.764098,0.60136,184.976304,0,0,0,0
61.4820511131547, 13.3534,61.6651974110864, 15.6575,10,16.67938,11,10.86272,-0.667475,181.656608,0,0,0,0
61.4978276132606, 18.2867,61.6830837107264, 17.6419,10,16.67984,10,9.065835,-0.232881,183.960704,0,0,0,0
61.514713013079, 17.0736,61.6990787102841, 15.9197,10,16.67996,9,9.69915,-0.082729,183.316192,0,0,0,0
61.5307394131087, 13.7779,61.7147383107804, 16.7516,10,16.67912,8,9.871542,0.34078,182.163008,0,0,0,0
61.5487822121941, 17.1493,61.7317759110592, 17.3375,10,16.67925,11,11.63354,-0.158069,185.136304,0,0,0,0
61.5648875120096, 17.6904,61.7496668114327, 19.1678,10,16.67954,11,9.661275,-0.090683,185.325504,0,0,0,0
61.5820404118858, 15.8065,61.7651750114746, 15.4676,10,16.67929,11,11.40928,-0.744277,186.782496,0,0,0,0
61.5981814111583, 17.2834,,10,16.67947,11,10.51503,-0.545235,186.464,0,0,0,0
61.6149704116397, 14.8328,,10,16.67893,,10.01682,-0.411225,,0,0,0,0
61.6318942117505, 18.8304,,10,16.67956,,9.358069,-0.37528,,0,0,0,0
61.6482449113391, 17.2697,,10,16.67973,,9.759583,-0.449366,,0,0,0,0
61.6990787102841, 54.6846,,10,16.69072,,9.928977,-0.502058,,0,0,0,0
61.6990787102841, 2.2849,,8,16.68655,,10.54154,-0.592503,,0,0,0,0
61.6990787102841, 0.7214,,9,16.68194,,10.26593,-0.282045,,0,0,0,0
61.7147383107804, 7.5845,,10,16.67931,,9.88148,-0.657597,,0,0,0,0
61.7317759110592, 17.1149,,10,16.67943,,10.24817,-0.487189,,0,0,0,0
61.7496668114327, 16.6961,,10,16.67944,,10.14566,-0.119212,,0,0,0,0
61.7651750114746, 15.169,,10,16.679,,9.282203,-0.000466,,0,0,0,0
61.7651750114746, 18.498,,10,16.67953,,11.24424,-1.202229,,0,0,0,0
,,11,,,10.8759,0.021907,,0,0,0,0
,,,,,11.43379,-0.439266,,0,0,0,0
,,,,,11.14771,0.029651,,0,0,0,0
,,,,,10.31397,-0.663928,,0,0,0,0
,,,,,9.965429,-0.708394,,0,0,0,0
,,,,,10.84589,-0.808789,,0,0,0,0
,,,,,9.478266,-0.696421,,0,0,0,0
,,,,,10.03845,-0.062313,,0,0,0,0
,,,,,8.226728,-1.008862,,0,0,0,0
,,,,,9.951394,0.28556,,0,0,0,0
,,,,,10.42669,-0.261918,,0,0,0,0
,,,,,10.32562,0.053346,,0,0,0,0
,,,,,9.736313,-0.927308,,0,0,0,0
,,,,,8.922362,-0.180301,,0,0,0,0
,,,,,10.66904,-0.773133,,0,0,0,0
,,,,,10.22202,0.639154,,0,0,0,0
,,,,,10.32325,0.212578,,0,0,0,0
,,,,,9.779308,-0.243082,,0,0,0,0
,,,,,11.1405,0.256693,,0,0,0,0
,,,,,10.95513,-0.545996,,0,0,0,0
,,,,,11.06875,-0.147208,,0,0,0,0
,,,,,9.711422,-0.026517,,0,0,0,0
,,,,,10.28668,-0.589515,,0,0,0,0
,,,,,10.39841,-0.212968,,0,0,0,0
,,,,,9.499096,-0.825582,,0,0,0,0
,,,,,10.59761,-0.060236,,0,0,0,0
,,,,,10.24342,-0.233816,,0,0,0,0
,,,,,9.667115,-0.87012,,0,0,0,0
,,,,,10.19667,-0.147601,,0,0,0,0
,,,,,9.685282,-0.19156,,0,0,0,0
,,,,,9.557236,-1.087857,,0,0,0,0
,,,,,9.825116,-0.581033,,0,0,0,0
,,,,,10.75532,0.077133,,0,0,0,0
,,,,,10.9826,-1.105002,,0,0,0,0
,,,,,10.60426,-0.567447,,0,0,0,0
,,,,,10.71056,-0.316828,,0,0,0,0
,,,,,10.99323,-1.415854,,0,0,0,0
,,,,,11.00037,-0.785691,,0,0,0,0
,,,,,10.756,-0.159389,,0,0,0,0
,,,,,11.49205,-1.219476,,0,0,0,0
,,,,,11.04903,-0.717249,,0,0,0,0
,,,,,9.713654,-0.498949,,0,0,0,0
,,,,,10.77739,-1.093223,,0,0,0,0
,,,,,10.44849,-0.075004,,0,0,0,0
,,,,,9.557476,-0.299184,,0,0,0,0
,,,,,10.56265,-0.328549,,0,0,0,0
,,,,,9.903949,-0.650751,,0,0,0,0
,,,,,9.971023,-0.47061,,0,0,0,0
,,,,,10.3451,-0.270855,,0,0,0,0
,,,,,9.447684,0.112286,,0,0,0,0
,,,,,9.374049,-0.534274,,0,0,0,0
,,,,,10.42025,-1.196406,,0,0,0,0
,,,,,11.38251,0.03213,,0,0,0,0
,,,,,11.14215,-0.129044,,0,0,0,0
,,,,,10.38481,-0.161792,,0,0,0,0
,,,,,10.81347,0.506632,,0,0,0,0
,,,,,10.90241,-0.581574,,0,0,0,0
,,,,,11.67447,-0.412728,,0,0,0,0
,,,,,9.920244,0.214769,,0,0,0,0
,,,,,10.04009,-0.687543,,0,0,0,0
,,,,,9.983568,-0.320086,,0,0,0,0
,,,,,9.553074,0.223501,,0,0,0,0
,,,,,10.55903,0.656244,,0,0,0,0
,,,,,9.318631,-0.503358,,0,0,0,0
,,,,,10.29524,0.307196,,0,0,0,0
,,,,,11.58729,-0.491103,,0,0,0,0
,,,,,11.0488,-0.44831,,0,0,0,0
,,,,,10.19516,-0.715317,,0,0,0,0
,,,,,8.336258,0.728672,,0,0,0,0
,,,,,10.2938,-0.438208,,0,0,0,0
,,,,,9.208603,-0.015855,,0,0,0,0
,,,,,10.21181,-0.830299,,0,0,0,0
,,,,,9.617517,-0.507075,,0,0,0,0
,,,,,12.50653,-0.448425,,0,0,0,0
,,,,,7.050308,-1.021471,,0,0,0,0
,,,,,10.04566,0.390283,,0,0,0,0
,,,,,9.789299,0.000396,,0,0,0,0
,,,,,10.75727,0.040604,,0,0,0,0
,,,,,9.068125,-0.54965,,0,0,0,0
,,,,,10.80077,0.03445,,0,0,0,0
,,,,,11.67622,-0.63435,,0,0,0,0
,,,,,10.5445,0.334774,,0,0,0,0
,,,,,10.2867,-1.335531,,0,0,0,0
,,,,,10.58315,-0.137441,,0,0,0,0
,,,,,11.20045,0.09459,,0,0,0,0
,,,,,10.66875,0.072701,,0,0,0,0
,,,,,10.56273,0.490948,,0,0,0,0
,,,,,9.859331,-0.484645,,0,0,0,0
,,,,,10.75344,-0.38408,,0,0,0,0
,,,,,9.39891,-0.175186,,0,0,0,0
,,,,,10.2515,-0.95051,,0,0,0,0
,,,,,10.42255,0.255316,,0,0,0,0
,,,,,9.689245,-0.509531,,0,0,0,0
,,,,,10.97838,0.579218,,0,0,0,0
,,,,,10.54039,0.161246,,0,0,0,0
,,,,,10.48641,-0.433407,,0,0,0,0
,,,,,11.17878,-0.530529,,0,0,0,0
,,,,,9.617931,-0.974362,,0,0,0,0
,,,,,10.07378,-0.510231,,0,0,0,0
,,,,,8.855854,0.332373,,0,0,0,0
,,,,,9.748307,0.143011,,0,0,0,0
,,,,,9.959029,-0.672303,,0,0,0,0
,,,,,10.50316,0.882265,,0,0,0,0
,,,,,10.51823,-0.255164,,0,0,0,0
,,,,,10.21043,-0.577893,,0,0,0,0
,,,,,9.486189,-0.146422,,0,0,0,0
,,,,,9.799003,-0.778451,,0,0,0,0
,,,,,10.35884,1.097752,,0,0,0,0
,,,,,8.176664,0.182587,,0,0,0,0
,,,,,10.00029,-1.07257,,0,0,0,0
,,,,,12.28942,-1.113059,,0,0,0,0
,,,,,10.82495,-0.268525,,0,0,0,0
,,,,,11.37045,-0.39648,,0,0,0,0
,,,,,8.835813,-0.026945,,0,0,0,0
,,,,,9.97417,-0.905396,,0,0,0,0
,,,,,11.84166,0.459343,,0,0,0,0
,,,,,11.65082,-0.694663,,0,0,0,0
,,,,,10.42348,0.13551,,0,0,0,0
,,,,,10.20475,-1.027071,,0,0,0,0
,,,,,9.926996,-0.298327,,0,0,0,0
,,,,,11.44536,-0.246255,,0,0,0,0
,,,,,9.607163,-0.509942,,0,0,0,0
,,,,,11.15529,0.010912,,0,0,0,0
,,,,,9.837971,0.330877,,0,0,0,0
,,,,,10.88363,-0.787335,,0,0,0,0
,,,,,9.840655,-0.405354,,0,0,0,0
,,,,,9.817542,-1.030014,,0,0,0,0
,,,,,10.38229,-0.268799,,0,0,0,0
,,,,,9.475423,-0.248969,,0,0,0,0
,,,,,9.541835,-0.433475,,0,0,0,0
,,,,,10.57215,-0.201922,,0,0,0,0
,,,,,9.907114,-0.151946,,0,0,0,0
,,,,,10.7103,-0.008834,,0,0,0,0
,,,,,9.097369,-1.463181,,0,0,0,0
,,,,,10.38918,1.883055,,0,0,0,0
,,,,,10.99952,-0.003937,,0,0,0,0
,,,,,9.779346,-0.510475,,0,0,0,0
,,,,,10.03253,0.853191,,0,0,0,0
,,,,,9.808281,0.273159,,0,0,0,0
,,,,,11.13175,-0.926648,,0,0,0,0
,,,,,6.813737,-0.760263,,0,0,0,0
,,,,,10.55727,-0.161278,,0,0,0,0
,,,,,11.10391,0.167234,,0,0,0,0
,,,,,9.650441,-0.417123,,0,0,0,0
,,,,,9.608948,-0.100601,,0,0,0,0
,,,,,9.975263,0.942737,,0,0,0,0
,,,,,12.46588,-0.581984,,0,0,0,0
,,,,,9.236766,-0.442805,,0,0,0,0
,,,,,10.48262,-0.026011,,0,0,0,0
,,,,,10.8988,0.59124,,0,0,0,0
,,,,,10.03466,0.158244,,0,0,0,0
,,,,,7.527884,-0.538759,,0,0,0,0
,,,,,12.5556,0.281061,,0,0,0,0
,,,,,11.16761,-0.173418,,0,0,0,0
,,,,,9.10016,-0.262924,,0,0,0,0
,,,,,9.497356,0.300915,,0,0,0,0
,,,,,10.47966,0.056334,,0,0,0,0
,,,,,10.11984,0.595788,,0,0,0,0
,,,,,8.497518,-0.302658,,0,0,0,0
,,,,,10.45182,0.166332,,0,0,0,0
,,,,,10.95039,0.72167,,0,0,0,0
,,,,,9.699766,0.397723,,0,0,0,0
,,,,,9.052512,-0.144055,,0,0,0,0
,,,,,10.15706,-0.401244,,0,0,0,0
,,,,,10.42167,-0.259757,,0,0,0,0
,,,,,9.11923,-0.391356,,0,0,0,0
,,,,,9.464977,-0.652437,,0,0,0,0
,,,,,10.21165,0.507637,,0,0,0,0
,,,,,9.739944,-0.91001,,0,0,0,0
,,,,,9.398057,-0.251383,,0,0,0,0
,,,,,10.77056,0.005654,,0,0,0,0
,,,,,10.22494,-0.413491,,0,0,0,0
,,,,,10.45336,-0.692464,,0,0,0,0
,,,,,8.47101,0.403213,,0,0,0,0
,,,,,9.688183,-0.000223,,0,0,0,0
,,,,,10.43875,-0.2466,,0,0,0,0
,,,,,9.951891,-0.557985,,0,0,0,0
,,,,,10.29706,0.54678,,0,0,0,0
,,,,,10.24679,0.616923,,0,0,0,0
,,,,,8.140723,-0.632859,,0,0,0,0
,,,,,10.1265,0.448941,,0,0,0,0
,,,,,10.15069,0.541631,,0,0,0,0
,,,,,9.42272,-0.46031,,0,0,0,0
,,,,,9.972277,-0.455634,,0,0,0,0
,,,,,10.22946,0.656582,,0,0,0,0
,,,,,11.22486,-0.294349,,0,0,0,0
,,,,,8.802869,-0.701373,,0,0,0,0
,,,,,9.87461,-0.552263,,0,0,0,0
,,,,,11.13633,0.630968,,0,0,0,0
,,,,,11.08762,0.4559,,0,0,0,0
,,,,,9.223149,0.817437,,0,0,0,0
,,,,,10.94857,-0.764316,,0,0,0,0
,,,,,10.52956,-0.709954,,0,0,0,0
,,,,,10.09693,0.766237,,0,0,0,0
,,,,,8.2833,-0.939818,,0,0,0,0
,,,,,10.10956,0.406827,,0,0,0,0
,,,,,9.703216,0.435547,,0,0,0,0
,,,,,9.893454,0.495516,,0,0,0,0
,,,,,10.28016,-0.320722,,0,0,0,0
,,,,,7.905118,-1.379822,,0,0,0,0
,,,,,12.66737,0.259498,,0,0,0,0
,,,,,10.24935,-0.098312,,0,0,0,0
,,,,,10.25968,-0.093128,,0,0,0,0
,,,,,8.969222,-0.532259,,0,0,0,0
,,,,,8.650622,-0.355893,,0,0,0,0
,,,,,11.7075,0.188869,,0,0,0,0
,,,,,9.509412,-0.264803,,0,0,0,0
,,,,,9.511228,-1.044974,,0,0,0,0
,,,,,8.328959,0.115969,,0,0,0,0
,,,,,10.48379,-0.343188,,0,0,0,0
,,,,,10.23823,-1.226096,,0,0,0,0
,,,,,9.455003,0.030725,,0,0,0,0
,,,,,8.946274,-0.894551,,0,0,0,0
,,,,,12.56243,-0.680994,,0,0,0,0
,,,,,10.29329,-1.336837,,0,0,0,0
,,,,,11.9203,0.014948,,0,0,0,0
,,,,,13.21218,-0.546304,,0,0,0,0
,,,,,9.354751,-0.070149,,0,0,0,0
,,,,,9.685694,-0.634941,,0,0,0,0
,,,,,11.81784,-0.515408,,0,0,0,0
,,,,,10.80975,-0.27294,,0,0,0,0
,,,,,9.481104,-0.628495,,0,0,0,0
,,,,,9.090049,-0.32912,,0,0,0,0
,,,,,10.69304,-0.965545,,0,0,0,0
,,,,,10.76561,0.19463,,0,0,0,0
,,,,,10.34604,-0.812195,,0,0,0,0
,,,,,8.879395,-0.443003,,0,0,0,0
,,,,,10.95012,0.697563,,0,0,0,0
,,,,,11.97635,-0.478076,,0,0,0,0
,,,,,11.01397,-0.518479,,0,0,0,0
,,,,,11.7739,,,0,0,0,0
,,,,,11.7,,,0,0,0,0
,,,,,11.04354,,,0,0,0,0
,,,,,8.555476,,,0,0,0,0
,,,,,9.767579,,,0,0,0,0
