5.01693269144744, 15.4629,5.03448829147965, 18.3106,0,15.4629,0,-31.03313,0.165233,9.772,450
5.03448829147965, 17.0433,5.04814969189465, 11.5631,0,16.2531,0,-3.038633,-0.459034,11.9843,450
5.04814969189465, 15.9429,5.06528529152274, 18.7946,0,16.1497,0,16.36777,-0.729101,7.3281,450
5.06528529152274, 17.2882,5.08118919096887, 15.929,0,16.43432,0,14.96143,0.495032,10.1801,450
5.08118919096887, 16.8797,5.09727139025927, 14.3993,0,16.5234,0,16.7864,-0.953835,8.8135,450
5.09727139025927, 16.8764,5.11573499068618, 18.5414,0,16.58223,0,17.10617,0.934098,6.3309,450
5.11573499068618, 16.5875,5.13019839022309, 14.5042,0,16.58298,0,15.80124,0.564131,8.0073,450
5.13019839022309, 17.524,5.14812179002911, 17.9593,0,16.70061,0,17.2924,-0.523436,5.9245,450
5.14812179002911, 16.4113,5.1640902897343, 17.861,0,16.66847,0,15.38297,-0.199903,6.3591,450
5.1640902897343, 16.6029,5.18169288989156, 15.7604,0,16.66191,0,15.80034,-0.84857,7.808,450
5.18169288989156, 16.0231,5.19725469034165, 17.0865,0,16.60384,0,16.8982,0.145963,6.9701,450
5.19725469034165, 17.2837,5.21469109039754, 15.9483,0,16.66049,0,16.50477,-0.365104,8.0338,450
5.21469109039754, 16.2539,5.23111539054662, 17.836,0,16.62922,0,17.17704,-0.882171,6.6985,450
5.23111539054662, 17.2785,5.24728399049491, 15.8543,0,16.67559,0,16.155,-0.570638,8.2804,450
5.24728399049491, 17.3922,5.2644128901884, 15.8644,0,16.72337,0,16.66757,-1.046205,6.8566,450
5.2644128901884, 15.1308,5.28009169083089, 16.9662,0,16.62383,0,17.25494,0.239628,5.3294,450
5.28009169083089, 17.2115,5.29732899088413, 17.5438,0,16.6584,0,16.9055,0.237061,7.1638,450
5.29732899088413, 17.8062,5.31398869026452, 15.0651,0,16.72217,0,17.40227,0.478594,7.4886,450
5.31398869026452, 16.6211,5.33173848967999, 19.1012,0,16.71685,0,16.09744,-1.137973,4.7587,450
5.33173848967999, 16.7754,5.34740799013525, 14.3958,0,16.71977,0,16.13391,-0.22744,7.2393,450
5.34740799013525, 16.866,5.36420348938555, 17.8484,0,16.72674,0,15.92997,-1.013007,4.8602,450
5.36420348938555, 15.3083,5.38145678956062, 16.2451,0,16.66226,0,15.67384,0.493626,5.8426,450
5.38145678956062, 16.2018,5.3973687896505, 17.5735,0,16.64224,0,14.85161,-0.556741,6.7789,450
5.3973687896505, 16.9864,5.41457888949662, 15.7182,0,16.65658,0,17.21677,-1.008708,8.1509,450
5.41457888949662, 17.1071,5.43122349027544, 17.9923,0,16.6746,0,15.81104,-0.070475,6.883,450
5.43122349027544, 16.3045,5.44812949094921, 15.2673,0,16.66037,0,16.91811,-0.349142,7.7688,450
5.44812949094921, 18.4554,5.46449059154838, 17.9046,0,16.72685,0,17.38668,-0.416909,6.7316,450
5.46449059154838, 14.2867,5.48143609147519, 17.1476,0,16.6397,0,16.46694,0.019724,6.1813,450
5.48143609147519, 17.6837,5.49738579150289, 14.1859,0,16.6757,0,16.49611,-0.030743,9.0425,450
5.49738579150289, 18.242,5.51470229122788, 18.764,0,16.72791,0,16.34938,0.890833,5.5447,450
5.51470229122788, 15.6586,5.53130649123341, 16.7159,0,16.69342,0,16.30604,-0.029834,6.0669,450
5.53130649123341, 17.2902,5.54775949101895, 14.9347,0,16.71207,0,-53.98419,-0.796401,7.125,450
5.54775949101895, 16.781,5.56462439056486, 18.2014,0,16.71416,0,7.163767,-0.120168,4.7663,450
5.56462439056486, 16.5844,5.58109648991376, 16.8348,0,16.71034,0,10.37853,0.458265,6.1864,450
5.58109648991376, 16.5356,5.59821708966047, 15.5515,0,16.70535,0,7.752401,-0.338402,6.4422,450
5.59821708966047, 17.0074,5.61459739040583, 18.0748,0,16.71374,0,10.10467,0.048831,5.4583,450
5.61459739040583, 15.0209,5.63111019041389, 16.263,0,16.66799,0,9.824635,-0.396336,6.5261,450
5.63111019041389, 14.6834,5.64769409131259, 17.0001,0,16.61576,0,8.506002,-1.001703,7.7681,450
5.64769409131259, 18.5274,5.66427029203624, 16.1283,0,16.66478,0,9.765969,-0.83117,10.0849,450
5.66427029203624, 16.7747,5.68099179212004, 15.1998,0,16.66752,0,6.404036,-0.795737,7.6864,450
5.68099179212004, 16.9992,5.69950859155506, 18.455,0,16.67561,0,11.8277,-0.151004,6.1122,450
5.69950859155506, 16.9188,5.71462239138782, 15.1136,0,16.6814,0,10.75907,0.315529,7.5683,450
5.71462239138782, 16.6158,5.73309699073434, 18.3835,0,16.67988,0,10.71774,-1.134338,5.7635,450
5.73309699073434, 16.469,5.74827139079571, 16.8133,0,16.67509,0,11.9488,-0.390805,7.5314,450
5.74827139079571, 17.2761,5.76434879004955, 14.4807,0,16.68844,0,9.832871,-0.086372,7.8754,450
5.76434879004955, 16.2438,5.78106719069183, 18.2469,0,16.67878,0,7.718838,0.177361,5.0802,450
5.78106719069183, 16.3416,5.79729309119284, 15.0014,0,16.6716,0,10.9166,-0.335506,7.0836,450
5.79729309119284, 17.0285,5.81465019099414, 18.8282,0,16.67904,0,10.33427,-0.444973,5.7437,450
5.98202719166875, 172.2195,5.99819989129901, 182.6468,0,19.85333,0,11.52964,-0.74314,7.5437,450
5.98202719166875, 2.0213,5.99819989129901, 6.0245,0,19.49669,9,9.235206,-0.245707,21.9778,450
5.98202719166875, 1.4874,6.01506799086928, 12.0397,1,19.14357,9,9.504673,-0.013074,38.0136,450
5.98202719166875, 0.4658,6.01506799086928, 5.9483,2,18.78438,7,11.63854,0.230059,49.5247,450
5.98202719166875, 2.2893,6.03284019045532, 9.8194,3,18.47315,6,10.58611,-0.720008,64.0046,450
5.98202719166875, 0.4498,6.03284019045532, 4.4306,4,18.13939,5,10.02317,-0.398575,78.798096,450
5.98202719166875, 1.2206,6.0481784902513, 12.5373,5,17.83177,4,9.660241,-0.563542,80.276496,450
5.98202719166875, 1.2827,6.0481784902513, 4.4449,6,17.53625,3,9.510408,-0.314809,63.6799,450
5.98202719166875, 1.0369,6.0652559902519, 12.5258,7,17.24679,2,12.18727,0.062824,45.7106,450
5.98202719166875, 1.2794,6.0652559902519, 4.5834,8,16.97149,2,9.722442,-0.377943,40.3895,450
5.98202719166875, 0.9659,6.08137769065797, 11.6083,9,16.70021,2,10.03161,-0.27251,39.5487,450
5.99819989129901, 13.7754,6.08137769065797, 4.6118,10,16.65146,2,10.11728,0.091723,40.3555,450
6.01506799086928, 15.5857,6.09903539158404, 12.8558,9,16.63399,2,9.475543,-0.628044,38.2533,450
6.03284019045532, 18.3075,6.09903539158404, 4.4398,8,16.66098,2,11.82981,-0.521311,39.8531,450
6.0481784902513, 17.1187,6.11467929184437, 11.5328,7,16.66825,2,10.01398,0.329222,39.8334,450
6.0652559902519, 16.7839,6.11467929184437, 4.4003,6,16.67006,2,11.32244,0.310855,38.2831,450
6.08137769065797, 17.0954,6.13139869272709, 11.7764,5,16.6766,2,10.36981,-0.080612,40.8285,450
6.09903539158404, 16.2344,6.14804859273136, 15.3884,4,16.6699,2,10.15978,0.129121,38.1762,450
6.11467929184437, 17.8978,6.16671079210937, 18.7053,3,16.68823,2,9.149845,-0.119146,38.9439,450
6.13139869272709, 16.8419,6.18147739209235, 14.7384,2,16.69049,2,9.355412,-0.015913,39.1409,450
6.14804859273136, 16.6514,6.19826859235764, 18.2511,2,16.68992,2,11.41778,-0.99768,40.4546,450
6.16671079210937, 16.6805,6.21477809175849, 16.6606,2,16.68979,2,9.404446,-0.407147,37.7735,450
6.18147739209235, 17.0371,6.23131759092212, 15.4865,2,16.69468,2,9.646713,-0.141014,39.8199,450
6.19826859235764, 16.4608,6.24935659021139, 19.0069,2,16.69143,2,9.66058,-0.884281,39.8442,450
6.21477809175849, 16.5698,6.26477229036391, 13.9165,2,16.68976,2,10.75845,0.539052,41.3061,450
6.23131759092212, 17.2398,6.28166108950973, 18.0071,2,16.6972,2,10.14091,-0.163815,40.6385,450
6.24935659021139, 16.2001,6.29920268990099, 16.3968,2,16.69057,2,9.562781,-0.164282,42.9711,450
6.26477229036391, 16.8544,6.31572829000652, 18.1678,2,16.69272,2,10.03885,0.034251,39.6344,450
6.28166108950973, 16.8021,6.33151509054005, 14.1208,2,16.69414,2,10.63711,0.939184,41.8599,450
6.29920268990099, 16.0259,6.34807769022882, 18.0722,2,16.68558,2,9.460482,0.263817,40.9934,450
6.31572829000652, 15.6834,6.36521499045193, 15.7076,2,16.67289,2,10.10725,-0.56895,41.7057,450
6.33151509054005, 17.3163,6.38230448961258, 18.778,2,16.68093,2,9.050716,-0.103217,40.2775,450
6.34807769022882, 16.0631,6.39940058998764, 15.3958,2,16.67331,2,10.12388,0.874716,39.6766,450
6.36521499045193, 17.2257,6.41717609018087, 19.5578,2,16.68004,2,7.44035,-0.713051,39.8228,450
6.38230448961258, 16.3012,6.43172009009868, 12.9643,2,16.67548,2,11.69832,-1.092918,40.6855,450
6.39940058998764, 16.759,6.44919809047133, 18.984,2,16.67647,2,9.479184,-0.631385,40.8815,450
6.41717609018087, 16.3085,6.4663582900539, 15.4423,2,16.67214,2,7.868251,0.521648,42.2255,450
6.43172009009868, 16.7245,6.48214108962566, 17.4361,2,16.67275,2,11.93512,-0.532119,39.2713,450
6.44919809047133, 16.6004,6.49896598886698, 15.1724,2,16.67192,2,10.70749,-0.150686,39.1827,450
6.4663582900539, 18.2521,6.5150820882991, 17.6504,2,16.68988,2,9.982652,-0.625153,42.7576,450
6.48214108962566, 14.9726,6.53165558818728, 15.1188,2,16.67058,1,6.326219,-0.50712,39.9978,450
6.49896598886698, 17.1515,6.54817908909172, 18.0136,2,16.67592,0,12.06039,-0.185787,43.0654,450
6.5150820882991, 16.5874,6.56612948980182, 16.7832,2,16.67495,9,9.395553,-1.168154,23.3559,450
6.53165558818728, 16.6616,6.58277488965541, 18.0053,2,16.67481,8,12.01432,-1.162821,36.3077,450
6.54817908909172, 16.5959,6.59817818924785, 13.6418,2,16.67396,6,9.787387,-0.017888,51.1445,450
6.56612948980182, 17.818,6.61574868857861, 17.7288,2,16.68613,5,9.435354,0.220245,59.1793,450
6.58277488965541, 15.3862,6.63252388872206, 18.9607,2,16.67245,4,10.95272,-0.410722,73.163904,450
6.59817818924785, 17.4553,6.64928168803453, 14.6956,2,16.6806,3,10.70639,0.044811,88.9494,450
6.61574868857861, 16.5122,6.66693268716335, 19.5796,2,16.67886,2,9.162455,-0.269756,103.752096,450
6.79914288874716, 172.1112,6.81612948793918, 149.733,2,18.26491,1,9.044722,-0.388723,120.315296,450
6.79914288874716, 2.1081,6.81612948793918, 4.7753,0,18.10171,0,9.388989,-0.14909,123.6142,450
6.79914288874716, 1.5822,6.83239908795804, 10.7909,1,17.93651,9,9.454556,-0.728757,22.2117,450
6.79914288874716, 0.698,6.83239908795804, 4.4403,2,17.76583,8,9.456623,-1.226124,35.117,450
6.79914288874716, 1.8682,6.85052998829633, 13.9559,3,17.60998,7,11.89059,0.768109,44.7595,450
6.79914288874716, 1.7825,6.85052998829633, 4.5482,4,17.45631,6,9.408357,-0.392158,61.2979,450
6.79914288874716, 1.5445,6.86522458866239, 9.571,5,17.30331,6,9.966424,-0.332325,70.087296,450
6.79914288874716, 1.7711,6.88253988884389, 15.7466,6,17.15539,6,12.37879,-0.071192,86.9334,450
6.79914288874716, 1.7646,6.89831258915365, 17.5498,7,17.01019,6,8.460358,0.571441,99.9462,450
6.81612948793918, 2.3318,6.91706318967044, 17.1344,8,16.87301,6,11.81443,-0.115126,107.336096,450
6.81612948793918, 0.4772,6.93219048995525, 17.0404,8,16.7212,5,9.959792,0.525207,97.429696,450
6.81612948793918, 11.9687,6.94957178924233, 15.2679,9,16.6776,5,9.236259,0.038433,89.514896,450
6.99920109007508, 172.4955,7.01649428997189, 68.802,9,18.09412,5,9.003326,0.147366,92.664304,450
6.99920109007508, 2.2443,7.01649428997189, 4.5337,0,17.95133,5,11.26609,-1.150701,91.114704,450
6.99920109007508, 2.1528,7.03331999015063, 10.4415,1,17.81027,5,0.35516,-1.028568,90.4408,450
6.99920109007508, 1.6637,7.03331999015063, 6.2793,2,17.66738,5,9.515167,-0.582535,92.348096,450
6.99920109007508, 1.6635,7.04841949045658, 8.7081,3,17.527,5,9.571134,0.926498,88.5722,450
6.99920109007508, 2.2051,7.04841949045658, 4.8038,4,17.39376,5,10.9866,-0.069669,91.472896,450
6.99920109007508, 1.8025,7.06676558963954, 13.6523,5,17.25936,5,10.83117,0.209464,90.2728,450
6.99920109007508, 1.6034,7.06676558963954, 6.2906,6,17.12555,5,10.53613,-0.346103,93.683,450
7.01649428997189, 1.3978,7.08307299017906, 10.1867,7,16.99226,5,9.819302,1.09443,92.009104,450
7.01649428997189, 1.1697,7.09942308999598, 18.0155,7,16.8593,5,6.326769,-0.476437,91.708496,450
7.01649428997189, 1.0776,7.11544368974864, 14.0901,8,16.72778,5,9.607136,-0.888704,90.4146,450
7.01649428997189, 10.9813,7.13256249018013, 18.3714,9,16.68029,5,7.190803,0.356429,92.995104,450
7.03331999015063, 17.1027,7.15062719024718, 16.7158,9,16.68375,5,11.55677,0.196162,89.2832,450
7.04841949045658, 15.9267,7.15062719024718, 6.4062,8,16.6776,5,6.402637,-0.263305,91.5646,450
7.06676558963954, 17.163,7.16614028997719, 9.2481,7,16.68151,5,9.658704,-1.243072,91.0114,450
7.08307299017906, 16.0945,7.18344279006124, 19.2433,6,16.67682,5,10.35767,-0.746339,90.2142,450
7.09942308999598, 16.9859,7.19916919060051, 15.4369,6,16.67927,5,8.841638,1.026594,91.0342,450
7.11544368974864, 17.568,7.21781828999519, 16.8938,6,16.68627,5,11.0603,1.274927,94.0536,450
7.13256249018013, 15.393,7.23331199027598, 17.2997,6,16.67616,5,9.982072,-1.06534,90.9608,450
7.15062719024718, 17.6513,7.24894729070365, 13.8776,6,16.68372,5,12.64314,-0.279407,92.0432,450
7.16614028997719, 15.6912,7.26568709127605, 18.5863,5,16.67609,5,9.887506,0.411926,92.8988,450
7.18344279006124, 16.1244,7.28236979059875, 14.924,5,16.67188,5,6.294273,1.449759,91.499504,450
7.19916919060051, 14.9399,7.29931929148734, 18.3495,5,16.65876,5,6.77854,-1.536508,90.849296,450
7.21781828999519, 17.9156,7.31699739210308, 16.2416,5,16.66821,4,10.85271,0.253925,78.1074,450
7.23331199027598, 17.0786,7.3322873916477, 16.7775,5,16.67127,4,10.08447,-0.868742,74.8492,450
7.24894729070365, 16.8369,7.34935309179127, 15.5431,5,16.67249,4,11.08584,-0.037909,73.324496,450
7.26568709127605, 16.5834,7.36708329245448, 19.1636,5,16.67184,4,7.982808,-1.024176,74.3746,450
7.28236979059875, 17.2794,7.38220139220357, 13.5671,5,16.67628,4,13.08908,-0.570643,74.162704,450
7.29931929148734, 16.3601,7.39926809258759, 18.6414,5,16.67398,4,9.361142,0.63099,72.7954,450
7.31699739210308, 17.1272,7.4173522926867, 16.597,5,16.67724,4,10.28931,-0.256777,74.615104,450
7.3322873916477, 16.9975,7.43253619223833, 16.1764,5,16.67953,4,9.701276,0.148356,72.995296,450
7.34935309179127, 16.5487,7.45090369135141, 17.3686,5,16.6786,4,10.57744,-0.058011,74.8942,450
7.36708329245448, 14.8874,7.46698909066617, 17.9068,5,16.66599,4,11.00241,1.261122,73.3242,450
7.38220139220357, 18.8449,7.48438419029117, 15.7518,5,16.68123,4,9.120777,0.493055,72.729904,450
7.39926809258759, 14.5471,7.4990962902084, 15.6307,5,16.66641,4,11.73774,-0.481812,75.731904,450
7.4173522926867, 18.1992,7.5192325906828, 19.0531,5,16.67698,4,9.558011,-0.021979,73.6362,450
7.43253619223833, 15.6283,7.5320891905576, 14.2291,5,16.66979,4,11.40138,-0.434846,76.6396,450
7.45090369135141, 18.1259,7.55098899081349, 17.4751,5,16.6797,4,8.300545,-0.485613,74.0844,450
7.46698909066617, 14.5487,7.56604579091072, 16.5366,5,16.6653,4,9.198612,0.32632,75.959296,450
7.48438419029117, 19.0932,7.56604579091072, 4.3626,5,16.6816,4,12.03178,-0.601547,75.836896,450
7.4990962902084, 14.6886,7.58332359045744, 11.4308,5,16.66831,4,9.855746,-0.109314,75.496704,450
7.5192325906828, 18.7361,7.59889809042215, 17.2106,5,16.682,4,4.841213,-0.982981,75.1446,450
7.5320891905576, 14.6201,7.61618919111788, 15.6704,5,16.66844,4,9.72048,-0.864448,72.723104,450
7.55098899081349, 18.6252,7.6332295909524, 18.4133,5,16.68123,4,10.64495,-0.212915,72.972496,450
7.56604579091072, 16.1858,7.64930649101734, 14.8177,5,16.67801,4,9.716314,-1.179382,75.3836,450
7.58332359045744, 16.4194,7.66608629189432, 18.239,4,16.67634,4,9.916881,0.181051,75.769104,450
7.59889809042215, 16.9183,7.68305759131908, 15.2982,4,16.67789,4,10.72745,-0.566116,73.8788,450
7.61618919111788, 17.5901,7.70079219155014, 19.489,4,16.6837,4,12.20732,0.433117,74.7896,450
7.6332295909524, 16.5947,7.71741079166532, 15.0248,4,16.68314,4,9.890182,-1.19335,72.918096,450
7.64930649101734, 16.96,7.73235239181668, 16.365,4,16.68488,4,10.73985,-0.007317,74.8944,450
7.66608629189432, 16.3414,7.75110199209303, 19.3432,4,16.68274,4,9.510616,-0.035184,74.1786,450
7.68305759131908, 14.8964,7.76597579196095, 12.8007,4,16.67164,4,10.30748,0.389349,75.1782,450
7.70079219155014, 16.4932,7.78371129184961, 19.496,4,16.67054,4,10.93735,-0.364818,72.6478,450
7.71741079166532, 17.0538,7.79995259270072, 14.4982,4,16.67289,4,10.85912,0.242515,74.2926,450
7.73235239181668, 16.235,7.81627219356596, 18.1098,4,16.67022,4,11.48118,0.311848,72.7458,450
7.75110199209303, 17.1659,7.83368689380586, 17.0433,4,16.67322,4,9.506651,-0.194919,73.5112,450
7.76597579196095, 17.7633,7.85234639421105, 17.4232,4,16.67979,4,8.662418,1.266614,72.285104,450
7.78371129184961, 16.7929,7.86715649440885, 16.4403,4,16.68047,4,10.02059,-0.933053,74.305,450
7.79995259270072, 16.5576,7.88310659490526, 14.1357,4,16.67974,4,9.446752,-0.89142,74.174304,450
7.81627219356596, 17.0399,7.89928809553385, 17.2893,4,16.68187,4,11.15152,-0.175587,72.884096,450
7.83368689380586, 14.5235,7.91730719618499, 16.9343,4,16.66917,4,9.437486,0.382546,73.3476,450
7.85234639421105, 17.1047,7.93334359675646, 17.4901,4,16.67172,4,9.881353,0.174579,72.447296,450
7.86715649440885, 17.3184,7.9503050968051, 15.4278,4,16.67548,4,10.61262,1.068012,73.149504,450
7.88310659490526, 16.3808,7.96593649685383, 17.2918,4,16.67377,4,9.803887,0.269945,73.150496,450
7.89928809553385, 16.6301,7.98237589746714, 14.7579,4,16.67352,4,9.842254,-1.129422,73.853296,450
7.91730719618499, 16.8526,7.99994139745831, 18.828,4,16.67455,4,9.013421,-0.554689,73.087104,450
7.93334359675646, 17.0088,8.01737719774246, 16.2935,4,16.67645,4,11.25509,0.591444,73.531,450
7.9503050968051, 16.9376,8.03342539817095, 17.9374,4,16.67792,4,9.059055,-0.705123,72.277904,450
7.96593649685383, 16.6256,8.04928329773247, 14.0944,4,16.67763,4,10.96312,-0.08829,73.451696,450
7.98237589746714, 17.2824,8.06688999757171, 18.9269,4,16.68101,4,10.84189,-0.662757,75.1608,450
7.99994139745831, 16.811,8.08363239839673, 15.2632,4,16.68173,4,10.01126,-0.040224,73.3932,450
8.01737719774246, 17.0206,8.10149459913373, 17.786,4,16.6836,4,8.938423,-0.185391,73.194704,450
8.03342539817095, 15.8693,8.11620699893683, 14.6429,4,16.67913,4,10.46409,0.620142,74.2056,450
8.04928329773247, 16.7808,8.13333379942924, 18.8005,4,16.67968,4,9.791357,-0.419825,72.5652,450
8.06688999757171, 16.9632,8.15006319899112, 16.832,4,16.68122,4,10.24102,-0.244892,73.934304,450
8.08363239839673, 16.5478,8.16701429989189, 15.2575,4,16.6805,4,11.19909,0.628641,72.325504,450
8.10149459913373, 16.6187,8.18274629954249, 17.082,4,16.68017,4,10.04146,1.023074,74.436896,450
8.11620699893683, 17.0895,8.20036599878222, 16.1892,4,16.68236,4,8.453425,-0.166793,72.974096,450
8.13333379942924, 16.4888,8.21599579881877, 17.1905,4,16.68133,4,11.59039,-0.81506,75.144,450
8.15006319899112, 16.7441,8.23418569844216, 16.7446,4,16.68166,4,9.323359,0.339573,73.408704,450
8.16701429989189, 16.7112,8.24990079831332, 17.413,4,16.68182,4,8.671226,0.636806,72.7578,450
8.18274629954249, 16.7238,8.26739679742604, 15.9592,4,16.68204,4,8.557893,-1.305161,74.3924,450
8.20036599878222, 16.7369,8.28336899820715, 17.1792,4,16.68232,4,9.94406,-0.764828,73.6892,450
8.21599579881877, 15.949,8.29949619900435, 14.6956,4,16.67852,4,10.20583,0.040605,73.156896,450
8.23418569844216, 17.0777,8.31611229944974, 18.2514,4,16.68058,4,11.11169,-0.257762,73.652704,450
8.24990079831332, 14.4952,8.33397219981998, 16.2041,4,16.66937,4,8.663561,-0.147629,72.278304,450
8.26739679742604, 19.0732,8.3502215994522, 17.3096,4,16.68164,4,11.09823,0.112604,73.318096,450
8.28336899820715, 14.828,8.36596309859306, 14.6248,4,16.67223,4,10.429,0.314437,74.286304,450
8.29949619900435, 17.3293,8.38272249791771, 18.34,4,16.67555,4,11.44106,-0.91133,72.506896,450
8.31611229944974, 17.7261,8.40028959792107, 16.0862,4,16.68082,4,9.802229,0.268403,73.9666,450
8.33397219981998, 17.0711,8.41713779699057, 18.4395,4,16.68278,4,11.2592,-0.722564,72.985904,450
8.3502215994522, 16.4395,8.43354749772698, 14.831,4,16.68157,4,9.052663,-0.267031,74.2282,450
8.36596309859306, 16.7564,8.45106719713658, 18.8662,4,16.68194,4,8.99593,0.007702,73.0544,450
8.38272249791771, 16.414,8.46723589766771, 14.9521,4,16.68062,4,10.4919,0.747035,72.3172,450
8.40028959792107, 15.504,8.48369739856571, 17.6726,4,16.67485,4,9.614864,-0.133632,74.265504,450
8.41713779699057, 18.1011,8.50140889827162, 16.3665,4,16.68181,4,10.37233,0.192201,74.168896,450
8.43354749772698, 17.0993,8.51639609783888, 16.448,4,16.68383,4,9.481698,-0.711066,72.783504,450
8.45106719713658, 15.1789,8.53453569859266, 16.8131,4,16.67656,4,11.49866,0.082167,72.783504,450
8.46723589766771, 17.1558,8.54971309844404, 16.4521,4,16.67887,4,8.365332,1.318,74.255104,450
8.48369739856571, 16.6208,8.56721809785813, 16.0884,4,16.67859,4,10.0329,0.428533,73.6518,450
8.50140889827162, 16.6739,8.58316839765757, 17.1687,4,16.67857,4,9.356866,-0.189634,74.7246,450
8.51639609783888, 17.3408,8.60040969680995, 15.9662,4,16.68171,4,12.20433,-0.526501,75.1806,450
8.53453569859266, 16.9896,8.61694139707834, 18.0313,4,16.68316,4,9.3183,0.303132,74.1302,450
8.54971309844404, 16.2998,8.63378029782325, 17.2656,4,16.68136,4,9.133967,0.217665,73.0902,450
8.56721809785813, 17.0568,8.65083239693195, 15.2768,4,16.68311,4,9.101134,-0.049702,74.296896,450
8.58316839765757, 16.3552,8.66698969621211, 17.8151,4,16.68159,4,9.439101,-0.048269,72.690704,450
8.60040969680995, 17.1449,8.68350479658693, 16.1637,4,16.68373,4,10.20417,0.078564,73.3152,450
8.61694139707834, 16.311,8.7024992974475, 17.5538,4,16.68201,4,7.184135,0.274597,71.986496,450
8.63378029782325, 16.9853,8.71720179729164, 15.8112,4,16.6834,4,11.0296,0.23263,74.626496,450
8.65083239693195, 16.0716,8.73363459669054, 15.334,4,16.68061,4,10.18327,-0.292737,71.930496,450
8.66698969621211, 16.335,8.75034309737384, 18.2829,4,16.67904,4,9.185236,-1.038004,72.8238,450
8.68350479658693, 15.7027,8.76744199730456, 15.6061,4,16.67462,4,11.3845,-0.710471,71.6116,450
8.7024992974475, 18.3829,8.78295399714261, 16.9971,4,16.68232,4,9.54737,-0.092838,73.889,450
8.71720179729164, 17.2016,8.80166739691049, 17.2012,4,16.68465,4,9.414637,-1.208505,71.350304,450
8.73363459669054, 14.6945,8.81639599706978, 16.166,4,16.67576,4,9.935604,0.307528,73.982304,450
8.75034309737384, 16.5045,8.83375509735197, 15.9014,4,16.675,4,10.64577,-0.094039,70.685104,450
8.76744199730456, 17.0382,8.85029299650341, 18.1106,4,16.67661,4,11.69514,-0.028406,73.2794,450
8.78295399714261, 15.2708,8.86747869569808, 15.7272,4,16.67042,4,9.718105,-0.034973,73.232304,450
8.80166739691049, 18.2666,8.883200394921, 17.216,4,16.67742,4,10.25617,-0.35554,74.8156,450
8.81639599706978, 17.5835,8.90141069423407, 16.5418,4,16.68137,4,9.241639,-0.397107,75.694704,450
8.83375509735197, 16.3163,8.91725739371032, 17.5232,4,16.67978,4,9.406906,-0.933774,75.4258,450
8.85029299650341, 16.7325,8.93402459379286, 15.1268,4,16.68001,4,11.55967,0.422159,73.1364,450
8.86747869569808, 16.83,8.95015759300441, 17.4537,4,16.68066,4,9.64384,-1.455508,76.1056,450
8.883200394921, 16.8786,8.96709149237722, 15.5499,4,16.68151,4,11.51221,-0.445375,75.3388,450
8.90141069423407, 15.6903,8.98377659264952, 18.3304,4,16.67727,4,8.629174,0.310358,73.844704,450
8.91725739371032, 18.0193,9.00074759218842, 15.323,4,16.68298,4,10.04844,0.294291,72.927696,450
8.93402459379286, 16.7962,9.01723849307746, 17.6883,4,16.68346,4,8.995708,-0.762076,73.883,450
8.95015759300441, 16.8438,9.03397669363767, 15.6336,4,16.68414,4,10.85738,-0.630143,72.265296,450
8.96709149237722, 16.7416,9.05098819453269, 19.0177,4,16.68438,4,11.58744,0.05449,75.524896,450
8.98377659264952, 16.8711,9.06696889456362, 14.3331,4,16.68516,4,9.431409,0.061523,73.622704,450
9.00074759218842, 16.2017,9.08458219375461, 18.8324,4,16.68315,4,10.92068,-0.306344,74.178896,450
9.01723849307746, 17.0417,9.09996829368174, 13.7443,4,16.68464,4,10.35374,-0.109311,72.989696,450
9.03397669363767, 16.2464,9.11716579459608, 18.8404,4,16.68283,4,10.05891,0.359622,74.1478,450
9.05098819453269, 15.1565,9.13389689475298, 15.1095,4,16.67654,4,9.435277,-0.530245,72.929,450
9.06696889456362, 17.2072,9.15122249536216, 18.79,4,16.67872,4,9.370544,-0.262612,74.3872,450
9.08458219375461, 15.853,9.16941019520164, 16.7326,4,16.67535,4,11.37201,0.298121,73.561696,450
9.09996829368174, 17.163,9.18478749506176, 16.8929,4,16.67733,4,9.528578,-0.333146,74.354,450
9.11716579459608, 16.309,9.2003060951829, 14.0197,4,16.67584,4,8.766645,-0.245813,72.284896,450
9.13389689475298, 16.7429,9.21846649609506, 19.7126,4,16.67611,4,10.08441,-0.86108,74.3992,450
9.15122249536216, 15.1056,9.23432749696076, 14.3373,4,16.6698,4,9.578879,0.070253,74.9286,450
9.16941019520164, 18.545,9.24998689629138, 17.0518,4,16.6773,4,10.81455,-0.249514,73.0838,450
9.18478749506176, 17.1509,9.26738319545984, 16.2323,4,16.67919,4,10.02891,0.282719,73.1294,450
9.2003060951829, 16.2007,9.28340869583189, 17.156,4,16.67729,4,11.63738,-0.258948,73.839504,450
9.21846649609506, 17.399,9.30056989565492, 15.7811,4,16.68015,4,10.41435,-0.347715,72.4802,450
9.23432749696076, 15.6613,9.31799109652638, 18.9206,4,16.67613,3,9.165414,-1.069482,74.383,450
9.24998689629138, 16.8166,9.33444789610803, 14.9138,4,16.67668,2,10.13558,-0.160349,73.216096,450
9.26738319545984, 16.811,9.35056799650192, 17.3682,4,16.67721,1,9.176848,-0.153416,73.396496,450
9.28340869583189, 17.4069,9.36785859614611, 16.2202,4,16.68005,0,11.49172,0.060117,73.320896,450
9.30056989565492, 16.7607,9.38399529643357, 17.9091,4,16.68036,7,9.901982,0.21445,21.5636,450
9.31799109652638, 16.3545,9.40106389671564, 15.1372,4,16.6791,6,12.48105,1.165183,30.9883,450
9.33444789610803, 17.3781,9.41826209612191, 18.8343,4,16.68179,5,9.643616,-0.038484,45.7781,450
9.35056799650192, 16.7935,9.43567259609699, 15.9694,4,16.68222,4,9.204683,0.498549,62.6257,450
9.36785859614611, 15.9165,9.45084059610963, 16.7072,4,16.6793,3,9.20285,-1.018418,74.9648,450
9.38399529643357, 16.9729,9.46722879633307, 14.9041,4,16.68041,2,9.453517,1.009015,92.896096,450
9.40106389671564, 16.5993,9.48456359654665, 18.7206,4,16.68011,1,8.419784,-0.588952,105.2884,450
9.41826209612191, 16.6177,9.50232919678092, 17.1406,4,16.67987,0,9.124751,0.090681,122.3526,450
9.43567259609699, 16.961,9.51694559678435, 15.114,4,16.68093,1,10.90022,0.128714,18.2881,450
9.45084059610963, 15.9224,9.53436389751732, 15.9693,4,16.67809,6,10.35898,-0.041753,41.3703,450
9.46722879633307, 17.4148,9.55096729844809, 18.1235,4,16.68084,10,8.589952,0.04208,26.9338,450
9.48456359654665, 16.2849,9.5670535992831, 14.9254,4,16.67936,8,10.26632,0.078313,36.2852,450
9.50232919678092, 16.9564,9.58426290005445, 18.8591,4,16.68039,7,11.44569,-0.281454,49.2233,450
9.51694559678435, 16.3484,9.60149480029941, 15.1808,4,16.67916,6,9.548753,0.703179,61.6665,450
9.53436389751732, 17.2182,9.61699170060456, 17.3987,4,16.68115,6,11.40772,-0.695588,72.866896,450
9.55096729844809, 16.244,9.63498770073056, 16.1693,4,16.67954,6,9.424587,-0.485655,89.0266,450
9.7341769002378, 172.4182,9.75105500034988, 118.1369,4,17.24793,6,9.295854,-1.355122,102.486704,450
9.7341769002378, 2.0194,9.75105500034988, 4.5406,0,17.19256,6,10.08432,0.244611,110.9646,450
9.7341769002378, 2.0244,9.76733010075986, 11.4491,1,17.1376,6,8.994688,-0.080356,99.4806,450
9.7341769002378, 1.6398,9.78560390137136, 16.4297,2,17.08165,5,10.32685,0.112377,91.784896,450
9.7341769002378, 1.6081,9.80213880166411, 18.4553,3,17.02599,5,9.938122,-0.84409,94.571696,450
9.7341769002378, 2.1196,9.81848890148103, 14.4584,4,16.97256,5,12.75709,-0.597957,92.6078,450
9.7341769002378, 1.553,9.83620340190828, 19.4843,5,16.91749,5,9.476956,-0.238224,95.402704,450
9.7341769002378, 1.3694,9.85185020230711, 13.7611,6,16.86216,5,9.557723,0.269509,94.023696,450
9.75105500034988, 1.4238,9.86850620247424, 18.4888,7,16.80742,5,9.56349,-0.411258,91.090704,450
9.88520360179245, 136.9305,9.9031647015363, 32.8654,7,17.23188,5,10.47776,-1.308125,94.0014,450
9.88520360179245, 0.7703,9.91875980142504, 23.8516,0,17.17392,5,10.14692,-0.182292,91.6904,450
9.91875980142504, 33.2174,9.93792500067502, 11.7702,1,17.23021,5,11.44429,-0.694659,92.205104,450
9.91875980142504, 0.7887,9.93792500067502, 7.7989,0,17.17272,5,10.92776,-0.192126,93.4322,450
9.91875980142504, 2.2256,9.9533936008811, 7.0609,1,17.12064,5,9.927625,-0.069793,92.932896,450
9.91875980142504, 1.6973,9.9533936008811, 6.2126,2,17.06709,5,11.09289,0.37234,92.206896,450
9.91875980142504, 1.7107,9.96986670047045, 10.1617,3,17.01395,5,9.848759,-0.307927,93.1582,450
9.91875980142504, 1.7043,9.96986670047045, 6.1908,4,16.96116,5,12.11553,0.021106,90.989104,450
9.91875980142504, 1.5095,9.98701919987798, 11.0813,5,16.90806,5,10.01299,0.926839,92.393504,450
9.91875980142504, 1.5463,9.98701919987798, 4.4171,6,16.85545,5,9.22086,-0.299528,90.4694,450
9.91875980142504, 1.7582,10.0046715997159, 12.9584,7,16.80392,5,11.07513,-0.238295,94.5554,450
9.91875980142504, 0.5281,10.0192021997645, 16.6875,8,16.74857,5,10.09469,0.668438,90.568096,450
9.93792500067502, 2.328,10.0369878998026, 15.7878,9,16.69968,5,9.096061,-1.127162,92.9076,450
9.93792500067502, 9.7263,10.0532892988995, 18.2048,9,16.67612,5,8.440728,-0.232162,90.334304,450
9.9533936008811, 20.41,10.0703557981178, 15.278,9,16.6887,5,16.48059,-0.458562,92.8474,450
9.96986670047045, 15.0637,10.0703557981178, 8.7113,8,16.68324,5,10.80596,-0.808487,91.2074,450
9.98701919987798, 15.7501,10.0869783973321, 8.0538,7,16.68012,5,7.951062,-0.465687,91.575504,450
10.0046715997159, 15.3459,10.1037240969017, 18.1325,6,16.67567,5,12.64486,-1.03612,91.255296,450
10.0192021997645, 17.5152,10.1210460970178, 15.5517,6,16.67846,4,9.991962,-0.920905,79.3058,450
10.0369878998026, 15.9894,10.1381185976788, 18.7848,6,16.67618,4,10.50419,-0.419617,77.058,450
10.0532892988995, 17.5098,10.1559127969667, 16.1291,6,16.67893,4,12.62869,0.464017,73.3696,450
10.0703557981178, 16.9613,10.1699962969869, 14.0541,6,16.67986,4,10.66962,-0.634593,77.401696,450
10.0869783973321, 16.1709,10.1870259977877, 19.0562,5,16.67819,4,12.7508,0.243371,74.575104,450
10.1037240969017, 16.7328,10.2034910973161, 14.4222,5,16.67837,4,11.49092,0.05428,74.630096,450
10.1210460970178, 17.8491,10.220214297995, 18.362,5,16.68218,4,10.29398,-0.423435,77.764496,450
10.1381185976788, 14.1741,10.2371570970863, 15.401,5,16.67404,4,11.20049,0.029573,77.879296,450
10.1559127969667, 18.6515,10.2538175974041, 18.152,5,16.68044,4,10.71883,-1.109193,76.051,450
10.1699962969869, 16.0397,10.2706161979586, 15.3134,5,16.67837,4,11.43172,-0.396024,78.926496,450
10.1870259977877, 17.1244,10.2869524974376, 18.0753,5,16.67981,4,10.22443,-0.481624,75.326304,450
10.2034910973161, 17.3631,10.3039827980101, 15.1938,5,16.682,4,11.04613,0.57541,77.7524,450
10.220214297995, 16.5109,10.3202936984599, 17.9148,5,16.68145,4,11.90729,-0.478237,77.007904,450
10.2371570970863, 17.01,10.3370531983674, 15.0857,5,16.6825,4,11.56572,-0.367212,78.6758,450
10.2538175974041, 16.2135,10.3555932976305, 20.2991,5,16.68101,4,10.67632,0.08555,76.353904,450
10.2706161979586, 16.9462,10.3703585974872, 12.9586,5,16.68185,4,12.33599,-0.626913,77.0202,450
10.2869524974376, 16.6356,10.387441797182, 18.9749,5,16.6817,4,9.951437,-0.031956,77.233104,450
10.3039827980101, 16.6576,10.4033200964332, 14.084,5,16.68163,4,12.27751,-0.055939,76.142496,450
10.3202936984599, 16.2347,10.4203191958368, 18.7472,5,16.68023,4,11.15575,0.109357,77.226,450
10.3370531983674, 16.838,10.4371922966093, 15.1985,5,16.68072,4,11.57571,-0.148812,76.997696,450
10.3555932976305, 16.8035,10.4532130975276, 17.1705,5,16.6811,4,10.64376,0.072937,75.9692,450
10.3703585974872, 16.796,10.4708457980305, 16.4757,5,16.68146,4,11.58474,-0.596466,78.057504,450
10.387441797182, 16.5485,10.4872845988721, 17.7268,5,16.68105,4,10.26014,0.060431,75.5116,450
10.4033200964332, 17.5259,10.4872845988721, 4.3973,5,16.68365,4,11.66151,-0.074782,76.948096,450
10.4203191958368, 15.5584,10.5045202989131, 13.3104,5,16.68019,4,10.48426,-0.376701,75.449696,450
10.4371922966093, 17.5275,10.5202564988285, 13.8385,5,16.68279,4,9.977466,-0.205569,77.366704,450
10.4532130975276, 15.7917,10.5381079986691, 19.8233,5,16.68007,4,12.46987,-0.476826,76.555296,450
10.4708457980305, 17.1124,10.5543642994016, 14.2859,5,16.68138,4,10.43308,-0.023467,76.8836,450
10.4872845988721, 17.6823,10.5700694993138, 17.737,5,16.68443,4,10.4106,-0.353515,74.711104,450
10.5045202989131, 12.249,10.5874111000448, 15.3829,4,16.67099,4,12.19117,-0.563153,76.0562,450
10.5202564988285, 17.6986,10.6032302007079, 17.8127,4,16.67409,3,10.70123,-0.670739,77.020496,450
10.5381079986691, 17.0213,10.6202908009291, 15.1932,4,16.67514,2,10.57817,-0.667099,74.9516,450
10.5543642994016, 17.1186,10.6382590010762, 19.9938,4,16.67647,1,11.73382,-0.588275,77.681104,450
10.5700694993138, 16.9916,10.6537356013432, 13.3911,4,16.67741,0,10.37085,-0.2199,74.1974,450
10.5874111000448, 16.066,10.6703230021521, 18.4917,4,16.67559,9,10.77774,-0.337514,19.8234,450
10.6032302007079, 15.7688,10.6873118029907, 15.0242,4,16.67289,8,10.3906,-0.097418,34.8313,450
10.6202908009291, 17.7518,10.704672803171, 19.4191,4,16.67609,7,10.92957,-0.047697,49.9164,450
10.6382590010762, 15.696,10.7201270032674, 13.3738,4,16.67319,7,12.4007,-0.634383,67.5622,450
10.6537356013432, 18.1608,10.7371620032936, 18.8273,4,16.67758,6,10.62181,-0.579725,74.5,450
10.6703230021521, 15.1801,10.7543983031064, 15.3925,4,16.67317,6,12.19162,-1.069701,90.974496,450
10.6873118029907, 18.6018,10.7700200034305, 17.5107,4,16.67883,6,10.4877,-0.339603,105.759,450
10.704672803171, 14.5242,10.7873840043321, 15.6074,4,16.67253,6,10.34678,-0.27694,110.3814,450
10.7201270032674, 18.3424,10.8036689041182, 18.1138,4,16.6774,6,12.55832,-0.004777,100.2188,450
10.7371620032936, 15.8083,10.8202515048906, 14.7803,4,16.67487,5,10.9873,0.123086,93.172096,450
10.7543983031064, 17.5932,10.8380448045209, 19.6808,4,16.67753,5,12.6598,0.652649,92.970304,450
10.7700200034305, 16.7834,10.854239503853, 14.2391,4,16.67784,5,10.51084,0.085212,92.807,450
10.7873840043321, 16.3568,10.8701682044193, 17.7911,4,16.67691,5,16.49488,-0.027425,94.075296,450
10.8036689041182, 16.8673,10.8872877052054, 15.3699,4,16.67746,5,16.28991,-0.633162,93.073504,450
10.8202515048906, 16.809,10.9040189059451, 18.7247,4,16.67784,5,16.17025,-1.090799,93.207696,450
10.8380448045209, 15.6999,10.9210711056367, 14.8887,4,16.67504,5,15.64499,0.215064,91.474096,450
10.854239503853, 17.4245,10.9369415054098, 17.752,4,16.67718,5,16.20482,0.039927,95.223504,450
10.8701682044193, 16.6595,10.9533675061539, 14.4872,4,16.67713,5,16.31136,-0.23541,90.228096,450
10.8872877052054, 16.6335,10.9698973065242, 17.9781,4,16.67701,5,16.9361,-0.14212,92.8024,450
10.9040189059451, 17.9091,10.9883286068216, 18.8732,4,16.68048,5,17.35874,-0.527811,92.142304,450
10.9210711056367, 16.9554,11.0049607073888, 14.8868,4,16.68126,5,16.05627,-0.227402,92.404304,450
10.9369415054098, 16.9289,11.0226116077974, 19.6579,4,16.68196,5,16.11811,0.105415,91.1576,450
10.9533675061539, 16.6186,11.0377808073536, 13.1345,4,16.68178,5,5.33832,-0.440734,93.5218,450
11.1383047075942, 173.1262,11.1533790072426, 116.3404,4,17.11877,5,3.984311,0.57051,92.0934,450
11.1383047075942, 2.1175,11.1533790072426, 4.5265,0,17.07699,5,6.372102,-0.43619,94.275904,450
11.1383047075942, 1.5861,11.1703216070309, 13.3173,1,17.03396,5,6.048485,-0.39519,90.540704,450
11.1383047075942, 1.2517,11.1703216070309, 4.5283,2,16.99024,5,5.609634,-0.438016,92.9124,450
11.1383047075942, 0.4263,11.1877380078658, 13.0308,3,16.94448,5,6.06189,0.081898,94.553904,450
11.1383047075942, 2.0739,11.1877380078658, 4.5535,4,16.90352,5,5.44399,-0.452822,92.843,450
11.1383047075942, 0.4102,11.2055864082649, 13.225,5,16.85821,5,6.18079,-0.351907,93.1798,450
11.1383047075942, 0.9833,11.2055864082649, 5.8136,6,16.81471,5,11.09282,-0.475184,93.9288,450
11.1383047075942, 1.2077,11.2212658086792, 8.1456,7,16.77207,5,12.3971,-0.711313,94.734896,450
11.1383047075942, 0.9777,11.2370340088382, 17.4516,8,16.72903,5,10.38172,0.670224,94.912704,450
11.1383047075942, 0.9707,11.2544150082394, 15.7562,9,16.68621,5,12.33321,-0.642371,83.019296,450
11.1533790072426, 13.555,11.2710214080289, 18.1764,10,16.67773,4,10.77518,-0.358939,74.8664,450
11.1703216070309, 15.8152,11.2880579074845, 15.3577,9,16.67539,4,10.80271,0.438338,79.019,450
11.1877380078658, 17.4137,11.2880579074845, 7.7086,8,16.67739,4,12.01018,0.224694,75.865,450
11.2055864082649, 15.965,11.3047151071951, 8.9204,7,16.67547,4,9.702571,-0.594682,77.716096,450
11.2212658086792, 17.5978,11.3203712077811, 17.3927,6,16.67794,4,12.47734,-0.723373,76.166304,450
11.2370340088382, 16.2577,11.3381627080962, 16.0946,6,16.67682,4,11.16276,-0.271906,77.326304,450
11.2544150082394, 16.4535,11.3541477089748, 17.7214,6,16.67622,4,11.46321,0.097488,75.7746,450
11.2710214080289, 16.6849,11.3715097093955, 15.6831,6,16.67625,4,9.981382,0.542546,75.3106,450
11.2880579074845, 16.7415,11.3869405090809, 16.8753,6,16.67642,4,12.53567,1.645768,74.7766,450
11.3047151071951, 17.4591,11.4041580092162, 15.7254,5,16.67849,4,11.14271,-0.506804,77.002704,450
11.3203712077811, 15.5785,11.4214919097722, 19.3276,5,16.67559,4,12.10961,0.350153,75.0732,450
11.3381627080962, 18.9619,11.4373290091753, 13.9666,5,16.6816,4,10.01135,0.787301,77.2306,450
11.3541477089748, 15.2412,11.4536941088736, 17.8148,5,16.67782,4,11.29393,-0.136719,77.352304,450
11.3715097093955, 16.9412,11.4714928083122, 16.2808,5,16.67851,4,8.403204,0.030104,77.534704,450
11.3869405090809, 16.3832,11.4869265081361, 16.6452,5,16.67774,4,12.12145,-0.483978,77.0372,450
11.4041580092162, 17.638,11.5046138083562, 16.391,5,16.68024,4,9.807399,-0.616403,77.4654,450
11.4214919097722, 16.249,11.5215745074674, 18.6128,5,16.67912,4,11.03952,-0.745455,79.143,450
11.4373290091753, 17.1938,11.5390014080331, 15.765,5,16.68046,4,10.2927,0.432438,78.141104,450
11.4536941088736, 15.9771,11.5554937077686, 18.1591,5,16.67864,4,11.79338,-1.100021,78.669696,450
11.4714928083122, 17.9188,11.5713860085234, 14.1835,5,16.68184,4,10.8179,-0.79585,74.6802,450
11.4869265081361, 15.0351,11.5886522093788, 17.4065,5,16.6776,4,12.37566,-0.039596,79.370704,450
11.5046138083562, 17.4142,11.605675608851, 19.0553,5,16.67949,4,11.03606,0.168803,78.1702,450
11.5215745074674, 15.6402,11.6213851096109, 13.9289,5,16.67683,4,10.92902,0.264639,76.8874,450
11.5390014080331, 17.0703,11.637082410045, 17.407,5,16.67784,4,9.61085,-0.435825,76.712096,450
11.5554937077686, 17.1204,11.6554649109021, 17.8684,5,16.67896,4,12.6421,0.327711,74.5282,450
11.5713860085234, 16.6965,11.6744292108342, 17.5034,5,16.67901,4,11.5947,-0.998953,79.205296,450
11.5886522093788, 16.1991,11.6892499104142, 16.3764,5,16.67779,4,9.311661,0.150783,76.678704,450
11.605675608851, 16.5188,11.7052951101214, 14.4053,5,16.67739,4,11.29743,0.054219,77.5614,450
11.6213851096109, 17.3004,11.7052951101214, 7.5197,5,16.67896,4,8.396189,0.321955,76.071296,450
11.637082410045, 16.7553,11.721474410966, 8.6026,5,16.67915,4,15.99155,-0.435509,77.915104,450
11.6554649109021, 14.6309,11.7382952105254, 18.7828,5,16.67402,4,17.28062,-0.117573,76.930896,450
11.6744292108342, 17.9758,11.7551169097424, 14.8219,5,16.67727,4,16.23228,0.044163,77.366,450
11.6892499104142, 15.9801,11.7713746093214, 17.8308,5,16.67553,4,16.33775,0.291999,74.777104,450
11.7052951101214, 17.3718,11.7886021099985, 15.8255,5,16.67727,4,15.98281,-0.119098,75.3786,450
11.721474410966, 17.0854,11.8045920096338, 18.2425,4,16.67828,4,16.81617,1.318006,76.159,450
11.7382952105254, 16.3778,11.8216910101473, 14.8257,4,16.67753,4,16.49034,-0.67719,78.174496,450
11.7551169097424, 17.1418,11.8366833105683, 16.6766,4,16.67868,4,16.3421,-0.033086,76.626496,450
11.7713746093214, 16.5221,11.8543451111764, 15.9877,4,16.6783,4,4.016098,-1.009182,77.348496,450
11.7886021099985, 16.7661,11.8715299107134, 18.9935,4,16.67851,4,5.488094,1.133122,78.127296,450
11.8045920096338, 16.3195,11.8878545109183, 14.3879,4,16.67763,4,3.66069,-0.420874,77.4162,450
11.8216910101473, 16.3442,11.9046535100788, 18.5013,4,16.67682,4,10.77229,0.28783,75.9366,450
11.8366833105683, 16.9662,11.9232965093106, 17.0879,4,16.67752,4,11.70438,-0.243966,77.648496,450
11.8543451111764, 16.9542,11.9387182090431, 17.1372,4,16.6782,4,10.83098,-0.497862,75.961696,450
11.8715299107134, 16.3458,11.9563950095326, 15.8468,4,16.67739,4,10.37617,-0.105658,73.341,450
11.8878545109183, 16.2126,11.971353109926, 16.6408,4,16.67626,4,10.01087,-0.251654,76.31,450
11.9046535100788, 15.4536,11.9900657106191, 17.1313,4,16.67331,4,11.42457,-0.602736,74.7098,450
11.9232965093106, 18.4925,12.0058855097741, 17.4895,4,16.67769,4,16.58686,-1.085326,73.8648,450
11.9387182090431, 15.0548,12.0212581101805, 15.585,4,16.67379,4,16.85606,-0.704879,75.7684,450
11.9563950095326, 19.2856,12.0384530108422, 15.2945,4,16.68006,4,16.45105,0.261823,74.6854,450
11.971353109926, 14.1007,12.0555180106312, 18.7914,4,16.67389,4,4.846436,-0.007489,77.756096,450
11.9900657106191, 18.9865,12.0714837107807, 17.7848,4,16.6794,4,4.802426,-0.728105,76.344304,450
12.0058855097741, 14.3831,12.0881760101765, 13.1009,4,16.67394,4,7.976379,-0.339274,77.4576,450
12.0212581101805, 18.4989,12.1047913096845, 18.3225,4,16.67827,4,4.712077,1.130859,76.4504,450
12.0384530108422, 17.3927,12.1214545089751, 15.2087,4,16.67996,4,11.21369,-0.024205,77.2006,450
12.0555180106312, 14.4736,12.1384166087955, 19.1514,4,16.67475,4,9.874105,0.581372,76.106496,450
12.0714837107807, 18.2243,12.1564948093146, 15.6967,4,16.6784,4,12.48417,-0.368316,76.974,450
12.0881760101765, 16.2959,12.1717070089653, 17.1786,4,16.6775,4,10.79764,-0.386293,78.253696,450
12.1047913096845, 17.0891,12.189196609892, 15.5989,4,16.67847,3,4.331905,0.441351,77.7082,450
12.1214545089751, 17.3857,12.2063585100695, 19.2285,4,16.68012,4,11.78813,-0.652555,80.3676,450
12.1384166087955, 14.0637,12.2215744098648, 13.0793,4,16.67401,4,9.225416,-0.485723,78.947,450
12.1564948093146, 18.5843,12.2387334099039, 19.0194,4,16.67846,4,10.46289,-0.488418,80.050704,450
12.1717070089653, 15.6488,12.2537056095898, 13.0598,4,16.67607,4,10.22995,-0.235558,62.2571,450
12.189196609892, 18.7951,12.2712472099811, 19.396,4,16.68099,4,9.596655,0.763767,78.5718,450
12.2063585100695, 14.2488,12.2882048096508, 15.0291,4,16.67536,4,12.39002,-0.619217,76.4684,450
12.2215744098648, 18.9812,12.307160910219, 20.9967,4,16.68068,4,10.47592,-0.271661,73.9896,450
12.2387334099039, 14.3318,12.3219917099923, 12.7835,4,16.67527,4,12.22426,0.799807,78.2694,450
12.2537056095898, 18.8732,12.3392541091889, 19.5944,4,16.68032,4,10.55043,-0.749297,72.5742,450
12.2712472099811, 15.1161,12.355815609917, 15.8957,4,16.67673,4,10.97972,-0.347887,67.3136,450
12.2882048096508, 17.7378,12.3720349092036, 17.0278,4,16.67916,4,10.88276,-0.597114,80.743696,450
12.307160910219, 15.348,12.38786710985, 13.8661,4,16.67612,4,12.02119,-0.49462,81.2956,450
12.3219917099923, 18.0248,12.405596408993, 19.7365,4,16.6792,4,9.536897,-0.412897,79.731904,450
12.3392541091889, 16.1299,12.4224137086421, 14.4427,4,16.67795,4,12.63789,0.668008,79.540896,450
12.355815609917, 20.8313,12.4386782087386, 18.21,4,16.68737,4,10.67531,1.384908,80.8176,450
12.3720349092036, 13.5989,12.4571887087077, 16.5679,4,16.68038,4,10.74772,-0.606294,78.823296,450
12.38786710985, 18.6918,12.4723698087037, 17.0918,4,16.68492,4,11.2484,1.12731,81.246496,450
12.405596408993, 14.9975,12.4884579088539, 14.1514,4,16.68112,4,10.55169,-0.8978,77.270096,450
12.4224137086421, 16.4302,12.5047766081989, 18.3335,4,16.68056,4,9.321992,-0.358703,73.213904,450
12.4386782087386, 16.4399,12.5221103075892, 15.3568,4,16.68002,4,10.23889,-0.319141,76.897504,450
12.4571887087077, 14.9005,12.5381084084511, 17.9879,4,16.67603,4,11.29059,0.268431,79.177696,450
12.4723698087037, 17.0702,12.5556209087372, 15.6413,4,16.67691,4,8.9038,-0.83108,81.5208,450
12.4884579088539, 16.6471,12.5713297091424, 17.76,4,16.67685,5,11.3549,-0.184922,76.007104,450
12.5047766081989, 15.5205,12.5879973098636, 14.5137,4,16.67428,4,10.55414,0.174285,80.884,450
12.5221103075892, 18.768,12.605558110401, 19.5192,4,16.67892,4,6.332169,-0.458418,76.1556,450
12.5381084084511, 15.0925,12.6214820109308, 13.9964,4,16.67541,4,11.58338,-0.353658,82.9904,450
12.5556209087372, 18.1158,12.6389475110918, 18.9842,4,16.67859,4,11.04832,-0.035739,66.3236,450
12.5713297091424, 16.7414,12.655463911593, 18.0201,4,16.67873,4,12.05772,0.925526,77.7714,450
12.5879973098636, 16.9459,12.6714940108359, 16.4003,4,16.67932,4,10.32612,0.929087,77.592,450
12.605558110401, 17.1458,12.6892018113285, 19.8045,4,16.68034,4,12.19386,-0.824351,79.747,450
12.6214820109308, 19.9534,12.7072912119329, 18.5318,4,16.6875,4,10.63884,1.29116,73.4956,450
12.6389475110918, 12.3948,12.7218285119161, 13.4993,4,16.67813,4,12.02547,-0.594559,76.179296,450
12.6714940108359, 35.8777,12.7393309110776, 18.086,4,16.71996,4,9.208313,0.469918,79.6742,450
12.6714940108359, 1.4417,12.7569144116715, 17.7573,3,16.68674,4,10.85635,0.045228,79.225904,450
12.6892018113285, 14.7917,12.7709474116564, 12.6874,4,16.68263,4,11.16284,-0.260439,81.8166,450
12.7218285119161, 20.3935,12.7879509124905, 17.9155,4,16.69066,4,8.486159,0.458425,79.063904,450
12.7218285119161, 13.2091,12.8070067130029, 17.4871,3,16.68315,4,12.36508,0.504058,77.358704,450
12.7569144116715, 21.3307,12.8215427128598, 15.6405,4,16.69316,4,9.548572,0.573387,78.102096,450
12.7709474116564, 20.3114,12.8381029134616, 15.0438,3,16.70094,4,11.73504,-0.145231,77.394496,450
12.7709474116564, 5.434,12.8556064134464, 18.864,3,16.67677,4,10.30328,-0.701808,77.8834,450
12.7879509124905, 15.4166,12.8726775133982, 15.9691,4,16.67407,4,9.943242,0.692818,77.797,450
12.8070067130029, 19.3592,12.8896867139265, 17.794,4,16.6798,4,9.190813,0.076395,78.945904,450
12.8215427128598, 15.1387,12.9062129138038, 14.9493,4,16.67652,4,9.419431,0.318949,73.763504,450
12.8381029134616, 18.5772,12.9233977133408, 19.8519,4,16.68056,4,11.96271,-0.712197,76.400096,450
12.8556064134464, 15.1261,12.9389106137678, 13.1314,4,16.67726,4,11.34918,-0.918218,76.382704,450
12.8726775133982, 16.719,12.9568581143394, 19.1411,4,16.67735,4,11.08821,-0.071045,73.929296,450
12.8896867139265, 18.4104,12.9723744140938, 14.4353,4,16.68101,4,10.27135,0.706049,76.7032,450
12.9233977133408, 22.1157,12.9884127145633, 18.0585,4,16.69248,4,11.5225,0.091021,78.2922,450
12.9233977133408, 12.1887,13.0049353139475, 15.87,3,16.683,4,10.89092,-0.715679,71.8678,450
12.9389106137678, 14.2593,13.0219448143616, 16.5392,4,16.67791,4,12.82975,0.171095,82.887696,450
12.9568581143394, 16.9882,13.0406708149239, 19.331,4,16.67856,4,10.68165,0.254214,71.6854,450
12.9884127145633, 25.0627,13.0568133154884, 19.5469,4,16.6961,4,11.07078,-0.014908,80.508,450
12.9884127145633, 7.8002,13.0730624152347, 12.6781,3,16.67752,4,9.806479,-0.522509,75.808496,450
13.0049353139475, 19.9642,13.089105614461, 15.2462,4,16.68437,4,12.40211,-0.075378,81.5116,450
13.0219448143616, 15.4714,13.1113670142367, 22.2948,4,16.68185,4,10.15579,-0.081636,79.1528,450
13.0568133154884, 27.7376,13.121653214097, 11.0716,4,16.70479,4,11.57651,0.173336,75.1428,450
13.0568133154884, 4.4194,13.1392116136849, 15.8654,3,16.67935,4,10.47181,-0.756024,73.271904,450
13.0730624152347, 17.8697,13.155734512955, 17.6909,4,16.68181,4,12.50928,0.18196,81.5566,450
13.089105614461, 13.9135,13.1728023122996, 16.0681,4,16.6761,4,10.38894,-0.881776,78.259904,450
13.121653214097, 23.1475,13.1888371128589, 16.8954,4,16.68942,3,10.23776,0.668703,80.1254,450
13.121653214097, 13.6364,13.2053737137467, 16.3194,3,16.68315,4,11.66482,-0.312219,66.7116,450
13.1392116136849, 15.3995,13.2233876138926, 18.8937,4,16.68052,3,11.26504,0.399202,76.371504,450
13.155734512955, 15.9006,13.2399679142982, 15.4536,4,16.67892,3,11.76058,-0.21117,77.973504,450
13.1728023122996, 15.1766,13.2569818142802, 17.7662,4,16.67586,4,11.2497,-0.768507,59.6449,450
13.1888371128589, 16.9913,13.2725018141791, 14.2379,4,16.6765,4,11.18522,-0.810234,75.2802,450
13.2053737137467, 19.8501,13.2895320141688, 18.144,4,16.68295,4,10.4516,0.36912,52.622,450
13.2233876138926, 14.0293,13.3050554143265, 14.7723,4,16.67757,4,11.16657,-0.085705,63.843,450
13.2399679142982, 19.0263,13.3221214143559, 18.3201,4,16.68232,4,10.66891,-1.063882,75.847104,450
13.2569818142802, 14.7858,13.3388944147155, 15.2737,4,16.67849,4,12.64773,-0.957548,78.246896,450
13.2725018141791, 19.4223,13.357203415595, 19.3357,4,16.68402,4,11.06978,-0.111785,78.258496,450
13.2895320141688, 13.7144,13.3722407156602, 14.8625,4,16.67805,4,11.54961,0.098898,77.8842,450
13.3221214143559, 22.6265,13.3892300156876, 17.4434,4,16.68999,4,10.92418,-0.150251,78.3574,450
13.3221214143559, 13.0575,13.40577931609, 15.6933,3,16.68271,4,12.98295,0.630143,78.479904,450
13.3388944147155, 18.5036,13.4228093167767, 18.4856,4,16.68636,4,11.32409,0.17571,76.648304,450
13.3722407156602, 18.6511,13.4393613161519, 16.1974,4,16.69028,4,11.9214,-0.076253,78.0298,450
13.3722407156602, 13.7946,13.4576089167967, 16.5683,3,16.68451,4,10.15235,0.98328,74.825696,450
13.3892300156876, 14.7232,13.4728934168816, 16.3122,4,16.68061,4,12.00776,-0.679409,77.5442,450
13.4228093167767, 22.7546,13.490301316604, 16.3295,4,16.69266,4,9.82609,0.707324,75.903696,450
13.4228093167767, 7.1127,13.5069846156985, 18.1315,3,16.67369,4,11.55165,-0.798681,77.785696,450
13.4393613161519, 24.6627,13.5235170163214, 13.4613,4,16.68948,4,10.55802,0.075961,77.0684,450
13.4576089167967, 10.658,13.5394539162517, 19.4803,4,16.67758,4,10.87231,-0.736497,78.2028,450
13.4728934168816, 21.8826,13.5570778157562, 17.1814,4,16.68783,4,11.09948,-0.099309,77.533504,450
13.490301316604, 11.119,13.5736111160368, 16.8219,4,16.67689,4,10.97148,-0.278096,78.157296,450
13.5069846156985, 17.1261,13.5896516162902, 14.7754,4,16.67777,4,11.20264,-0.100828,79.334704,450
13.5235170163214, 20.914,13.6062110159546, 16.8943,4,16.68606,4,11.7988,0.238558,76.407,450
13.5570778157562, 19.0645,13.623239915818, 17.195,4,16.6907,4,11.31351,-0.304947,78.453504,450
13.5570778157562, 8.9679,13.6397704165429, 17.258,3,16.67565,4,12.0302,-0.484259,76.7466,450
13.5736111160368, 17.114,13.6568897161633, 13.793,4,16.6765,4,10.68513,-0.1266,76.6036,450
13.5896516162902, 16.5051,13.6733439154923, 18.3735,4,16.67617,4,10.09974,-0.157723,77.997104,450
13.623239915818, 27.4792,13.6902393158525, 14.0641,4,16.69711,4,11.51025,-0.396441,78.5256,450
13.623239915818, 8.0166,13.7068695165217, 17.7,3,16.68032,4,10.37646,-0.329488,76.7506,450
13.6397704165429, 15.2617,13.7228998169303, 16.8382,4,16.67758,4,10.8998,0.08585,78.566304,450
13.6733439154923, 34.3146,13.7399380169809, 15.986,4,16.71156,4,10.02532,-1.037551,75.462304,450
13.6733439154923, 0.5753,13.7569480165839, 16.2069,3,16.68053,4,10.89604,-1.006559,78.191,450
13.7228998169303, 39.9529,13.7734120171517, 17.2955,4,16.7252,4,12.24889,-0.993774,74.985904,450
13.7228998169303, 7.3118,13.7894837167114, 18.5307,2,16.70716,4,10.63915,-0.30189,78.026896,450
13.7228998169303, 1.5906,13.8059099167585, 13.5944,3,16.67826,4,11.71025,-0.437262,75.171,450
13.7399380169809, 15.1396,13.8239907175303, 17.5398,4,16.67533,4,11.38286,0.066353,77.845696,450
13.7569480165839, 17.2351,13.8401243183762, 17.2458,4,16.67639,4,10.86227,-0.90436,75.7332,450
13.7734120171517, 17.3873,13.8583462182432, 17.0269,4,16.67774,4,11.37099,0.65878,77.571104,450
13.7894837167114, 15.9286,13.8736798185855, 16.3871,4,16.67632,4,12.15436,-0.246229,74.871904,450
13.8059099167585, 15.8898,13.8897125180811, 16.0113,4,16.67483,4,10.72275,-0.139502,78.3512,450
13.8239907175303, 17.713,13.9068921189755, 15.8848,4,16.67679,4,11.67686,-0.663286,77.539504,450
13.8401243183762, 15.846,13.9231675192714, 17.2239,4,16.67523,4,11.13982,-0.45955,75.2628,450
13.8583462182432, 18.7203,13.9396504200995, 15.5184,4,16.67908,4,11.28303,-0.48729,76.7282,450
13.8736798185855, 15.1714,13.9556566197425, 17.8877,4,16.67624,4,10.4353,-0.204572,75.9702,450
13.8897125180811, 18.293,13.9738318193704, 16.6519,4,16.67928,4,11.99679,-0.313135,78.799504,450
13.9068921189755, 15.884,13.9899798184633, 17.7794,4,16.67779,4,11.22515,-0.293984,75.159696,450
13.9231675192714, 17.2534,14.0067263189703, 16.5223,4,16.67886,4,12.36099,0.05728,77.641904,450
13.9396504200995, 15.6893,14.0234594196081, 16.8232,4,16.67702,4,10.71187,-0.675146,75.180304,450
13.9556566197425, 17.5379,14.042129220441, 16.8684,4,16.67862,4,12.07963,0.28631,77.5252,450
13.9738318193704, 16.077,14.0573499202728, 16.7006,4,16.6775,4,11.07278,-1.020009,76.739696,450
13.9899798184633, 14.9976,14.0749312210828, 16.1746,4,16.67439,4,12.12702,-0.502458,76.477104,450
14.0067263189703, 18.6549,14.0898272208869, 15.7267,4,16.67805,4,9.779846,-0.490889,76.681504,450
14.0234594196081, 15.3514,14.1081671211869, 17.3979,4,16.6756,4,12.13409,0.204371,75.728896,450
14.042129220441, 18.4917,14.1231303215027, 16.786,4,16.67895,4,9.981909,-0.301739,76.1864,450
14.0573499202728, 15.0082,14.1397857218981, 14.8635,4,16.67587,4,12.91606,0.426658,76.375296,450
14.0749312210828, 17.7907,14.1572800222784, 19.1837,4,16.67792,4,10.75069,-0.744346,77.0406,450
14.0898272208869, 16.1401,14.1756144221872, 16.6683,4,16.67694,4,12.32173,0.745963,78.345,450
14.1081671211869, 18.0119,14.1901156222448, 16.2364,4,16.67938,4,10.20524,-0.037529,74.853,450
14.1231303215027, 15.0674,14.206956022419, 16.8834,4,16.67644,4,10.14654,-1.072274,76.094496,450
14.1397857218981, 17.6918,14.2233045222238, 14.5869,4,16.67829,4,9.929446,-0.312407,76.4842,450
14.1572800222784, 16.0103,14.2401879215613, 18.739,4,16.67707,4,12.59284,-1.045891,76.709504,450
14.1756144221872, 18.388,14.2571072215214, 15.1822,4,16.68018,4,9.555329,-0.601,75.241696,450
14.1901156222448, 15.3137,14.2740400219336, 18.3545,4,16.6777,4,11.90027,0.238952,76.613904,450
14.206956022419, 18.312,14.2911898223683, 15.4558,4,16.68066,4,11.52371,-0.029309,75.5564,450
14.2233045222238, 15.7387,14.3079806221649, 18.413,4,16.67896,3,11.97189,-0.576512,75.952304,450
14.2401879215613, 16.0613,14.3233840223402, 13.9484,4,16.67785,2,11.4916,0.018097,78.942896,450
14.2571072215214, 16.4234,14.3401389215142, 18.2619,4,16.67739,1,12.39455,-0.533422,79.046304,450
14.2740400219336, 16.8619,14.3558372221887, 14.1688,4,16.67772,0,10.15351,-0.129518,77.840496,450
14.2911898223683, 16.9631,14.3745719213039, 20.4352,4,16.67823,6,11.91961,0.413069,10.9657,450
14.3079806221649, 17.2099,14.3926965221763, 16.3978,4,16.67918,9,11.2329,1.112563,24.5254,450
14.3233840223402, 17.3601,14.4061616221443, 15.083,4,16.6804,8,11.68912,-0.411907,37.857,450
14.3401389215142, 16.437,14.4254950219765, 17.9026,4,16.67997,6,10.45962,-0.691934,49.4543,450
14.3558372221887, 16.2063,14.4409339223057, 15.4478,4,16.67912,6,12.00603,-0.04142,61.1372,450
14.3745719213039, 15.2192,14.457259722054, 18.0486,4,16.67653,6,9.845437,1.034745,75.208896,450
14.3926965221763, 18.4722,14.4740649219602, 14.832,4,16.67971,6,10.56341,-1.054518,93.3466,450
14.4061616221443, 15.108,14.4901422224939, 17.5897,4,16.67693,6,10.53563,-0.286607,108.0998,450
14.4254950219765, 17.7788,14.5069322232157, 15.3168,4,16.67888,6,12.31172,-0.361271,101.5836,450
14.4409339223057, 16.4925,14.52421092242, 18.8375,4,16.67855,5,10.26976,-0.957317,93.3318,450
14.457259722054, 16.1186,14.5410885233432, 15.3325,4,16.67756,5,9.808618,-0.442462,92.596,450
14.4740649219602, 18.0325,14.5570858232677, 17.7695,4,16.67995,5,11.37781,0.121993,93.873296,450
14.4901422224939, 15.5328,14.5746077224612, 15.7366,4,16.67793,5,12.08987,-1.060952,93.038704,450
14.5069322232157, 17.8747,14.5902239223942, 16.9221,4,16.68003,5,10.64372,0.241703,93.9482,450
14.52421092242, 15.5988,14.6075538219884, 16.0565,4,16.67814,5,12.39986,0.227958,95.885504,450
14.5410885233432, 17.6647,14.6236944226548, 17.853,4,16.67986,5,10.22171,0.024113,93.9574,450
14.5570858232677, 15.1751,14.6411217218265, 15.8403,4,16.67723,5,11.72455,-0.530432,92.705104,450
14.5746077224612, 17.1163,14.6571652209386, 18.4206,4,16.678,5,11.0026,-0.281477,93.0228,450
14.5902239223942, 16.9782,14.6731641208753, 13.4859,4,16.67852,5,11.51594,0.004978,92.9362,450
14.6075538219884, 17.0166,14.6899025207385, 18.2575,4,16.67911,5,16.14959,-0.599567,95.5602,450
14.6236944226548, 16.4267,14.7083368198946, 16.8161,4,16.67867,5,16.35113,-1.211112,93.2104,450
14.6411217218265, 17.3787,14.7243558196351, 17.6034,4,16.67988,5,16.90848,-0.956728,92.033904,450
14.6571652209386, 16.4944,14.7410095194355, 15.0264,4,16.67956,5,16.67112,0.502956,94.4286,450
14.6731641208753, 16.8083,14.7573985187337, 18.1803,4,16.67978,5,16.38477,0.24084,90.674304,450
14.6899025207385, 16.0893,14.7742128195241, 15.0311,4,16.67877,5,16.98341,-0.269676,94.396896,450
14.7083368198946, 16.6413,14.791126719676, 17.0365,4,16.6787,5,5.722228,0.675308,93.471904,450
14.7243558196351, 15.8885,14.8089650189504, 18.8789,4,16.67735,5,11.08404,-0.494808,94.543,450
14.7410095194355, 17.3405,14.8255130192265, 17.4439,4,16.67848,5,11.46396,-0.640924,93.9784,450
14.7573985187337, 16.0811,14.840687119402, 14.8745,4,16.67746,5,9.814776,-0.76534,94.590096,450
14.9236611193046, 171.3966,14.9422975191846, 104.5221,4,16.94149,5,12.16689,0.406144,94.846096,450
14.9422975191846, 4.0336,14.9585026195273, 11.4937,0,16.9195,5,9.488308,-1.167872,94.5516,450
14.9422975191846, 1.6075,14.9585026195273, 7.7084,0,16.89346,5,12.53862,0.117869,94.710496,450
14.9422975191846, 0.556,14.9742691190913, 8.0468,1,16.86572,5,10.85504,-0.203054,94.462,450
14.9422975191846, 1.5398,14.9742691190913, 7.3768,2,16.83974,5,17.22556,-0.403277,85.987296,450
14.9422975191846, 1.559,14.9898119186983, 8.1989,3,16.81389,4,11.97247,-0.020872,79.829904,450
14.9422975191846, 1.3234,14.9898119186983, 6.2796,4,16.78772,4,5.040931,-0.532414,77.7242,450
14.9422975191846, 1.2003,15.0088780177757, 12.8837,5,16.76144,4,2.183754,-1.118836,78.3488,450
14.9422975191846, 1.3956,15.0244165174663, 15.4665,6,16.73557,4,5.588277,-0.03331,75.776704,450
14.9422975191846, 0.3796,15.0410501174629, 18.5169,7,16.70808,4,5.922872,-0.339573,77.204,450
14.9422975191846, 1.0395,15.0582733172923, 15.793,8,16.68179,4,7.129914,-0.012455,76.484096,450
14.9585026195273, 14.3987,15.0747131165117, 18.0017,9,16.67797,4,10.85604,-0.079717,78.2922,450
14.9742691190913, 16.2471,15.0747131165117, 6.1271,8,16.67724,4,10.84001,0.006121,76.322704,450
14.9898119186983, 18.1432,15.0906286165118, 9.8908,7,16.67969,4,11.73547,0.685828,79.1116,450
15.0088780177757, 15.2052,15.1072423160076, 14.4695,6,16.67723,4,10.20395,1.040657,78.7594,450
15.0244165174663, 17.0199,15.123656116426, 18.2967,6,16.6778,4,2.886617,0.513472,77.087296,450
15.0410501174629, 17.0008,15.1416483167559, 16.1669,6,16.67834,4,11.52208,-0.45067,77.6128,450
15.0582733172923, 16.9349,15.1571355164051, 17.8434,6,16.67877,4,10.06747,-0.077611,77.935696,450
15.0747131165117, 14.5286,15.1758911162615, 16.4657,6,16.67521,4,11.19744,-0.316085,79.022304,450
15.0906286165118, 18.847,15.1908547161147, 16.9182,5,16.6788,4,9.088128,-0.281894,76.821696,450
15.1072423160076, 16.4447,15.2079986156896, 15.1916,5,16.67841,4,9.63837,-0.020193,79.0184,450
15.123656116426, 16.8375,15.2247593151405, 17.1551,5,16.67867,4,12.26101,-0.017345,76.308096,450
15.1416483167559, 17.4563,15.2406932143494, 17.3691,5,16.67995,4,9.880985,0.091757,78.6284,450
15.1571355164051, 14.9649,15.2584162140265, 17.5896,5,16.67714,4,12.14859,-0.345852,76.630496,450
15.1758911162615, 17.928,15.2737399144098, 15.5771,5,16.67919,4,10.46749,0.096099,79.4528,450
15.1908547161147, 15.2935,15.2899645147845, 14.1176,5,16.67692,4,11.75175,-0.255204,78.1612,450
15.2079986156896, 18.1524,15.3085951143876, 20.5464,5,16.67933,4,10.27654,-0.212231,78.3586,450
15.2247593151405, 17.3821,15.3239952139556, 13.6279,5,16.68048,4,11.65095,1.657643,75.726896,450
15.2406932143494, 16.3997,15.3422317132354, 20.1215,5,16.68002,4,10.2571,-0.258876,80.6154,450
15.2584162140265, 14.6804,15.3579118140042, 13.7558,5,16.67677,4,11.7469,0.100623,76.7892,450
15.2737399144098, 17.918,15.3749207146466, 18.9881,5,16.67878,4,10.51573,-0.649835,78.892896,450
15.2899645147845, 16.5067,15.3928669150919, 15.9419,5,16.6785,4,12.11266,-0.338982,76.7272,450
15.3085951143876, 16.3364,15.408174415119, 16.9481,5,16.67795,4,8.494276,-0.203036,79.3344,450
15.3239952139556, 16.6561,15.4244867144153, 16.9124,5,16.67791,4,12.21978,-0.886828,75.978,450
15.3422317132354, 16.121,15.4422715147957, 15.8255,5,16.67702,4,9.926035,0.116081,78.153696,450
15.3579118140042, 17.363,15.4580460144207, 17.5295,5,16.67812,4,12.51988,-0.075085,75.869504,450
15.3749207146466, 14.9555,15.4747890150174, 14.6991,5,16.67535,4,10.45924,0.449131,79.525904,450
15.3928669150919, 18.2342,15.4920278145, 19.1559,5,16.67785,4,11.94303,-0.517595,76.130496,450
15.408174415119, 14.8666,15.4920278145, 5.4689,5,16.67495,4,11.45882,0.657619,79.591,450
15.4244867144153, 17.8996,15.5091973142698, 11.7419,5,16.67691,4,11.66368,0.258429,76.273904,450
15.4422715147957, 16.7068,15.5256915139034, 14.6009,5,16.67696,4,6.217769,-0.707007,76.631104,450
15.4580460144207, 17.2728,15.5420195134357, 17.897,5,16.67791,4,9.589095,-0.030775,76.159504,450
15.4747890150174, 16.4704,15.557617213577, 13.8979,5,16.67758,4,12.42828,-0.919286,75.101696,450
15.4920278145, 16.3305,15.5737028140575, 17.7573,5,16.67702,4,9.276671,-0.569672,74.5424,450
15.5091973142698, 16.9837,15.5915920138359, 16.2637,4,16.67751,4,11.66971,0.755741,77.916496,450
15.5256915139034, 16.4957,15.6080315131694, 18.3049,4,16.67722,4,10.60637,-0.472548,77.6974,450
15.5420195134357, 17.8687,15.6254866123199, 15.8981,4,16.67911,4,11.90349,-0.573137,75.986,450
15.557617213577, 16.004,15.6421680115163, 18.793,4,16.67804,4,10.76407,-0.205114,77.389504,450
15.5737028140575, 16.566,15.6607831120491, 16.2134,4,16.67787,4,12.24496,0.335313,76.1648,450
15.5915920138359, 17.0558,15.6743169119582, 15.3835,4,16.67846,4,8.927648,-0.800916,80.315904,450
15.6080315131694, 16.629,15.6917238114402, 17.1585,4,16.67838,4,12.21274,-0.393645,74.845,450
15.6254866123199, 17.5096,15.7092892108485, 17.8276,4,16.67969,4,10.39811,0.177258,77.0338,450
15.6421680115163, 14.3842,15.7265284107998, 15.4705,4,16.67609,4,12.04939,-0.914813,75.362096,450
15.6607831120491, 18.7066,15.7415458103642, 16.5058,4,16.67927,4,9.307616,-0.180746,75.9512,450
15.6743169119582, 14.4185,15.7598150102422, 16.6154,4,16.67574,4,12.61014,-0.608385,77.8398,450
15.6917238114402, 18.9771,15.7745120106265, 16.2664,4,16.67933,4,10.45834,-0.752198,78.083,450
15.7092892108485, 15.0686,15.7933492111042, 17.3882,4,16.67682,4,11.76481,0.396542,78.1066,450
15.7265284107998, 18.7329,15.8081988114864, 16.7346,4,16.68001,4,10.93145,-0.090595,77.266,450
15.7415458103642, 13.8016,15.8264461122453, 16.6237,4,16.67554,4,12.00488,-0.835238,80.0678,450
15.7598150102422, 18.4986,15.8422533124685, 17.2065,4,16.67837,4,10.5661,-0.390216,75.891,450
15.7745120106265, 15.6603,15.8598630130291, 15.8587,4,16.67679,4,12.46736,-0.388644,80.617296,450
15.7933492111042, 18.7922,15.8744138134643, 16.159,4,16.68007,4,9.462195,-0.092149,77.0796,450
15.8081988114864, 14.6097,15.8926784126088, 19.4989,4,16.67687,4,11.90064,-0.765034,75.694,450
15.8264461122453, 18.6679,15.9085164135322, 14.8405,4,16.67994,4,10.78452,-1.085894,78.190496,450
15.8422533124685, 14.6358,15.9268229128793, 16.7397,4,16.67679,4,12.09374,-1.203349,76.1564,450
15.8598630130291, 19.0372,15.9421334126964, 16.8707,4,16.68042,4,10.04155,0.530073,78.989,450
15.8744138134643, 14.2122,15.9607851123437, 16.8205,4,16.67663,4,11.84053,0.454095,78.140304,450
15.8926784126088, 19.0069,15.9747161120176, 15.6489,4,16.6802,4,10.76329,1.434117,77.707104,450
15.9085164135322, 14.8972,15.9934175126255, 17.0817,4,16.67747,4,12.96695,-0.095961,77.207696,450
15.9268229128793, 18.3665,16.0093175135553, 16.0734,4,16.68005,4,11.67153,-0.924339,76.6058,450
15.9421334126964, 13.0748,16.0244845133275, 16.7299,4,16.67456,4,9.474305,-0.404217,80.015904,450
15.9607851123437, 18.8622,16.0417000129819, 15.4676,4,16.67789,4,11.26928,-0.256995,74.9502,450
15.9747161120176, 15.2835,16.0590087138116, 18.7429,4,16.67577,4,8.293961,-0.601573,77.6186,450
15.9934175126255, 18.2459,16.0753867141902, 14.9287,4,16.67815,4,11.84214,-1.086751,76.653296,450
16.0093175135553, 16.8668,16.0911106150597, 17.2238,4,16.67844,4,17.22312,0.338471,75.1096,450
16.0244845133275, 17.4667,16.1095877159387, 16.9945,4,16.67963,4,16.69189,-1.143807,76.252,450
16.0417000129819, 17.7284,16.1244857162237, 16.6705,4,16.68121,4,16.52847,-0.977919,75.0502,450
16.0590087138116, 15.7876,16.1415191162378, 15.2282,4,16.67987,4,16.89815,-0.266645,74.0836,450
16.0753867141902, 15.1249,16.1582130156457, 18.4995,4,16.67752,4,17.44243,0.90866,78.072896,450
16.0911106150597, 16.9907,16.176648715511, 16.7715,4,16.678,4,15.94601,-0.07831,75.671104,450
16.1095877159387, 17.0573,16.1919033154845, 15.3448,4,16.67856,4,7.765619,-0.95928,76.373904,450
16.1244857162237, 16.3803,16.2080272156745, 17.7833,4,16.67812,4,6.597445,-0.311423,76.2878,450
16.1415191162378, 16.5098,16.2248842157423, 15.2855,4,16.67787,4,5.68654,-0.331542,78.233696,450
16.1582130156457, 14.7674,16.2426662165672, 18.918,4,16.67501,4,3.32341,0.028834,74.6562,450
16.176648715511, 19.6278,16.2583109159023, 14.1562,4,16.67942,4,11.85398,0.025614,78.6006,450
16.1919033154845, 16.7793,16.2755054160953, 18.9685,4,16.67957,4,11.08752,-0.982206,77.646,450
16.2080272156745, 16.711,16.2923955153674, 15.0388,4,16.67961,4,12.01054,0.112604,75.503,450
16.2248842157423, 17.2883,16.3084654156119, 17.8769,4,16.68052,4,10.50507,-0.591484,76.540304,450
16.2426662165672, 14.9352,16.3251492157578, 16.8233,4,16.67793,4,4.112886,0.087111,75.4114,450
16.2583109159023, 16.9734,16.3426493164152, 17.2168,4,16.67837,4,11.87931,-1.155713,78.6126,450
16.2755054160953, 16.0204,16.358575316146, 16.044,4,16.67739,4,11.1617,-0.624926,76.827696,450
16.2923955153674, 17.9643,16.3756487164646, 17.123,4,16.67929,4,11.74648,0.005732,76.270704,450
16.3084654156119, 14.1126,16.3923046160489, 16.9146,4,16.67551,4,10.70439,-0.807511,74.729904,450
16.3251492157578, 18.4837,16.4082846157253, 14.3066,4,16.67817,4,11.70151,-1.116634,75.640496,450
16.3426493164152, 14.6181,16.4259793162346, 19.3436,4,16.67514,4,11.50433,-0.00209,73.7444,450
16.358575316146, 19.2826,16.4433840159327, 15.7471,4,16.67897,4,12.45607,-1.289529,77.104896,450
16.3756487164646, 16.021,16.4582675155252, 14.633,4,16.67801,4,9.808811,-0.248464,74.560896,450
16.3923046160489, 17.0972,16.4760945159942, 19.5927,4,16.67862,4,12.52283,0.035234,75.984896,450
16.4082846157253, 16.1349,16.4917229153216, 14.1009,4,16.67782,4,11.38839,0.740043,75.419904,450
16.4259793162346, 16.5921,16.5095314159989, 19.4245,4,16.6777,4,11.78773,0.603711,78.164,450
16.4433840159327, 17.3436,16.5260052159429, 16.4952,4,16.67867,4,11.82606,-0.163825,76.839296,450
16.4582675155252, 16.219,16.5435585156083, 15.7851,4,16.678,4,12.11347,0.388713,74.709104,450
16.4760945159942, 17.5467,16.558499715291, 17.047,4,16.67926,4,10.17916,0.746406,76.781296,450
16.4917229153216, 16.087,16.5760387154296, 15.4846,4,16.6784,4,11.08599,-0.237286,73.795904,450
16.5095314159989, 14.9351,16.5927789146081, 18.3453,4,16.67588,4,9.610625,-1.166776,79.427296,450
16.5260052159429, 18.3423,16.6079791141674, 13.276,4,16.67829,4,12.10869,0.485264,76.725904,450
16.5435585156083, 16.7235,16.6256694132462, 19.3919,4,16.67835,4,11.38129,0.845412,77.9344,450
16.558499715291, 16.2915,16.6426850138232, 15.3258,4,16.6778,4,9.002686,0.921394,78.712096,450
16.5760387154296, 17.0987,16.6582513134927, 15.5551,4,16.6784,4,11.74988,0.301321,78.156304,450
16.5927789146081, 17.8945,16.6756195127964, 19.0364,4,16.68015,4,11.01734,-0.197245,77.5272,450
16.6079791141674, 16.4726,16.6925347130746, 15.2706,4,16.67985,4,9.835188,-0.088411,75.81,450
16.6256694132462, 16.6344,16.7082001138479, 15.6676,4,16.67979,4,9.008406,0.07671,80.104704,450
16.6426850138232, 16.8097,16.7271737139672, 20.7994,4,16.67997,4,9.309379,-0.347225,75.0588,450
16.6582513134927, 17.0806,16.7435337137431, 14.6773,4,16.68055,4,4.044445,0.194494,79.3504,450
16.6756195127964, 15.8571,16.7583758141845, 16.5606,4,16.67937,4,12.14071,-0.481502,75.8268,450
16.6925347130746, 15.4184,16.7753592133522, 15.3323,4,16.67757,4,10.02789,-0.075313,79.5184,450
16.7082001138479, 17.1816,16.7928187139332, 19.1351,4,16.67829,4,11.89172,-1.771544,74.823104,450
16.7271737139672, 17.2001,16.808283213526, 13.6132,4,16.67903,4,10.73841,-0.77746,76.8266,450
16.7435337137431, 15.804,16.8259846139699, 19.7492,4,16.67779,4,11.5936,-0.305482,79.278096,450
16.7583758141845, 16.9494,16.8423374146223, 15.9941,4,16.67817,4,10.01681,-0.671477,76.1756,450
16.7753592133522, 17.6282,16.8594734147191, 15.4845,4,16.67952,4,11.88194,-0.485465,77.270896,450
16.7928187139332, 16.322,16.8752097152174, 17.3587,4,16.67901,4,11.87886,-0.273628,76.4778,450
16.808283213526, 17.541,16.8933329153806, 16.4124,4,16.68023,4,12.57248,0.181762,76.100096,450
16.8259846139699, 14.5821,16.9094162154943, 17.7835,4,16.67727,4,10.24958,-0.573931,77.190896,450
16.8423374146223, 18.0332,16.9272764157504, 16.2473,4,16.67918,4,12.54926,-0.497523,76.1898,450
16.8594734147191, 17.3505,16.9424247154966, 16.7938,4,16.68013,3,10.72273,-0.159478,66.0242,450
16.8752097152174, 17.1906,16.9596632150933, 15.6492,4,16.68084,3,10.31024,0.676737,58.7328,450
16.8933329153806, 16.5312,16.9756032144651, 17.442,4,16.68063,3,9.844531,-0.676767,60.9515,450
16.9094162154943, 16.9663,16.9921529153362, 15.0698,4,16.68103,3,10.67982,-0.159004,61.5278,450
16.9272764157504, 15.9829,17.0095790149644, 19.3431,4,16.68006,3,10.71688,0.266725,58.6665,450
16.9424247154966, 16.7959,17.0258095143363, 14.2513,4,16.68022,3,10.26356,-0.486139,61.6277,450
16.9596632150933, 16.6749,17.0424335142598, 18.0986,4,16.68021,3,9.450067,-0.434887,58.6521,450
16.9756032144651, 16.8385,17.0602670134977, 16.2801,4,16.68043,3,10.5318,-0.49119,59.7913,450
16.9921529153362, 16.0047,17.0772947138175, 18.7417,4,16.67949,3,11.91887,-0.514593,58.2964,450
17.0095790149644, 17.2551,17.0927850138396, 15.9301,4,16.68029,3,9.810239,-0.218762,61.1739,450
17.0258095143363, 16.3896,17.1092403139919, 14.2594,4,16.67989,3,8.693687,-0.480687,60.241,450
17.0424335142598, 17.5071,17.1266122143716, 19.5793,4,16.68103,3,12.28429,-0.285099,60.3458,450
17.0602670134977, 16.4173,17.1422160146758, 13.4311,4,16.68067,3,10.63699,0.536636,59.6327,450
17.0772947138175, 13.3079,17.1593459146097, 18.9398,4,16.67601,3,12.10846,0.968365,61.7286,450
17.0927850138396, 17.8487,17.1759193139151, 15.1464,4,16.67763,3,9.628587,-0.449922,60.5465,450
17.1092403139919, 17.084,17.1925773145631, 18.2918,4,16.67819,3,10.6183,0.006721,60.4576,450
17.1266122143716, 16.6381,17.2115303138271, 17.416,4,16.67813,3,10.11386,-1.649961,58.8246,450
17.1422160146758, 17.9839,17.2275528134778, 17.4274,4,16.67993,3,11.19343,-0.818431,61.1392,450
17.1593459146097, 15.5815,17.2423246130347, 14.9528,4,16.67842,3,8.641322,-0.541254,57.7903,450
17.1759193139151, 16.5368,17.2591762132943, 14.8189,4,16.67823,3,12.24668,1.730011,60.0054,450
17.1925773145631, 15.1705,17.276426313445, 19.4655,4,16.67616,3,9.903561,-0.112952,56.4464,450
17.2115303138271, 18.3391,17.2919264137745, 13.2925,4,16.67844,3,13.52373,0.472824,57.4772,450
17.2275528134778, 15.2468,17.3094470147043, 19.54,4,16.67648,3,10.80395,0.314228,60.4131,450
17.2423246130347, 18.1117,17.326113615185, 14.5862,4,16.67844,3,12.45619,-0.21482,57.2615,450
17.2591762132943, 17.0749,17.3444851152599, 20.7661,4,16.67898,3,8.133952,-0.982086,58.631,450
17.276426313445, 16.9263,17.3591604148969, 12.2316,4,16.67931,3,12.03248,-0.012564,57.0487,450
17.2919264137745, 16.5504,17.3756989156827, 18.5526,4,16.67914,3,9.109272,0.213317,59.1103,450
17.3094470147043, 15.0404,17.3949399152771, 17.508,4,16.67692,3,9.88982,-0.214501,58.9752,450
17.326113615185, 19.1864,17.409134815447, 16.0673,4,16.68031,3,9.548986,1.615244,60.0428,450
17.3444851152599, 14.1997,17.4263953147456, 15.2946,4,16.67696,3,12.36786,0.135729,59.8316,450
17.3591604148969, 18.6465,17.4424032149836, 17.8539,4,16.67962,3,9.313583,-0.475505,60.4567,450
17.3756989156827, 15.408,17.4593366151676, 15.0304,4,16.67791,3,11.5624,-0.812719,62.1541,450
17.3949399152771, 18.7989,17.477264915593, 19.8887,4,16.68076,3,10.03236,-0.139766,61.7723,450
17.409134815447, 14.4639,17.4927106155083, 13.4644,4,16.67778,3,10.14477,-0.856444,59.2895,450
17.4263953147456, 18.518,17.5093121146783, 18.5257,4,16.68025,3,9.728905,-0.009964,59.7924,450
17.4424032149836, 14.7794,17.5093121146783, 4.6037,4,16.6777,3,12.25732,-1.007574,60.3526,450
17.4593366151676, 18.5216,17.5255381138995, 11.2304,4,16.68017,3,10.59717,-1.008964,59.4678,450
17.477264915593, 13.7605,17.5431016134098, 15.9787,4,16.67627,3,11.91924,-0.098092,58.8999,450
17.4927106155083, 18.2318,17.5602409141138, 18.8076,4,16.67834,3,10.60756,-0.844308,59.8156,450
17.5093121146783, 16.9152,17.5757838143036, 14.0538,4,16.67866,3,11.64547,-0.100247,62.4749,450
17.5255381138995, 16.568,17.5934585137293, 19.5281,3,16.67851,3,10.56166,-0.308848,60.3415,450
17.5431016134098, 16.4671,17.6089751133695, 13.4916,3,16.67823,3,12.72949,-0.933476,61.6032,450
17.5602409141138, 17.7081,17.6260462133214, 18.8498,3,16.6796,3,9.887308,0.136696,61.2844,450
17.5757838143036, 15.8601,17.6421268125996, 14.3627,3,16.67851,3,12.57345,1.499353,59.9366,450
17.5934585137293, 16.704,17.6601564129815, 19.5804,3,16.67855,3,10.27275,-0.65848,58.1533,450
17.6089751133695, 16.6281,17.6772698136047, 15.6955,3,16.67848,3,8.924276,0.198855,60.4878,450
17.6260462133214, 17.6201,17.6934510143474, 17.7246,3,16.67972,3,9.196804,1.03901,58.9927,450
17.6421268125996, 16.3855,17.7107363147661, 15.6722,3,16.67934,3,6.080447,-1.614152,61.9963,450
17.6601564129815, 16.3927,17.727072714828, 18.491,3,16.67896,3,4.23638,-1.277495,58.5711,450
17.6772698136047, 16.2221,17.7433409141377, 15.0444,3,16.67836,3,7.413845,1.08454,62.358,450
17.6934510143474, 16.8201,17.7596029145643, 16.7228,3,16.67854,3,6.02059,-1.054026,59.3701,450
17.7107363147661, 16.7835,17.7760863145813, 15.1508,3,16.67868,3,4.948452,-1.18313,61.2962,450
17.727072714828, 16.9401,17.7935679154471, 19.2544,3,16.67902,3,8.976895,-0.330948,57.9163,450
17.7433409141377, 17.0438,17.8092549154535, 13.695,3,16.6795,3,7.72496,0.02079,62.154,450
17.7596029145643, 16.3833,17.8261457150802, 18.6032,3,16.67911,3,6.920426,0.385729,58.5277,450
17.7760863145813, 18.2684,17.8424548143521, 14.7024,3,16.68119,3,7.96673,0.226779,62.7777,450
17.7935679154471, 16.3526,17.859924714081, 17.3834,3,16.68076,3,9.593948,-0.377235,58.7698,450
17.8092549154535, 16.1133,17.877197614871, 19.0488,3,16.68002,3,7.41911,-0.545214,62.2913,450
17.8261457150802, 16.8823,17.8926943149418, 13.7308,3,16.68028,3,8.126371,0.800588,59.0101,450
17.8424548143521, 17.1377,17.9096118155867, 18.5072,3,16.68088,3,7.010321,-0.354518,62.6575,450
17.859924714081, 16.3977,17.9258736148477, 14.8149,3,16.68051,3,8.744435,-0.996275,60.1415,450
17.877197614871, 16.4766,17.9426554143429, 18.5379,3,16.68025,3,5.585314,-1.171672,63.6757,450
17.8926943149418, 17.1345,17.9594640135765, 16.9989,3,16.68083,3,9.143112,-0.814997,60.2824,450
17.9096118155867, 16.4202,17.9772304128855, 17.4885,3,16.6805,3,6.683918,0.056031,62.3378,450
17.9258736148477, 16.9891,17.9936471134424, 16.7765,3,16.6809,3,8.929775,0.249281,58.3676,450
17.9426554143429, 13.6084,18.0100105125457, 14.2341,3,16.67694,3,7.560172,0.249829,61.2441,450
17.9594640135765, 17.4096,18.0272780116647, 19.1058,3,16.67788,3,8.373597,-0.384523,57.3771,450
17.9772304128855, 15.017,18.0437094122171, 14.6355,3,16.67575,3,8.522169,0.960566,61.599,450
17.9936471134424, 19.607,18.059296512045, 17.1238,3,16.67951,3,5.873819,-1.196437,58.2826,450
18.0100105125457, 16.2136,18.0773316128179, 16.7162,3,16.67891,3,3.000971,-0.329656,60.5188,450
18.0272780116647, 16.8672,18.0934536131099, 17.4297,3,16.67915,3,7.013323,-0.502606,58.4254,450
18.0437094122171, 17.9035,18.1101222122088, 17.016,3,16.68072,2,8.449934,-0.140926,62.6792,450
18.059296512045, 15.6836,18.1270334115252, 15.1151,3,16.67944,1,2.832637,-0.786751,57.9423,450
18.0773316128179, 17.4803,18.1436165114865, 18.3958,3,16.68047,0,8.451056,-0.94371,63.6366,450
18.0934536131099, 14.0599,18.1600942118093, 16.7195,3,16.67713,8,9.278606,0.414789,12.9553,450
18.1101222122088, 17.5835,18.1771764112636, 15.4661,3,16.67828,8,8.268826,0.285837,23.2714,450
18.1270334115252, 16.9142,18.1935207108036, 18.1594,3,16.67858,8,8.877851,0.637468,40.0632,450
18.1436165114865, 14.936,18.2103260112926, 14.6167,3,16.67637,6,8.66021,-0.520255,50.9504,450
18.1600942118093, 19.2129,18.2263206103817, 17.8648,3,16.67958,6,9.013011,-0.165547,60.6933,450
18.1771764112636, 16.4652,18.2429604111239, 14.6817,3,16.67931,6,6.806663,-1.326171,77.8962,450
18.1935207108036, 16.7964,18.2599292108789, 19.1306,3,16.67946,6,8.033732,-0.95702,92.0344,450
18.2103260112926, 16.4299,18.2770159104839, 14.9356,3,16.67915,6,6.951155,-0.858413,109.103504,450
18.2263206103817, 15.4962,18.2935237111524, 18.4988,3,16.67765,6,9.397147,0.732973,99.968704,450
18.2429604111239, 17.9538,18.3100895108655, 14.5313,3,16.67926,5,7.931771,-0.912983,92.227504,450
18.2599292108789, 15.2279,18.3268003100529, 19.0111,3,16.67743,5,9.84542,-0.58176,94.871696,450
18.2770159104839, 18.644,18.3446418093517, 15.656,3,16.6799,5,8.210313,-0.738269,91.459904,450
18.2935237111524, 15.0865,18.3597579095513, 17.0121,3,16.67791,5,9.609027,-0.378379,93.9892,450
18.3100895108655, 17.9286,18.3761472087353, 14.5501,3,16.67947,5,6.976083,-0.52864,91.3356,450
18.3268003100529, 14.525,18.392857009545, 18.7608,3,16.67678,5,8.79966,0.306569,96.8286,450
18.3446418093517, 18.7042,18.4101566094905, 15.0774,3,16.67931,5,8.037069,-0.342711,93.7516,450
18.3597579095513, 15.0449,18.4273414090276, 19.3035,3,16.67727,5,9.034379,0.381606,95.598496,450
18.3761472087353, 18.3516,18.4437684081495, 14.3349,3,16.67936,5,7.24104,0.354577,92.107,450
18.392857009545, 14.7726,18.4603347089142, 18.2944,3,16.67698,5,7.724631,0.209388,97.5954,450
18.4101566094905, 18.5129,18.4773078095168, 15.2309,3,16.67927,5,7.847811,-0.564082,92.748304,450
18.4273414090276, 14.125,18.4931915104389, 17.7721,3,16.67609,5,8.213394,0.400858,96.2552,450
18.4437684081495, 17.8191,18.5104150101542, 15.3028,3,16.67751,5,8.568423,0.246253,94.519696,450
18.4603347089142, 15.077,18.527079610154, 18.6111,3,16.67553,5,7.119012,-0.392298,95.8284,450
18.4773078095168, 18.8147,18.54452541098, 15.4209,3,16.67818,5,10.33428,-0.538702,93.6992,450
18.4931915104389, 16.4702,18.5608979109675, 18.5264,3,16.67792,5,7.543742,-0.183873,94.526304,450
18.5104150101542, 18.4421,18.5772011112422, 14.4707,3,16.6801,5,7.050247,-0.31778,94.85,450
18.527079610154, 15.1325,18.5934969112277, 18.0091,3,16.67819,5,6.890598,0.046603,94.4258,450
18.54452541098, 18.5124,18.6100925114006, 14.6449,3,16.68045,5,8.807902,-0.125475,93.825296,450
18.5608979109675, 14.67,18.6269090119749, 18.8936,3,16.67797,5,8.590973,-0.788553,93.771904,450
18.5772011112422, 18.5705,18.6441882122308, 15.2535,3,16.6803,5,8.09498,0.040417,94.276704,450
18.5934969112277, 15.3467,18.6602155119181, 17.5819,3,16.67866,5,7.500497,-0.610513,92.694704,450
18.6100925114006, 18.0094,18.6774723120034, 15.9148,3,16.68029,5,10.38828,-0.301111,95.3004,450
18.6269090119749, 13.9664,18.6943355128169, 18.2203,3,16.67697,5,8.692353,0.045628,92.6302,450
18.6441882122308, 18.792,18.709991613403, 14.0544,3,16.67956,4,11.32688,-0.137597,83.606704,450
18.6602155119181, 13.5849,18.7272734139115, 19.279,3,16.67578,3,10.29811,-0.784488,76.1312,450
18.8272422160953, 172.5104,18.8447650168091, 121.8301,3,16.86582,2,10.19291,-0.962531,77.2108,450
18.8447650168091, 3.8684,18.8600558163598, 10.1608,0,16.84999,1,10.88747,-0.627652,79.9274,450
18.8447650168091, 1.7357,18.8600558163598, 5.7571,0,16.8316,0,11.3597,-0.131084,78.852496,450
18.8447650168091, 1.3193,18.8773519163951, 12.1524,1,16.81276,9,10.73869,0.213622,24.8098,450
18.8447650168091, 0.4248,18.8773519163951, 6.3827,2,16.79287,9,8.885631,0.078296,40.8662,450
18.8447650168091, 1.6025,18.8929736167192, 9.1814,3,16.77445,8,11.98165,-0.610982,54.4022,450
18.8447650168091, 1.1923,18.8929736167192, 4.4999,4,16.75559,7,11.11358,-0.114926,69.456896,450
18.8447650168091, 1.3709,18.9103004168719, 11.1136,5,16.73699,6,10.54608,-0.465403,75.577904,450
18.8447650168091, 1.3337,18.9273042175919, 18.5367,6,16.71838,6,10.2008,-0.634291,94.437904,450
18.8447650168091, 1.3865,18.9444541167468, 15.5245,7,16.69989,6,10.47858,-1.375455,106.7752,450
18.8447650168091, 0.9908,18.9608854167163, 18.0591,8,16.68096,6,11.13453,0.136427,109.4514,450
18.8600558163598, 13.8527,18.9782704170793, 15.7731,9,16.67756,5,11.9583,-0.396794,97.921504,450
18.8773519163951, 17.4692,18.9782704170793, 6.4178,8,16.67851,5,11.41009,-0.374696,93.207104,450
18.8929736167192, 17.7373,18.9946219176054, 9.9921,7,16.67978,5,12.57386,-0.276782,92.545,450
18.9103004168719, 15.6171,19.0109877176583, 18.2617,6,16.67851,5,11.35237,-0.142135,95.303696,450
18.9273042175919, 17.6431,19.0271192174405, 14.2306,6,16.67966,5,11.38289,0.267364,94.945904,450
18.9444541167468, 16.8274,19.0445518177003, 19.3563,6,16.67984,5,10.2797,0.057712,92.2758,450
18.9608854167163, 16.2109,19.0601118179038, 13.5574,6,16.67928,5,10.43168,-0.588563,93.766,450
18.9782704170793, 14.9449,19.0785653172061, 20.4476,6,16.67721,5,10.28934,-0.258087,92.688896,450
18.9946219176054, 18.6381,19.095903317444, 15.5506,5,16.67955,5,10.10064,-0.707024,95.646304,450
19.0109877176583, 15.1253,19.1110585173592, 16.9722,5,16.6777,5,10.07969,-0.682106,96.8904,450
19.0271192174405, 17.6597,19.1271538166329, 14.1677,5,16.67886,5,10.58446,0.133458,92.568896,450
19.0445518177003, 13.8501,19.1446767160669, 19.3379,5,16.6755,5,11.53109,0.07797,94.762,450
19.0601118179038, 18.346,19.1600917158648, 13.4988,5,16.67749,5,10.81892,-0.379202,93.231696,450
19.0785653172061, 15.4522,19.1772337155417, 18.9585,5,16.67603,5,10.70761,-0.278984,93.752496,450
19.095903317444, 18.1751,19.1955368155614, 16.4393,5,16.67781,5,12.52484,-0.551986,96.789104,450
19.1110585173592, 15.4537,19.2103412151337, 16.7624,5,16.67636,5,10.01573,-0.449549,92.491296,450
19.1271538166329, 19.0277,19.2288507148623, 16.8983,5,16.67914,5,10.0283,-0.169809,94.1626,450
19.1446767160669, 14.872,19.2447773143649, 15.6985,5,16.67701,5,10.46888,0.105846,92.700096,450
19.1600917158648, 17.8798,19.2613310143352, 18.2034,5,16.67842,5,10.26199,0.56636,92.778704,450
19.1772337155417, 15.8655,19.2785674147308, 15.441,5,16.67747,5,12.36345,0.692242,94.417904,450
19.1955368155614, 18.0212,19.29432371445, 17.4202,5,16.67905,5,10.30101,-0.548489,90.791504,450
19.2103412151337, 15.2926,19.3111872151494, 15.2389,5,16.67742,5,11.79965,-0.512572,93.8204,450
19.2288507148623, 18.5459,19.3286430146545, 19.0507,5,16.67961,5,10.12294,-1.470873,92.155904,450
19.2447773143649, 15.2218,19.3439100142568, 13.6481,5,16.6779,5,11.34646,0.49926,93.679104,450
19.2613310143352, 16.6565,19.3613822143525, 19.2532,5,16.67788,5,9.611289,0.349738,94.111104,450
19.2785674147308, 17.6408,19.3781161140651, 14.9703,5,16.679,4,12.34077,-1.209887,81.7184,450
19.29432371445, 15.6379,19.3944771140814, 18.1788,5,16.67779,4,10.76127,-0.392101,75.722304,450
19.3111872151494, 17.7521,19.3944771140814, 6.1873,5,16.67904,4,13.27034,0.193071,77.5432,450
19.3286430146545, 16.8596,19.4117774143815, 9.3836,5,16.67925,4,9.511962,-0.200307,76.2372,450
19.3439100142568, 15.7848,19.4285889137536, 16.8644,5,16.67821,4,9.798487,-0.025755,79.962496,450
19.3613822143525, 16.8234,19.4468625131994, 19.5392,5,16.67838,4,11.3908,-0.638716,76.196496,450
19.3781161140651, 17.2242,19.4623868130147, 16.1497,5,16.67901,4,10.16913,-0.567662,76.8332,450
19.5605070106685, 173.2075,19.5780231114477, 115.0648,5,16.86039,4,11.39911,0.033508,75.6378,450
19.5605070106685, 1.3062,19.5780231114477, 5.4043,0,16.84239,4,10.02586,0.219678,77.3638,450
19.5605070106685, 0.4751,19.5953196119517, 12.4519,1,16.82346,4,11.87862,-0.456758,75.6146,450
19.5605070106685, 1.6768,19.5953196119517, 5.7557,2,16.80597,4,10.96626,0.441481,78.3274,450
19.5605070106685, 1.3115,19.6115496121347, 10.1728,3,16.7881,4,12.32329,-0.665954,75.5924,450
19.5605070106685, 1.2837,19.6115496121347, 5.9576,4,16.77024,4,10.17402,-0.030954,78.488896,450
19.5605070106685, 1.5715,19.6287976112217, 11.6066,5,16.75275,4,11.52236,-0.526576,76.152096,450
19.5605070106685, 0.986,19.6287976112217, 6.0048,6,16.73463,4,10.42582,0.227615,76.8364,450
19.5605070106685, 1.2672,19.6439350107685, 7.388,7,16.71687,4,11.37305,-0.419756,77.468,450
19.5605070106685, 0.5035,19.6616300111637, 19.3633,8,16.69828,4,11.13165,-1.090439,76.348704,450
19.5605070106685, 1.3985,19.6772357113659, 13.7357,9,16.68075,4,11.74778,-1.029101,77.253504,450
19.5780231114477, 14.6099,19.6944475118071, 17.2865,10,16.67838,4,10.57988,0.655115,79.5098,450
19.5953196119517, 16.5104,19.7110320124775, 18.0547,9,16.67819,4,11.42096,0.061047,76.853,450
19.6115496121347, 17.5271,19.7110320124775, 4.4517,8,16.67916,4,9.670539,0.033944,76.626704,450
19.6287976112217, 16.9345,19.7277610115707, 12.2206,7,16.67945,4,12.8763,-0.270604,76.7212,450
19.6439350107685, 15.9085,19.7446237113327, 15.2462,6,16.67857,4,11.29648,-0.103288,77.079296,450
19.6616300111637, 16.2682,19.7619998119771, 19.0264,6,16.6781,4,11.15495,0.06935,75.9302,450
19.6772357113659, 16.5032,19.777848912403, 16.1456,6,16.6779,4,10.23516,-0.340012,75.7042,450
19.6944475118071, 17.1656,19.794151712209, 14.495,6,16.67846,4,11.889,-0.613874,75.5738,450
19.7110320124775, 16.8519,19.8108084127307, 18.3417,6,16.67866,4,10.38159,-0.390036,75.1518,450
19.7277610115707, 16.6259,19.8279582131654, 15.5485,5,16.6786,4,12.03325,-0.988398,73.765104,450
19.7446237113327, 16.5488,19.8458364140242, 19.5058,5,16.67845,4,11.66901,0.27324,77.0894,450
19.7619998119771, 15.0825,19.8621857147664, 16.3273,5,16.67665,4,9.474974,-0.213322,75.447296,450
19.777848912403, 18.6337,19.8782903142273, 14.311,5,16.67886,4,8.687336,-0.488184,76.921104,450
19.794151712209, 16.4064,19.8951611146331, 18.5998,5,16.67855,4,10.5062,-0.813646,76.136496,450
19.8108084127307, 16.6385,19.9120100140572, 15.1075,5,16.6785,4,17.27776,-0.209508,77.6512,450
19.8279582131654, 17.4935,19.9282642137259, 18.014,5,16.67942,4,16.00742,0.56047,76.603696,450
19.8458364140242, 14.88,19.9460792131722, 17.9165,5,16.6774,4,16.49058,-0.317895,77.715104,450
19.8621857147664, 19.0234,19.9625549130142, 14.7252,5,16.68003,4,16.79345,-1.432139,78.635,450
19.8782903142273, 15.821,19.9783958122134, 17.4921,5,16.67907,4,17.10931,0.894817,76.673504,450
19.8951611146331, 16.5937,19.9952917117625, 15.1308,5,16.67897,4,6.16983,-0.215675,77.4576,450
19.9120100140572, 17.4256,20.0110328122973, 17.5038,5,16.67981,4,3.643595,-0.247309,74.8412,450
19.9282642137259, 15.1952,20.0276256129146, 16.8348,5,16.67815,4,4.898539,0.286387,79.960896,450
19.9460792131722, 18.5081,20.0444986131042, 14.9181,5,16.68019,4,7.098783,0.020846,79.4904,450
19.9625549130142, 15.7186,20.0615142136812, 18.71,5,16.67912,4,10.89137,-0.757861,76.3226,450
19.9783958122134, 16.4447,20.0780012141913, 14.7812,5,16.67886,4,12.11021,-0.769068,78.0054,450
19.9952917117625, 17.3326,20.0952143147588, 18.8545,5,16.67958,4,10.26951,-1.023864,75.622896,450
20.0110328122973, 14.766,20.1120478138328, 15.1983,5,16.67746,4,11.15475,0.227826,77.524304,450
20.0276256129146, 18.9956,20.1281999144703, 17.6151,5,16.68003,4,3.696261,-0.920346,77.0946,450
20.0444986131042, 15.5146,20.1281999144703, 4.5012,5,16.67874,4,10.48277,-0.405597,75.990304,450
20.0615142136812, 17.603,20.1456423141062, 11.6068,5,16.67976,4,12.69956,-0.552732,77.2288,450
20.0780012141913, 15.2461,20.1611769143492, 17.0665,5,16.67818,4,11.07907,-0.089718,77.935504,450
20.0952143147588, 16.5983,20.1781260147691, 15.2917,5,16.67809,4,11.58735,-0.015436,77.049,450
20.1120478138328, 17.4239,20.1972709149122, 21.149,5,16.67891,4,10.4245,-0.750665,77.020096,450
20.1281999144703, 16.1812,20.2116090152413, 12.4149,5,16.67836,4,10.64173,0.27046,77,450
20.1456423141062, 17.6107,20.2282518148422, 18.2471,4,16.67939,4,10.39982,-1.118058,77.5146,450
20.1611769143492, 16.723,20.2454860154539, 15.5278,4,16.67944,4,11.88894,-1.534424,74.874096,450
20.1781260147691, 15.5466,20.2611611150205, 17.2727,4,16.67819,4,11.41226,0.421395,76.4128,450
20.1972709149122, 17.4824,20.2784092146903, 15.7325,4,16.67908,4,10.72264,-0.884507,75.364704,450
20.2116090152413, 16.1367,20.295679314062, 18.8489,4,16.67848,4,9.809958,0.713244,76.6622,450
20.2282518148422, 17.0433,20.3115688133985, 14.3081,4,16.67888,4,10.91192,-0.38957,77.5844,450
20.2454860154539, 16.1315,20.3289258126169, 19.0273,4,16.67828,4,13.4831,0.052515,76.1404,450
20.2611611150205, 16.2449,20.3445845134556, 13.9075,4,16.67781,4,9.611407,-0.396905,77.6042,450
20.2784092146903, 17.5845,20.3613138142973, 18.2687,4,16.6788,4,12.65716,-0.060255,77.3644,450
20.295679314062, 16.2287,20.3796006143093, 16.8609,4,16.67831,4,9.21927,-0.418508,75.777504,450
20.3115688133985, 17.5314,20.3943620147184, 16.4113,4,16.67924,4,12.14308,0.690542,77.9506,450
20.3289258126169, 15.5185,20.4123390140012, 16.4226,4,16.67797,4,9.829205,-0.213567,75.659696,450
20.3445845134556, 16.8811,20.429742413573, 19.1421,4,16.67819,4,10.56915,-0.159124,79.6586,450
20.3613138142973, 16.7634,20.4457366140559, 14.1034,4,16.67829,4,10.29601,0.342569,77.6576,450
20.3796006143093, 17.4739,20.4614879144356, 17.2455,4,16.67915,4,10.05836,0.859344,76.0198,450
20.3943620147184, 16.1666,20.4793784143403, 16.2609,4,16.67859,4,10.90807,0.654519,76.877296,450
20.4123390140012, 17.3983,20.4955114135519, 17.7568,4,16.67937,4,10.05842,0.351907,75.635,450
20.429742413573, 16.432,20.5124198133126, 15.2819,4,16.67911,4,12.03983,-0.726217,78.7566,450
20.4457366140559, 17.5037,20.5280929123983, 17.2774,4,16.68,4,4.085656,-1.348426,78.4778,450
20.4614879144356, 16.0538,20.545492512174, 15.9234,4,16.67932,4,9.022081,-0.099569,76.265696,450
20.4793784143403, 18.0559,20.5614681122825, 17.6332,4,16.6808,4,11.09909,-0.332935,78.084704,450
20.4955114135519, 16.2189,20.5780459130183, 14.8318,4,16.68031,4,9.878817,0.422104,74.415696,450
20.5124198133126, 17.0136,20.5963469138369, 20.3374,4,16.68066,4,12.66813,0.383721,78.1454,450
20.5280929123983, 16.2746,20.6128072133288, 14.6327,4,16.68023,4,11.58807,0.759333,76.053904,450
20.545492512174, 16.8785,20.6296262135729, 18.3519,4,16.68044,4,12.00624,-0.774357,76.372496,450
20.5614681122825, 14.419,20.6449178131297, 13.6351,4,16.67802,4,10.377,-0.085425,77.9956,450
20.5780459130183, 17.5686,20.662395012565, 19.082,4,16.67897,4,11.15728,0.79434,75.575696,450
20.5963469138369, 16.3717,20.6792077133432, 15.3238,4,16.67864,4,9.039467,-0.351986,80.0476,450
20.6128072133288, 17.0661,20.6956000132486, 18.1776,4,16.67906,4,9.511757,-0.295503,77.294896,450
20.6296262135729, 15.7884,20.7124930126593, 16.7082,4,16.67811,4,10.79862,-0.333717,75.08,450
20.6449178131297, 17.4595,20.7296988135204, 15.4973,4,16.67894,4,10.31796,-0.626862,76.8686,450
20.662395012565, 17.1959,20.7460755137727, 17.9796,4,16.67949,3,9.169286,-0.179633,75.506704,450
20.6792077133432, 16.062,20.7612984133884, 13.4451,4,16.67883,2,10.3851,-0.346428,78.939904,450
20.6956000132486, 15.2171,20.7797663128003, 20.337,4,16.67728,1,10.54852,-0.543293,76.734304,450
20.7124930126593, 17.9581,20.7969184136018, 17.4875,4,16.67864,0,10.63786,0.346037,76.148496,450
20.7296988135204, 16.7289,20.8123843139037, 13.56,4,16.67869,10,11.04723,-0.458701,25.2822,450
20.7460755137727, 17.0367,20.82923481334, 18.7194,4,16.67907,9,10.33943,-0.873794,37.4986,450
20.7612984133884, 16.332,20.845266812481, 13.949,4,16.6787,8,10.28339,0.689287,50.9532,450
20.7797663128003, 14.6695,20.8618637127802, 16.5719,4,16.67658,7,10.33736,-0.104746,63.4356,450
20.7969184136018, 18.2806,20.8780318135396, 17.8496,4,16.67827,6,9.811701,-0.204148,74.676896,450
20.8123843139037, 17.2414,20.8956904141232, 16.137,4,16.67887,6,10.63229,0.190977,89.661104,450
20.82923481334, 16.2316,20.9117008140311, 17.4695,4,16.6784,6,11.15351,0.357723,102.902096,450
20.845266812481, 16.6638,20.9305952144787, 17.3704,4,16.67838,6,8.324546,-0.586735,108.3872,450
20.8618637127802, 17.4573,20.9455904141068, 16.5706,4,16.6792,6,10.16875,-0.438123,101.475104,450
20.8780318135396, 15.8998,20.9629339147359, 15.8706,4,16.67838,5,10.10962,0.596608,96.390496,450
20.8956904141232, 18.2103,20.9795288145542, 18.1902,4,16.67999,5,9.916877,-0.879043,95.4538,450
20.9117008140311, 16.2177,20.9958494137973, 16.7316,4,16.6795,5,9.777135,-0.39398,95.952,450
20.9305952144787, 17.4392,21.0125200133771, 14.7986,4,16.6803,5,10.80212,0.27939,93.9964,450
20.9455904141068, 15.2728,21.0279917130247, 16.8262,4,16.67883,5,10.40179,-0.023324,93.876096,450
20.9629339147359, 16.5987,21.0451530134305, 15.5352,4,16.67874,5,10.99984,-0.97749,93.055104,450
20.9795288145542, 15.424,21.0618292139843, 16.722,4,16.67743,5,10.95438,0.769486,93.4054,450
20.9958494137973, 18.2716,21.0791363148019, 19.1928,4,16.6791,5,12.16181,-0.992909,93.826704,450
21.0125200133771, 16.259,21.0959362154827, 14.8147,4,16.67866,5,10.10662,-0.619974,94.3332,450
21.0279917130247, 16.8539,21.1127053154632, 18.3174,4,16.67884,5,11.85859,-0.597992,94.981,450
21.0451530134305, 17.0082,21.1292027151212, 16.7693,4,16.67918,5,11.31171,-0.551458,92.0398,450
21.0618292139843, 16.5939,21.1459772149101, 15.0058,4,16.67909,5,10.99061,-0.320968,94.428896,450
21.0791363148019, 16.4586,21.1627955147997, 18.6313,4,16.67887,5,10.99967,-0.810285,92.7524,450
21.0959362154827, 16.9997,21.1791609143838, 14.7098,4,16.6792,5,12.45789,-0.687451,92.714496,450
21.1127053154632, 14.2272,21.1952679147944, 18.2247,4,16.67666,5,10.62866,0.413736,92.875296,450
21.1292027151212, 18.8338,21.2123790150508, 16.8325,4,16.67889,5,10.54097,-0.568781,93.4978,450
21.1459772149101, 16.6449,21.2291584154591, 15.007,4,16.67886,5,11.86108,-0.098009,91.1028,450
21.1627955147997, 16.7266,21.2453601146117, 17.584,4,16.67891,5,10.77025,0.153326,91.8152,450
21.1791609143838, 17.0762,21.2629037154838, 15.8336,4,16.67932,5,12.16826,-0.495466,93.0676,450
21.1952679147944, 15.0671,21.2792362151667, 18.1887,4,16.67765,5,9.929581,-0.494559,93.6098,450
21.2123790150508, 18.2897,21.2970848148689, 18.0104,4,16.67931,5,12.45331,0.368034,92.236896,450
21.2291584154591, 16.66,21.3134507155046, 14.4474,4,16.67929,5,10.15817,-0.476036,93.9054,450
21.2453601146117, 16.5612,21.3300059149042, 18.3799,4,16.67917,5,11.80477,0.006323,90.6704,450
21.2629037154838, 17.0448,21.3451471151784, 13.3756,4,16.67955,5,10.60086,-0.057047,93.712704,450
21.2792362151667, 14.5903,21.3617606153712, 18.3197,4,16.67741,4,10.44807,-0.702852,79.601104,450
21.2970848148689, 19.6814,21.3792603155598, 17.5899,4,16.68048,4,9.919236,0.303429,76.334496,450
21.3134507155046, 14.7909,21.3959342157468, 15.1091,4,16.67855,4,10.54888,1.022505,75.710704,450
21.3300059149042, 16.2201,21.4122528163716, 17.8437,4,16.67808,4,10.10715,-0.792194,73.5432,450
21.3451471151784, 17.8524,21.4294149158522, 15.4317,4,16.67928,4,9.868352,0.332537,75.982896,450
21.3617606153712, 14.8744,21.4469673158601, 19.3457,4,16.67744,4,12.24287,-0.708963,76.136304,450
21.3792603155598, 18.8229,21.4632744165137, 16.0699,4,16.67962,4,9.577695,0.428874,75.9604,450
21.3959342157468, 16.3205,21.4790706159547, 14.1053,4,16.67926,4,10.50469,0.239971,78.646304,450
21.4122528163716, 16.6608,21.4957022154704, 18.4487,4,16.67924,4,12.54596,1.081294,76.9562,450
21.4294149158522, 16.4251,21.5125980162993, 15.0636,4,16.67898,4,9.638263,-0.632794,76.72,450
21.4469673158601, 15.0542,21.5291120158508, 18.4867,4,16.67733,4,12.21613,0.206852,77.131696,450
21.4632744165137, 18.3951,21.5472069149837, 16.1906,4,16.67908,4,9.472729,0.260157,75.537,450
21.4790706159547, 16.8119,21.5635174149647, 16.2329,4,16.67921,4,9.658106,-1.153145,77.6946,450
21.6620619148016, 173.8263,21.679145315662, 118.3922,4,16.8381,4,10.54809,-0.119197,78.656496,450
21.6620619148016, 1.8604,21.679145315662, 6.4195,0,16.82298,4,10.18055,0.215449,76.0038,450
21.6620619148016, 1.9648,21.6959042157978, 9.7066,1,16.80798,4,11.36884,-0.918439,78.987696,450
21.6620619148016, 1.8161,21.6959042157978, 6.2888,2,16.79287,4,9.708245,-0.276913,75.531696,450
21.6620619148016, 1.8017,21.71316341497, 10.9142,3,16.77777,4,13.1215,-0.022061,79.067104,450
21.6620619148016, 1.7343,21.71316341497, 6.0752,4,16.76264,4,10.40695,-1.017332,77.715104,450
21.6620619148016, 0.6962,21.7293479144573, 8.0627,5,16.74649,4,11.76374,1.250096,77.028096,450
21.6620619148016, 1.52,21.7293479144573, 6.6349,6,16.7312,4,12.88951,0.948706,75.562496,450
21.6620619148016, 1.7542,21.7489835135639, 12.9952,7,16.71618,4,10.53206,-0.857527,77.862304,450
21.679145315662, 1.2399,21.7632781136781, 16.2235,8,16.70067,4,11.94373,-0.593517,75.6224,450
21.679145315662, 2.3796,21.7808187138289, 15.6216,8,16.68634,4,12.9543,0.153308,76.567104,450
21.679145315662, 8.9888,21.7952239140868, 14.4736,9,16.67864,4,8.829394,-1.019513,77.887104,450
21.6959042157978, 16.7504,21.8137892149389, 20.2223,9,16.67871,4,10.83303,-0.042228,76.652304,450
21.71316341497, 17.0477,21.8137892149389, 6.6619,8,16.67908,4,10.95022,-0.37836,76.558,450
21.7293479144573, 14.4799,21.829372914508, 9.3953,7,16.67689,4,12.29839,0.079267,77.5194,450
21.7489835135639, 18.123,21.8469537142664, 17.1859,6,16.67833,4,9.836013,-0.809116,77.556704,450
21.7632781136781, 15.1129,21.8644025139511, 15.6105,6,16.67677,4,12.91133,0.598357,77.1338,450
21.7808187138289, 18.1961,21.8788201138377, 16.2415,6,16.67828,4,9.83416,0.030413,76.067904,450
21.7952239140868, 18.2912,21.897281114012, 18.1897,6,16.67988,4,10.52553,1.159179,76.911504,450
21.8137892149389, 14.376,21.9123068144545, 13.535,6,16.6776,4,11.71542,-0.364055,79.162496,450
21.829372914508, 18.6441,21.9293726151809, 18.9937,5,16.67955,4,11.04334,0.184187,77.262704,450
21.8469537142664, 14.2949,21.9460362149402, 14.716,5,16.67719,4,11.30959,-0.468033,78.800896,450
21.8644025139511, 18.7099,21.9632984148338, 19.2162,5,16.6792,4,10.21032,-0.645545,75.1432,450
21.8788201138377, 14.283,21.9801484150812, 14.9303,5,16.67683,4,10.64546,0.097122,79.682304,450
21.897281114012, 18.9929,21.9962102146819, 16.0516,5,16.67912,4,10.53071,-0.389271,78.758896,450
21.9123068144545, 16.6388,22.0133315147832, 19.0273,5,16.67908,4,11.55693,-0.395263,77.611696,450
21.9293726151809, 16.7685,22.0303050139919, 15.0916,5,16.67916,4,10.80075,0.755548,78.8788,450
21.9460362149402, 17.2057,22.0458819139749, 17.1634,5,16.67968,4,12.41238,1.105613,76.285904,450
21.9632984148338, 16.428,22.0641295146197, 16.5883,5,16.67943,4,9.749071,-0.135157,79.062096,450
21.9801484150812, 16.9491,22.0800776146352, 17.5713,5,16.6797,4,12.18046,-0.319569,77.381296,450
21.9962102146819, 16.6386,22.0959389153868, 14.2433,5,16.67966,4,10.75945,0.340902,76.2304,450
22.0133315147832, 16.4221,22.1131145153195, 17.1348,5,16.67941,4,11.16249,-0.684687,79.017696,450
22.0303050139919, 17.8147,22.1302444152534, 19.0665,5,16.68052,4,9.099157,-0.254421,74.947504,450
22.0458819139749, 16.3367,22.1490444149822, 16.8785,5,16.68018,4,9.841769,-0.410348,75.700096,450
22.0641295146197, 17.2486,22.1631378149614, 15.8758,5,16.68074,4,12.2691,-0.376568,79.087,450
22.0800776146352, 15.5851,22.180081914179, 17.253,5,16.67967,3,9.354087,0.199006,77.11,450
22.0959389153868, 17.3731,22.1961170146242, 14.1459,5,16.68034,2,12.61512,1.185942,74.8882,450
22.1131145153195, 16.2613,22.2133932141587, 19.288,5,16.67994,1,10.35695,-0.700594,75.964496,450
22.1302444152534, 15.2295,22.2290617143735, 13.4814,5,16.67852,0,11.88467,-0.558577,74.2956,450
22.1490444149822, 18.431,22.2290617143735, 6.0667,5,16.68023,9,10.27399,0.021385,23.0399,450
22.1631378149614, 15.0506,22.2469680150971, 11.7839,5,16.67864,8,9.536458,-1.119692,37.8955,450
22.180081914179, 18.3803,22.2631176142022, 17.756,5,16.6803,8,8.789994,-0.305605,54.8678,450
22.1961170146242, 16.2212,22.2787293139845, 14.0541,5,16.67985,7,10.51518,-0.283443,69.2546,450
22.2133932141587, 16.6697,22.296211913228, 19.1081,5,16.67984,6,12.38091,1.338139,76.061696,450
22.2290617143735, 17.1817,22.3134644124657, 17.3348,5,16.68033,6,9.589192,-0.591875,93.877104,450
22.2469680150971, 15.014,22.3300168123096, 14.8375,4,16.67871,6,12.9867,-0.738737,107.506704,450
22.2631176142022, 16.0938,22.3469615131617, 18.7799,4,16.67815,6,10.12464,-0.044456,109.691696,450
22.2787293139845, 17.6062,22.3644840139896, 15.9166,4,16.67905,5,12.22296,-0.669562,96.676304,450
22.296211913228, 14.8731,22.3791430136189, 14.6356,4,16.6773,5,8.128175,-0.094422,95.005104,450
22.3134644124657, 18.3378,22.3961996128783, 18.7488,4,16.6789,5,12.58494,-0.765403,93.0938,450
22.3300168123096, 16.6513,22.4130004132167, 15.0563,4,16.67888,5,10.70976,-0.508954,95.4556,450
22.3469615131617, 17.0579,22.4302990129218, 19.2152,4,16.67924,5,9.883462,0.761343,93.2958,450
22.3644840139896, 15.9874,22.4474524138495, 16.9486,4,16.67858,5,10.49592,-0.484928,95.3932,450
22.3791430136189, 16.7317,22.4633970139548, 14.0788,4,16.67863,5,11.8805,-0.556996,94.412096,450
22.3961996128783, 16.048,22.4805909143761, 19.0326,4,16.67802,5,10.70475,-1.026641,92.561104,450
22.4130004132167, 17.3565,22.4963099146262, 13.8998,4,16.67867,5,12.35576,-0.117801,93.887504,450
22.4302990129218, 14.5237,22.5142945153639, 18.0585,4,16.67661,5,9.144928,0.271686,92.245696,450
22.4474524138495, 18.6777,22.5300498148426, 17.3251,4,16.67852,5,12.3602,-0.839246,92.3792,450
22.4633970139548, 16.5666,22.5475387154147, 15.8808,4,16.67842,5,5.902141,0.174054,96.4266,450
22.4805909143761, 17.674,22.5637965155765, 16.2064,4,16.67937,5,11.3557,-0.967759,93.361904,450
22.4963099146262, 15.5177,22.5797079158947, 17.8184,4,16.67826,5,12.05781,-0.598106,95.626704,450
22.5142945153639, 16.7409,22.5959908151999, 14.5005,4,16.67832,5,9.922646,-1.192686,92.8148,450
22.5300498148426, 16.3462,22.6133604152128, 17.2896,4,16.678,5,12.55745,0.12199,92.684,450
22.5475387154147, 17.538,22.6303075151518, 18.8578,4,16.67882,5,9.705059,0.608354,93.919104,450
22.5637965155765, 16.4854,22.647293814458, 15.2507,4,16.67864,5,12.89651,0.103196,92.6274,450
22.5797079158947, 16.929,22.6643496146426, 16.8338,4,16.67887,5,10.72139,0.650539,95.2292,450
22.5959908151999, 16.1027,22.6797665143386, 17.0638,4,16.67833,5,13.04151,0.345896,95.245904,450
22.6133604152128, 16.9765,22.6983295148239, 17.0136,4,16.67861,5,10.13825,-0.151385,92.660896,450
22.6303075151518, 16.6098,22.7129835151136, 16.1861,4,16.67855,5,11.1237,-0.475908,94.5158,450
22.647293814458, 17.0139,22.7305219154805, 15.948,4,16.67886,5,10.07486,-0.664809,91.2774,450
22.6643496146426, 16.5334,22.7463225163519, 17.377,4,16.67873,5,11.0792,0.135277,94.2706,450
22.6797665143386, 16.696,22.7650049161166, 18.9468,4,16.67874,5,9.232485,-0.921511,94.819696,450
22.6983295148239, 17.1491,22.7818335164338, 15.2489,4,16.67919,4,10.90911,-0.651171,81.6448,450
22.7129835151136, 15.8627,22.797487815842, 17.4003,4,16.67842,4,10.86471,-1.017392,75.17,450
22.7305219154805, 17.3982,22.8131078155711, 13.7401,4,16.67909,4,12.39552,-0.245476,77.0372,450
22.7463225163519, 14.0368,22.8300944147632, 18.5758,4,16.67661,4,9.823111,0.387546,78.8672,450
22.7650049161166, 18.2783,22.8474198142067, 17.354,4,16.67811,4,12.81367,-0.840465,75.894304,450
22.7818335164338, 16.8082,22.864666714333, 15.6613,4,16.67824,4,10.88589,-0.600812,76.5608,450
22.797487815842, 17.2298,22.8814071146771, 18.4962,4,16.67875,4,12.86728,-1.060646,76.072,450
22.8131078155711, 16.4918,22.897299814038, 13.8999,4,16.67858,4,12.16545,-0.886644,77.733104,450
22.8300944147632, 14.4341,22.9144749147817, 17.2089,4,16.67648,4,9.795765,-0.78654,78.4726,450
22.8474198142067, 19.27,22.9300636146218, 17.5883,4,16.6789,4,12.74791,0.307924,76.5918,450
22.864666714333, 15.9569,22.9468318149447, 14.8054,4,16.67823,4,10.91985,-0.025655,79.3502,450
22.8814071146771, 16.7922,22.9644476156682, 19.5795,4,16.67833,4,12.78064,-0.2825,79.623904,450
22.897299814038, 17.6309,22.9798552161083, 13.5602,4,16.67922,4,10.92674,0.317693,76.5882,450
22.9144749147817, 16.347,22.997031015344, 17.0992,4,16.67891,4,10.60598,0.056783,78.712704,450
22.9300636146218, 16.8143,23.0155870160088, 20.2023,4,16.67904,4,9.797055,-1.010368,77.2996,450
22.9468318149447, 16.9216,23.0304927164689, 14.9446,4,16.67926,4,9.698,0.340615,77.128896,450
22.9644476156682, 17.5837,23.0475363163278, 15.3624,4,16.6801,4,12.14591,-0.224728,77.3844,450
22.9798552161083, 16.7697,23.0633844165131, 17.8435,4,16.68019,4,9.717717,-0.258793,75.6164,450
22.997031015344, 17.1041,23.0806215172634, 15.4353,4,16.68058,4,11.76267,-0.02662,75.726096,450
23.1805547168478, 172.4337,23.1972914161161, 116.4316,4,16.8248,4,11.31779,-0.1127,76.016096,450
23.1805547168478, 1.4077,23.1972914161161, 6.1519,0,16.81053,4,11.27793,-0.31818,76.200496,450
23.1805547168478, 1.5075,23.214722215198, 11.2094,1,16.79639,4,10.53269,0.059152,78.8632,450
23.1805547168478, 1.3021,23.214722215198, 6.4548,2,16.78208,4,10.19412,-0.243131,74.5204,450
23.1805547168478, 0.4553,23.2318124147132, 10.8289,3,16.76702,4,11.7601,-0.131943,75.6084,450
23.1805547168478, 1.3415,23.2318124147132, 7.9405,4,16.75281,4,10.03518,-0.785703,77.103696,450
23.1805547168478, 1.1971,23.2485982151702, 8.8008,5,16.73848,4,9.990248,-0.853048,73.9698,450
23.1805547168478, 0.9542,23.2485982151702, 7.7367,6,16.72396,4,11.21393,-0.557601,79.075,450
23.1805547168478, 0.9734,23.2642248151824, 7.7791,7,16.70948,4,9.728343,-0.170161,74.9942,450
23.1805547168478, 1.2159,23.2815229156986, 19.0309,8,16.69526,4,11.7988,-0.319595,75.491,450
23.1805547168478, 1.0003,23.2979390164837, 14.6299,9,16.68086,4,10.61275,-0.4253,76.552096,450
23.1972914161161, 15.7959,23.3141532158479, 17.9814,10,16.68005,4,12.6087,-0.385906,75.525,450
23.214722215198, 16.3676,23.3311175154522, 15.3066,9,16.67976,4,10.15666,-0.868979,77.642704,450
23.2318124147132, 16.287,23.3311175154522, 4.3315,8,16.6794,4,11.9024,-0.792856,74.7308,450
23.2485982151702, 15.1389,23.3467176156119, 13.4678,7,16.67799,4,10.0801,-1.085967,75.368496,450
23.2642248151824, 17.1326,23.3640568153933, 15.2208,6,16.67841,4,12.23081,-1.046337,77.4902,450
23.2815229156986, 16.558,23.381326415576, 18.9195,6,16.6783,4,9.895879,-0.429295,74.154496,450
23.2979390164837, 16.5306,23.397257915698, 14.3706,6,16.67816,4,10.91936,0.081621,76.463,450
23.3141532158479, 17.2814,23.4150929162279, 19.3782,6,16.67871,4,10.58577,-0.192746,76.7988,450
23.3311175154522, 17.882,23.4318978162482, 16.9009,6,16.67981,4,12.71454,-0.31564,77.336096,450
23.3467176156119, 15.3142,23.4472992159426, 13.4639,5,16.67857,4,10.63169,-0.063152,76.954304,450
23.3640568153933, 17.2349,23.4640916157514, 18.5597,5,16.67907,4,12.23528,-0.867181,73.8026,450
23.381326415576, 16.3292,23.4805222153664, 14.7038,5,16.67875,4,9.607746,-0.275457,78.338896,450
23.397257915698, 16.7324,23.4973355159163, 16.8489,5,16.6788,4,11.95204,-0.242876,76.161504,450
23.4150929162279, 14.4768,23.5139483157545, 18.5259,5,16.67681,4,10.32805,0.513227,75.468,450
23.4318978162482, 18.3411,23.5311246160418, 15.2746,5,16.67831,4,11.78118,0.199038,74.7144,450
23.4472992159426, 16.8302,23.5484258159995, 19.0948,5,16.67845,4,10.68646,-0.17721,78.204096,450
23.4640916157514, 17.7463,23.5649285167456, 14.9339,5,16.67942,4,12.06378,-0.556985,77.9488,450
23.4805222153664, 16.3443,23.58130081743, 16.2165,5,16.67911,4,10.13097,-0.666785,78.539904,450
23.4973355159163, 16.5864,23.5973193179816, 17.8181,5,16.67903,4,11.39206,-0.499249,76.5414,450
23.5139483157545, 16.2682,23.6141188181937, 14.9758,5,16.67866,4,9.54441,0.065457,77.164096,450
23.5311246160418, 16.4415,23.6313342172652, 19.0428,5,16.67845,4,11.75319,-0.595916,78.628304,450
23.5484258159995, 16.4579,23.6479764170945, 16.4752,5,16.67825,3,10.42328,0.023026,78.1304,450
23.5649285167456, 17.0004,23.6640865169466, 14.4142,5,16.67854,2,12.46115,0.224846,77.0702,450
23.58130081743, 17.3844,23.6816527172923, 19.2392,5,16.67917,1,10.24434,-0.808734,77.861104,450
23.5973193179816, 16.8477,23.6970251174644, 13.6092,5,16.67932,0,11.67112,-0.219314,76.276,450
23.6141188181937, 16.8352,23.7148617180064, 19.8282,5,16.67946,6,10.76947,-0.435394,12.4886,450
23.6313342172652, 15.1075,23.7304164180532, 15.6565,5,16.67805,9,11.53145,-0.427174,24.4377,450
23.6479764170945, 18.0638,23.748228318058, 15.7796,5,16.67929,8,9.985734,-0.348954,36.4968,450
23.6640865169466, 17.3617,23.748228318058, 6.4705,5,16.6799,7,12.61011,-0.261234,49.8011,450
23.6816527172923, 16.1203,23.7643041172996, 9.6461,5,16.6794,6,10.00489,-0.794714,55.9196,450
23.6970251174644, 16.7568,23.7812049174681, 18.6227,5,16.67947,6,16.78087,-0.334394,74.147104,450
23.7148617180064, 15.0329,23.7980092177168, 16.8626,5,16.67801,6,16.70215,-0.550174,89.176096,450
23.7304164180532, 17.7793,23.8145512184128, 14.8074,5,16.67899,6,16.67313,-0.881558,103.9274,450
23.748228318058, 17.5396,23.8311981176957, 18.2035,5,16.67975,5,16.63331,-0.288821,100.4642,450
23.7643041172996, 16.0914,23.848429816775, 15.6032,4,16.67923,5,17.12519,-1.343632,92.886304,450
23.7812049174681, 15.2663,23.8646771172062, 16.9268,4,16.67797,5,16.68027,-0.748343,92.7158,450
23.7980092177168, 16.8284,23.881143216975, 17.5673,4,16.67811,5,4.969258,-0.326425,93.3568,450
23.8145512184128, 17.306,23.8983388161287, 15.4247,4,16.67867,5,5.733821,0.166768,92.781296,450
23.8311981176957, 16.1567,23.9157325169072, 18.9144,4,16.6782,5,3.877432,-0.114495,92.5962,450
23.848429816775, 16.8984,23.9326010169461, 17.1723,4,16.6784,5,6.877543,0.583066,91.330704,450
23.8646771172062, 16.6838,23.9481675168499, 13.6474,4,16.6784,5,12.44452,-1.403643,92.199104,450
23.881143216975, 17.0343,23.9656853163615, 19.1593,4,16.67872,5,10.58873,-0.045652,94.977,450
23.8983388161287, 17.1729,23.9827879155055, 15.7597,4,16.67915,5,11.74749,-0.679199,91.6162,450
23.9157325169072, 15.3592,23.9980620155111, 15.1881,4,16.67799,5,10.36613,0.114005,92.422704,450
23.9326010169461, 18.2527,24.0149661162868, 18.5074,4,16.67938,5,4.849243,-1.002259,93.118096,450
23.9481675168499, 16.8888,24.031826316379, 15.1215,4,16.67956,5,11.54015,0.772437,92.6162,450
23.9656853163615, 16.4852,24.0483933156356, 16.5951,4,16.67939,4,9.955999,-0.340749,96.9838,450
23.9827879155055, 17.1664,24.0641502151266, 17.4549,4,16.67982,3,12.40909,-0.087483,93.5034,450
23.9980620155111, 16.2584,24.0821585142985, 16.4425,4,16.67945,2,9.729959,-0.687591,96.0768,450
24.0149661162868, 14.6255,24.0980879152194, 17.2886,4,16.67765,1,12.85046,0.170648,92.665104,450
24.031826316379, 19.117,24.1142414147034, 14.7732,4,16.67978,0,9.076749,-1.095889,94.730096,450
24.0483933156356, 15.8835,24.1313641155139, 16.9711,4,16.67909,10,10.20338,-0.586895,26.5843,450
24.0641502151266, 17.386,24.1484877159819, 18.8813,4,16.6797,9,9.908891,-0.803318,39.2599,450
24.0821585142985, 18.2887,24.1651281164959, 15.1545,4,16.68111,8,12.42145,-0.907885,52.1552,450
24.0980879152194, 12.8575,24.1813513161615, 17.9618,4,16.67777,7,9.759989,-0.748431,69.3006,450
24.1142414147034, 19.2163,24.1982952160761, 15.1564,4,16.67999,6,12.9375,0.205151,77.5874,450
24.1313641155139, 15.6777,24.2144869165495, 16.1539,4,16.67911,6,10.65412,0.063942,91.490496,450
24.1484877159819, 17.0195,24.2310878159478, 18.0797,4,16.67941,6,10.90079,0.61914,107.9168,450
24.1651281164959, 16.5924,24.2482433160767, 15.5678,4,16.67933,6,10.81623,-0.288937,110.5116,450
24.1813513161615, 16.9396,24.2654876159504, 19.0548,4,16.67956,5,10.59745,-0.113939,102.668496,450
24.1982952160761, 16.5293,24.2810954162851, 13.6171,4,16.67943,5,11.57926,0.662074,91.451904,450
24.2144869165495, 16.5473,24.2981635155156, 17.1844,4,16.67932,5,10.05186,-0.709565,95.906096,450
24.2310878159478, 16.9268,24.3156254151836, 19.0483,4,16.67953,5,11.29084,0.049286,94.0888,450
24.2482433160767, 17.1539,24.3310526153073, 13.8191,4,16.67994,5,10.54704,0.105177,93.950496,450
24.2654876159504, 16.4022,24.3480969155207, 18.7091,4,16.6797,5,11.98963,-0.216501,91.318896,450
24.2810954162851, 16.8052,24.364874814637, 17.1414,4,16.67981,5,9.616365,0.376588,92.495,450
24.2981635155156, 15.2816,24.3825111137703, 15.8182,4,16.6786,5,12.65041,0.494677,95.400704,450
24.3156254151836, 18.3435,24.3988561136648, 17.9611,4,16.68004,5,10.07302,0.764866,94.709504,450
24.3310526153073, 16.7673,24.4141024136916, 13.6157,4,16.68011,5,11.784,-0.693545,94.600496,450
24.3480969155207, 14.3258,24.4312612144276, 18.8616,4,16.67808,5,4.090012,-0.793356,94.5216,450
24.364874814637, 19.3057,24.4484594138339, 17.1282,4,16.68035,5,11.39262,0.858233,92.677504,450
24.3825111137703, 15.9406,24.4655137145892, 15.2469,4,16.67971,5,11.19713,-0.376278,95.381,450
24.3988561136648, 16.4181,24.4811541149393, 15.6643,4,16.67949,5,8.347945,0.098011,94.1568,450
24.4141024136916, 15.1215,24.4977837158367, 18.6105,4,16.67815,5,8.878856,0.3529,92.544896,450
24.4312612144276, 15.1712,24.5146737163886, 14.9158,4,16.67685,4,17.04737,-1.051511,98.242496,450
24.4484594138339, 18.3055,24.5313732167706, 18.8966,4,16.67825,3,15.43058,-0.135922,91.668896,450
24.4655137145892, 16.3276,24.5479945158586, 14.344,4,16.67795,2,16.67039,0.413428,96.457904,450
24.4811541149393, 16.7245,24.565213416703, 17.3307,4,16.67799,1,16.211,0.006939,95.277504,450
24.4977837158367, 17.4789,24.5839522173628, 18.9434,4,16.67867,0,15.93771,0.568281,95.050304,450
24.5146737163886, 16.3159,24.5981111172587, 15.8175,4,16.67837,6,17.31172,-0.933168,8.896,450
24.5313732167706, 16.7585,24.6155394166708, 15.6983,4,16.67843,9,5.172072,0.025383,24.803,450
24.5479945158586, 16.9375,24.6315790172666, 17.7278,4,16.67865,8,3.636061,-1.010988,38.4416,450
24.565213416703, 17.2415,24.6490577179939, 15.6559,4,16.67913,7,4.193219,-0.536692,52.9592,450
24.7326176185161, 172.6516,24.7501969188452, 108.8697,4,16.81199,6,3.259368,-0.556297,62.6987,450
24.7501969188452, 3.4795,24.7660117186606, 9.7889,0,16.80064,6,12.55982,-0.564156,76.159,450
24.7501969188452, 0.6351,24.7660117186606, 6.2673,0,16.7869,6,9.867888,-0.359012,94.759296,450
24.7501969188452, 1.9554,24.7822179179639, 10.115,1,16.7743,6,12.81159,0.357192,109.5114,450
24.7501969188452, 1.6409,24.7822179179639, 5.541,2,16.76145,5,12.2035,-0.624757,99.4618,450
24.7501969188452, 1.6365,24.7993486188352, 9.6887,3,16.74862,5,6.374256,-0.874603,92.7016,450
24.7501969188452, 2.5523,24.7993486188352, 7.8023,4,16.73659,5,10.84051,-0.887058,94.484496,450
24.7501969188452, 1.8388,24.8150414191186, 7.9572,5,16.72397,5,12.27481,-0.403005,92.623696,450
24.7501969188452, 0.6423,24.8319171182811, 18.8696,6,16.71037,5,9.924757,0.764493,96.591904,450
24.7501969188452, 1.5917,24.8504764176905, 16.6202,7,16.69759,5,10.4521,0.402374,93.7282,450
24.7660117186606, 2.2033,24.8655418176204, 16.955,8,16.68535,5,12.64276,-0.134723,92.09,450
24.7660117186606, 8.7606,24.8828952182084, 15.3523,8,16.67866,5,10.967,0.030247,94.1774,450
24.7822179179639, 16.4157,24.8828952182084, 6.3593,8,16.67844,5,12.10911,0.24328,94.6102,450
24.7993486188352, 16.3494,24.8980547180399, 8.7708,7,16.67816,5,9.282126,-0.242092,92.498496,450
24.8150414191186, 18.1307,24.916042518802, 17.9612,6,16.67938,5,9.628423,0.904501,96.878896,450
24.8319171182811, 17.5536,24.9326042188331, 18.1932,6,16.68012,5,12.00445,0.748953,92.714704,450
24.8504764176905, 16.426,24.9501830181107, 15.859,6,16.6799,5,10.08282,-0.127237,93.955,450
24.8655418176204, 16.6474,24.9649306181818, 16.4536,6,16.67988,5,11.65719,0.113745,93.773504,450
24.8828952182084, 17.1612,24.9824788179249, 15.8952,6,16.68028,5,10.3172,-0.862512,92.185,450
24.8980547180399, 16.5612,24.9980527181178, 17.4306,5,16.68018,5,9.080847,-0.946796,94.909,450
24.916042518802, 16.4723,25.0170542187989, 19.2489,5,16.68001,5,11.04194,-0.767854,93.705,450
24.9326042188331, 16.7352,25.0323423184454, 13.3737,5,16.68005,5,10.22346,-0.385085,90.633296,450
24.9501830181107, 16.7359,25.0482122190297, 17.5429,5,16.6801,5,11.77911,-0.579724,95.4388,450
24.9649306181818, 16.4853,25.067213319242, 17.1797,5,16.67994,5,10.9548,-0.046587,91.9648,450
24.9824788179249, 15.1277,25.0818846188486, 14.6257,5,16.67864,5,10.79335,0.111136,93.7096,450
24.9980527181178, 14.6384,25.0990486182272, 19.0057,5,16.67694,5,12.56448,-0.433452,91.7374,450
25.0170542187989, 18.9312,25.1162587180734, 15.4503,5,16.67882,5,10.53002,0.239636,94.303696,450
25.0323423184454, 16.1153,25.1332273185253, 18.6885,5,16.67835,5,12.43129,-0.855027,93.89,450
25.0482122190297, 17.245,25.1488520186394, 13.8335,5,16.67882,5,10.25416,-0.541817,91.6926,450
25.067213319242, 16.9762,25.1662246193737, 19.04,5,16.67907,4,11.73445,1.878045,81.3106,450
25.2486306205392, 171.248,25.2658830210567, 99.3346,5,16.80745,4,6.307664,-0.378148,75.06,450
25.2486306205392, 2.4095,25.2658830210567, 6.1758,0,16.7955,4,11.37663,-0.455124,78.7926,450
25.2486306205392, 2.3419,25.2826637215912, 9.4325,1,16.78352,4,10.99602,0.066895,74.696304,450
25.2486306205392, 1.879,25.2826637215912, 7.4625,2,16.77117,4,12.38515,-0.901385,75.637,450
25.2486306205392, 1.3459,25.299338420853, 9.1231,3,16.7584,4,7.909048,-0.368767,76.513104,450
25.2486306205392, 1.4722,25.299338420853, 6.5895,4,16.74575,4,12.18182,0.254025,76.172896,450
25.2486306205392, 0.4924,25.3170526213944, 12.8463,5,16.73232,4,10.6101,-0.566873,77.709,450
25.2486306205392, 1.0305,25.3170526213944, 5.8232,6,16.71935,4,11.75638,0.13862,77.3636,450
25.2486306205392, 1.1979,25.3322369214147, 9.4829,7,16.70655,4,11.16937,-0.933516,78.784896,450
25.2486306205392, 1.3061,25.3494476210326, 15.2091,8,16.69385,4,12.10907,-0.838189,75.908704,450
25.2486306205392, 1.1621,25.3651376217604, 17.5891,9,16.68106,4,9.945373,0.744517,76.1546,450
25.2658830210567, 13.8711,25.3833790216595, 16.4715,10,16.67875,4,12.31058,-1.153569,78.081504,450
25.2826637215912, 16.2921,25.3990815207362, 15.6051,9,16.67843,4,9.967116,0.150382,76.192496,450
25.299338420853, 14.8783,25.3990815207362, 7.7159,8,16.67695,4,12.73449,0.828088,79.2558,450
25.3170526213944, 19.3057,25.4147690199316, 8.0889,7,16.67911,4,11.14958,0.134415,76.7526,450
25.3322369214147, 15.5961,25.4331406205893, 20.0497,6,16.67822,4,10.95717,-0.809091,75.543696,450
25.3494476210326, 17.4396,25.4506005197763, 15.6302,6,16.67884,4,11.23662,0.501213,76.555296,450
25.3651376217604, 15.918,25.4646710194647, 15.7714,6,16.67822,4,11.49361,-0.068108,76.015904,450
25.3833790216595, 18.0906,25.4818426202983, 15.4588,6,16.67937,4,9.027085,0.167788,80.9672,450
25.3990815207362, 16.3436,25.4993162211031, 17.5217,6,16.6791,4,11.60219,-0.850219,80.098,450
25.4147690199316, 15.8416,25.51621652022, 18.7444,5,16.67842,4,11.04319,-0.174084,76.9858,450
25.4331406205893, 16.4511,25.5337479207665, 15.7601,5,16.67823,4,11.46461,-0.840113,77.4462,450
25.4506005197763, 17.0499,25.5491779204458, 16.9405,5,16.67853,4,10.38721,-0.958155,76.692896,450
25.4646710194647, 16.6812,25.5655033197254, 16.602,5,16.67854,4,11.78802,0.644227,78.628096,450
25.4818426202983, 16.7467,25.5821785200387, 14.9022,5,16.67859,4,11.19018,0.411756,78.447904,450
25.4993162211031, 16.1893,25.5992416199297, 18.8926,5,16.67819,4,11.93981,0.603613,75.987,450
25.51621652022, 17.578,25.6172235198319, 16.3544,5,16.67892,4,10.99456,-0.835144,77.9174,450
25.5337479207665, 16.87,25.6325008198619, 15.2572,5,16.67908,4,12.84127,0.03855,78.8978,450
25.5491779204458, 15.035,25.6514746192843, 20.7333,5,16.67775,4,9.176944,0.143911,76.5366,450
25.5655033197254, 18.9386,25.6658263197169, 12.3641,5,16.67958,4,11.22269,-0.176779,78.6872,450
25.5821785200387, 15.4698,25.6840510191396, 20.2688,5,16.6786,4,9.555044,0.012488,78.749904,450
25.5992416199297, 14.8615,25.6997809195891, 13.6711,5,16.67713,4,12.59495,0.543209,77.556496,450
25.6172235198319, 18.1754,25.7158736204728, 17.9472,5,16.67834,4,10.19709,0.29307,76.077904,450
25.7833864213899, 173.3714,25.8007164215669, 87.22671,5,16.80501,4,11.55358,-1.174822,78.2172,450
25.8007164215669, 2.1819,25.8169596223161, 13.6286,0,16.7932,4,10.05101,0.581206,80.251296,450
25.8007164215669, 1.5299,25.8169596223161, 5.9847,0,16.78088,4,10.02099,1.089702,74.9428,450
25.8007164215669, 0.5088,25.832683221437, 9.817,1,16.76776,4,11.20293,-0.109478,77.9816,450
25.8007164215669, 1.432,25.832683221437, 5.7551,2,16.7554,4,9.907922,0.034548,76.6774,450
25.8007164215669, 1.5003,25.8495626216754, 11.4466,3,16.74312,4,13.14479,-0.59902,77.5736,450
25.8007164215669, 1.222,25.8495626216754, 5.7922,4,16.73063,4,9.480298,-0.649917,78.970704,450
25.8007164215669, 1.1932,25.8664817223325, 10.9331,5,16.71814,4,8.674078,-1.184099,76.9496,450
25.8007164215669, 0.3794,25.8830388216302, 14.6839,6,16.70502,4,11.79405,-0.2524,76.772896,450
25.8007164215669, 1.2348,25.8998916214332, 18.9904,7,16.6926,4,9.75272,-0.872582,78.997,450
25.8007164215669, 1.0369,25.9176947223023, 15.7889,8,16.68005,4,12.48502,1.344329,77.0292,450
25.8169596223161, 15.5269,25.9334213221446, 15.6838,9,16.67912,4,12.5932,-0.384876,78.2124,450
25.832683221437, 16.1892,25.9334213221446, 5.9823,8,16.67873,4,11.4201,0.253324,78.930704,450
25.8495626216754, 16.7975,25.9495379226282, 10.0373,7,16.67883,4,11.95578,0.158496,78.221104,450
25.8664817223325, 17.492,25.9670353224501, 19.2759,6,16.67948,4,11.17267,-0.636448,75.4508,450
25.8830388216302, 16.186,25.9830638216808, 14.3235,6,16.67908,4,10.48378,-0.166783,78.224496,450
25.8998916214332, 15.3898,26.0005512209609, 19.3575,6,16.67805,4,10.58798,-1.34678,75.7136,450
25.9176947223023, 19.4252,26.0170147204772, 16.5621,6,16.68024,4,11.3982,-0.828539,74.8476,450
25.9334213221446, 16.0902,26.0334065211937, 14.4514,6,16.67977,4,9.889148,-0.872081,76.915,450
25.9495379226282, 15.246,26.0490648215637, 17.3327,5,16.67863,4,9.838483,-0.280765,76.353,450
25.9670353224501, 16.4856,26.0676142210141, 16.9194,5,16.67848,4,11.72288,-0.12526,75.133504,450
25.9830638216808, 17.3853,26.082893720828, 15.2724,5,16.67904,4,11.57444,-0.036027,78.142704,450
26.0005512209609, 14.3927,26.1001242203638, 18.7727,5,16.67722,4,12.72108,-0.240526,77.2532,450
26.0170147204772, 19.7683,26.1173602202907, 15.6035,5,16.67968,4,12.67846,-0.115787,77.2004,450
26.0334065211937, 16.4649,26.1336174206808, 17.7055,5,16.67951,4,10.16256,0.025521,75.585296,450
26.0490648215637, 16.5669,26.1498679211363, 16.3852,5,16.67942,4,12.02953,-0.307736,76.721,450
26.0676142210141, 17.3996,26.1671934211627, 15.8102,5,16.67999,4,10.38943,-0.876642,79.2364,450
26.082893720828, 15.3284,26.1835856204852, 18.0531,5,16.67892,4,10.29849,-0.448457,76.4698,450
26.1001242203638, 16.999,26.2009271206334, 15.7932,5,16.67917,4,11.97378,-0.336812,76.0954,450
26.1173602202907, 17.7626,26.2156852204353, 14.6909,5,16.68003,4,10.01874,-0.868325,78.448896,450
26.1336174206808, 14.2216,26.2331242207438, 19.0272,5,16.67809,4,11.99014,0.030981,80.8216,450
26.1498679211363, 18.3786,26.2496945206076, 14.9041,5,16.67943,4,10.44296,-0.294791,76.12,450
26.1671934211627, 17.3375,26.2671419214457, 19.082,5,16.67995,4,10.28971,0.832262,78.4854,450
26.1835856204852, 15.4352,26.2823218218982, 13.4627,5,16.67897,4,11.96412,0.536855,77.330304,450
26.2009271206334, 17.8537,26.3009254224598, 20.4196,5,16.67989,4,11.03922,0.427574,78.5402,450
26.2156852204353, 16.5553,26.3169639222324, 16.1431,5,16.67979,4,11.90679,-1.124775,77.214496,450
26.2331242207438, 15.9927,26.3325661225244, 13.8004,5,16.67925,4,10.39664,-1.195256,77.605104,450
26.2496945206076, 17.8519,26.3501201225445, 19.0045,5,16.68017,4,9.062545,-0.370335,75.834704,450
26.2671419214457, 16.0891,26.3501201225445, 4.547,5,16.67971,4,11.29923,-0.373675,78.481,450
26.2823218218982, 17.3289,26.3671815218404, 11.0844,5,16.68022,4,9.595875,-0.716999,76.532,450
26.3009254224598, 14.5766,26.3835387220606, 18.3068,5,16.67857,4,12.90056,-0.279958,80.722496,450
26.3169639222324, 18.9519,26.4001486217603, 14.8506,5,16.68035,4,11.25883,0.631002,76.491296,450
26.3325661225244, 16.4833,26.4161180211231, 17.4232,5,16.6802,4,10.34758,0.25352,75.7358,450
26.3501201225445, 17.4625,26.434335921891, 18.3383,5,16.68081,4,11.9186,-0.653614,77.974,450
26.3671815218404, 14.009,26.4498308217153, 13.6684,4,16.67872,4,10.75316,-0.671189,75.6142,450
26.3835387220606, 16.8369,26.466705721803, 18.3728,4,16.67884,4,12.0039,-0.461998,80.5688,450
26.4001486217603, 16.9977,26.484848822467, 16.6519,4,16.67909,4,9.33458,-0.625107,79.476,450
26.4161180211231, 15.0766,26.4997129226103, 16.4971,4,16.67785,4,9.943014,0.805084,77.452496,450
26.434335921891, 19.1167,26.515841322951, 16.2405,4,16.67974,4,12.52019,0.434075,77.3734,450
26.4498308217153, 16.2858,26.534112422727, 16.5314,4,16.67944,4,10.749,-0.671534,77.473504,450
26.466705721803, 16.2812,26.550647222437, 18.2079,4,16.67913,4,12.36751,0.559057,77.840496,450
26.484848822467, 17.1575,26.5672914227471, 15.269,4,16.6795,4,10.55902,-0.879052,76.657904,450
26.4997129226103, 15.4123,26.5841362224892, 18.4751,4,16.67852,4,11.05052,-0.225261,75.655296,450
26.515841322951, 18.2451,26.599920722656, 15.7487,4,16.67973,4,11.49733,0.51603,75.683296,450
26.534112422727, 16.9553,26.6173865227029, 15.7389,4,16.67994,4,17.02404,-1.085479,77.041,450
26.550647222437, 15.8749,26.6328229224309, 16.886,4,16.67932,4,15.78575,-0.660388,75.3776,450
26.5672914227471, 16.3529,26.6503250217065, 15.8136,4,16.67907,4,17.21996,-0.651929,78.1094,450
26.5841362224892, 13.751,26.6674012215808, 18.7015,4,16.67681,4,16.60737,-0.062242,76.6962,450
26.599920722656, 18.8665,26.6850206209347, 17.9983,4,16.6785,4,15.89708,-0.630023,78.938,450
26.6173865227029, 16.6795,26.700510321185, 13.5663,4,16.6785,4,17.46739,0.643289,77.629696,450
26.6328229224309, 16.8816,26.7162862215191, 17.3414,4,16.67865,4,3.435929,-0.007199,74.908,450
26.6503250217065, 16.7249,26.7339430209249, 15.9713,4,16.67869,4,4.119642,-0.753928,77.621696,450
26.6674012215808, 14.673,26.7504308205098, 16.6083,4,16.67715,4,3.807923,-1.383199,75.073504,450
26.6850206209347, 19.2646,26.7675731200725, 19.0835,4,16.67914,4,5.787811,0.46032,79.0652,450
26.700510321185, 16.4313,26.7833635192364, 13.9706,4,16.67895,4,9.475499,-0.600277,78.3628,450
26.7162862215191, 15.0855,26.8002215195447, 17.0158,4,16.67772,4,9.928928,0.356226,77.516,450
26.7339430209249, 18.5975,26.8181550204754, 19.577,4,16.6792,4,10.9877,-0.83832,78.251904,450
26.7504308205098, 16.995,26.8346599210054, 14.6343,4,16.67944,4,13.19108,-1.160905,80.321504,450
26.7675731200725, 15.1138,26.8503827210516, 17.2636,4,16.67824,4,2.979677,0.552799,75.895296,450
26.7833635192364, 16.9267,26.8671554215252, 16.9889,4,16.67843,4,10.26627,-1.085429,78.986496,450
26.8002215195447, 16.6069,26.8844395224005, 15.4134,4,16.67837,4,9.76212,-0.653044,76.821,450
26.8181550204754, 17.3837,26.9004233218729, 15.905,4,16.67891,4,10.83111,-0.670719,77.8068,450
26.8346599210054, 16.7764,26.9175718221813, 18.9174,4,16.67899,4,11.2651,-0.106582,77.459904,450
26.8503827210516, 14.7793,26.9360601212829, 16.8112,4,16.67754,4,9.755129,0.069337,76.1966,450
26.8671554215252, 19.5867,26.9502815213054, 14.2778,4,16.67976,4,12.90374,-0.546597,78.2116,450
26.8844395224005, 15.6541,26.9673987217247, 18.6928,4,16.67897,4,10.58562,-0.099296,77.123504,450
26.9004233218729, 16.9443,26.9846188221127, 15.6395,4,16.67918,4,12.55228,0.137646,75.9396,450
26.9175718221813, 15.0302,27.0004450213164, 15.9263,4,16.67792,4,10.01426,-0.90306,77.652896,450
26.9360601212829, 18.3004,27.0184869207442, 19.6972,4,16.67916,4,11.7669,0.661522,75.1798,450
26.9502815213054, 17.7027,27.0337742203847, 15.6814,4,16.67993,4,12.3957,-0.072359,77.1426,450
26.9673987217247, 15.4004,27.0511239198968, 15.2234,4,16.67896,4,10.04015,-0.902096,78.075296,450
26.9846188221127, 15.8427,27.0673208190128, 18.0806,4,16.67833,4,11.63366,-0.444363,74.518704,450
27.0004450213164, 16.8727,27.08405541908, 14.8923,4,16.67847,4,11.14988,0.047594,77.053504,450
27.0184869207442, 14.9733,27.1003651199862, 16.1546,4,16.67718,4,11.24286,0.432559,78.152496,450
27.0337742203847, 18.8519,27.1180031197146, 19.5701,4,16.67883,4,10.3514,-0.425564,76.158,450
27.0511239198968, 16.1347,27.1350823203102, 15.4245,4,16.67842,4,12.79046,-0.153091,77.127296,450
27.0673208190128, 17.4985,27.1499780202284, 14.7278,4,16.67904,4,12.33801,-0.799935,77.5066,450
27.08405541908, 16.1679,27.1670524207875, 18.9481,4,16.67865,3,9.948841,-0.217731,63.0012,450
27.1003651199862, 18.1412,27.1844786209986, 15.6236,4,16.67975,3,9.752664,-1.274382,59.6337,450
27.1180031197146, 16.3006,27.1999929212034, 15.4339,4,16.67947,3,10.54969,-0.008023,59.3421,450
27.1350823203102, 17.2192,27.2171769216657, 19.2868,4,16.67987,3,9.980635,-0.52305,59.934,450
27.1499780202284, 15.6794,27.2343152221292, 15.117,4,16.67912,3,12.50953,-1.605665,57.6651,450
27.1670524207875, 17.4623,27.2506427224725, 16.2423,4,16.67971,3,9.900482,-0.781115,59.5024,450
27.1844786209986, 16.1942,27.2681581228971, 19.2044,4,16.67935,3,7.031123,-0.209261,60.8484,450
27.1999929212034, 16.7829,27.2853033225983, 15.8914,4,16.67942,3,11.93335,-0.346065,58.9019,450
27.2171769216657, 16.3309,27.3002676228061, 16.278,4,16.67916,3,10.85507,-0.084569,60.2644,450
27.2343152221292, 17.1396,27.3173734219745, 15.5245,4,16.67951,3,13.48151,0.758454,63.5438,450
27.2506427224725, 17.1692,27.3340349225327, 18.3045,4,16.67987,3,11.04956,-1.267688,59.8724,450
27.2681581228971, 14.9288,27.3508255230263, 17.4438,4,16.67856,3,10.39316,-0.893265,60.2704,450
27.2853033225983, 17.1004,27.3670859234408, 14.3334,4,16.67888,3,12.23617,-0.765393,61.0536,450
27.3002676228061, 16.7827,27.3840152239427, 16.4081,4,16.67896,3,10.13325,-0.136016,61.0144,450
27.3173734219745, 16.4791,27.4010013239458, 18.8318,4,16.67881,3,10.89459,0.335811,59.719,450
27.3340349225327, 14.9289,27.4201203240082, 17.3021,4,16.6775,3,12.94137,-0.4585,60.8273,450
27.3508255230263, 18.7925,27.4342230241746, 14.0953,4,16.67908,3,10.86819,0.062276,60.5089,450
27.3670859234408, 16.0069,27.4510316234082, 18.367,4,16.67858,3,12.49342,-0.848441,59.8388,450
27.3840152239427, 16.4365,27.4680746234953, 15.2814,4,16.6784,3,9.950489,0.425992,61.3037,450
27.4010013239458, 15.3668,27.4843224231154, 16.5755,4,16.67742,3,9.683,-0.469468,58.2657,450
27.4201203240082, 18.9301,27.4998829234391, 17.6042,4,16.6791,3,12.28592,0.317512,59.9666,450
27.4342230241746, 16.8169,27.5192242227495, 17.2068,4,16.6792,3,9.925241,-0.087792,60.8345,450
27.4510316234082, 16.8725,27.5342995226383, 15.102,4,16.67934,3,12.71301,-0.899113,59.1944,450
27.4680746234953, 16.0917,27.5513326227665, 18.7374,4,16.67891,3,11.32507,-1.25365,62.5703,450
27.4843224231154, 16.554,27.5673039220273, 14.6047,4,16.67881,3,10.68519,-0.535125,59.4289,450
27.4998829234391, 15.2039,27.5853707212955, 19.3944,4,16.67772,3,11.47679,-0.287354,60.5004,450
27.5192242227495, 18.6264,27.6014441214502, 14.3951,4,16.67916,3,11.95651,-0.038365,61.4971,450
27.5342995226383, 16.759,27.6173866223544, 16.0029,4,16.67922,3,10.81115,0.379689,58.033,450
27.5513326227665, 16.48,27.6343925222754, 18.7183,4,16.67908,3,12.99582,-0.887174,60.4164,450
27.5673039220273, 17.2573,27.6512467227876, 14.8968,4,16.6795,3,12.38675,0.9255,60.976,450
27.5853707212955, 13.9355,27.6684257220477, 18.8899,4,16.67748,3,10.20487,-0.969942,61.5869,450
27.6014441214502, 18.2439,27.6853416226804, 17.1511,4,16.67863,3,11.62791,-0.184127,59.2003,450
27.6173866223544, 16.7469,27.7020535226911, 14.7245,4,16.67868,3,11.47567,-1.034643,61.6934,450
27.6343925222754, 15.8745,27.7178651224822, 15.793,4,16.67809,3,11.0961,0.926363,62.7152,450
27.6512467227876, 18.2166,27.7340025231242, 18.3163,4,16.67922,3,10.75724,1.084253,58.8032,450
27.6684257220477, 15.3002,27.7516264226288, 15.6674,4,16.67821,3,11.25573,0.055639,59.6589,450
27.6853416226804, 18.7518,27.7671494223177, 17.5693,4,16.67973,3,11.98174,-0.978797,59.9325,450
27.7020535226911, 16.7696,27.7844950221479, 15.7664,4,16.6798,3,11.28924,-0.65755,59.12,450
27.7178651224822, 16.4715,27.801290621981, 16.4998,4,16.67965,3,9.015747,-0.016828,60.737,450
27.7340025231242, 16.8763,27.817929521203, 18.2332,4,16.67979,3,10.44436,0.563194,60.7804,450
27.7516264226288, 17.1697,27.8350365217775, 15.506,4,16.68015,3,9.723697,0.521992,58.7187,450
27.7671494223177, 14.8384,27.8513122219592, 17.5694,4,16.6788,3,12.65915,-0.170636,61.1272,450
27.7844950221479, 16.4595,27.8680031225085, 15.0467,4,16.67864,3,10.76793,0.29923,62.296,450
27.801290621981, 16.8796,27.8853975217789, 19.1204,4,16.67879,3,10.09511,-0.759292,58.1882,450
27.817929521203, 17.2546,27.901271821931, 15.9505,4,16.67921,3,11.11181,-0.680405,60.4022,450
27.8350365217775, 17.5452,27.9178347215056, 14.819,4,16.67984,3,9.293336,0.271156,60.9902,450
27.8513122219592, 16.3184,27.935191322118, 19.0317,4,16.67958,3,12.07597,-1.002708,57.5586,450
27.8680031225085, 16.9256,27.9512668214738, 14.3775,4,16.67976,3,11.53959,-0.530612,60.2969,450
27.8853975217789, 13.1906,27.968268821016, 17.1819,4,16.67721,3,10.6349,1.341801,63.24,450
27.901271821931, 18.4808,27.9845021218061, 17.7781,4,16.67853,3,12.50974,-0.462079,61.5243,450
27.9178347215056, 16.5669,28.0017863214016, 15.7197,4,16.67845,3,9.609308,-0.095259,59.6917,450
27.935191322118, 17.2206,28.0180001221597, 17.9563,4,16.67884,3,12.73361,-0.914039,58.4736,450
27.9512668214738, 16.8661,28.0369245223701, 18.9356,4,16.67897,3,12.3157,-0.368219,61.2564,450
27.968268821016, 16.9264,28.0513159222901, 12.5,4,16.67916,3,8.790879,-0.528999,59.6944,450
27.9845021218061, 15.4961,28.068217722699, 18.5865,4,16.6783,3,10.52306,-0.959979,60.6385,450
28.0017863214016, 17.8434,28.0855562221259, 15.6775,4,16.67914,3,11.84134,0.574941,59.3282,450
28.0180001221597, 14.8414,28.1013425216079, 15.8273,4,16.67781,3,10.67992,-0.086739,59.3275,450
28.0369245223701, 18.8623,28.1182509213686, 18.5166,4,16.67939,3,11.9258,-0.520019,61.2415,450
28.0513159222901, 16.0912,28.1347496211529, 14.826,4,16.67897,3,16.81838,-0.521699,58.7572,450
28.068217722699, 16.3765,28.151376221329, 18.3911,4,16.67875,3,17.24846,-0.419379,60.0688,450
28.0855562221259, 17.8905,28.1682308204472, 16.8024,4,16.67962,3,15.68704,0.312064,61.5209,450
28.1013425216079, 16.8233,28.1854267213494, 15.6499,4,16.67973,3,16.31412,0.672418,58.3725,450
28.1182509213686, 16.4309,28.2019714210182, 18.1332,4,16.67955,3,16.7879,0.836917,61.789,450
28.1347496211529, 16.9712,28.2182366214693, 14.4983,4,16.67976,3,16.82328,-0.217476,61.0621,450
28.151376221329, 14.6598,28.2348257210106, 16.6219,4,16.6783,3,6.078636,0.412931,58.6517,450
28.1682308204472, 18.2188,28.2523094210774, 19.1509,4,16.67941,3,5.135882,0.142523,62.46,450
28.1854267213494, 17.5497,28.2679422218353, 13.9937,4,16.68004,3,3.043783,-0.375275,60.3204,450
28.2019714210182, 14.4646,28.2848868221045, 16.9985,4,16.67844,3,3.185176,-0.025338,61.135,450
28.2182366214693, 18.4282,28.3027713224292, 19.5269,4,16.6797,3,12.09237,-1.082151,58.9137,450
28.2348257210106, 16.4809,28.3189504221082, 14.486,4,16.67956,3,9.736377,-0.477059,58.8798,450
28.2523094210774, 15.1868,28.3349477220327, 16.156,4,16.67849,3,11.78897,0.079175,62.1086,450
28.2679422218353, 18.6186,28.3525126222521, 18.9975,4,16.67988,2,10.48474,-0.631696,58.7464,450
28.2848868221045, 16.1778,28.3683119229972, 14.1989,4,16.67952,1,7.525051,0.52265,60.8137,450
28.3027713224292, 17.0107,28.3683119229972, 4.4832,4,16.67976,0,10.73536,0.617647,60.6978,450
28.3189504221082, 16.6584,28.3849043231457, 13.291,4,16.67974,10,12.19252,-0.625061,24.9054,450
28.3349477220327, 16.0814,28.4019152224064, 15.7896,4,16.67931,9,9.955996,-0.523975,41.6586,450
28.3525126222521, 17.1847,28.4181818217039, 17.7762,4,16.67967,7,12.25995,-0.744026,52.8857,450
28.3683119229972, 17.0375,28.4344792217016, 14.7681,4,16.67993,6,9.564753,-0.633642,66.4181,450
28.3849043231457, 16.4195,28.4510443210602, 18.2565,3,16.67974,6,9.338561,-0.741256,76.916496,450
28.4019152224064, 16.877,28.4693209212273, 18.2232,3,16.67988,6,12.56168,-0.200386,91.717696,450
28.4181818217039, 16.7687,28.4857975207269, 14.8214,3,16.67995,6,10.67693,0.389954,112.2844,450
28.4344792217016, 14.2173,28.5014137206599, 15.5813,3,16.6782,6,12.65744,0.212408,110.4692,450
28.4510443210602, 15.3057,28.5179568203166, 18.5829,3,16.67722,5,12.48716,-0.06444,98.532,450
28.4693209212273, 19.1674,28.5351926209405, 15.4962,3,16.67899,5,10.63409,-0.726678,93.3262,450
28.4857975207269, 16.1141,28.5517648207024, 16.5115,3,16.67859,5,12.04065,-0.612149,93.5414,450
28.5014137206599, 17.1857,28.567933020182, 17.969,3,16.67895,5,9.622992,-0.120571,91.868096,450
28.5179568203166, 15.9661,28.5855517210439, 15.9268,3,16.67844,5,11.36954,-0.156733,94.512496,450
28.5351926209405, 17.5201,28.6020024204627, 16.2238,3,16.67904,5,11.83888,-0.685588,91.582304,450
28.5517648207024, 17.2001,28.618565720506, 18.3081,3,16.67941,5,10.69735,0.214718,92.540704,450
28.567933020182, 15.0409,28.635119820945, 14.7232,3,16.67825,5,12.40467,-1.092886,94.651504,450
28.5855517210439, 19.2499,28.6536295218393, 18.579,3,16.68007,5,10.03443,0.01771,93.3932,450
28.6020024204627, 14.5896,28.6679529221728, 16.0543,3,16.67859,5,10.23989,-1.113963,93.3306,450
28.618565720506, 17.5754,28.6842901213095, 14.5367,3,16.67922,5,12.51058,0.052931,95.348896,450
28.635119820945, 16.2435,28.7023268220946, 17.9436,3,16.67892,5,9.949786,-0.524156,97.126096,450
28.6536295218393, 16.4568,28.7179678222165, 17.3248,3,16.67876,5,13.02309,-0.325208,93.0236,450
28.6679529221728, 17.2033,28.7349761230871, 15.5633,3,16.67913,5,9.867863,-0.159337,95.461296,450
28.6842901213095, 15.7146,28.7524051228538, 19.0898,3,16.67845,5,10.89127,-0.376411,93.3354,450
28.7023268220946, 17.3194,28.7679471224546, 14.1779,3,16.6789,5,5.321156,-0.377119,92.845,450
28.7179678222165, 16.4222,28.785541722551, 17.4929,3,16.67872,5,12.36081,0.049216,95.328096,450
28.7349761230871, 17.4071,28.8023689221591, 18.4031,3,16.67923,5,10.41444,-0.312086,94.5192,450
28.7524051228538, 16.9844,28.81773582194, 13.5218,3,16.67945,5,10.23081,-0.456383,92.1008,450
28.7679471224546, 16.5373,28.8349569225684, 18.9186,3,16.67934,5,12.09782,0.012215,92.6746,450
28.785541722551, 16.1276,28.8517899224535, 16.6872,3,16.67896,5,10.57718,0.761199,91.0872,450
28.8023689221591, 16.3474,28.8682994218543, 16.9579,3,16.67873,5,11.64979,0.909447,92.0842,450
28.81773582194, 17.3243,28.8853934211656, 14.9376,3,16.67918,5,11.40078,-0.163141,95.046704,450
28.8349569225684, 14.7276,28.902528620325, 17.2205,3,16.67781,5,10.51999,0.698383,94.6088,450
28.8517899224535, 16.9984,28.9190124208108, 18.0199,3,16.67804,5,11.7715,1.068323,91.6432,450
28.8682994218543, 18.5767,28.9351268215105, 14.6642,3,16.67936,5,9.544453,-0.305366,83.392304,450
28.8853934211656, 16.5716,28.9526265216991, 17.4263,3,16.67929,4,9.046241,-0.084183,78.282704,450
28.902528620325, 17.3137,28.9688777225092, 17.5871,3,16.67973,4,12.08662,0.06757,80.5384,450
28.9190124208108, 15.9775,28.9852718217298, 15.1647,3,16.67924,4,9.605677,-0.027876,77.116,450
28.9351268215105, 16.622,29.0019498215988, 18.2389,3,16.6792,4,10.51917,-0.947359,79.3622,450
28.9526265216991, 16.5145,29.0182457221672, 16.5577,3,16.67909,4,12.02058,0.377755,76.854304,450
28.9688777225092, 17.3038,29.0354451229796, 15.2419,3,16.67952,4,10.19123,-0.32155,77.573696,450
28.9852718217298, 17.4317,29.0526503222063, 19.841,3,16.68004,4,11.74198,-0.865961,76.734304,450
29.0019498215988, 14.8997,29.0694374227896, 16.0674,3,16.67881,4,11.83296,-0.480433,75.8686,450
29.0182457221672, 18.7813,29.0859377225861, 14.6723,3,16.68027,4,11.05634,-0.01382,75.3452,450
29.0354451229796, 15.9117,29.10243882332, 18.1256,3,16.67973,4,11.29545,-0.127833,77.9764,450
29.0526503222063, 14.6053,29.1192350229248, 15.1932,3,16.6783,4,10.68756,-0.616443,76.2428,450
29.0694374227896, 19.3473,29.1351866228506, 15.9153,3,16.68015,4,12.59323,-0.248177,76.2454,450
29.0859377225861, 16.1993,29.1522231223062, 18.9377,3,16.67981,4,12.30532,-0.725737,75.266096,450
29.10243882332, 13.3184,29.1703914226964, 16.2615,3,16.67749,4,10.10123,-0.751367,74.8254,450
29.1192350229248, 18.704,29.1853180229664, 16.9873,3,16.67889,4,11.62774,-0.309782,77.1304,450
29.1351866228506, 16.422,29.2019661236554, 14.5912,3,16.67871,4,10.34328,0.219188,76.894096,450
29.1522231223062, 18.2822,29.2190743237734, 17.0619,3,16.67982,4,11.86984,-0.814353,78.4398,450
29.1703914226964, 15.7061,29.2358811236918, 18.4886,3,16.67915,4,12.39637,-0.462153,75.674496,450
29.1853180229664, 16.4492,29.2525490242988, 14.8881,3,16.67899,4,10.99468,0.350038,76.8892,450
29.2019661236554, 17.2886,29.269028224051, 18.2327,3,16.67941,4,12.10831,-0.866862,77.234096,450
29.2190743237734, 16.2474,29.2856659237295, 14.9355,3,16.67911,4,9.731153,-0.5366,75.921504,450
29.2358811236918, 17.2787,29.3026252239943, 17.2776,3,16.67952,4,12.79735,-0.478813,77.228496,450
29.2525490242988, 16.6647,29.3195062242448, 18.5782,3,16.67951,4,12.29236,0.502403,78.780496,450
29.269028224051, 16.6608,29.3354641236365, 14.1759,3,16.6795,4,9.920162,0.169356,76.519696,450
29.2856659237295, 16.9267,29.3520952239633, 18.2379,3,16.67967,4,12.7849,-1.259854,78.2976,450
29.3026252239943, 16.0837,29.3697227239609, 17.5363,3,16.67926,4,10.75231,-0.781839,79.3878,450
29.3195062242448, 16.9173,29.3850622242317, 13.7685,3,16.67942,4,10.2884,-0.295086,76.9854,450
29.3354641236365, 17.0015,29.4038997245952, 20.4174,3,16.67964,4,11.15364,0.087961,76.470896,450
29.3520952239633, 14.7892,29.4196216249838, 14.0626,3,16.67835,4,9.872754,-0.959089,78.1876,450
29.3697227239609, 18.357,29.4356603240594, 15.9453,3,16.6795,4,12.93864,-0.943439,78.306304,450
29.3850622242317, 15.4472,29.4533068249002, 19.2554,3,16.67866,4,10.75149,-0.776128,79.3812,450
29.4038997245952, 16.7628,29.4694322245196, 14.6225,3,16.67871,4,10.30374,-0.747203,76.401504,450
29.4196216249838, 17.2395,29.4857957242057, 18.0546,3,16.67909,4,11.73669,-0.801768,77.473104,450
29.4356603240594, 17.089,29.5023779245093, 14.8675,3,16.67937,4,12.75144,-0.269101,80.152304,450
29.4533068249002, 16.7048,29.5190632240847, 16.6701,3,16.67939,4,10.81773,0.118745,77.1468,450
29.4694322245196, 16.6458,29.5372603246942, 19.8746,3,16.67937,4,12.5813,-0.749289,78.196,450
29.4857957242057, 17.4888,29.5528030246496, 14.1266,3,16.67992,4,10.36107,-0.010623,76.495696,450
29.5023779245093, 16.6972,29.569735724479, 18.7642,3,16.67993,4,12.6987,-0.653357,79.527904,450
29.5190632240847, 15.9195,29.5873325243592, 15.803,3,16.67941,4,12.04615,0.170809,78.094304,450
29.7023531235754, 173.1378,29.7189123239368, 133.0341,3,16.78578,4,9.781589,-0.558525,76.9648,450
29.7023531235754, 1.8505,29.7189123239368, 6.16,0,16.77563,4,10.64282,-0.265259,77.8474,450
29.7023531235754, 0.4934,29.7374714240432, 12.3958,1,16.76458,4,11.62476,0.186807,78.1604,450
29.7023531235754, 1.3837,29.7374714240432, 6.2337,2,16.75414,4,10.57619,0.361673,78.598096,450
29.7023531235754, 1.3986,29.7530230237171, 9.0532,3,16.74373,4,11.60262,0.353039,77.342496,450
29.7023531235754, 1.2045,29.7530230237171, 4.7777,4,16.7332,4,16.83836,1.089005,77.7758,450
29.7023531235754, 1.1728,29.7688063243404, 9.4653,5,16.72267,4,16.64679,0.351816,77.6434,450
29.7023531235754, 1.4299,29.7688063243404, 6.6693,6,16.71232,4,16.17513,-0.169544,78.920304,450
29.7023531235754, 1.0318,29.7866101237014, 11.5304,7,16.70172,4,16.02676,0.298518,75.966,450
29.7023531235754, 1.0535,29.802697324194, 15.8519,8,16.69115,4,16.0188,-0.687943,78.7854,450
29.7023531235754, 0.3804,29.8218936240301, 20.9473,9,16.68013,4,2.860484,-0.453504,76.1206,450
29.7189123239368, 13.1977,29.8351626237854, 11.3828,10,16.67778,4,3.483844,1.455812,76.8204,450
29.7374714240432, 19.2952,29.8528377236798, 19.2362,9,16.67955,4,4.506182,-0.181307,77.244896,450
29.7530230237171, 16.6541,29.8528377236798, 4.775,8,16.67953,4,3.693543,0.457688,75.477,450
29.7688063243404, 16.4036,29.8704234240577, 11.1973,7,16.67935,4,12.4223,-1.04749,78.936,450
29.7866101237014, 17.002,29.8858889238909, 17.217,6,16.67956,4,10.22859,0.254328,76.4964,450
29.802697324194, 16.6702,29.9025836242363, 14.9968,6,16.67956,4,10.29201,0.119246,76.0784,450
29.8218936240301, 16.3616,29.9198546251282, 19.0055,6,16.67934,4,10.01521,1.006538,76.041296,450
29.8351626237854, 17.373,29.9360549254343, 14.4427,6,16.67981,4,4.97479,-0.965016,77.4436,450
29.8528377236798, 15.9807,29.953029925935, 16.9389,6,16.67934,4,12.89367,-0.050917,77.997296,450
29.8704234240577, 16.4859,29.9701476255432, 18.5968,5,16.67921,4,11.61355,-1.180955,76.742896,450
29.8858889238909, 16.0717,29.9863278260455, 14.813,5,16.6788,4,10.09836,1.151503,76.996896,450
29.9025836242363, 17.0956,30.0032422253862, 17.0338,5,16.67908,4,10.92362,-0.234138,75.8426,450
29.9198546251282, 16.1625,30.019675324671, 18.1793,5,16.67874,4,11.14762,-1.043457,78.4964,450
29.9360549254343, 16.7959,30.0378811238334, 18.5732,5,16.67881,4,11.92995,1.271293,76.8174,450
29.953029925935, 16.9397,30.0528956241906, 12.8415,5,16.67899,4,11.1815,-0.736429,77.4938,450
29.9701476255432, 17.1563,30.070835923776, 19.589,5,16.67931,4,8.608838,-0.241198,78.346096,450
29.9863278260455, 16.3055,30.0859158234671, 14.1792,5,16.67906,4,11.91906,0.280633,77.049904,450
30.0032422253862, 16.4478,30.1026964234188, 15.9568,5,16.6789,4,11.05101,0.590364,77.217,450
30.019675324671, 15.9924,30.1194007238373, 18.4772,5,16.67845,4,10.55293,-0.472705,77.871504,450
30.0378811238334, 17.5636,30.1362617230043, 16.7527,5,16.67904,4,12.6077,0.226526,78.304896,450
30.0528956241906, 17.978,30.1535780234262, 15.5597,5,16.6799,4,10.27757,-0.978443,75.7306,450
30.070835923776, 17.0317,30.1691560233012, 17.6052,5,16.68014,4,11.50984,-0.272012,77.5174,450
30.0859158234671, 16.7232,30.1859771227464, 15.1356,5,16.68016,4,9.499705,-0.843381,78.530704,450
30.1026964234188, 16.5404,30.2036184230819, 17.5374,5,16.68007,4,12.34787,0.48325,77.748704,450
30.1194007238373, 14.9011,30.2200957229361, 17.8654,5,16.67889,4,9.984543,-0.774819,74.727696,450
30.1362617230043, 18.1744,30.237351722084, 17.7342,5,16.67988,4,17.33551,-0.223588,77.754896,450
30.1535780234262, 16.9442,30.2532288217917, 13.9781,5,16.68006,4,16.65748,-0.100934,77.089104,450
30.1691560233012, 14.7683,30.2690922217444, 17.6805,5,16.67879,4,17.25775,-0.111362,76.729904,450
30.1859771227464, 17.217,30.2690922217444, 6.0538,5,16.67915,4,15.91572,0.922589,78.3538,450
30.2036184230819, 15.9728,30.2862437209114, 10.8618,5,16.67868,4,17.14039,-0.617918,77.0922,450
30.2200957229361, 14.9661,30.3049786211923, 17.2217,5,16.67755,4,4.548834,-0.043825,77.0526,450
30.237351722084, 18.5962,30.3201600210741, 15.1734,5,16.67881,4,4.332462,-1.019744,78.2738,450
30.2532288217917, 16.5816,30.3371653212234, 18.8273,5,16.67875,4,5.296911,0.529013,77.0132,450
30.2690922217444, 16.9847,30.3535870211199, 14.4769,5,16.67895,4,3.306718,-0.452807,76.2982,450
30.2862437209114, 15.7584,30.3700017211959, 16.4774,4,16.67834,4,10.50912,-1.431382,77.095504,450
30.3049786211923, 18.8536,30.3860520208254, 18.0135,4,16.67978,4,11.98014,0.189117,77.4354,450
30.3201600210741, 15.8869,30.4031602209434, 15.0213,4,16.67926,4,11.06689,1.0347,80.230096,450
30.3371653212234, 17.4533,30.4197968216613, 16.9297,4,16.67977,4,11.27651,-1.581631,78.082096,450
30.3535870211199, 16.1885,30.4371542213485, 18.8196,4,16.67944,4,4.627282,-1.075465,78.6806,450
30.3700017211959, 16.3475,30.4535488216206, 14.6339,4,16.67923,4,13.22578,-0.292601,76.443904,450
30.3860520208254, 17.2261,30.4689980214462, 17.2076,4,16.67958,4,9.8536,-0.056093,77.775696,450
30.4031602209434, 17.203,30.4869368216023, 16.2236,4,16.67993,4,10.90473,0.733913,76.739504,450
30.4197968216613, 16.9157,30.5034468220547, 16.4746,4,16.68008,4,11.80937,-0.472512,78.9878,450
30.4371542213485, 16.1882,30.520128021948, 18.4929,4,16.67976,4,13.0314,-0.850892,78.1928,450
30.4535488216206, 15.5913,30.5370557224378, 15.3544,4,16.67905,4,12.18939,-0.841938,76.0856,450
30.4689980214462, 16.3884,30.5533178215846, 17.9343,4,16.67886,4,10.12019,-0.448018,77.261,450
30.4869368216023, 18.1194,30.5702704219148, 15.3552,4,16.6798,4,11.03021,0.764383,78.7014,450
30.5034468220547, 15.8795,30.5873705213889, 17.0926,4,16.67928,4,10.77809,-0.580545,78.105104,450
30.520128021948, 17.5122,30.6033911211416, 17.856,4,16.67982,4,10.85124,0.241115,76.1202,450
30.5370557224378, 16.2681,30.6203857203946, 14.9553,4,16.67955,4,12.63472,-0.623825,78.6026,450
30.5533178215846, 15.062,30.6368989208713, 16.3676,4,16.6785,4,10.41862,0.923435,78.007,450
30.5702704219148, 18.3563,30.6550410212949, 19.9079,4,16.67959,4,10.73715,-0.030405,76.877904,450
30.5873705213889, 15.0861,30.6696391217411, 12.8256,4,16.67855,4,12.16148,-0.614045,78.343,450
30.6033911211416, 16.5674,30.6861795224249, 18.3442,4,16.67848,4,8.114725,-0.713385,78.1416,450
30.6203857203946, 16.9129,30.7040834221989, 18.0028,4,16.67863,4,12.41747,-0.774825,80.8194,450
30.6368989208713, 16.6657,30.7202629223466, 14.2631,4,16.67862,4,8.834805,-0.040065,78.903296,450
30.6550410212949, 17.3131,30.7369124218822, 16.7978,4,16.67904,4,11.83735,0.194795,74.8558,450
30.6696391217411, 16.0407,30.7526588216424, 17.7583,4,16.67862,4,10.57308,0.843555,77.066896,450
30.6861795224249, 15.4325,30.7701232209802, 15.5499,4,16.67781,4,16.99472,0.407224,76.514,450
30.7040834221989, 18.8155,30.7880580201745, 19.8901,4,16.6792,4,17.06516,-0.543899,78.005,450
30.7202629223466, 16.2494,30.8033711202443, 13.2691,4,16.67892,4,16.3063,-0.35213,77.9166,450
30.7369124218822, 15.717,30.8201541211456, 16.7885,4,16.6783,4,16.10225,-0.172356,73.595504,450
30.7526588216424, 17.0765,30.8381487205625, 19.7652,4,16.67855,4,6.786176,-0.257982,76.749504,450
30.7701232209802, 17.203,30.8542558196932, 14.1872,4,16.67889,4,3.864099,-0.091958,78.214896,450
30.7880580201745, 16.5087,30.869800619781, 17.5578,4,16.67878,4,4.97263,0.89796,77.152,450
30.8033711202443, 16.7524,30.8869381193072, 15.0519,4,16.67883,4,4.410256,0.079607,76.579504,450
30.8201541211456, 16.9965,30.9050655197352, 20.0283,4,16.67904,4,10.15858,-0.494137,75.1352,450
30.8381487205625, 16.5304,30.9202503198758, 15.0965,4,16.67894,4,12.16006,0.353689,74.8992,450
30.8542558196932, 16.5211,30.9374113203958, 15.3913,4,16.67884,4,9.83874,-0.307243,75.66,450
30.869800619781, 16.4116,30.9530447209254, 17.2959,4,16.67867,4,10.73309,0.454279,76.7176,450
30.8869381193072, 16.4576,30.9713013200089, 16.7703,4,16.67852,4,5.747637,0.283339,66.2402,450
30.9050655197352, 15.4688,30.9873492205516, 15.9044,4,16.67775,3,12.39681,0.003315,61.847,450
30.9202503198758, 18.7236,31.0029484201223, 17.4679,4,16.67906,3,9.795943,-1.019363,60.3966,450
30.9374113203958, 16.1488,31.0212753210217, 16.5818,4,16.67872,3,12.15472,0.79463,63.8216,450
30.9530447209254, 17.2264,31.0372282210737, 17.1113,4,16.67907,3,9.470261,-0.548188,62.8934,450
30.9713013200089, 16.4348,31.0544543210417, 17.6939,4,16.67892,3,9.589985,-0.066576,58.4319,450
30.9873492205516, 17.1125,31.0704485215247, 14.1584,4,16.67919,3,11.81626,0.558105,59.7367,450
31.0029484201223, 15.8012,31.087337821722, 18.62,4,16.67863,3,11.16637,0.131433,59.412,450
31.0212753210217, 17.6758,31.1040663216263, 15.0101,4,16.67927,3,10.92269,-0.313395,57.3183,450
31.0372282210737, 15.0369,31.1197726223618, 15.7369,4,16.67822,3,12.33818,0.342018,59.5894,450
31.0544543210417, 18.4275,31.1368861217052, 18.8516,4,16.67934,3,10.24259,0.05219,59.3026,450
31.0704485215247, 16.7164,31.1535835210234, 14.9481,4,16.67936,3,11.32047,0.665343,57.7024,450
31.087337821722, 14.8177,31.1701637208462, 18.2769,4,16.67817,3,10.29239,-1.223424,60.0978,450
31.1040663216263, 18.4339,31.1860474217683, 16.001,4,16.67929,3,10.58878,-0.507715,60.3236,450
31.1197726223618, 16.0653,31.2033724226058, 15.6404,4,16.6789,3,11.45861,-0.548108,63.4745,450
31.1368861217052, 16.9399,31.2201629225165, 16.9021,4,16.67907,3,10.08386,0.249439,60.3171,450
31.1535835210234, 17.4675,31.2371663227677, 18.8709,4,16.67957,3,10.96512,-1.288235,60.8529,450
31.1701637208462, 14.058,31.253810422495, 14.6102,4,16.6779,3,12.96192,0.668555,63.4914,450
31.1860474217683, 19.4309,31.2721416223794, 18.1765,4,16.67965,3,10.61471,-0.047464,59.7061,450
31.2033724226058, 16.3668,31.2869665222242, 16.6206,4,16.67945,3,12.39196,-1.088336,61.3248,450
31.2201629225165, 16.5378,31.3041063221171, 15.3827,4,16.67936,3,9.987135,-0.218887,61.3741,450
31.2371663227677, 16.2411,31.3212518217042, 18.8947,4,16.67908,3,13.20774,0.164616,59.7546,450
31.253810422495, 16.0369,31.3372817216441, 14.3573,4,16.67868,3,9.466664,-0.187992,62.355,450
31.2721416223794, 16.7255,31.3546802224591, 17.4017,4,16.67871,3,9.997736,-0.280214,63.8621,450
31.2869665222242, 16.3252,31.3701562220231, 17.177,4,16.67848,3,12.88519,-0.943559,60.716,450
31.3041063221171, 17.5291,31.3880889220163, 16.233,4,16.67902,3,6.005584,0.548247,59.6392,450
31.3212518217042, 15.8049,31.4040107214823, 15.9714,4,16.67847,3,11.61129,-0.637099,62.8549,450
31.3372817216441, 18.1197,31.4210864221677, 18.7739,4,16.67938,3,9.975714,-0.394243,58.5234,450
31.3546802224591, 16.7994,31.4398939227685, 17.2327,4,16.67946,3,11.80446,1.02432,59.7253,450
31.3701562220231, 16.315,31.4537794226781, 13.7402,4,16.67923,3,11.06555,-0.751008,61.9488,450
31.3880889220163, 17.0687,31.471017322503, 18.8575,4,16.67947,3,9.402899,-1.337307,63.0051,450
31.4040107214823, 16.0385,31.4896756233647, 17.0488,4,16.67907,3,12.41484,0.290577,61.1273,450
31.4210864221677, 15.5381,31.5043189236894, 14.7564,4,16.67835,3,10.72508,0.142046,59.7959,450
31.4398939227685, 18.8216,31.5203007245436, 15.7997,4,16.6797,3,10.74901,0.069402,61.2911,450
31.4537794226781, 16.247,31.5375540247187, 19.2757,4,16.67943,3,10.93591,0.246981,60.9398,450
31.471017322503, 15.094,31.5539648244157, 14.426,4,16.67843,3,11.37152,-0.662088,59.9489,450
31.4896756233647, 18.0818,31.5717160245404, 17.7231,4,16.67931,3,11.52765,0.115406,59.9889,450
31.5043189236894, 15.5675,31.5870842244476, 17.1981,4,16.67861,3,9.997998,-1.123191,61.348,450
31.5203007245436, 16.5105,31.6041021235287, 15.241,4,16.67851,3,11.40262,-0.268888,61.9288,450
31.5375540247187, 17.2147,31.6212559230626, 17.1744,4,16.67884,3,9.607988,0.123358,59.4235,450
31.5539648244157, 16.6593,31.6372461225837, 17.8807,4,16.67883,3,10.53869,1.012668,59.8652,450
31.5717160245404, 16.6024,31.6545908227563, 15.3413,4,16.67878,3,11.47849,-0.177278,62.9973,450
31.5870842244476, 16.6447,31.6705729234964, 15.9294,4,16.67876,3,11.29779,-1.026814,60.7251,450
31.6041021235287, 17.4081,31.6870048232377, 18.2052,4,16.67922,3,12.16504,-0.04766,59.8468,450
31.6212559230626, 15.8523,31.7047337237746, 16.1923,4,16.6787,3,10.13933,-0.290082,62.4982,450
31.6372461225837, 15.2197,31.7227228246629, 18.0142,4,16.67779,3,8.815778,0.169223,63.2206,450
31.6545908227563, 19.1914,31.7381907245144, 17.0426,4,16.67936,3,11.92891,-0.670614,59.5869,450
31.6705729234964, 15.6568,31.7561419242993, 16.2571,4,16.67872,3,11.27086,-0.540352,60.3997,450
31.6870048232377, 17.2734,31.7710442245007, 15.0345,4,16.67909,3,11.98098,0.76242,63.2462,450
31.7047337237746, 16.6839,31.7874299250543, 18.0153,4,16.67909,3,12.04608,0.491347,58.9416,450
31.7227228246629, 16.2638,31.8042449243367, 15.2276,4,16.67883,3,9.642714,-0.370065,58.1999,450
31.7381907245144, 14.7504,31.8214460238814, 16.9986,4,16.67763,3,12.35615,-0.314052,62.3082,450
31.7561419242993, 18.8517,31.8374801240861, 18.0559,4,16.67899,3,12.01428,0.327511,62.4376,450
31.7710442245007, 16.599,31.8540146239102, 14.4922,4,16.67894,3,9.116553,-0.376745,58.795,450
31.7874299250543, 16.2997,31.8715326245874, 17.4762,4,16.6787,3,11.16226,0.099181,61.9883,450
31.8042449243367, 16.8783,31.8882011249661, 18.3264,4,16.67883,3,10.58385,0.176305,62.2126,450
31.8214460238814, 16.2829,31.905519824475, 15.6765,4,16.67858,3,10.26839,-0.512416,58.9,450
31.8374801240861, 18.436,31.9219783246517, 16.4526,4,16.67967,3,11.54195,-0.114171,59.0083,450
31.8540146239102, 15.1994,31.9379332251847, 17.6797,4,16.67875,3,12.31672,0.431396,59.8208,450
31.8715326245874, 17.4486,31.956445125863, 16.8559,4,16.67923,3,10.0766,-0.459965,58.9089,450
31.8882011249661, 16.3899,31.9715576255694, 15.257,4,16.67905,3,9.945516,0.897508,60.452,450
31.905519824475, 16.8174,31.9882886251435, 18.2816,4,16.67914,3,12.33927,-0.501366,61.873,450
31.9219783246517, 16.2905,32.005771025084, 16.0893,4,16.6789,3,10.3338,0.214052,60.3062,450
31.9379332251847, 15.1003,32.0214761244133, 17.7781,4,16.67792,3,11.37426,-0.258476,63.0637,450
31.956445125863, 17.6369,32.037923024036, 15.7194,4,16.67851,3,12.11969,-0.206993,59.3653,450
31.9715576255694, 18.565,32.0541506232694, 14.5172,4,16.67968,3,9.101966,-0.58913,58.7188,450
31.9882886251435, 16.1091,32.0708813229576, 18.3203,4,16.67933,3,10.09855,0.298919,60.9349,450
32.005771025084, 17.151,32.089033623226, 16.5974,4,16.67962,3,11.56078,0.755765,64.4539,450
32.0214761244133, 14.9402,32.1054529240355, 16.4311,4,16.67854,3,10.15589,-1.026804,58.8681,450
32.037923024036, 18.1352,32.1218988234177, 18.0462,4,16.67944,3,11.94383,-0.631379,59.4759,450
32.0541506232694, 17.5919,32.1367999231443, 13.2705,4,16.68,3,12.47148,0.064799,62.9154,450
32.0708813229576, 14.937,32.1547400234267, 18.0931,4,16.67893,3,9.579835,-1.046712,60.8672,450
32.089033623226, 16.6701,32.1713043237105, 18.1328,4,16.67892,3,10.8378,-0.530058,58.1574,450
32.1054529240355, 16.5352,32.1884127231315, 15.4721,4,16.67884,3,12.79048,-0.076282,62.1874,450
32.1218988234177, 17.0476,32.2047521239147, 16.4748,4,16.67906,3,10.5194,-0.415944,61.0668,450
32.1367999231443, 18.5923,32.2208420233801, 17.1472,4,16.68024,3,11.57751,0.389048,60.625,450
32.1547400234267, 16.0728,32.2379212239757, 15.8367,4,16.67987,3,12.82436,0.890273,63.2455,450
32.1713043237105, 16.7958,32.2554599242285, 17.5564,4,16.67994,3,10.21468,-0.84159,60.8246,450
32.1884127231315, 16.5449,32.2713155234233, 17.6016,4,16.67986,3,11.77904,-0.415369,58.9286,450
32.2047521239147, 16.5787,32.2903722235933, 17.2839,4,16.67979,3,12.21685,-0.440625,60.2271,450
32.2208420233801, 17.4292,32.2903722235933, 6.2457,4,16.68025,3,9.689427,-0.341332,61.1583,450
32.2379212239757, 14.1477,32.3044131239876, 9.7544,4,16.6787,3,10.47919,-0.845532,60.2344,450
32.2554599242285, 16.5067,32.3215209236369, 15.0561,4,16.6786,3,10.87947,-0.504511,63.3198,450
32.2713155234233, 14.9788,32.3381305234507, 18.4038,4,16.67756,3,12.03512,-0.181588,61.9546,450
32.2903722235933, 18.6504,32.3557364242151, 17.7217,4,16.67876,3,10.40273,0.256015,60.4748,450
32.3044131239876, 18.2511,32.3713434245437, 13.7894,3,16.67972,3,9.637932,-0.316805,61.3495,450
32.3215209236369, 17.3835,32.3884113244712, 18.6874,3,16.68015,3,11.99111,-0.197801,60.9884,450
32.3381305234507, 14.9442,32.4046815242618, 14.6199,3,16.67909,3,12.26259,0.1717,59.0253,450
32.3557364242151, 18.7811,32.4214001242071, 16.6868,3,16.68037,3,10.10668,-0.254643,60.6521,450
32.3713434245437, 15.9783,32.4380416236818, 18.2491,3,16.67995,3,9.485005,-1.372849,62.9667,450
32.3884113244712, 15.0171,32.4543060231954, 14.7305,3,16.67893,3,12.0672,-0.863063,59.3063,450
32.4046815242618, 18.3712,32.4711363241076, 16.77,3,16.67996,3,10.3801,-0.298683,61.5563,450
32.4214001242071, 16.6937,32.4881487246603, 19.089,3,16.67997,3,11.78044,0.014753,62.3025,450
32.4380416236818, 15.2202,32.5055514238775, 15.4453,3,16.67908,3,11.88355,-0.67847,58.817,450
32.4543060231954, 15.8379,32.5224883239716, 18.9887,3,16.67857,3,10.95306,0.546355,61.268,450
32.4711363241076, 16.5185,32.5377592239529, 13.3609,3,16.67848,3,10.42958,0.047952,60.3521,450
32.4881487246603, 17.3597,32.5557527244091, 17.895,3,16.67889,3,12.00685,-0.656924,60.7859,450
32.5055514238775, 16.7241,32.5732088238001, 19.3624,3,16.67892,3,9.94697,-0.314356,59.2119,450
32.5224883239716, 17.126,32.5885404236615, 13.3404,3,16.67919,3,12.02314,-0.143739,59.6091,450
32.5377592239529, 16.8984,32.6054521240294, 18.5172,3,16.67932,3,9.307448,0.375771,58.4714,450
32.5557527244091, 16.8828,32.622378224507, 16.9312,3,16.67945,3,11.59362,0.592048,64.2565,450
32.5732088238001, 15.6663,32.6380437240005, 14.0486,3,16.67883,3,12.26866,0.64814,61.5084,450
32.5885404236615, 16.7455,32.6556422244757, 19.3434,3,16.67887,3,10.22844,-0.222893,59.3287,450
32.6054521240294, 14.9801,32.6721967253834, 16.4868,3,16.67785,3,12.01193,-0.751292,62.0801,450
32.622378224507, 18.2992,32.689021024853, 15.153,3,16.67883,3,9.799052,0.189062,61.2981,450
32.6380437240005, 17.3259,32.7052190247923, 16.2534,3,16.67921,3,9.32596,-0.977028,61.696,450
32.6556422244757, 14.6907,32.7214979249984, 17.9017,3,16.67802,3,11.28499,-0.319977,61.1847,450
32.6721967253834, 19.0367,32.7379502244294, 14.7048,3,16.67944,3,12.17189,-0.209877,62.2471,450
32.689021024853, 16.1832,32.755300424993, 17.3847,3,16.67914,3,10.53304,-0.246817,59.0825,450
32.7052190247923, 16.4152,32.772167025134, 18.6386,3,16.67898,3,11.54803,0.155696,61.4029,450
32.7214979249984, 17.5643,32.7912650257349, 18.62,3,16.67951,3,10.65538,-0.255612,60.6701,450
32.7379502244294, 16.4817,32.8052451256663, 14.6043,3,16.67939,3,11.53058,-0.208352,60.4147,450
32.755300424993, 16.95,32.8224481251091, 15.6182,3,16.67956,3,11.75122,0.511672,62.7566,450
32.772167025134, 13.8545,32.8381511252373, 15.3503,3,16.67786,3,10.1941,-0.293384,62.0329,450
32.7912650257349, 19.3641,32.8553088251501, 19.0133,3,16.67947,3,11.36791,-0.401697,60.7266,450
32.8052451256663, 15.5576,32.8717577252537, 14.5646,3,16.6788,3,10.48005,0.259477,60.8025,450
32.8224481251091, 16.5212,32.8882410246879, 16.5603,3,16.6787,3,12.11523,-0.392768,59.8311,450
32.8381511252373, 16.9274,32.9049117248505, 18.2863,3,16.67885,3,9.672984,-0.045807,60.9139,450
32.8553088251501, 16.5371,32.9235859252512, 17.1173,3,16.67877,3,10.4007,-0.457882,60.9297,450
32.8717577252537, 17.298,32.9383817249909, 14.7982,3,16.67914,3,12.26152,0.146263,60.0216,450
32.8882410246879, 16.5617,32.9554518247023, 16.9979,3,16.67907,3,9.906268,-0.339734,58.4443,450
32.9049117248505, 14.5811,32.9714841255918, 17.713,3,16.67781,3,12.21181,1.906725,63.6559,450
32.9235859252512, 19.6669,32.988244025968, 17.3936,3,16.6796,3,11.70978,-0.363085,60.9333,450
32.9383817249909, 16.2537,33.0054769264534, 15.3749,3,16.67935,3,10.60694,-0.135177,59.7411,450
32.9554518247023, 16.5155,33.022440626286, 19.167,3,16.67925,3,11.56953,0.507357,61.1708,450
32.9714841255918, 15.2521,33.0394435254857, 15.9744,3,16.6784,3,10.28848,-0.37889,60.8716,450
32.988244025968, 18.1396,33.0555579261854, 14.5053,3,16.67927,3,8.033085,-0.217913,58.629,450
33.0054769264534, 16.737,33.0715815266594, 17.549,3,16.6793,3,12.21128,-0.32954,60.4504,450
33.022440626286, 15.3429,33.0895422259346, 18.1908,3,16.67851,3,10.30554,-0.383887,59.1845,450
33.0394435254857, 18.4516,33.1054421262816, 14.1455,3,16.67956,3,11.30809,-0.208544,58.8908,450
33.0555579261854, 17.4799,33.1223312271759, 16.7381,3,16.68004,3,12.16201,0.336054,60.8418,450
33.0715815266594, 14.6315,33.1393972272053, 18.7384,3,16.67882,3,10.32374,0.168743,60.1455,450
33.0895422259346, 16.2185,33.1552654271945, 16.348,3,16.67855,3,12.18129,-0.246794,58.4884,450
33.1054421262816, 18.8643,33.1723899273202, 15.221,3,16.67984,3,10.46764,-0.398238,59.2382,450
33.1223312271759, 15.9196,33.1895621279255, 19.1124,3,16.67939,3,10.34575,0.466061,62.6272,450
33.1393972272053, 15.4362,33.2055010283366, 15.6608,3,16.67866,3,11.37476,-0.545398,61.3161,450
33.1552654271945, 18.5015,33.2224635286257, 15.1883,3,16.67974,3,9.920794,-0.322886,60.3779,450
33.1723899273202, 16.946,33.2380373282358, 17.0538,3,16.67989,3,12.10444,0.889435,61.774,450
33.1895621279255, 14.7366,33.255159127526, 15.563,3,16.67874,3,12.16274,0.382416,64.6432,450
33.2055010283366, 18.2263,33.2723136274144, 17.3004,3,16.67966,3,9.689498,-0.28714,62.3491,450
33.2224635286257, 15.7931,33.2881973283365, 17.3354,3,16.67913,3,12.37629,0.582419,61.0903,450
33.2380373282358, 14.2208,33.3053515283391, 15.6424,3,16.67768,3,12.05937,-0.303694,61.1572,450
33.255159127526, 18.5029,33.3223136281595, 16.9345,3,16.67876,3,9.208684,-0.429868,62.5039,450
33.2723136274144, 17.1167,33.3402455290779, 19.8742,3,16.67902,3,11.40444,-0.032697,59.8071,450
33.2881973283365, 17.33,33.3557352293283, 13.6466,3,16.6794,3,11.92788,-0.463241,59.8285,450
33.3053515283391, 17.0119,33.3719102293253, 16.3497,3,16.6796,3,9.610194,-0.894025,63.0919,450
33.3223136281595, 16.683,33.3892646301538, 18.8992,3,16.6796,2,7.608168,-0.980673,60.0544,450
33.3402455290779, 15.1569,33.4087062310427, 18.6757,3,16.67871,1,11.0008,0.636732,61.4308,450
33.3557352293283, 17.856,33.422005831264, 12.2699,3,16.6794,0,11.89174,0.437413,59.5284,450
33.3719102293253, 16.562,33.4392447313294, 17.1708,3,16.67933,7,10.79342,-0.635575,9.1259,450
33.3892646301538, 14.7731,33.4556035315618, 18.2193,3,16.67821,9,12.70757,-0.805862,24.0732,450
33.4087062310427, 19.2955,33.4743933314458, 17.2564,3,16.67974,8,11.12857,-0.220109,36.6911,450
33.422005831264, 15.9469,33.4879675311968, 13.2315,3,16.67932,7,9.582487,-0.318551,51.6899,450
33.4392447313294, 16.2423,33.5062280306593, 20.259,3,16.67906,6,11.44098,-0.834289,61.9299,450
33.4556035315618, 15.39,33.522265731357, 14.2694,3,16.6783,6,12.53956,0.068904,77.926896,450
33.4743933314458, 17.8923,33.5395947312936, 17.4499,3,16.67901,6,10.63021,-0.121444,94.8942,450
33.4879675311968, 16.7291,33.5573095316067, 19.3493,3,16.67904,6,11.81655,-0.30061,108.264704,450
33.5062280306593, 15.5249,33.5722345318645, 13.1035,3,16.67837,6,11.98529,-0.412599,102.6332,450
33.522265731357, 18.98,33.589395031333, 17.0842,3,16.67971,5,10.6941,1.427079,95.133904,450
33.5395947312936, 16.7174,33.6054861322045, 18.0153,3,16.67974,5,11.43654,-0.906536,93.365104,450
33.5573095316067, 16.1122,33.6225701328367, 17.0702,3,16.67941,5,11.90621,-1.281394,95.668,450
33.5722345318645, 15.6418,33.6392917335033, 14.6905,3,16.6788,5,10.2727,0.121478,96.978,450
33.589395031333, 16.8013,33.6572213340551, 19.887,3,16.67887,5,12.22582,-0.923271,92.853504,450
33.6054861322045, 14.9376,33.6724973339587, 13.5719,3,16.67785,5,10.32784,-0.602271,97.5498,450
33.6225701328367, 18.2609,33.6892800331116, 16.7808,3,16.67878,5,10.95849,0.15671,94.882896,450
33.6392917335033, 17.3565,33.7059239335358, 18.2313,3,16.67917,5,13.10312,-0.980521,94.699,450
33.6572213340551, 16.8771,33.7241856344044, 16.5153,3,16.67929,5,11.83937,-0.111366,96.6508,450
33.6724973339587, 17.2474,33.7393914340064, 15.2838,3,16.67962,5,11.19157,0.047889,95.161,450
33.6892800331116, 16.4469,33.7555411336944, 18.0733,3,16.67948,5,12.30889,-1.29867,93.6848,450
33.7059239335358, 14.8359,33.7722996333614, 17.1497,3,16.67841,5,9.895221,-0.706596,97.6808,450
33.7241856344044, 18.2519,33.7890941342339, 14.591,3,16.67933,5,12.39137,-0.581574,95.315696,450
33.7393914340064, 17.5737,33.8069824343547, 19.8232,3,16.67984,5,11.58031,-0.822987,92.4292,450
33.7555411336944, 14.5447,33.8224615342915, 15.2911,3,16.67861,5,9.85837,-0.304824,96.739504,450
33.7722996333614, 18.5581,33.839379934594, 15.0741,3,16.6797,5,13.0222,0.115912,93.9302,450
33.7890941342339, 16.7514,33.8570531345904, 19.1998,3,16.67974,5,10.77817,-0.033076,93.6006,450
33.8069824343547, 14.7248,33.8725460348651, 13.8175,3,16.6786,5,10.76759,-0.590207,94.6974,450
33.8224615342915, 18.6255,33.8899603346363, 19.0504,3,16.67973,5,10.49062,0.236952,94.680096,450
33.839379934594, 17.1872,33.9052999345586, 15.6127,3,16.68003,5,12.23919,-0.216449,94.652096,450
33.8570531345904, 16.0988,33.9236269341782, 16.496,3,16.67969,5,11.68608,-0.466136,94.520304,450
33.8725460348651, 16.8333,33.9392386339605, 15.703,3,16.67978,5,10.35751,-0.498957,95.572,450
33.8899603346363, 13.1251,33.956292534247, 18.9022,3,16.67773,5,12.37455,-0.919002,94.25,450
33.9052999345586, 18.8047,33.9742106348276, 16.056,3,16.67895,5,11.62875,-0.351709,92.703104,450
33.9236269341782, 16.9068,33.9888681350276, 14.7267,3,16.67908,5,10.71954,0.166524,85.346496,450
33.9392386339605, 16.974,34.0068435342982, 19.7255,3,16.67925,4,12.23576,0.22229,75.587696,450
33.956292534247, 14.8147,34.0225574346259, 14.032,3,16.67818,4,10.6761,0.065995,80.1072,450
33.9742106348276, 18.1509,34.0403853347525, 18.549,3,16.67903,4,10.79351,-0.07105,77.757296,450
33.9888681350276, 16.8096,34.0557675343007, 16.2977,3,16.6791,4,12.24088,0.015838,76.588896,450
34.0068435342982, 14.9062,34.0735342334956, 15.9681,3,16.67808,4,9.07261,-0.707348,79.213104,450
34.0225574346259, 18.842,34.0893382336944, 15.6773,3,16.67933,4,9.683805,-0.375635,76.156,450
34.0403853347525, 17.4205,34.1070006340742, 19.7405,3,16.67975,4,11.69795,1.147555,77.6062,450
34.0557675343007, 16.7776,34.1233379337937, 16.0522,3,16.67981,4,10.24966,-0.602162,78.5602,450
34.0735342334956, 15.5925,34.1403420343995, 15.3283,3,16.67919,4,11.73705,-0.632507,75.872,450
34.0893382336944, 16.1634,34.1571755334735, 18.5056,3,16.67889,4,12.50023,-0.214494,77.773904,450
34.1070006340742, 14.7391,34.1728647332639, 14.0149,3,16.67778,4,10.24074,-0.092801,76.758496,450
34.1233379337937, 18.4484,34.1900008339435, 17.1414,3,16.67879,4,10.66236,-0.08731,77.2334,450
34.1403420343995, 17.5176,34.2060072347522, 17.5929,3,16.67927,4,10.35171,-0.309132,77.3886,450
34.1571755334735, 15.9304,34.2226978354156, 14.9594,3,16.67884,4,12.44289,-0.347044,74.956704,450
34.1728647332639, 17.1279,34.2392173353583, 18.2098,3,16.6791,4,12.0594,-0.124943,77.9622,450
34.1900008339435, 17.0243,34.2560576349497, 17.0402,3,16.6793,4,10.24801,0.094488,78.763696,450
34.2060072347522, 16.7798,34.2736707348377, 15.8706,3,16.67936,4,12.04393,-0.596872,76.812,450
34.2226978354156, 17.0372,34.2892049346119, 15.4595,3,16.67956,4,10.48764,-0.627695,77.120704,450
34.2392173353583, 14.3804,34.3070590347052, 19.5917,3,16.67825,4,12.24324,0.247261,75.83,450
34.2560576349497, 18.8132,34.3228479344398, 16.0914,3,16.67946,4,11.63851,-1.031088,75.606096,450
34.2736707348377, 16.2105,34.3399138338864, 15.0168,3,16.6792,4,9.740072,1.083314,76.477696,450
34.2892049346119, 16.7967,34.3560744337738, 18.2281,3,16.67926,4,12.25109,0.121359,76.5702,450
34.3070590347052, 15.4455,34.3732204344124, 15.1441,3,16.67856,4,10.69124,-0.477753,75.3978,450
34.3228479344398, 17.9308,34.3890603352338, 15.6875,3,16.67928,4,9.828688,0.490952,76.794304,450
34.3399138338864, 16.7443,34.4062066357583, 18.5659,3,16.67931,4,12.74829,-0.064423,76.4354,450
34.3560744337738, 17.1592,34.4234677348286, 15.8927,3,16.67958,4,9.002641,-0.420116,77.176704,450
34.3732204344124, 16.3699,34.4394968356937, 16.0759,3,16.67941,4,11.61925,-0.491486,74.7272,450
34.3890603352338, 17.3096,34.4572170358151, 19.2628,3,16.67977,4,12.36025,-0.500007,74.1696,450
34.4062066357583, 16.4931,34.4745738357306, 15.7941,3,16.67966,4,9.785123,1.03476,80.524896,450
34.4234677348286, 16.5657,34.4895606357604, 14.9087,3,16.6796,4,11.84232,-0.142655,77.2126,450
34.4394968356937, 15.8506,34.5062097366899, 16.6005,3,16.67913,4,10.46239,0.10583,78.670896,450
34.4572170358151, 15.5548,34.5232897363603, 18.9433,3,16.67849,4,12.28321,1.022015,79.984496,450
34.4745738357306, 18.4794,34.540078535676, 17.1698,3,16.67951,4,12.29494,0.209,79.2644,450
34.4895606357604, 15.0669,34.556243436411, 14.127,3,16.6786,4,9.096155,0.072185,76.813904,450
34.5062097366899, 16.5188,34.5739080365747, 17.914,3,16.67851,4,11.64597,-0.55003,77.310096,450
34.5232897363603, 14.9885,34.5904643367976, 17.8575,3,16.67755,4,9.561885,-1.007745,80.085904,450
34.540078535676, 17.0433,34.6069778371602, 14.749,3,16.67776,4,10.4398,-0.04986,78.1148,450
34.556243436411, 17.9913,34.6237175371498, 16.7321,3,16.6785,4,16.06161,-0.472375,77.9156,450
34.5739080365747, 17.1464,34.6392557369545, 17.2129,3,16.67876,4,16.23783,-0.73089,77.192496,450
34.5904643367976, 16.6649,34.6570753371343, 18.0116,3,16.67875,4,16.83294,-0.790705,77.412096,450
34.6069778371602, 16.8066,34.6729554375634, 14.1099,3,16.67883,4,17.30126,1.035211,76.948496,450
34.6237175371498, 17.0682,34.6900343382731, 17.0891,3,16.67905,4,16.34007,-0.038938,74.924896,450
34.6392557369545, 15.2144,34.7068714378402, 18.4773,3,16.67822,4,16.75499,-0.927987,78.872304,450
34.6570753371343, 17.84,34.7230989383534, 14.8023,3,16.67888,4,16.9653,0.127582,79.245104,450
34.6729554375634, 17.3942,34.7404097383842, 18.77,3,16.67928,4,4.692789,-0.421264,75.300496,450
34.6900343382731, 16.8508,34.7569676386192, 14.9506,3,16.67937,4,2.743238,2.054273,78.231504,450
34.8570946389809, 172.9699,34.8751692390069, 122.5923,3,16.76713,4,5.592287,-1.298783,78.501104,450
34.8751692390069, 2.3789,34.8909646393731, 13.0059,0,16.75905,4,6.136118,-0.318226,77.9938,450
34.8751692390069, 1.6356,34.8909646393731, 5.9256,0,16.75057,4,11.28386,0.632165,75.928704,450
34.8751692390069, 1.1838,34.9056973392144, 8.7986,1,16.74185,4,12.12073,-0.623574,78.620304,450
34.8751692390069, 0.3836,34.9056973392144, 5.386,2,16.73268,4,7.842683,-0.676884,81.2038,450
34.8751692390069, 1.3524,34.9233453394845, 10.5986,3,16.72407,4,13.14663,-0.066687,76.732496,450
34.8751692390069, 1.015,34.9233453394845, 6.7667,4,16.71528,4,5.813235,-0.509569,80.004704,450
34.8751692390069, 1.027,34.9397767400369, 11.2672,5,16.70651,4,11.30327,-0.296805,78.563504,450
34.8751692390069, 0.3654,34.9574814392254, 16.3637,6,16.69737,4,10.76158,0.213681,78.765696,450
34.8751692390069, 1.2287,34.9742982396856, 18.1938,7,16.68873,4,12.44699,-0.276208,77.031504,450
34.8751692390069, 1.0731,34.9901926396415, 14.4748,8,16.68001,4,10.11397,-0.034616,77.356,450
34.8909646393731, 14.6631,35.0073315398768, 17.2361,9,16.67888,4,12.35781,-0.337974,80.031104,450
34.9056973392144, 15.9583,35.0073315398768, 7.7209,8,16.67848,4,12.09942,1.209622,76.42,450
34.9233453394845, 15.0597,35.022947140038, 7.5608,7,16.67758,4,10.18151,-0.412424,75.879504,450
34.9397767400369, 19.0319,35.0400526393205, 17.263,6,16.67889,4,12.04792,0.79164,77.610896,450
34.9574814392254, 17.0293,35.0573433395475, 19.3315,6,16.67909,4,11.69287,-0.754361,79.435904,450
34.9742982396856, 14.8305,35.0737789403647, 16.1405,6,16.67806,4,10.18198,-0.677896,77.9114,450
34.9901926396415, 18.5985,35.0902753397822, 14.4729,6,16.67913,4,8.294124,-0.614559,78.327696,450
35.0073315398768, 14.2619,35.10712034069, 18.9578,6,16.67778,4,12.13786,-0.531329,77.8952,450
35.022947140038, 19.3276,35.1239949408919, 16.6605,5,16.67926,4,9.218061,0.189482,80.304896,450
35.0400526393205, 16.1118,35.1415493413806, 15.9277,5,16.67894,4,11.7292,-0.9334,76.260704,450
35.0573433395475, 15.207,35.1571732414886, 17.1585,5,16.67812,4,12.45616,-0.818157,76.242,450
35.0737789403647, 18.3494,35.1755307419226, 16.8591,5,16.67905,4,10.65693,0.167953,79.635104,450
35.0902753397822, 16.3959,35.1904749423265, 14.9197,5,16.67889,4,10.58102,-0.033093,77.664496,450
35.10712034069, 14.412,35.2071518432349, 18.408,5,16.67764,4,11.7021,0.525228,76.6184,450
35.1239949408919, 19.1616,35.2238045427948, 16.7962,5,16.67901,4,10.78046,-0.267118,77.533904,450
35.1415493413806, 18.1073,35.2409590426832, 15.2198,5,16.6798,4,12.32835,-1.087632,78.6524,450
35.1571732414886, 14.129,35.2574736420065, 18.4397,5,16.67839,4,11.47039,-0.614484,76.672496,450
35.1755307419226, 18.1783,35.2729891417548, 15.3726,5,16.67922,4,10.28317,-0.608936,77.2454,450
35.1904749423265, 16.5113,35.2910177418962, 16.1772,5,16.67913,4,9.225918,-0.043581,77.4848,450
35.2071518432349, 15.3322,35.3073946414515, 16.4294,5,16.67839,4,11.92943,0.28164,77.515296,450
35.2238045427948, 18.6351,35.3242781413719, 18.617,5,16.67946,4,4.831384,-0.001316,77.7366,450
35.2409590426832, 16.0353,35.3420810410753, 16.0067,5,16.67911,4,10.68934,-0.251882,77.6768,450
35.2574736420065, 15.2783,35.3572429409251, 15.1473,5,16.67834,4,10.14698,-0.888925,77.191104,450
35.2729891417548, 17.8768,35.374280241318, 18.9273,5,16.679,4,11.65556,-0.42095,78.588496,450
35.2910177418962, 17.6531,35.3904409417883, 16.3309,5,16.67953,4,9.504016,-0.481734,78.819504,450
35.3073946414515, 16.483,35.40730614122, 14.9374,5,16.67943,4,11.71098,0.211738,76.465904,450
35.3242781413719, 14.3097,35.4248908413574, 19.6727,5,16.67812,4,11.91212,-0.106344,77.0112,450
35.3420810410753, 18.6071,35.4248908413574, 5.885,5,16.67918,4,10.57675,-1.335104,78.5908,450
35.3572429409251, 17.4381,35.4407275421545, 7.6789,5,16.6796,4,12.24013,-0.08885,78.003104,450
35.374280241318, 13.9866,35.4571583429351, 18.5084,5,16.67812,4,11.98886,-0.273206,79.6498,450
35.3904409417883, 17.7281,35.4745368426666, 15.3776,5,16.6787,4,9.849744,-0.234205,77.956096,450
35.40730614122, 17.256,35.4904449423775, 16.0853,5,16.67901,4,11.8963,-0.00468,77.914496,450
35.4248908413574, 16.8299,35.508337941952, 19.4631,5,16.6791,4,11.36705,-0.441,79.138704,450
35.4407275421545, 16.9309,35.5238955421373, 13.8644,4,16.67924,4,11.82381,-0.132351,79.510496,450
35.4571583429351, 16.0961,35.541387242265, 17.5485,4,16.67892,4,12.0308,0.203454,79.0218,450
35.4745368426666, 16.8111,35.5573403416201, 17.762,4,16.67899,4,10.21598,-0.388036,79.9716,450
35.4904449423775, 17.6229,35.5742530422285, 14.9366,4,16.6795,4,11.5401,-0.055787,78.943504,450
35.508337941952, 14.8308,35.5910268416628, 16.7306,4,16.67849,4,10.28295,-0.215365,77.7506,450
35.5238955421373, 18.9843,35.6072076419368, 17.9738,4,16.67975,4,11.61035,1.218204,75.792896,450
35.541387242265, 16.5575,35.6242304416373, 17.0263,4,16.67969,4,11.19694,-0.840319,78.058496,450
35.5573403416201, 14.9371,35.6410135412589, 15.0916,4,16.67874,4,10.01839,-1.009554,77.773504,450
35.5742530422285, 18.3958,35.6570712411776, 15.9632,4,16.67967,4,11.74496,0.178026,77.0678,450
35.5910268416628, 16.2824,35.6744822403416, 19.2885,4,16.67946,4,12.0563,-0.286285,78.273904,450
35.6072076419368, 14.8171,35.6916756397113, 15.6185,4,16.67844,4,8.825319,-0.307883,79.937904,450
35.6242304416373, 18.3491,35.7082010405138, 16.3962,4,16.67935,4,12.67665,-1.184303,76.539696,450
35.6410135412589, 17.7046,35.7245932398364, 18.0133,4,16.67991,4,11.01337,-0.427399,77.4952,450
35.6570712411776, 16.5063,35.7412943402305, 15.2154,4,16.67982,4,9.689785,0.803247,78.774896,450
35.6744822403416, 16.6878,35.7577283410355, 16.4639,4,16.67982,4,12.10868,-0.543447,77.2624,450
35.6916756397113, 16.7771,35.7739644413814, 17.6479,4,16.67987,4,11.989,-0.44823,77.1878,450
35.7082010405138, 17.3066,35.7912304410711, 17.3989,4,16.68021,4,10.9078,0.800639,78.1618,450
35.7245932398364, 16.1498,35.8081072410569, 14.9771,4,16.67992,4,12.03585,0.277303,79.6906,450
35.7412943402305, 16.0954,35.8242160407826, 17.4973,4,16.67961,4,8.826447,-0.853337,78.236304,450
35.7577283410355, 17.1843,35.840589039959, 16.8197,4,16.67988,4,12.23803,-0.360575,78.7918,450
35.7739644413814, 14.3022,35.8574719401076, 15.0432,4,16.67859,3,12.12366,1.068159,78.028,450
35.7912304410711, 19.5709,35.8745288392529, 17.1205,4,16.68016,2,9.041797,-0.408065,78.4504,450
35.8081072410569, 18.8266,35.8907410399988, 18.2691,4,16.68132,1,11.53594,0.06959,77.6444,450
35.8242160407826, 10.3014,35.9075931394473, 16.6571,4,16.67787,0,10.65508,-0.945371,80.251904,450
35.840589039959, 18.9724,35.9249637397006, 15.6592,4,16.67911,7,12.28454,0.598109,9.5312,450
35.8574719401076, 16.564,35.941202740185, 18.0225,4,16.67905,9,8.928365,-0.039563,24.7542,450
35.8745288392529, 15.983,35.9584545409307, 17.2966,4,16.67867,8,10.51501,-1.126578,38.0325,450
35.8907410399988, 15.1346,35.9748147400096, 14.4144,4,16.67784,7,11.80347,0.520028,53.887,450
35.9075931394473, 18.7764,35.9911810392514, 16.3253,4,16.67897,6,11.18659,-0.195402,61.7308,450
35.9249637397006, 16.7225,36.0083638401702, 17.2187,4,16.67899,6,11.09566,0.311528,76.4808,450
35.941202740185, 14.3159,36.02395203989, 17.0906,4,16.67772,6,11.87208,-0.45519,93.788896,450
35.9584545409307, 18.4308,36.0419529406354, 16.4589,4,16.67866,6,11.08057,-0.138827,110.149,450
35.9748147400096, 16.7533,36.0585541399196, 16.554,4,16.67871,6,11.1798,-0.134388,102.343904,450
35.9911810392514, 17.6525,36.0737113403156, 16.9288,4,16.67923,5,10.74337,-1.054459,95.720704,450
36.0083638401702, 17.3016,36.0912923412398, 17.5235,4,16.67956,5,9.73219,-0.680252,93.253504,450
36.02395203989, 15.7877,36.1082471413538, 15.3214,4,16.67908,5,12.25523,-0.589853,93.0298,450
36.0419529406354, 17.4134,36.1236932417378, 15.3894,4,16.67948,5,10.31299,-0.70562,94.883504,450
36.0585541399196, 16.1682,36.141610042192, 20.1172,4,16.6792,5,11.98456,-1.49419,96.981504,450
36.0737113403156, 15.1752,36.1574723413214, 15.5458,4,16.6784,5,12.92685,-0.816389,95.515904,450
36.0912923412398, 18.6438,36.1739946408197, 14.6988,4,16.67945,5,10.75565,-0.743142,95.443104,450
36.1082471413538, 16.415,36.1916179405525, 19.3458,4,16.67931,5,12.48782,-0.438196,93.5392,450
36.1236932417378, 17.2151,36.2090064408258, 17.4887,4,16.6796,5,10.88969,-0.443759,95.3266,450
36.141610042192, 14.8592,36.2251767413691, 14.3494,4,16.67862,5,11.56639,1.204256,95.8686,450
36.1574723413214, 18.5635,36.2416586419567, 16.4954,4,16.67963,5,12.60864,-0.697821,93.3454,450
36.1739946408197, 15.4443,36.2579286424443, 18.138,4,16.67897,5,12.3864,-0.191828,93.820096,450
36.1916179405525, 14.3646,36.2751309415326, 16.9452,4,16.67773,5,10.19156,0.28559,93.5696,450
36.2090064408258, 18.8308,36.2911676419899, 14.3593,4,16.67888,5,12.26414,-0.373532,93.242304,450
36.2251767413691, 16.3328,36.3088579410687, 19.6048,4,16.6787,5,10.76752,0.3225,93.984096,450
36.2416586419567, 17.1772,36.3246288402006, 15.7376,4,16.67896,5,10.82463,-0.86028,95.467696,450
36.2579286424443, 14.6795,36.3413019394502, 14.8793,4,16.6779,5,12.12351,0.386164,93.9816,450
36.2751309415326, 18.9185,36.3583939401433, 17.1842,4,16.67909,5,9.906032,-0.370862,94.5458,450
36.2911676419899, 17.4763,36.3744356399402, 17.8011,4,16.67952,5,12.2228,0.024366,92.42,450
36.3088579410687, 13.8383,36.3907312406227, 16.5124,4,16.678,5,11.50138,0.392299,95.3174,450
36.3246288402006, 19.0753,36.4082594411448, 15.4637,4,16.67928,5,11.00854,-0.654448,94.1286,450
36.3413019394502, 16.2653,36.4236864410341, 15.7245,4,16.67906,5,11.45626,-0.078647,97.527,450
36.3583939401433, 16.613,36.4409919418395, 18.3466,4,16.67902,5,12.16423,0.204327,95.186896,450
36.3744356399402, 15.2712,36.4595103412867, 17.0941,4,16.67828,5,10.0671,-0.1459,95.256304,450
36.3907312406227, 17.1367,36.4751322409138, 15.6117,4,16.67852,4,9.513448,-0.840411,84.772,450
36.4082594411448, 17.9196,36.4916396411136, 18.3371,4,16.67918,4,12.45615,-0.260522,79.2084,450
36.4236864410341, 17.3898,36.5084850406274, 16.9551,4,16.67956,4,10.27627,-0.545128,80.0664,450
36.4409919418395, 14.1112,36.5239141406491, 16.5214,4,16.67819,4,9.908,0.546929,76.8338,450
36.4595103412867, 19.2249,36.541947840713, 15.1792,4,16.67954,4,11.82311,-0.778501,79.199,450
36.4751322409138, 15.8712,36.5579500412568, 15.8525,4,16.67912,4,12.71042,-0.439483,78.2328,450
36.4916396411136, 15.1074,36.5747908418998, 18.5002,4,16.67828,4,10.11173,0.038056,80.463696,450
36.5084850406274, 16.7327,36.5912619410083, 14.7623,4,16.67831,4,12.36777,-0.701562,78.146,450
36.5239141406491, 18.4087,36.6084187412634, 17.3716,4,16.67923,4,11.3176,-0.009162,76.618304,450
36.541947840713, 17.2154,36.624877342023, 18.1204,4,16.67951,4,10.80088,-0.690848,79.349696,450
36.5579500412568, 16.6343,36.6420357422903, 17.7522,4,16.67949,4,12.24264,-0.902407,79.5746,450
36.5747908418998, 16.2972,36.6585835414007, 14.3172,4,16.67929,4,11.74806,0.081173,76.228704,450
36.5912619410083, 17.2143,36.6746205417439, 17.787,4,16.67957,4,10.53886,1.383981,79.185696,450
36.6084187412634, 16.5291,36.691212140955, 16.7684,4,16.67949,4,11.88475,0.198486,77.834704,450
36.624877342023, 14.9537,36.7079754406586, 14.9843,4,16.67858,4,12.63561,-0.749649,78.9776,450
36.6420357422903, 18.6663,36.7253197403625, 18.8866,4,16.67962,4,11.10493,-0.296681,76.594496,450
36.6585835414007, 16.8403,36.7416568407789, 16.7807,4,16.67971,4,11.58962,-0.704569,77.827504,450
36.6746205417439, 14.5446,36.7578843412921, 14.0584,4,16.67859,4,10.25281,-0.527307,82.563,450
36.691212140955, 17.3496,36.774962942116, 18.7567,4,16.67894,4,9.890649,0.038291,76.1598,450
36.7079754406586, 16.6071,36.7915166420862, 16.8298,4,16.6789,4,10.31618,-0.637135,78.032304,450
36.7253197403625, 16.7907,36.8080488415435, 14.4344,4,16.67896,4,11.96467,-0.787315,79.290896,450
36.7416568407789, 18.2911,36.8250753423199, 18.8609,4,16.67981,4,10.64611,0.042113,80.747,450
36.7578843412921, 16.3253,36.8425815431401, 17.8801,4,16.67962,4,12.09461,0.07286,76.6704,450
36.774962942116, 13.7636,36.8581439433619, 13.1749,4,16.67809,4,11.78483,0.69003,77.523904,450
36.7915166420862, 17.6836,36.8752165427431, 19.3303,4,16.67862,4,10.40102,0.490179,78.002896,450
36.8080488415435, 17.8803,36.8915836429223, 16.1862,4,16.67925,4,12.59709,-0.203858,77.504304,450
36.8250753423199, 15.7991,36.9090791428462, 15.7579,4,16.67879,4,11.79384,-0.484454,74.3452,450
36.8425815431401, 17.3907,36.9258467433974, 18.6139,4,16.67916,4,10.15197,0.000927,78.150704,450
36.8581439433619, 17.3179,36.9452996430919, 17.6893,4,16.67949,4,11.14982,0.071915,77.31,450
36.8752165427431, 13.5509,36.9584877435118, 13.0623,4,16.67786,4,11.38386,0.845636,77.552304,450
36.8915836429223, 18.678,36.976290743798, 19.6273,4,16.6789,4,10.37795,-0.11759,77.543104,450
36.9090791428462, 17.2485,36.9923976436257, 16.22,4,16.6792,4,10.20497,-0.310307,76.159904,450
36.9258467433974, 14.9072,37.0081653427333, 13.7141,4,16.67827,4,11.62018,-0.856751,76.301,450
36.9452996430919, 19.1284,37.025405343622, 17.1699,4,16.67955,4,10.02516,-0.737693,76.4848,450
36.9584877435118, 16.0814,37.0419457443058, 18.3467,4,16.67924,4,10.60989,0.706502,78.431,450
36.976290743798, 15.0651,37.0585130434483, 14.7808,4,16.6784,4,9.509207,0.436271,80.8416,450
36.9923976436257, 17.5577,37.0753580443561, 16.8507,4,16.67886,4,10.47655,0.250246,77.2556,450
37.0081653427333, 17.4477,37.0919747445732, 18.6535,4,16.67926,4,12.64299,-1.526791,75.687904,450
37.025405343622, 16.9072,37.1119777448475, 18.5734,4,16.67938,4,11.0012,-0.294655,77.4308,450
37.0419457443058, 16.0968,37.1250200448558, 12.6961,4,16.67907,4,11.07683,-0.370795,77.886,450
37.0585130434483, 17.8455,37.1420812448487, 18.8004,4,16.67968,4,11.32685,0.047638,75.9276,450
37.0753580443561, 16.3999,37.1594686442986, 17.6796,4,16.67954,4,9.964991,-0.3436,76.9694,450
37.0919747445732, 15.0314,37.175084143877, 13.5188,4,16.67868,4,13.37766,-0.849655,77.356304,450
37.1119777448475, 18.7149,37.1916858442128, 18.6401,4,16.67974,4,11.9564,-0.466348,77.823296,450
37.1250200448558, 16.2342,37.2093855440617, 17.2096,4,16.67951,4,10.51116,0.3713,76.073504,450
37.1420812448487, 14.6275,37.2271683439612, 16.1539,4,16.67844,4,11.7201,-0.440801,77.6492,450
37.1594686442986, 17.8645,37.2420049440116, 16.4119,4,16.67906,4,11.92756,-0.168897,78.790096,450
37.175084143877, 15.9931,37.2585322447121, 16.5481,4,16.6787,4,11.45925,-0.760559,76.626496,450
37.1916858442128, 15.2805,37.2746938448399, 14.5145,4,16.67798,4,12.3043,-0.302221,77.6466,450
37.2093855440617, 18.6541,37.2919050455093, 19.0763,4,16.679,4,11.4242,-0.357344,79.2856,450
37.2271683439612, 16.5979,37.3095831461251, 15.7914,4,16.67896,4,10.5002,0.525904,80.8464,450
37.2420049440116, 15.2471,37.3256769459695, 17.8547,4,16.67822,4,3.647559,-0.508489,78.7996,450
37.4089521449059, 175.0627,37.4268530458212, 104.3444,4,16.76011,4,10.57262,-0.123964,76.9524,450
37.4268530458212, 2.2714,37.4421655461192, 10.6133,0,16.75262,4,12.20334,-0.535411,78.1424,450
37.4268530458212, 0.7532,37.4421655461192, 7.63,0,16.74436,4,10.4764,-0.489945,81.388704,450
37.4268530458212, 1.4221,37.4595346469432, 9.4083,1,16.73645,4,9.431689,-0.526809,79.279904,450
37.4268530458212, 1.1806,37.4595346469432, 6.472,2,16.72842,4,12.32916,-0.936282,76.9516,450
37.4268530458212, 1.5476,37.4769581463188, 12.7241,3,16.72059,4,10.31951,-0.803867,78.830704,450
37.4268530458212, 1.0067,37.4769581463188, 5.6838,4,16.71249,4,12.38044,-0.469141,80.8838,450
37.4268530458212, 0.3811,37.4926014468074, 8.2247,5,16.70408,4,12.37561,0.276082,80.644496,450
37.4268530458212, 1.0579,37.5084539465606, 15.8099,6,16.69602,4,10.80278,0.471592,77.3612,450
37.4268530458212, 1.228,37.5252122469246, 18.5338,7,16.68806,4,12.75407,-0.918826,76.162896,450
37.4268530458212, 1.0515,37.5421195477247, 17.411,8,16.68002,4,12.66394,0.424085,79.284,450
37.4421655461192, 15.824,37.560435147956, 16.2272,9,16.67958,4,10.24932,1.076063,78.2366,450
37.4595346469432, 14.4801,37.560435147956, 6.2719,8,16.67845,4,11.48581,-0.162282,78.112496,450
37.4769581463188, 18.5905,37.5770760476589, 11.9665,7,16.67943,4,9.169626,0.097486,76.3984,450
37.4926014468074, 16.5015,37.592834148556, 14.0344,6,16.67934,4,12.49012,0.340014,78.8378,450
37.5084539465606, 16.7627,37.6093341484666, 16.5385,6,16.67938,4,11.27994,-0.679832,82.1384,450
37.5252122469246, 14.751,37.6259196493775, 16.6045,6,16.67839,4,8.593382,0.196143,78.9728,450
37.5421195477247, 15.9173,37.6422597486526, 18.0154,6,16.678,4,11.94011,0.041228,77.207104,450
37.560435147956, 16.5219,37.6591577492654, 15.056,6,16.67792,4,10.09849,0.258612,79.026304,450
37.5770760476589, 17.1985,37.6762382499874, 17.125,5,16.67819,4,9.846232,-0.270226,80.220096,450
37.592834148556, 17.7895,37.6919536497444, 15.8848,5,16.67876,4,12.47836,-0.633165,79.098704,450
37.6093341484666, 17.3034,37.7090567499399, 19.0905,5,16.67908,4,9.808072,-0.852645,76.723296,450
37.6259196493775, 17.4193,37.7272954508662, 17.9613,5,16.67946,4,10.00009,-0.191057,76.4246,450
37.6422597486526, 15.9466,37.7424872508273, 13.4247,5,16.67908,4,11.53503,-0.004551,79.6838,450
37.6591577492654, 17.6788,37.7589930510148, 18.151,5,16.67959,4,11.95477,0.725193,78.798304,450
37.6762382499874, 16.5119,37.7753980504349, 16.261,5,16.67951,4,10.73485,-0.329566,79.058496,450
37.6919536497444, 16.6361,37.7931245500222, 16.3087,5,16.67948,4,12.71306,0.235062,77.943696,450
37.7090567499399, 15.073,37.8090731492266, 15.8146,5,16.67867,4,12.00985,-0.735337,78.695296,450
37.7272954508662, 17.7765,37.8263037493452, 19.2595,5,16.67922,4,10.04731,-0.324941,78.343104,450
37.7424872508273, 17.3133,37.8419817490503, 15.8268,5,16.67955,4,8.109366,-0.556594,75.911,450
37.7589930510148, 14.7345,37.8595172492787, 15.3003,5,16.67856,4,10.17774,-0.749162,77.2174,450
37.7753980504349, 18.6172,37.8759317500517, 16.4909,5,16.67954,4,11.24224,-0.696501,77.684496,450
37.7931245500222, 16.3033,37.8934847498313, 19.1986,5,16.67935,4,12.57544,-0.55897,76.219696,450
37.8090731492266, 17.3305,37.9094360498711, 16.1415,5,16.67968,4,10.23629,-0.591285,78.3864,450
37.8263037493452, 14.7528,37.927240149118, 18.16,5,16.6787,4,12.34626,-0.200085,79.522896,450
37.8419817490503, 15.0913,37.9420845489949, 12.7417,5,16.6779,4,12.4708,-0.841031,79.397904,450
37.8595172492787, 19.044,37.9593585487455, 19.1127,5,16.6791,4,10.86787,-0.815479,78.543504,450
37.8759317500517, 16.7429,37.9758020490408, 16.3384,5,16.67913,4,10.43279,-0.266576,77.538896,450
37.8934847498313, 14.7216,37.9758020490408, 4.6409,5,16.67814,4,12.31378,0.043856,75.518896,450
37.9094360498711, 17.1539,37.9923050496727, 11.5903,5,16.67838,4,11.99513,0.397753,80.8766,450
37.927240149118, 18.4251,38.0109690502286, 19.2857,5,16.67926,4,10.95898,-0.174254,78.394496,450
37.9420845489949, 16.9847,38.0268775504082, 13.7491,5,16.67942,4,10.24188,-0.847716,76.355904,450
37.9593585487455, 14.683,38.0439528506249, 17.0479,5,16.67841,4,11.54694,0.421146,75.127504,450
37.9758020490408, 19.0612,38.0600989498198, 18.0972,5,16.67961,4,9.057247,-0.375974,78.432096,450
37.9923050496727, 14.944,38.0772657506168, 17.1732,4,16.67874,4,9.769654,-0.129221,77.642,450
38.0109690502286, 16.3277,38.0930439513177, 14.0092,4,16.67856,4,11.94482,0.268235,78.901104,450
38.0268775504082, 17.605,38.1093353517354, 16.0765,4,16.67903,4,11.07445,-0.593258,76.336304,450
38.0439528506249, 16.8391,38.1268529519439, 19.5703,4,16.67911,4,9.560274,-0.139114,77.3322,450
38.0600989498198, 14.4405,38.143603252247, 14.6648,4,16.67798,4,12.09242,0.34435,79.048704,450
38.0772657506168, 19.2002,38.15934375301, 15.8566,4,16.67925,4,12.04276,-0.381944,77.047696,450
38.0930439513177, 16.3069,38.1770321521908, 19.261,4,16.67906,4,9.981258,-0.080188,75.978704,450
38.1093353517354, 16.7022,38.1923518525437, 15.3514,4,16.67907,4,10.31001,-1.174447,76.084896,450
38.1268529519439, 14.8611,38.2101078527048, 16.0031,4,16.67816,4,11.76645,-0.729482,76.7634,450
38.143603252247, 18.3128,38.2259058533236, 15.9294,4,16.67898,4,9.337244,-0.303265,73.6392,450
38.15934375301, 17.8038,38.2428640527651, 19.0426,4,16.67955,4,10.35579,-1.059826,74.179296,450
38.1770321521908, 13.7094,38.26151065249, 18.4387,4,16.67805,4,11.85345,-0.550845,75.6284,450
38.1923518525437, 18.9194,38.2759464522824, 12.516,4,16.67918,4,11.47678,-0.289048,78.083,450
38.2101078527048, 17.0853,38.2945392513648, 18.9576,4,16.67938,4,12.59326,0.903753,79.081,450
38.2259058533236, 16.566,38.3110039522871, 17.8244,4,16.67933,4,11.96673,-0.266348,76.1268,450
38.2428640527651, 14.8695,38.3289995519444, 16.3256,4,16.67842,4,11.31415,-0.802553,74.740896,450
38.26151065249, 18.6119,38.3434661515057, 14.5347,4,16.67939,4,12.35265,-0.03905,76.1162,450
38.2759464522824, 16.41,38.3592621516436, 17.2631,4,16.67925,4,12.09875,0.938522,78.496896,450
38.2945392513648, 16.4751,38.3757288511842, 16.9538,4,16.67915,4,8.901348,-0.667986,79.6526,450
38.3110039522871, 16.2425,38.393528951332, 15.7464,4,16.67893,4,11.93285,-0.129631,75.642496,450
38.3289995519444, 18.7388,38.4091120511293, 15.5767,4,16.67996,4,12.26785,-0.467546,74.309,450
38.3434661515057, 16.0095,38.4272370506078, 19.8145,4,16.67963,4,10.04808,-0.339805,75.614096,450
38.3592621516436, 15.3187,38.4433110505342, 14.4806,4,16.67895,4,8.051086,-1.436108,78.6002,450
38.3757288511842, 15.8325,38.459529850632, 16.0722,4,16.67853,4,12.43733,0.132178,77.611296,450
38.393528951332, 19.1671,38.4770365506411, 19.1573,4,16.67977,4,11.97305,-0.502866,78.462496,450
38.4091120511293, 16.8722,38.4922721507028, 15.4883,4,16.67986,4,10.42951,0.106466,66.8398,450
38.4272370506078, 16.2739,38.5104489503428, 16.415,4,16.67966,3,9.852808,1.132152,63.9503,450
38.4433110505342, 16.2918,38.5270662503317, 16.4754,4,16.67947,3,13.30292,-0.592784,63.7538,450
38.459529850632, 16.0522,38.5433195503429, 17.9979,4,16.67916,3,9.720066,-0.115889,60.5849,450
38.4770365506411, 14.6597,38.5599713502452, 17.0706,4,16.67815,3,12.13143,-0.711188,62.3447,450
38.4922721507028, 19.2258,38.5774676511064, 15.6393,4,16.67942,3,11.35875,-0.302658,64.2563,450
38.5104489503428, 16.463,38.59264065139, 14.8944,4,16.67931,3,8.691184,-0.272613,60.2576,450
38.5270662503317, 16.6456,38.609452450648, 18.3887,4,16.67929,3,12.26929,1.012109,60.2407,450
38.5433195503429, 17.2681,38.6287051513791, 17.7226,4,16.67959,3,11.86399,-0.411563,61.9481,450
38.5599713502452, 15.475,38.6421855511144, 13.5168,4,16.67899,3,10.52626,-0.291451,63.2559,450
38.5774676511064, 18.4424,38.6599676506594, 19.483,4,16.67986,3,10.13401,-0.358069,61.3632,450
38.59264065139, 16.9245,38.6771440515295, 17.3114,4,16.67999,3,12.12749,-0.539152,58.7682,450
38.609452450648, 14.6783,38.6939526507631, 15.1452,4,16.67899,3,8.915663,-0.223264,63.8488,450
38.6287051513791, 18.436,38.7108897501603, 16.6856,4,16.67986,3,12.02685,-0.711789,63.2031,450
38.6421855511144, 16.8781,38.7274646507576, 18.4532,4,16.67996,3,11.92447,-0.683333,62.9158,450
38.6599676506594, 14.5416,38.7428530510515, 15.6828,4,16.6789,3,10.37115,-0.569939,61.8075,450
38.6771440515295, 18.8153,38.7616521511227, 16.6509,4,16.67996,3,10.53726,0.654466,61.1988,450
38.6939526507631, 13.8112,38.776638250798, 14.8306,4,16.67854,3,11.93279,-0.567471,61.8588,450
38.7108897501603, 16.9758,38.7934024501592, 18.6147,4,16.67869,3,10.53543,-0.339076,63.1607,450
38.7274646507576, 15.3716,38.8120249509811, 16.932,4,16.67804,3,10.06654,0.717192,64.6915,450
38.7428530510515, 17.2675,38.827174751088, 15.2232,4,16.67833,3,12.15743,-0.511733,62.5766,450
38.7616521511227, 17.7463,38.8431701511145, 15.8956,4,16.67886,2,8.967171,0.219278,60.6369,450
38.776638250798, 17.2152,38.8600594513118, 18.4048,4,16.67912,1,10.39528,-1.1215,62.0416,450
38.7934024501592, 14.6704,38.8773681521416, 17.9164,4,16.67813,0,12.00891,0.515574,61.7938,450
38.8120249509811, 18.2467,38.8939881529659, 16.1378,4,16.67891,6,9.488133,-0.530879,9.886,450
38.827174751088, 16.5825,38.9097654521465, 14.2542,4,16.67886,9,12.35352,-0.159263,22.751,450
38.8431701511145, 16.7708,38.92692765221, 18.6493,4,16.67891,7,9.9807,-0.908517,35.0431,450
38.8600594513118, 14.5693,38.9433082528412, 16.623,4,16.67787,7,11.04633,-0.933397,51.948,450
38.8773681521416, 17.0168,38.9598834533244, 16.7764,4,16.67803,6,11.23338,0.346175,62.3669,450
38.8939881529659, 18.7293,38.977314453572, 15.4459,4,16.67904,5,12.20596,-0.609028,75.793904,450
38.9097654521465, 17.4968,38.9936323538423, 16.2976,4,16.67944,4,9.982717,0.542188,95.448896,450
38.92692765221, 13.7195,39.0089430538937, 16.8402,4,16.67799,3,10.6071,-0.778539,108.6562,450
38.9433082528412, 18.5266,39.0261042537168, 17.4797,4,16.6789,2,12.56013,0.281708,110.5154,450
38.9598834533244, 17.2206,39.0450232541189, 17.0957,4,16.67916,1,9.512228,-0.636401,111.734096,450
38.977314453572, 16.6627,39.0601239539683, 14.9483,4,16.67916,0,12.16101,0.440014,110.810496,450
38.9936323538423, 16.2974,39.07701645419, 18.7361,4,16.67897,6,10.28404,0.095324,9.2764,450
39.0089430538937, 14.2581,39.094128254801, 17.559,4,16.67778,9,10.66439,0.420646,23.7731,450
39.0261042537168, 19.4684,39.1125176548958, 16.3024,4,16.67915,8,11.3857,0.575454,39.534,450
39.0450232541189, 16.2077,39.1269738553092, 14.4419,4,16.67892,6,12.38919,-0.388118,48.3889,450
39.0601239539683, 16.8126,39.1440487550572, 18.6312,4,16.67898,6,9.324476,0.031638,62.1503,450
39.07701645419, 15.5961,39.1607769550756, 16.7917,4,16.67845,6,9.950354,-0.619963,75.303904,450
39.094128254801, 15.8495,39.1773336557671, 14.7257,4,16.67805,6,11.30415,-0.627361,91.4706,450
39.1125176548958, 18.4177,39.193269056268, 16.0419,4,16.6789,6,9.474618,-0.780116,108.450304,450
39.1269738553092, 16.7038,39.2097419565544, 16.4047,4,16.67891,6,12.14176,-0.634576,100.1034,450
39.1440487550572, 14.8985,39.2260556565598, 18.1572,4,16.67804,5,11.67736,0.308076,91.46,450
39.1607769550756, 18.8955,39.243799556978, 18.0097,4,16.67912,5,10.76726,-0.835189,92.3324,450
39.1773336557671, 15.8236,39.2628478566185, 17.0793,4,16.67871,5,12.48642,0.337113,95.153296,450
39.193269056268, 18.3365,39.2770403567702, 16.2137,4,16.67951,5,10.95848,-0.553052,94.7244,450
39.2097419565544, 16.2976,39.2942925561219, 17.0496,4,16.67933,5,10.59732,-0.169915,93.945296,450
39.2260556565598, 14.9444,39.3107607569546, 14.5916,4,16.67848,5,11.40859,-0.75349,94.851504,450
39.243799556978, 17.5847,39.3259861571714, 15.1595,4,16.67892,5,12.62949,-0.225802,93.791696,450
39.2628478566185, 18.5533,39.3440274568275, 19.8521,4,16.67984,5,9.717452,-1.080087,94.903504,450
39.2770403567702, 14.867,39.3609304567799, 15.3339,4,16.67896,5,10.30501,-0.612896,94.02,450
39.2942925561219, 17.9109,39.3773702559993, 16.4455,4,16.67955,5,11.97009,-0.016062,93.123696,450
39.3107607569546, 15.1645,39.3947648564354, 17.33,4,16.67882,5,10.4201,-0.638823,94.041104,450
39.3259861571714, 17.1568,39.4115043571219, 18.293,4,16.67905,5,11.95809,0.364881,93.373296,450
39.3440274568275, 16.1118,39.4272765563801, 15.9891,4,16.67877,5,12.9521,-0.570445,94.816704,450
39.3609304567799, 17.5628,39.4458897570148, 16.7056,4,16.6792,5,11.06466,-0.652535,94.6096,450
39.3773702559993, 16.8959,39.4617693563923, 15.8911,4,16.67931,5,11.85332,-0.671744,94.2872,450
39.3947648564354, 17.5735,39.4772687563673, 15.5548,4,16.67974,5,12.45732,-0.263441,92.7202,450
39.4115043571219, 13.2145,39.4939482556656, 18.5703,4,16.67806,5,9.872745,-0.166947,95.931696,450
39.4272765563801, 17.7099,39.5111013548449, 15.228,4,16.67856,5,10.75953,-0.688699,96.340496,450
39.4458897570148, 18.4771,39.5275365551934, 16.4401,4,16.67943,5,12.53154,0.309843,95.909504,450
39.4617693563923, 16.5427,39.5429798550904, 15.311,4,16.67937,5,12.61194,0.157944,92.8642,450
39.4772687563673, 17.0977,39.561756754294, 20.4022,4,16.67957,5,10.34335,-0.038719,93.071904,450
39.4939482556656, 17.1218,39.5773792546242, 16.358,4,16.67978,5,9.843699,0.108226,94.4754,450
39.5111013548449, 14.7493,39.5954915545881, 15.9829,4,16.67885,5,12.40426,-1.075501,96.981296,450
39.5275365551934, 17.7051,39.6108812550083, 15.1467,4,16.67935,5,11.16666,0.069452,96.027904,450
39.5429798550904, 16.8058,39.627958654426, 17.7931,4,16.67941,5,9.989919,-0.75597,83.775696,450
39.561756754294, 15.0829,39.643390154466, 16.7993,4,16.67864,4,11.92077,-0.287746,78.817904,450
39.5773792546242, 17.3515,39.6605741549283, 15.3505,4,16.67896,4,11.8676,-0.129124,80.110704,450
39.5954915545881, 18.4816,39.6780291553587, 17.4117,4,16.67983,4,11.33215,-0.615198,78.712304,450
39.6108812550083, 16.7037,39.6948988549411, 16.8095,4,16.67984,4,9.99917,0.007228,76.446096,450
39.627958654426, 17.3359,39.7109359558672, 18.0142,4,16.68016,4,12.57155,-0.121646,80.673296,450
39.643390154466, 19.5794,39.7275415565819, 16.4634,4,16.68155,4,12.16242,-0.55312,79.4052,450
39.6605741549283, 13.6183,39.7436639573425, 14.1496,4,16.68008,4,10.3636,-0.251194,80.088496,450
39.6780291553587, 16.1398,39.7611927576363, 17.5884,4,16.67982,4,12.24267,0.007732,76.036,450
39.6948988549411, 16.1832,39.7780704572797, 18.6373,4,16.67958,4,10.14955,-0.149342,74.9862,450
39.7109359558672, 15.5043,39.7943433579057, 16.5024,4,16.67902,4,11.88122,-0.291516,80.2856,450
39.7275415565819, 18.3905,39.8116655573249, 15.4361,4,16.67984,4,16.89909,-0.09859,79.800496,450
39.7436639573425, 16.7146,39.8270537573844, 15.3283,4,16.67986,4,16.63127,0.121036,76.582496,450
39.7611927576363, 16.8076,39.845098156482, 18.185,4,16.67992,4,16.38844,0.45283,76.0134,450
39.7780704572797, 14.9789,39.8609292563051, 17.357,4,16.6791,4,16.53412,-1.532955,76.0946,450
39.7943433579057, 16.5451,39.8783531561494, 17.7003,4,16.67904,4,16.65549,-0.559439,80.416896,450
39.8116655573249, 17.9565,39.8940035570413, 13.9459,4,16.67965,4,16.40686,-0.86862,81.378896,450
39.8270537573844, 18.0959,39.9108302574605, 16.7621,4,16.68033,4,6.07537,0.166999,79.379,450
39.845098156482, 16.158,39.9284624569118, 17.4628,4,16.68008,4,3.821255,0.347406,78.2454,450
39.8609292563051, 14.4382,39.9441199563444, 17.4266,4,16.679,4,6.316539,-0.487882,78.838496,450
39.8783531561494, 18.2393,39.9611505568027, 17.2478,4,16.67975,4,5.62822,-0.013141,79.984496,450
39.8940035570413, 14.4686,39.9785569570959, 15.3199,4,16.67869,4,11.0389,-1.034525,80.035296,450
39.9108302574605, 17.136,39.9938507573679, 15.3154,4,16.67891,4,11.35329,-0.610009,76.0556,450
39.9284624569118, 16.5778,39.9938507573679, 6.7746,4,16.67886,4,9.843782,-0.057965,76.642304,450
39.9441199563444, 14.967,40.0105547579005, 12.0769,4,16.67805,4,12.04384,-0.283406,76.880704,450
39.9611505568027, 16.3998,40.0288732582703, 16.2032,4,16.67791,4,3.765325,-0.42753,78.5606,450
39.9785569570959, 18.7525,40.044452957809, 15.5836,4,16.6789,4,12.89111,-0.255281,79.3388,450
39.9938507573679, 15.0975,40.0611433573067, 16.8566,4,16.67815,4,12.30527,-0.105675,77.532304,450
40.0105547579005, 16.6892,40.0779120568186, 18.6012,3,16.67815,4,9.643606,0.767587,75.9422,450
40.0288732582703, 18.4505,40.0941726565361, 14.4509,3,16.679,4,10.19113,-0.249226,76.3638,450
40.044452957809, 16.812,40.1110198572278, 16.7973,3,16.67906,4,12.39448,-0.32563,79.6772,450
40.0611433573067, 17.061,40.1281092576683, 18.7817,3,16.67924,4,10.11907,-0.315323,80.3202,450
40.0779120568186, 16.2288,40.1439961567521, 17.5225,3,16.67903,4,10.13311,-0.341545,76.1568,450
40.0941726565361, 18.017,40.1617222558707, 16.1215,3,16.67966,4,10.88433,-0.386874,75.894704,450
40.1110198572278, 16.8658,40.1779287550598, 14.2708,3,16.67975,4,10.41023,0.13484,78.614096,450
40.1281092576683, 12.7921,40.1955485548824, 17.8718,3,16.67791,4,10.23262,-0.079825,80.904896,450
40.1439961567521, 17.6698,40.2109450548887, 17.024,3,16.67838,4,11.99205,-1.236735,80.1128,450
40.1617222558707, 17.6096,40.2281579542905, 17.3222,3,16.67882,4,10.25367,0.173227,75.8002,450
40.1779287550598, 17.3009,40.2442458551377, 16.193,3,16.67912,4,10.14236,-0.251571,77.7648,450
40.1955485548824, 16.8834,40.2625325545669, 16.2735,3,16.67921,4,11.60713,0.008894,76.202896,450
40.2109450548887, 14.8957,40.2779264543205, 15.5559,3,16.67837,4,9.843235,-0.592132,79.178096,450
40.2281579542905, 17.0766,40.2948551550508, 18.3775,3,16.67855,4,11.14887,-0.339055,79.9878,450
40.2442458551377, 15.9435,40.3120498545468, 17.4742,3,16.67821,4,11.65677,0.011262,75.3506,450
40.2625325545669, 19.0485,40.3285936545581, 16.9327,3,16.67933,4,11.87691,-0.551438,75.9122,450
40.2779264543205, 16.8224,40.3455977551639, 14.8822,3,16.6794,4,9.966032,-0.36536,76.484,450
40.2948551550508, 15.0617,40.3602592553943, 16.4666,3,16.67863,4,10.64575,0.535642,78.8578,450
40.3120498545468, 16.2096,40.3779791556299, 15.9612,3,16.67841,4,12.17694,-0.245955,77.545696,450
40.4772271551192, 174.8688,40.4959821552038, 122.9937,3,16.7531,4,9.927638,-0.507452,77.9044,450
40.4959821552038, 2.5607,40.5110152550042, 11.5148,0,16.7464,4,10.27336,0.193713,76.5504,450
40.4959821552038, 2.0737,40.5110152550042, 5.9607,0,16.73948,4,12.01366,-0.622703,77.3072,450
40.4959821552038, 0.5874,40.5269062556326, 9.677,1,16.73186,4,3.135555,0.603909,81.2978,450
40.4959821552038, 1.5027,40.5269062556326, 4.6929,2,16.72469,4,12.14485,-0.490196,80.7276,450
40.4959821552038, 1.2651,40.5452519562095, 12.367,3,16.71741,4,10.31059,0.28191,80.0934,450
40.4959821552038, 0.5955,40.5452519562095, 6.3981,4,16.70982,4,11.6155,-0.446144,77.0414,450
40.4959821552038, 1.4879,40.5619179569185, 11.9073,5,16.70265,4,12.20379,-0.198831,76.5586,450
40.4959821552038, 0.9812,40.5780461560935, 14.4076,6,16.69526,4,9.421696,-0.101967,79.6506,450
40.4959821552038, 1.0752,40.5970893558115, 20.7297,7,16.68791,4,12.24299,-0.59534,79.0968,450
40.4959821552038, 0.3826,40.6124621555209, 13.5896,8,16.68025,4,11.36864,-0.223896,78.1988,450
40.5110152550042, 13.5912,40.6278968555853, 15.4515,9,16.6788,4,10.28163,-0.122737,75.033696,450
40.5269062556326, 18.178,40.6452391548082, 19.3951,8,16.6795,4,12.03667,-0.760388,77.668704,450
40.5452519562095, 15.0207,40.661169254221, 14.0978,7,16.67873,4,11.98724,-0.000597,79.8196,450
40.7122028553858, 174.6107,40.7298373552039, 73.10471,6,16.7528,4,10.6922,0.443388,82.134496,450
40.7298373552039, 1.9804,40.7466400554404, 12.1753,0,16.74588,4,10.34464,0.289169,77.6362,450
40.7298373552039, 1.8881,40.7466400554404, 6.1581,0,16.73891,4,11.93449,0.082497,75.920704,450
40.7298373552039, 0.5196,40.762523255311, 11.5029,1,16.73132,4,12.6494,0.091485,76.6422,450
40.7298373552039, 1.4224,40.762523255311, 6.2015,2,16.72415,4,10.04061,-0.304539,78.547504,450
40.7298373552039, 1.458,40.77798605524, 7.3147,3,16.71701,4,11.09733,-0.636546,81.427104,450
40.7298373552039, 1.5818,40.77798605524, 4.5768,4,16.70993,4,11.3814,-0.084427,79.1402,450
40.7298373552039, 0.5734,40.7951076552272, 14.3351,5,16.70238,4,10.05371,0.146681,75.756304,450
40.7298373552039, 1.1758,40.8111834544688, 14.329,6,16.69513,4,11.52074,-0.386978,75.8462,450
40.7298373552039, 1.0367,40.8281636536121, 17.2029,7,16.68781,4,11.73055,-0.759599,80.2702,450
40.7298373552039, 0.3719,40.8455288540572, 17.3513,8,16.6802,4,10.76793,-0.529668,79.5698,450
40.7466400554404, 15.3718,40.8612331543118, 17.7193,9,16.67959,4,10.04562,-0.157478,77.3796,450
40.762523255311, 16.6162,40.8612331543118, 5.9213,8,16.67956,4,11.75468,-0.662626,76.561904,450
40.77798605524, 17.2811,40.8778479546309, 8.6379,7,16.67984,4,10.9375,-0.493497,75.8416,450
40.7951076552272, 16.1389,40.8948012553155, 17.0118,6,16.67959,4,10.79107,0.249965,77.7616,450
40.8111834544688, 15.8152,40.9119674544781, 18.6408,6,16.67918,4,12.43418,-0.223905,82.1006,450
40.8281636536121, 15.8951,40.9290829543024, 15.4685,6,16.67882,4,11.99233,0.335301,79.4288,450
40.8455288540572, 16.9215,40.945176653564, 16.136,6,16.67893,4,10.3985,-0.033319,79.182896,450
40.8612331543118, 16.2993,40.9624417535961, 17.2049,6,16.67875,4,10.42074,-0.306983,77.794304,450
40.8778479546309, 16.8233,40.9781840536743, 15.7615,5,16.67882,4,11.44481,0.218012,79.0474,450
40.8948012553155, 17.5855,40.995218154043, 18.7006,5,16.67924,4,10.0974,-0.834217,80.852,450
40.9119674544781, 16.6008,41.0127042531967, 15.7131,5,16.67921,4,9.481119,0.47542,80.3982,450
40.9290829543024, 16.448,41.0282080527395, 15.5506,5,16.6791,4,11.74518,0.391936,79.3676,450
40.945176653564, 16.3563,41.0454726535827, 17.2735,5,16.67895,4,12.09889,-1.134643,76.0428,450
40.9624417535961, 16.5874,41.0613660532981, 15.9192,5,16.67891,4,11.54012,-0.229547,78.605,450
40.9781840536743, 17.3574,41.0784433539957, 18.8005,5,16.67922,4,11.15428,0.056656,79.8714,450
40.995218154043, 16.5387,41.096270153299, 16.3309,5,16.67916,4,11.37846,-1.184895,80.4252,450
41.0127042531967, 15.0073,41.1109312530607, 14.6853,5,16.67838,4,11.50314,0.053996,79.5934,450
41.0282080527395, 18.4042,41.1279780529439, 16.8363,5,16.67918,4,11.25295,-0.7816,76.884304,450
41.0454726535827, 16.8926,41.1461775526404, 20.1042,5,16.67928,3,10.40914,-0.928221,78.555904,450
41.0613660532981, 16.9188,41.1626267526299, 17.3272,5,16.67939,2,11.7698,-0.029351,77.0344,450
41.0784433539957, 14.6767,41.1779671525583, 14.2459,5,16.67846,1,13.0603,0.69168,80.8072,450
41.096270153299, 18.6738,41.1952276518568, 15.6301,5,16.67939,0,9.6202,0.160748,78.7962,450
41.1109312530607, 16.7392,41.2123127514496, 16.9441,5,16.67941,7,10.75452,-0.034335,12.7214,450
41.1279780529439, 16.4163,41.2282514506951, 17.82,5,16.67929,8,12.73725,-0.372733,23.4875,450
41.1461775526404, 15.339,41.2459580497816, 17.845,5,16.67867,8,10.06602,0.121103,37.8955,450
41.1626267526299, 16.8099,41.2617643503472, 15.8581,5,16.67874,6,9.255952,-0.516594,51.1549,450
41.1779671525583, 16.8957,41.2790716504678, 15.3624,5,16.67883,5,11.58463,0.458014,60.0299,450
41.1952276518568, 17.3297,41.2790716504678, 6.6069,5,16.67913,4,11.76963,-0.425503,76.410704,450
41.2123127514496, 16.0523,41.2948630498722, 11.0945,5,16.67885,3,10.3156,-0.460406,90.184704,450
41.2282514506951, 15.5557,41.3117490494624, 16.8482,5,16.67833,2,10.05189,-0.036186,106.968496,450
41.2459580497816, 17.3558,41.3295762492344, 15.9585,5,16.67864,1,12.37089,-0.692745,110.8696,450
41.2617643503472, 18.4094,41.3458151491359, 16.1417,5,16.67944,0,9.441103,-1.066369,110.352896,450
41.2790716504678, 14.5001,41.3626677496359, 18.7271,5,16.67843,6,10.38691,-0.180045,10.8917,450
41.2948630498722, 17.0558,41.37847954873, 15.7879,4,16.67861,9,12.16059,-1.428964,24.5729,450
41.3117490494624, 18.5957,41.3975014491007, 19.2779,4,16.67949,8,11.67984,-0.805742,39.0211,450
41.3295762492344, 16.3079,41.4117930494249, 12.2549,4,16.67932,7,10.55757,0.914202,49.8247,450
41.3458151491359, 17.2045,41.4278455488384, 16.1545,4,16.67956,6,10.72464,-0.177791,62.416,450
41.3626677496359, 14.5576,41.4459768496454, 19.857,4,16.67859,5,11.94586,-0.238234,75.322096,450
41.37847954873, 16.4003,41.4618489500135, 15.9181,4,16.67846,4,12.89874,-0.076149,92.766496,450
41.3975014491007, 18.981,41.4792912509292, 15.7593,4,16.67951,3,11.2313,-1.318532,108.636496,450
41.4117930494249, 16.3688,41.495286250487, 15.7991,4,16.67937,2,10.81529,0.065057,111.773504,450
41.4278455488384, 16.9774,41.5122212506831, 17.0614,4,16.67951,1,11.87843,-0.63397,110.591904,450
41.4459768496454, 14.3263,41.5294829513878, 18.6487,4,16.67843,0,10.22835,-0.47008,111.370704,450
41.4618489500135, 17.742,41.5474263522774, 18.7002,4,16.67892,5,9.945432,-0.646167,9.7719,450
41.4792912509292, 16.5212,41.5641793515533, 14.5209,4,16.67885,8,10.10844,-0.194152,21.7172,450
41.495286250487, 16.7833,41.5797376511618, 15.65,4,16.67889,7,11.61597,-0.392119,36.4938,450
41.5122212506831, 16.9779,41.5973081504926, 17.5707,4,16.67903,6,12.44258,0.050793,49.8107,450
41.5294829513878, 15.7584,41.6126376502216, 16.9043,4,16.67861,6,10.62077,-0.053884,61.3359,450
41.5474263522774, 17.3689,41.6298373509198, 17.4214,4,16.67892,6,12.54005,-0.694509,74.1342,450
41.5641793515533, 17.8107,41.6455943509936, 13.8285,4,16.67944,6,11.82922,-0.807319,90.059504,450
41.5797376511618, 16.8626,41.6628383509815, 17.4488,4,16.67952,6,10.40531,-0.798305,105.648304,450
41.5973081504926, 16.4135,41.6796604506671, 16.6525,4,16.6794,6,9.331284,-0.066844,99.548304,450
41.6126376502216, 14.6579,41.694661250338, 16.3392,4,16.67848,5,11.69571,-0.395545,92.878896,450
41.6298373509198, 18.6804,41.713345149532, 19.4559,4,16.67939,4,10.58822,-0.839405,94.1046,450
41.6455943509936, 16.9913,41.7288284497336, 15.1843,4,16.67954,3,10.49751,-0.445812,96.579904,450
41.6628383509815, 16.5142,41.7456385502592, 14.9239,4,16.67946,2,12.19524,-0.582433,93.773504,450
41.6796604506671, 16.3008,41.7623459501192, 16.7244,4,16.67929,1,9.985645,-0.718423,97.3042,450
41.694661250338, 15.3123,41.7791788494214, 18.6252,4,16.67867,0,9.867405,-0.375141,96.0718,450
41.713345149532, 16.5599,41.7962950496003, 17.2007,4,16.67861,6,12.50731,0.418211,9.8591,450
41.7288284497336, 18.2097,41.8122460497543, 14.046,4,16.67931,9,10.43033,-0.663175,25.8426,450
41.7456385502592, 17.3041,41.8290934497491, 17.0173,4,16.67959,8,10.27792,-0.251634,37.6457,450
41.7623459501192, 15.904,41.8476719493046, 18.624,4,16.67924,6,12.52584,-0.611828,51.8308,450
41.7791788494214, 14.7931,41.8630822496489, 17.0837,4,16.67838,6,10.33649,0.224215,61.5011,450
41.7962950496003, 17.2549,41.8794320495799, 16.4624,4,16.67865,6,9.139775,0.326212,75.3192,450
41.8122460497543, 18.5014,41.8955426504835, 14.1878,4,16.67947,6,12.64943,1.381712,92.1806,450
41.8290934497491, 15.1893,41.9126904504374, 17.1535,4,16.6788,6,9.994728,-0.458563,108.8886,450
41.8476719493046, 16.9944,41.9282010504976, 15.4323,4,16.67894,6,10.48588,0.718183,103.2844,450
41.8630822496489, 16.7217,41.9462044509128, 19.6993,4,16.67896,5,11.40939,0.151341,91.537,450
41.8794320495799, 16.5,41.9635199503973, 17.324,4,16.67888,5,9.466588,-0.749859,92.225904,450
41.8955426504835, 18.5335,41.9790489505976, 13.8787,4,16.67972,5,8.464063,-0.174517,94.904304,450
41.9126904504374, 16.3546,41.9959209505469, 16.9165,4,16.67957,5,12.08242,-0.332176,94.5496,450
41.9282010504976, 16.9512,42.0135147497058, 17.5218,4,16.67969,5,9.133159,-0.454054,94.9354,450
41.9462044509128, 14.5028,42.0287697501481, 16.8759,4,16.67871,5,9.592559,-0.283728,92.4476,450
41.9635199503973, 18.6453,42.0459392499179, 17.3332,4,16.6796,5,12.56002,-0.336409,93.628704,450
41.9790489505976, 16.6454,42.0625360496342, 17.0037,4,16.67958,5,12.06948,1.238455,92.113,450
41.9959209505469, 16.647,42.0798321496695, 15.2932,4,16.67957,5,10.40005,-0.681624,97.2578,450
42.0135147497058, 16.4012,42.0970095489174, 17.1583,4,16.67944,5,12.27543,-0.281161,93.985904,450
42.0287697501481, 13.7205,42.1133766490966, 17.7102,4,16.67811,5,12.13031,0.448533,93.0262,450
42.0459392499179, 17.159,42.1297109499574, 16.5907,4,16.67833,5,10.15415,-0.636208,92.992304,450
42.0625360496342, 18.305,42.1470353491604, 17.6726,4,16.67906,5,8.259724,-0.715764,92.158,450
42.0798321496695, 16.7667,42.1628158483654, 13.7099,4,16.6791,5,12.24506,0.269836,94.253104,450
42.0970095489174, 17.9237,42.1804277487099, 17.4395,4,16.67966,5,10.12367,1.39986,95.0622,450
42.1133766490966, 14.5248,42.1962347496301, 17.6182,4,16.67869,5,9.123208,-0.458039,91.9824,450
42.1297109499574, 17.356,42.2129826489836, 16.8014,4,16.67899,5,12.28496,-0.584196,93.155904,450
42.1470353491604, 17.8185,42.2295157480985, 16.9199,4,16.6795,5,10.31646,-1.100513,95.1526,450
42.1628158483654, 17.4767,42.2459282483906, 14.3113,4,16.67986,5,9.79194,-0.56073,96.0722,450
42.1804277487099, 15.0361,42.2636115476489, 17.6732,4,16.67912,5,10.31984,0.423653,97.043,450
42.1962347496301, 14.7148,42.2788565475494, 16.8625,4,16.67824,5,10.5504,-0.138864,96.1886,450
42.2129826489836, 16.7146,42.2974798474461, 19.0312,4,16.67826,5,10.71701,-0.113481,93.844,450
42.2295157480985, 19.1141,42.3119931472465, 14.6144,4,16.67935,5,12.88333,0.278502,93.898496,450
42.2459282483906, 16.7356,42.3292241478339, 15.0189,4,16.67938,5,10.48265,0.143585,95.7008,450
42.2636115476489, 16.6238,42.346485148184, 17.3457,4,16.67935,5,11.36746,-0.319832,86.3836,450
42.2788565475494, 15.5033,42.36231634859, 17.4231,4,16.67883,4,10.19478,-0.199649,78.106896,450
42.2974798474461, 16.55,42.3815638488159, 19.4146,4,16.67877,4,16.4562,-0.069066,76.1592,450
42.3119931472465, 18.6507,42.3976453496143, 16.3633,4,16.67965,4,16.07431,-0.524545,76.421,450
42.3292241478339, 16.5544,42.4129918497056, 13.1699,4,16.67959,4,16.23823,0.252877,78.3508,450
42.346485148184, 17.4244,42.4303326494992, 17.5163,4,16.67993,3,16.71215,0.981129,75.1618,450
42.36231634859, 14.6687,42.4476255495101, 19.0912,4,16.67903,2,16.61507,-0.028801,78.4982,450
42.3815638488159, 16.4143,42.4633952490985, 15.713,4,16.67891,1,5.945545,-0.876031,76.036496,450
42.3976453496143, 18.0325,42.4790037488565, 15.8421,4,16.67951,0,4.385823,-0.76957,77.504896,450
42.4129918497056, 16.3062,42.4965313496068, 15.4876,4,16.67935,7,5.183671,-0.537851,9.843,450
42.4303326494992, 17.4631,42.5133743500337, 16.7423,4,16.6797,9,3.454701,-0.641943,23.0541,450
42.4476255495101, 15.2037,42.5289108501747, 17.1245,4,16.67904,7,11.91773,1.060635,34.8328,450
42.4633952490985, 14.6393,42.5473752496764, 18.9799,4,16.67813,6,12.78607,0.157213,50.8835,450
42.4790037488565, 18.3463,42.5627786498517, 15.6741,4,16.67887,6,10.90655,-0.023176,59.6935,450
42.4965313496068, 17.3471,42.5804338492453, 17.0985,4,16.67917,6,10.19334,-0.189734,78.7762,450
42.5133743500337, 16.4629,42.5971299484372, 15.074,4,16.67907,6,4.364865,-0.501311,93.918704,450
42.5289108501747, 14.784,42.6131883487105, 16.0372,4,16.67823,6,9.087087,-0.281367,109.4952,450
42.5473752496764, 16.9686,42.630154248327, 18.7721,4,16.67836,6,11.73278,0.109952,99.800496,450
42.5627786498517, 16.5709,42.6462518479675, 16.1177,4,16.67831,5,11.87013,-0.84434,94.2296,450
42.5804338492453, 18.3088,42.6632060483098, 17.2771,4,16.67904,5,11.94891,-0.432046,93.589904,450
42.5971299484372, 17.0588,42.6792216487229, 13.7339,4,16.6792,5,10.61067,1.12427,94.604096,450
42.6131883487105, 16.0388,42.6976856496185, 18.6011,4,16.67892,5,12.23735,-0.358295,93.518096,450
42.630154248327, 15.6137,42.7129104500636, 16.88,4,16.67845,5,11.79144,-0.524319,94.454896,450
42.6462518479675, 16.2424,42.7296684505418, 16.7961,4,16.67826,5,12.58605,-0.805866,94.688704,450
42.6632060483098, 18.7513,42.7472335500643, 17.9181,4,16.67917,5,10.17413,0.244877,97.8854,450
42.6792216487229, 16.8618,42.7636200496927, 14.1877,4,16.67925,5,8.891695,-0.454866,94.696704,450
42.6976856496185, 16.5678,42.7799586495385, 18.2045,4,16.67921,5,12.14682,0.059182,93.276,450
42.7129104500636, 16.1445,42.7962868502364, 14.6231,4,16.67897,5,10.67497,-0.965701,93.5908,450
42.7296684505418, 14.9527,42.8145075505599, 18.7247,4,16.67821,5,11.09302,-0.127205,94.007296,450
42.7472335500643, 18.9585,42.8299135509878, 16.9463,4,16.67921,5,11.46617,-0.349003,95.6988,450
42.9142252504826, 171.2527,42.9292714502662, 105.1782,4,16.74749,5,12.33182,0.526498,96.187504,450
42.9292714502662, 4.3901,42.9481895510107, 10.9878,0,16.74203,5,9.747701,-0.210233,93.0586,450
42.9292714502662, 2.1522,42.9481895510107, 6.3291,0,16.73559,5,10.6017,0.916528,93.9544,450
42.9292714502662, 0.5836,42.9633805509657, 10.4999,1,16.72847,5,11.9846,-0.911052,94.2732,450
42.9292714502662, 1.8051,42.9633805509657, 6.284,2,16.72189,5,12.1718,-0.284617,94.987696,450
42.9292714502662, 1.6473,42.9804392512888, 9.0537,3,16.71524,5,9.642433,-0.554136,97.1366,450
42.9292714502662, 0.5659,42.9804392512888, 6.4211,4,16.70813,5,10.18877,-0.723545,92.6532,450
42.9292714502662, 1.5753,42.9972527511418, 10.4499,5,16.70147,5,8.706552,1.209641,93.692896,450
42.9292714502662, 1.4936,43.0133807510138, 17.8722,6,16.69477,5,12.64602,0.486604,94.778704,450
42.9292714502662, 1.2495,43.0299933515489, 15.0225,7,16.68798,5,10.21184,0.869445,92.1474,450
42.9292714502662, 0.4486,43.0471656508744, 17.2321,8,16.68084,5,5.907545,0.308818,98.682096,450
42.9481895510107, 14.4927,43.0638625510037, 18.395,9,16.67988,5,11.00096,0.78401,96.4664,450
42.9633805509657, 14.7322,43.079718850553, 14.2147,8,16.67902,5,8.390496,-0.062769,85.2408,450
43.1303357500583, 173.031,43.1473497506231, 73.60049,7,16.74769,4,11.32985,-0.446919,77.310496,450
43.1473497506231, 2.7179,43.1645378507674, 12.1932,0,16.74153,4,10.95788,0.370418,76.3672,450
43.1473497506231, 1.9824,43.1645378507674, 6.1549,0,16.73505,4,9.53519,0.446944,79.4006,450
43.1473497506231, 0.6497,43.180487351492, 8.4484,1,16.728,4,9.043269,-0.522515,80.7514,450
43.1473497506231, 1.5615,43.180487351492, 8.2102,2,16.72135,4,11.71882,0.510803,78.425296,450
43.1473497506231, 2.0791,43.1960648512468, 7.6455,3,16.71493,4,12.32308,-0.834845,75.8816,450
43.1473497506231, 1.5039,43.1960648512468, 6.7596,4,16.70827,4,9.425356,0.201801,75.169904,450
43.1473497506231, 0.4708,43.2138422513381, 13.0435,5,16.70116,4,11.44652,-0.65518,78.356704,450
43.1473497506231, 1.1191,43.2299670511857, 14.0276,6,16.69434,4,12.2614,-0.422765,77.989904,450
43.1473497506231, 1.6144,43.2471930505708, 19.055,7,16.68774,4,9.685045,1.512307,79.211504,450
43.1473497506231, 0.4324,43.2652856511995, 16.3016,8,16.68064,4,11.0136,-0.652413,78.788096,450
43.1645378507674, 13.7286,43.2805095510557, 16.8789,9,16.67934,4,11.69298,1.230998,78.979696,450
43.180487351492, 16.22,43.2971607511863, 15.0255,8,16.67914,4,12.44116,1.035144,76.486,450
43.1960648512468, 15.1908,43.3129424517974, 15.9908,7,16.67849,4,10.07509,0.575292,76.111296,450
43.3639948507771, 173.9508,43.38059045095, 72.3888,6,16.74714,4,8.313913,0.124959,76.2292,450
43.38059045095, 2.6491,43.3982701515779, 12.4996,0,16.74099,4,12.4839,-0.746905,77.6164,450
43.38059045095, 2.3975,43.3982701515779, 4.443,0,16.73474,4,10.19936,-0.997634,80.808304,450
43.38059045095, 0.7476,43.4132453519851, 12.1739,1,16.72777,4,9.058908,0.124918,75.252304,450
43.38059045095, 1.6218,43.4132453519851, 4.9623,2,16.72118,4,9.415041,-0.967607,75.933696,450
43.38059045095, 1.7782,43.4308864511549, 11.0282,3,16.71468,4,11.56061,0.493825,75.104704,450
43.38059045095, 0.6809,43.4308864511549, 4.7454,4,16.7077,4,10.97503,-0.086639,75.1504,450
43.38059045095, 2.2686,43.4474981520325, 13.7933,5,16.70141,4,10.69968,-0.549401,77.995104,450
43.38059045095, 1.5963,43.4637608528137, 14.4244,6,16.69484,4,11.63141,0.288731,77.484896,450
43.38059045095, 1.9011,43.4813447520137, 17.7968,7,16.68841,4,12.73647,-1.205025,76.6878,450
43.38059045095, 0.4823,43.4974729511887, 16.069,8,16.68137,4,9.605639,0.274026,76.5796,450
43.3982701515779, 14.3878,43.5143612511456, 16.7118,9,16.68037,4,11.807,0.266708,74.958704,450
43.4132453519851, 15.3217,43.5143612511456, 6.8969,8,16.67978,4,12.41587,-0.169403,75.730304,450
43.4308864511549, 17.8785,43.5304596517235, 11.209,7,16.6803,4,9.935225,-0.237397,78.505104,450
43.4474981520325, 13.6785,43.5471910517663, 14.9042,6,16.679,4,11.12327,0.576816,76.8942,450
43.4637608528137, 17.2614,43.565168151632, 19.7359,6,16.67925,4,11.38719,-0.884272,75.914096,450
43.4813447520137, 16.6502,43.5810861513019, 13.8436,6,16.67924,4,11.5979,-0.752136,77.806304,450
43.4974729511887, 15.9386,43.5983129516244, 19.4691,6,16.67892,4,10.278,-0.003921,77.153104,450
43.5143612511456, 14.9307,43.6142173521221, 13.698,6,16.67816,4,9.883584,-1.366613,80.692496,450
43.681081853807, 175.2222,43.6980124544352, 89.0094,5,16.74679,4,10.91807,-0.343576,81.124096,450
43.6980124544352, 2.3033,43.7151414547116, 13.7551,0,16.74054,4,12.71694,0.181162,78.759904,450
43.6980124544352, 1.7908,43.7151414547116, 6.3326,0,16.73408,4,11.00702,0.30826,76.2334,450
43.6980124544352, 0.3956,43.7307465551421, 7.394,1,16.72701,4,9.963913,0.5574,76.060304,450
43.6980124544352, 1.7618,43.7307465551421, 6.5534,2,16.72055,4,13.12898,0.44976,80.350496,450
43.6980124544352, 1.5193,43.7468798542395, 11.4948,3,16.71398,4,10.32344,-0.840027,80.103296,450
43.6980124544352, 0.5223,43.7468798542395, 4.7308,4,16.70699,4,9.68814,1.270432,77.5098,450
43.6980124544352, 1.6644,43.7646901542321, 11.3354,5,16.7005,4,11.2174,-0.3666,75.368896,450
43.6980124544352, 1.677,43.7802482545376, 15.4945,6,16.69402,4,11.21664,-0.29026,75.336496,450
43.6980124544352, 1.57,43.7969697546214, 18.4336,7,16.68749,4,9.442627,0.077115,79.4346,450
43.6980124544352, 0.4567,43.8141482546926, 17.1615,8,16.6805,4,10.44047,0.129082,79.395904,450
43.7151414547116, 13.8036,43.8311931546777, 17.3675,9,16.67926,4,10.4679,-0.560225,77.835296,450
43.7307465551421, 15.0585,43.8311931546777, 5.8902,8,16.67856,4,12.32326,-0.342784,76.633296,450
43.7468798542395, 19.4779,43.8468083543703, 7.7302,7,16.67977,4,10.38558,0.268011,75.077,450
43.7646901542321, 16.507,43.8639913545921, 17.1954,6,16.67969,4,10.13372,0.108345,80.354096,450
43.7802482545376, 16.3025,43.8813400538638, 18.9808,6,16.67953,4,11.58762,-0.759787,79.444096,450
43.7969697546214, 15.207,43.8979223547503, 14.8521,6,16.6789,4,12.37098,-0.206829,80.1514,450
43.8141482546926, 16.1922,43.9144004555419, 16.5775,6,16.67869,4,10.64629,-0.539773,77.925,450
43.8311931546777, 19.0506,43.9310589553788, 16.5629,6,16.67971,4,9.405255,-0.647562,76.175,450
43.8468083543703, 15.9791,43.9481144556776, 17.1597,5,16.67941,4,9.947187,0.108241,78.716704,450
43.8639913545921, 17.1935,43.963931155391, 15.6801,5,16.67963,4,12.37313,-0.241222,79.384304,450
43.8813400538638, 14.5326,43.9817145550624, 19.6746,5,16.6787,4,10.40637,-1.578477,79.535296,450
43.8979223547503, 18.7994,43.9978742552921, 15.5269,5,16.67961,4,10.45846,-1.144645,78.3828,450
43.9144004555419, 16.1351,44.0141311557963, 15.1755,5,16.67938,4,10.36446,1.092074,77.093696,450
43.9310589553788, 17.1018,44.0312843555585, 17.0673,5,16.67956,4,11.59572,-0.451275,75.174704,450
43.9481144556776, 16.7298,44.0470332549885, 15.8954,5,16.67958,4,11.97898,-0.221493,79.7054,450
43.963931155391, 16.9344,44.064482155256, 19.0312,5,16.67969,4,11.82205,0.160024,78.430304,450
43.9817145550624, 14.2918,44.0813444545493, 15.099,5,16.67867,4,11.01193,0.044671,78.782704,450
43.9978742552921, 19.3218,44.0974857537076, 16.2408,5,16.6798,4,10.60098,-0.291776,74.5374,450
44.0141311557963, 15.822,44.1145586529747, 16.9952,5,16.67943,4,12.33899,0.092626,75.808704,450
44.0312843555585, 15.5623,44.1319686537609, 17.5591,5,16.67896,4,10.27508,0.066416,78.0036,450
44.0470332549885, 17.1892,44.1486834539101, 18.1087,5,16.67917,4,9.397329,-0.018025,79.3918,450
44.064482155256, 14.3198,44.163936054334, 15.2943,5,16.67817,4,9.778176,-0.719148,78.275104,450
44.0813444545493, 19.7077,44.1821699552238, 18.8489,5,16.67946,4,12.00907,-0.941054,76.210704,450
44.0974857537076, 16.4242,44.1983679551631, 14.0791,5,16.67935,4,10.06098,-1.350068,77.375696,450
44.1145586529747, 16.4698,44.214928554371, 16.5237,5,16.67926,4,9.950925,-0.274696,81.045296,450
44.1319686537609, 17.2882,44.2315935548395, 19.0902,5,16.67952,4,11.90585,0.366721,80.2904,450
44.1486834539101, 14.6885,44.2480199541897, 15.6992,5,16.67867,4,12.54475,-0.369203,80.444096,450
44.163936054334, 16.5323,44.2480199541897, 6.2035,5,16.67861,4,12.81897,0.16636,75.752704,450
44.1821699552238, 18.4917,44.2661700546741, 10.2145,5,16.67938,4,11.3347,-0.011195,75.905,450
44.1983679551631, 16.9912,44.2812832547352, 15.043,5,16.67952,4,10.00618,-1.454249,79.8058,450
44.214928554371, 17.1551,44.2985474551097, 17.4171,5,16.67972,4,9.599903,-0.092566,78.2212,450
44.2315935548395, 14.5057,44.3150726547465, 16.4349,5,16.67879,3,10.06484,0.116484,77.5194,450
44.2480199541897, 18.96,44.3309138538316, 15.7704,5,16.67976,2,9.691095,-0.14669,76.597504,450
44.2661700546741, 15.7534,44.3482146533206, 19.09,4,16.67937,1,11.78515,0.557407,76.176704,450
44.2812832547352, 17.4618,44.3648961530998, 14.9995,4,16.6797,0,13.30167,0.621399,79.468704,450
44.2985474551097, 16.0006,44.3823050530627, 17.4687,4,16.67941,6,10.12702,-0.370943,14.5803,450
44.4642115524039, 173.5167,44.4830210516229, 105.8613,4,16.74595,9,11.47039,-0.204505,23.8407,450
44.4830210516229, 2.3885,44.4980129515752, 9.7609,0,16.73987,8,11.69859,0.838633,35.6898,450
44.4830210516229, 1.7414,44.4980129515752, 7.5714,0,16.73351,7,11.0559,-0.3276,51.0893,450
44.4830210516229, 1.4157,44.5146606517956, 9.2246,1,16.72702,6,9.443243,-0.340367,56.9528,450
44.4830210516229, 0.5363,44.5146606517956, 4.5052,2,16.72016,6,10.1334,0.183264,71.8958,450
44.4830210516229, 1.369,44.5319123519585, 14.1812,3,16.71366,6,10.11317,-0.123219,85.974,450
44.4830210516229, 1.3049,44.5319123519585, 4.5428,4,16.70714,6,10.8966,-1.348069,104.195,450
44.4830210516229, 1.0427,44.5479529527947, 9.8555,5,16.70051,6,12.02157,0.782585,102.484304,450
44.4830210516229, 0.3807,44.5655860519037, 19.4603,6,16.69361,5,10.13454,-0.301622,91.226896,450
44.4830210516229, 0.9899,44.5817039525136, 16.1348,7,16.68698,5,11.59052,-0.620958,93.662496,450
44.4830210516229, 1.289,44.5983091527596, 16.8623,8,16.68047,5,11.82477,-0.123019,93.985696,450
44.4980129515752, 14.6574,44.6170376529917, 16.5784,9,16.67962,5,13.20201,0.272851,96.439904,450
44.5146606517956, 17.2,44.6170376529917, 5.5862,8,16.67983,5,9.475922,-0.986091,97.9106,450
44.5319123519585, 16.637,44.6313758529723, 11.0637,7,16.67982,5,9.788758,-0.569549,95.49,450
44.5479529527947, 17.0712,44.6480375528336, 16.4397,6,16.67998,5,10.49552,0.228497,94.3202,450
44.5655860519037, 14.5131,44.6655369531363, 15.5149,6,16.67907,5,12.03095,0.492118,92.730096,450
44.5817039525136, 16.7341,44.681243153289, 15.6472,6,16.67909,5,10.91349,-0.193602,92.9162,450
44.5983091527596, 16.3612,44.6984705533832, 17.2972,6,16.67896,5,10.79085,-0.237983,96.709696,450
44.6170376529917, 16.3359,44.7151479534805, 16.572,6,16.67881,5,12.1299,-0.785799,97.778304,450
44.6313758529723, 15.2918,44.7318463530391, 18.4863,5,16.67823,5,11.39978,0.047363,95.692304,450
44.6480375528336, 18.7307,44.748955052346, 15.5414,5,16.67909,5,11.2478,0.253008,94.684304,450
44.6655369531363, 17.1138,44.7647444531322, 15.6967,5,16.67928,5,9.935383,-0.187308,94.3584,450
44.681243153289, 16.8428,44.7818859536201, 17.1532,5,16.67934,5,10.1505,-1.274608,94.0754,450
44.6984705533832, 15.9799,44.7982293535024, 16.3961,5,16.67905,5,12.68274,-0.839044,95.899696,450
44.7151479534805, 17.5378,44.815676053986, 19.2288,5,16.67941,5,11.77449,0.561008,97.7212,450
44.7318463530391, 14.3987,44.8324313536286, 14.8877,5,16.67845,5,9.818408,-0.324418,95.921296,450
44.748955052346, 19.3574,44.8484916538, 16.2274,5,16.67958,5,9.992108,0.443506,94.925296,450
44.7647444531322, 15.6851,44.8653075546026, 16.5808,5,16.67916,5,11.23734,-0.588398,94.465,450
44.7818859536201, 17.3848,44.8829388543963, 17.7034,5,16.67946,5,12.57039,-0.444948,94.8602,450
44.7982293535024, 16.9636,44.8989021535963, 17.6777,5,16.67958,5,11.08542,0.501059,94.357296,450
44.815676053986, 14.8163,44.9158232528716, 16.9657,5,16.6788,5,10.40759,-0.492052,95.457296,450
44.8324313536286, 17.8626,44.9311008527875, 13.3803,5,16.67929,5,9.385398,-0.146015,96.304496,450
44.8484916538, 17.0275,44.9490936528891, 18.0718,5,16.67944,5,12.12265,-1.205261,84.494096,450
44.8653075546026, 15.3919,44.9653939530253, 16.4705,5,16.6789,4,12.04164,-0.806274,76.519104,450
44.8829388543963, 18.0853,44.9810633528978, 15.4529,5,16.67949,4,11.25785,-0.806123,77.544304,450
44.8989021535963, 13.871,44.9995592534542, 20.4055,5,16.67831,4,10.50821,-0.862572,77.486496,450
44.9158232528716, 17.7363,45.015091153793, 15.5238,5,16.67875,4,9.937961,-0.237226,79.625696,450
44.9311008527875, 18.6325,45.0327313533053, 18.003,5,16.67957,4,11.29947,-0.232224,77.7678,450
44.9490936528891, 16.7404,45.0327313533053, 6.1397,5,16.6796,4,5.877623,-0.169985,75.6372,450
44.9653939530253, 16.0515,45.0492337541655, 8.1208,5,16.67933,4,10.48817,-0.542628,76.310496,450
44.9810633528978, 17.2298,45.065541354008, 16.2872,5,16.67956,4,10.96553,-0.409357,79.341504,450
44.9995592534542, 15.1652,45.0819768542424, 18.1979,5,16.67893,4,12.06062,0.019878,80.4494,450
45.015091153793, 16.4785,45.0996671533212, 17.8292,5,16.67885,4,11.88328,-0.792675,78.7388,450
45.0327313533053, 18.399,45.1156519530341, 16.0714,5,16.67957,4,9.958728,0.231918,77.394704,450
45.0492337541655, 16.1989,45.1313159530982, 13.6551,4,16.67937,4,12.19076,-0.21706,76.4972,450
45.065541354008, 17.5014,45.148079152219, 16.7892,4,16.67971,4,12.07412,0.73412,80.317296,450
45.0819768542424, 14.0836,45.1652568513528, 17.2704,4,16.67863,4,9.970775,-0.553695,81.3986,450
45.0996671533212, 16.9552,45.1819556513801, 16.5884,4,16.67874,4,9.117882,-0.044206,78.8852,450
45.1156519530341, 16.7273,45.1997010512277, 17.952,4,16.67876,4,9.67816,-0.624173,75.929296,450
45.1313159530982, 18.5172,45.2158626513556, 18.0893,4,16.67953,4,12.09498,-0.714428,76.7082,450
45.148079152219, 16.8433,45.2328993519768, 17.0351,4,16.67959,4,10.90119,-0.283935,80.5104,450
45.1652568513528, 17.1555,45.2494169520214, 14.6618,4,16.67979,4,10.55691,-0.030564,78.9066,450
45.1819556513801, 16.4204,45.2656417516991, 16.0452,4,16.67968,4,9.911573,0.47534,78.233,450
45.1997010512277, 16.7978,45.2824057517573, 16.9151,4,16.67973,4,10.39963,0.321508,76.0148,450
45.2158626513556, 14.9262,45.2989122522995, 16.313,4,16.67901,4,10.80184,0.653098,77.4216,450
45.2328993519768, 16.8086,45.3173085516319, 20.0002,4,16.67906,4,11.92996,-1.362112,79.9772,450
45.2494169520214, 18.4655,45.3319147517905, 12.909,4,16.6798,4,10.23026,-0.323622,79.775104,450
45.2656417516991, 16.64,45.3491736510769, 17.3208,4,16.67978,4,9.434492,-0.816332,78.064096,450
45.2824057517573, 16.9345,45.3652827506885, 16.1083,4,16.67989,4,9.181102,0.329958,76.8996,450
45.2989122522995, 16.5788,45.3819020511582, 16.6238,4,16.67985,4,10.98071,-0.068452,76.6554,450
45.3173085516319, 14.6357,45.3993293503299, 17.4875,4,16.679,4,11.18872,-0.602362,79.4642,450
45.3319147517905, 17.8772,45.4150084508583, 17.3564,4,16.6795,4,11.90803,0.461528,79.8762,450
45.3491736510769, 16.7033,45.4325615512207, 15.906,4,16.67951,4,17.11704,-1.084582,80.0678,450
45.3652827506885, 17.1928,45.4495009509847, 17.0851,4,16.67972,4,16.02005,0.882608,77.464896,450
45.3819020511582, 17.0941,45.4652986517176, 15.4724,4,16.67989,4,16.46356,-0.727108,77.547504,450
45.3993293503299, 16.7397,45.4827214526013, 17.5106,4,16.67991,4,17.00797,-1.484408,80.813696,450
45.4150084508583, 14.9469,45.4984597517177, 17.7268,4,16.6792,4,15.91908,0.148992,80.6372,450
45.4325615512207, 18.8871,45.515875752084, 17.2706,4,16.68011,4,17.49289,0.135366,79.323904,450
45.4495009509847, 16.2378,45.5329379523173, 15.2575,4,16.67993,4,5.696908,-0.38106,77.614496,450
45.4652986517176, 14.7961,45.5493242526427, 16.6883,4,16.67915,4,4.900708,1.967614,76.3082,450
45.4827214526013, 17.0059,45.5660732528195, 16.3595,4,16.67929,4,7.184608,0.622388,77.815,450
45.4984597517177, 14.5394,45.5822824528441, 18.071,4,16.67841,4,5.119134,-0.567438,81.1516,450
45.515875752084, 17.0253,45.5996734527871, 17.4571,4,16.67855,4,9.89966,0.057736,78.195696,450
45.5329379523173, 18.1195,45.6151852523908, 15.7549,4,16.67914,4,12.17159,-0.77679,80.6086,450
45.5493242526427, 17.4443,45.632174952887, 14.9174,4,16.67945,4,8.117912,-0.458916,77.0522,450
45.5660732528195, 17.9403,45.6500326534733, 17.7664,4,16.67997,4,11.21264,-0.699842,78.7012,450
45.5822824528441, 13.2803,45.6659291526303, 17.573,4,16.67858,4,12.43896,0.331432,81.0044,450
45.5996734527871, 16.4318,45.6818943517283, 16.1814,4,16.67847,4,9.72149,1.223906,80.64,450
45.6151852523908, 19.2992,45.6982562514022, 16.7055,4,16.67955,4,12.30212,-0.150222,77.891104,450
45.632174952887, 16.9058,45.7152560511604, 14.7649,4,16.67964,4,16.79924,0.547091,77.235296,450
45.6500326534733, 16.6589,45.7318614507094, 16.6283,4,16.67964,4,17.06237,-0.662967,77.1414,450
45.6659291526303, 14.8267,45.7491548499092, 18.9223,4,16.67888,4,16.05799,-0.212825,80.9574,450
45.6818943517283, 16.5901,45.765379649587, 16.5508,4,16.67884,4,5.944122,-0.808363,81.4024,450
45.6982562514022, 18.8241,45.7823938494548, 17.2656,4,16.67972,4,4.289009,-0.542249,78.061104,450
45.7152560511604, 16.3322,45.7994950497523, 15.1274,4,16.67958,4,3.264867,0.182968,77.096496,450
45.7318614507094, 17.3618,45.8154592504725, 15.805,4,16.67986,4,8.055025,-0.82565,77.299696,450
45.7491548499092, 14.3745,45.8332708505914, 19.6513,4,16.67891,4,10.40106,-0.882305,81.178496,450
45.765379649587, 16.3491,45.8487889505923, 15.4389,4,16.67878,4,12.75485,-0.60236,81.5806,450
45.7823938494548, 18.1489,45.8672751504928, 18.8554,4,16.67938,4,12.22813,-0.132782,79.6728,450
45.7994950497523, 17.0941,45.8826340502128, 14.8676,4,16.67955,4,11.55825,0.266875,77.519696,450
45.8154592504725, 16.8788,45.899439050816, 15.1308,4,16.67963,4,4.586005,-0.321032,76.6324,450
45.8332708505914, 14.9906,45.9168251501396, 17.5309,4,16.67894,4,12.64056,0.308168,80.6976,450
45.8487889505923, 16.8777,45.9327375506982, 17.5447,4,16.67902,4,12.30398,-0.631382,80.5684,450
45.8672751504928, 16.2911,45.9490735502914, 16.441,4,16.67886,4,10.33902,-0.282689,79.5078,450
45.8826340502128, 18.1254,45.9658107506111, 16.9726,4,16.67945,4,11.55523,0.531689,78.0308,450
45.899439050816, 17.9328,45.9844569498673, 16.6438,4,16.67996,4,12.09873,-0.688668,77.2472,450
45.9168251501396, 16.3103,45.9989609494805, 14.3906,4,16.67981,4,11.57538,-0.04855,78.8798,450
45.9327375506982, 15.4482,46.0173138491809, 19.9793,4,16.67931,4,12.49049,-0.851031,78.282304,450
45.9490735502914, 17.1483,46.0329187493771, 15.874,4,16.6795,4,10.46811,-0.453511,79.4206,450
45.9658107506111, 18.1928,46.0512895490974, 18.5431,4,16.68012,4,11.43587,0.703698,77.1598,450
45.9844569498673, 16.8387,46.0659555494785, 12.607,4,16.68018,4,12.56495,-1.284367,79.133696,450
45.9989609494805, 17.4085,46.0845711492002, 18.6688,4,16.68048,4,11.97063,-0.924254,82.124896,450
46.0173138491809, 14.4091,46.0994707494974, 16.6011,4,16.67956,4,12.73101,0.513331,78.129504,450
46.0329187493771, 16.5045,46.117284649983, 17.892,4,16.67948,4,10.608,0.281238,76.3196,450
46.0512895490974, 17.1705,46.1331512499601, 16.0532,4,16.67968,4,10.95727,-0.988737,78.125104,450
46.0659555494785, 16.1398,46.1488331500441, 14.0754,4,16.67946,4,12.95215,-0.438372,78.062704,450
46.0845711492002, 16.7527,46.1668901499361, 17.917,4,16.67949,4,12.79467,-0.030907,77.680496,450
46.0994707494974, 14.2182,46.1831350494176, 17.8879,4,16.6785,4,9.364562,-0.806242,78.0362,450
46.117284649983, 17.0056,46.199390148744, 16.2503,4,16.67863,4,8.714437,0.220912,78.8674,450
46.1331512499601, 18.0685,46.2170690484345, 18.2213,4,16.67919,4,11.15427,-0.652617,80.046896,450
46.1488331500441, 17.2566,46.2321449480951, 12.5653,4,16.67942,4,12.21801,-0.013958,78.061104,450
46.1668901499361, 16.8567,46.2490921486169, 17.0161,4,16.6795,4,11.95544,-0.883793,76.9194,450
46.1831350494176, 14.9824,46.2670941483229, 18.8762,4,16.67881,4,10.80799,-0.709828,79.2114,450
46.199390148744, 16.945,46.2831989489496, 15.3845,4,16.67892,4,9.641917,0.422163,78.5362,450
46.2170690484345, 18.4302,46.2991936486214, 17.7026,4,16.67963,4,10.46496,0.031174,76.926304,450
46.2321449480951, 16.8637,46.3169733490795, 15.9424,4,16.6797,4,5.174793,0.152155,77.573,450
46.2490921486169, 16.8575,46.333406848833, 16.4352,4,16.67977,4,10.76203,-0.715705,80.6438,450
46.2670941483229, 16.2731,46.3509162496775, 19.5651,4,16.67961,4,10.59134,1.645109,78.2934,450
46.4330449495465, 170.5709,46.4509986490011, 105.682,4,16.74179,4,11.31083,-0.69315,77.988496,450
46.4509986490011, 5.5639,46.4680973496288, 10.6266,0,16.73727,4,11.85524,-1.352164,76.963904,450
46.4509986490011, 1.997,46.4680973496288, 6.2109,0,16.73132,4,9.802605,0.069364,78.938,450
46.4509986490011, 0.7783,46.4827346494421, 7.2712,1,16.72488,4,10.69619,-0.741744,78.7532,450
46.4509986490011, 1.9478,46.4827346494421, 7.285,2,16.71892,4,8.09635,0.054825,77.170096,450
46.4509986490011, 2.2256,46.5004641497508, 12.2371,3,16.71308,4,12.52706,-0.631893,78.292896,450
46.4509986490011, 0.7157,46.5004641497508, 6.1028,4,16.70663,4,13.04954,-0.436039,75.505904,450
46.4509986490011, 1.8002,46.5159858493134, 7.6633,5,16.70062,4,9.869444,0.214668,77.5486,450
46.4509986490011, 2.3511,46.5332865500823, 17.2946,6,16.69485,4,10.63198,1.393738,80.122,450
46.4509986490011, 1.7475,46.5491662500426, 15.848,7,16.68883,4,11.54669,-0.156972,81.575296,450
46.4680973496288, 1.6475,46.5672919498757, 19.8454,8,16.68278,4,12.43774,0.393403,79.729296,450
46.4680973496288, 9.0035,46.5834352495149, 16.5064,8,16.67969,4,12.05013,1.267062,77.759696,450
46.4827346494421, 15.2033,46.5834352495149, 5.9886,8,16.67909,4,10.08736,-0.072562,75.483,450
46.5004641497508, 18.7527,46.5990334497765, 7.4948,7,16.67993,4,8.061972,0.409535,76.5114,450
46.5159858493134, 14.3948,46.6157606495544, 16.8305,6,16.67901,4,10.2249,-0.471147,80.758304,450
46.5332865500823, 16.7743,46.6329997489229, 17.0973,6,16.67905,4,11.24984,0.069259,81.4524,450
46.5491662500426, 16.4171,46.650284348987, 18.8739,6,16.67894,4,10.35936,0.203323,82.342896,450
46.5672919498757, 15.5387,46.6668784497306, 17.0065,6,16.67848,4,10.13577,-1.413938,77.2768,450
46.5834352495149, 18.3888,46.6829812498763, 15.9687,6,16.67917,4,9.395547,0.536174,77.2906,450
46.5990334497765, 16.6383,46.7002900494263, 15.4671,5,16.67915,4,12.26364,-0.642493,79.773696,450
46.6157606495544, 17.4977,46.7162383487448, 15.9068,5,16.67948,4,11.46328,-0.494306,81.8966,450
46.6329997489229, 16.5334,46.7330914484337, 16.7194,5,16.67942,4,11.51574,-0.463814,80.0444,450
46.650284348987, 15.1124,46.7499520489946, 18.9057,5,16.67879,4,11.86133,-0.335406,77.038,450
46.6668784497306, 16.7509,46.7673881491646, 17.8189,5,16.67882,4,9.081593,0.096954,77.136304,450
46.6829812498763, 18.4563,46.784104549326, 16.3707,5,16.67953,4,10.57801,-0.594331,81.2812,450
46.7002900494263, 15.2579,46.8002567486838, 14.2492,5,16.67897,4,12.33861,-0.430077,81.150704,450
46.7162383487448, 16.6106,46.8164374483749, 16.2846,5,16.67894,4,12.29351,1.407551,78.000896,450
46.7330914484337, 17.2373,46.83335504774, 16.9538,5,16.67916,4,10.34355,0.153454,76.471104,450
46.7499520489946, 14.7817,46.8500508470461, 16.6056,5,16.6784,4,9.822131,-0.181986,76.2262,450
46.7673881491646, 17.4504,46.8673253478482, 19.2713,5,16.67871,4,12.43698,-0.711845,81.7786,450
46.784104549326, 18.2522,46.8840467473492, 16.4529,5,16.67934,4,12.09575,-0.289223,81.6972,450
46.8002567486838, 16.8456,46.9017965467647, 15.8481,5,16.67941,4,10.14995,-1.43924,80.654496,450
46.8164374483749, 15.5616,46.9168911464512, 15.1011,5,16.67896,4,9.745986,-0.08821,79.038096,450
46.83335504774, 16.8344,46.9341440461576, 17.2292,5,16.67902,4,9.963045,0.501098,76.7132,450
46.8500508470461, 16.2487,46.9497878458351, 15.7457,5,16.67885,4,12.45992,-0.645212,80.0722,450
46.8673253478482, 15.9572,46.966962646693, 17.0571,5,16.67856,4,11.98264,-0.446909,69.041296,450
46.8840467473492, 17.7791,46.9837204460055, 18.6257,5,16.679,3,13.22911,0.463709,59.5807,450
46.9017965467647, 18.3589,47.0009742453694, 17.3022,5,16.67967,3,10.2128,-0.912558,58.2277,450
46.9168911464512, 17.1099,47.0009742453694, 6.3547,5,16.67984,3,9.566812,-0.4693,62.1072,450
46.9341440461576, 15.8998,47.0170336458832, 7.9247,5,16.67953,3,12.36721,-0.554609,62.4378,450
46.9497878458351, 17.216,47.035293046385, 18.241,5,16.67975,3,12.13199,0.072866,62.3697,450
46.966962646693, 16.7769,47.0503450464457, 16.7189,5,16.67978,3,11.29106,0.602109,59.0484,450
46.9837204460055, 14.7308,47.0669974461198, 16.8697,5,16.67901,3,11.0985,0.292612,62.0334,450
47.0009742453694, 18.9593,47.0842567458749, 17.1011,5,16.67991,3,10.43921,-0.182044,64.8335,450
47.0170336458832, 16.3178,47.1002163458616, 14.188,4,16.67977,3,10.11683,0.539268,64.5419,450
47.035293046385, 16.1509,47.1171073466539, 16.8227,4,16.67956,3,11.50289,-0.363124,62.1548,450
47.0503450464457, 15.6352,47.1340028457344, 18.6659,4,16.67915,3,11.02849,0.618572,60.5457,450
47.0669974461198, 15.8507,47.1506322454661, 16.9583,4,16.67882,3,9.999344,-0.36849,62.4968,450
47.0842567458749, 17.4594,47.1668306458741, 15.7481,4,16.67913,3,10.07603,-0.194414,61.7056,450
47.1002163458616, 16.2072,47.1832775454968, 14.8665,4,16.67894,3,9.090924,-0.363257,60.3,450
47.1171073466539, 17.5594,47.1998858451843, 16.6606,4,16.67929,3,12.06133,-0.650617,61.9141,450
47.1340028457344, 15.0726,47.2170176450163, 18.8927,4,16.67865,3,11.31059,0.354632,60.0479,450
47.1506322454661, 16.5149,47.2346176449209, 17.5935,4,16.67859,3,10.36511,-1.028344,60.7159,450
47.1668306458741, 18.9497,47.250967444852, 16.4358,4,16.67949,3,10.24336,0.874305,63.006,450
47.1832775454968, 16.9969,47.2669337447733, 14.0409,4,16.67961,3,10.00012,-1.29202,62.6461,450
47.1998858451843, 16.1913,47.2838444449008, 16.9705,4,16.67942,3,12.36347,-0.730787,60.7383,450
47.2170176450163, 15.6287,47.3014891445637, 19.4303,4,16.679,3,11.37604,-0.131036,63.4604,450
47.2346176449209, 17.8634,47.317921044305, 16.2596,4,16.67947,3,11.19849,-0.975529,63.2961,450
47.250967444852, 16.4764,47.3333068443462, 15.8012,4,16.67939,3,8.84102,1.544445,61.9911,450
47.2669337447733, 16.8403,47.3499947441742, 14.6215,4,16.67946,3,10.90869,0.941917,62.9979,450
47.2838444449008, 16.8244,47.3681616438553, 18.231,4,16.67951,3,12.57624,-0.341593,63.2468,450
47.3014891445637, 15.032,47.3839507447556, 17.5882,4,16.67886,3,11.90883,0.323294,63.641,450
47.317921044305, 16.3947,47.4001752445474, 16.1915,4,16.67875,3,11.16506,0.883247,63.4094,450
47.3333068443462, 18.6926,47.4169710436836, 16.9809,4,16.67954,3,8.427183,-0.025049,63.8763,450
47.3499947441742, 16.2208,47.43412144389, 15.0668,4,16.67936,3,8.744493,-1.110488,62.5677,450
47.3681616438553, 17.2737,47.4510491443798, 17.0183,4,16.6796,3,12.26041,-0.259619,62.8535,450
47.3839507447556, 14.9788,47.4671225445345, 17.7883,4,16.67893,3,11.41845,-0.060492,61.1129,450
47.4001752445474, 16.4846,47.4840485444292, 16.8956,4,16.67885,3,9.020049,-1.192862,62.9583,450
47.4169710436836, 17.0459,47.5009316438809, 17.2371,4,16.679,3,9.987388,0.524364,61.7628,450
47.43412144389, 16.556,47.516890543513, 13.9531,4,16.67895,3,10.82592,-0.740268,63.177,450
47.4510491443798, 17.4386,47.534387643449, 17.5208,4,16.67925,3,12.01559,0.239671,62.7992,450
47.4671225445345, 14.2506,47.5501055428758, 17.5165,4,16.67829,3,11.95896,0.306958,62.0097,450
47.4840485444292, 17.1801,47.5671115433797, 17.0034,4,16.67849,3,11.50764,-0.323979,62.4604,450
47.5009316438809, 18.2991,47.5838502431288, 16.9852,4,16.67913,3,9.207068,-0.070384,65.5343,450
47.516890543513, 17.045,47.6013366440311, 15.3354,4,16.67927,3,10.21253,-0.648605,62.9578,450
47.534387643449, 16.7397,47.6167220436037, 15.4329,4,16.67929,3,9.793942,-0.369754,62.1877,450
47.5501055428758, 14.8281,47.6330337431282, 16.3348,4,16.67857,3,11.40288,-1.00661,61.9845,450
47.5671115433797, 16.5699,47.6511541437358, 19.9182,4,16.67853,3,12.04638,0.743716,60.3123,450
47.5838502431288, 19.2625,47.6675724443048, 16.2943,4,16.67954,3,9.950005,-0.723239,60.712,450
47.6013366440311, 14.8484,47.6865021437407, 17.2609,4,16.67882,3,10.51115,-0.644545,62.5974,450
47.6167220436037, 17.7494,47.7006564438343, 14.2013,4,16.67924,3,9.91381,0.251286,61.2575,450
47.6330337431282, 15.8969,47.7182344440371, 17.5371,4,16.67893,3,12.86468,-0.02042,61.742,450
47.6511541437358, 16.2017,47.7346775438637, 18.5056,4,16.67875,3,10.93794,-0.376034,58.9852,450
47.6675724443048, 16.3278,47.7507782429457, 15.9628,4,16.67861,3,10.73755,-0.732948,61.067,450
47.6865021437407, 17.7314,47.7673640437424, 14.981,4,16.67902,3,10.62181,0.792338,63.1887,450
47.7006564438343, 17.7227,47.7846613433212, 17.0665,4,16.67943,3,9.38352,-0.487876,60.6816,450
47.7182344440371, 16.1031,47.8007324431092, 16.0092,4,16.6792,3,11.88083,-0.07979,61.3174,450
47.7346775438637, 15.2684,47.818059142679, 19.0845,4,16.67865,3,10.34985,-0.390604,62.2627,450
47.7507782429457, 16.4081,47.8348961435258, 16.8531,4,16.67855,3,12.40566,-0.104018,64.7445,450
47.7673640437424, 19.2886,47.850508143194, 15.9466,4,16.67957,3,10.35968,0.161568,60.8263,450
47.7846613433212, 16.434,47.8681301428005, 15.4688,4,16.67947,3,10.09489,0.494454,61.9563,450
47.8007324431092, 16.0871,47.8843709426001, 16.2901,4,16.67924,3,16.2588,-1.16546,62.7523,450
47.818059142679, 14.5322,47.9011347433552, 18.4102,4,16.6784,3,16.63052,-0.281627,61.0539,450
47.8348961435258, 16.8591,47.9181795427576, 17.2615,4,16.67847,3,16.39893,-0.461264,61.3872,450
47.850508143194, 18.9499,47.9349584421143, 17.0484,4,16.67936,3,16.16545,-0.074784,63.0856,450
47.8681301428005, 16.4174,47.9514165418223, 14.3156,4,16.67925,3,15.88106,0.058096,62.4462,450
47.8843709426001, 16.9339,47.967261842452, 15.988,4,16.67935,3,5.025027,-0.487024,60.3308,450
47.9011347433552, 15.1173,47.9847942432389, 19.1823,4,16.67875,3,4.370564,-0.555644,61.8132,450
47.9181795427576, 16.1677,48.0010013440624, 16.0378,4,16.67855,3,4.283784,-0.051864,63.55,450
47.9349584421143, 18.6574,48.0180464433506, 17.5961,4,16.67932,3,5.468304,-0.034584,60.773,450
47.9514165418223, 15.61,48.0344623429701, 14.1324,4,16.6789,3,11.72542,-0.858604,63.0965,450
47.967261842452, 17.7624,48.0513947429135, 16.9783,4,16.67932,3,10.52884,-0.337224,62.3351,450
47.9847942432389, 14.3533,48.0673214429989, 15.9858,4,16.67842,3,12.18876,-0.457044,62.8619,450
48.0010013440624, 17.4721,48.0842503430322, 16.8749,4,16.67873,3,11.63388,-0.268764,59.5917,450
48.0180464433506, 16.2862,48.1017813431099, 17.4236,4,16.67858,3,9.915404,0.000816,61.9677,450
48.0344623429701, 19.3462,48.1171164428815, 17.0846,4,16.67961,3,12.38392,0.535949,63.4807,450
48.0513947429135, 16.4511,48.1371020423248, 18.4251,4,16.67952,3,16.66234,-0.207595,63.1068,450
48.0673214429989, 15.224,48.1529280422255, 18.215,4,16.67896,3,16.78576,-1.314139,62.5206,450
48.0842503430322, 18.3192,48.1674489425495, 14.3237,4,16.67959,3,16.63608,-0.218633,61.6293,450
48.1017813431099, 17.4467,48.185293042101, 15.6368,4,16.67989,3,5.527351,-0.778027,62.1231,450
48.1171164428815, 14.149,48.201245942153, 15.9543,4,16.67891,3,3.861395,-0.209721,62.9771,450
48.1371020423248, 16.9753,48.2181790424511, 16.9122,4,16.67902,3,3.879839,1.182085,60.8067,450
48.1529280422255, 17.2579,48.2349528418854, 16.875,4,16.67925,3,6.152333,-0.266809,62.5966,450
48.1674489425495, 17.3243,48.2510701427236, 17.6793,4,16.6795,3,9.790527,-0.327303,62.5014,450
48.185293042101, 16.4326,48.2678712429479, 17.2635,4,16.6794,3,12.44522,-1.200497,63.2769,450
48.201245942153, 15.7323,48.2852477421984, 16.9118,4,16.67904,3,10.06501,-0.449491,60.2159,450
48.2181790424511, 16.7069,48.301657342352, 14.7204,4,16.67905,3,10.44561,-0.277185,63.1675,450
48.2349528418854, 16.8791,48.3168821427971, 15.7371,4,16.67912,3,10.2429,-0.138179,61.4552,450
48.2510701427236, 14.9066,48.3346687424928, 17.199,4,16.67844,3,11.8977,-0.323673,61.6294,450
48.2678712429479, 17.6626,48.3514989428222, 16.9868,4,16.67882,3,12.58889,-0.579649,62.2203,450
48.2852477421984, 18.285,48.368214443326, 16.6748,4,16.67944,3,16.73208,-1.010316,61.6176,450
48.301657342352, 17.1036,48.384289143607, 17.7494,4,16.6796,3,16.62568,-0.048886,62.4243,450
48.3168821427971, 15.0883,48.4041425436735, 18.1589,4,16.67899,3,16.50887,-0.106266,61.0552,450
48.3346687424928, 16.1574,48.4179779440165, 13.8064,4,16.67879,3,6.927849,-0.529267,62.6233,450
48.3514989428222, 18.0068,48.4355444442481, 17.7319,4,16.6793,3,6.686116,0.395535,62.273,450
48.368214443326, 17.0477,48.4515422433615, 15.9926,4,16.67944,3,6.227686,-0.162416,62.7194,450
48.384289143607, 14.0832,48.4676603432745, 16.0573,4,16.67844,3,7.137366,0.035546,62.4878,450
48.4041425436735, 19.1169,48.4849768429995, 18.931,4,16.67938,3,10.02627,-0.581714,62.5997,450
48.4179779440165, 18.1621,48.5014972425997, 16.579,4,16.67995,3,12.28467,-0.501174,61.6939,450
48.4355444442481, 15.9463,48.5182109419256, 17.0715,4,16.67967,3,11.16542,0.736566,62.4235,450
48.4515422433615, 16.887,48.5344946421683, 14.0967,4,16.67975,3,11.76875,0.026606,62.8642,450
48.4676603432745, 15.0623,48.5513733420521, 17.1051,4,16.67913,3,4.841214,0.541846,64.6034,450
48.4849768429995, 14.5622,48.5685747414827, 17.1352,4,16.67831,3,10.31277,-0.199514,63.7364,450
48.5014972425997, 16.6335,48.5851866416633, 18.0863,4,16.6783,3,12.08933,0.310226,63.6152,450
48.5182109419256, 18.5733,48.6016806419939, 16.727,4,16.67902,3,9.030394,0.210266,62.5171,450
48.5344946421683, 18.7447,48.6182386428118, 16.7751,4,16.67982,2,11.87015,-0.122094,62.908,450
48.5513733420521, 16.8818,48.6349448431283, 14.6045,4,16.67989,1,9.102514,-0.013454,63.4774,450
48.5685747414827, 16.267,48.652224842459, 17.2958,4,16.67974,0,12.08667,0.168086,62.1891,450
48.5851866416633, 14.4831,48.6692521423101, 18.7298,4,16.67889,7,16.03353,0.598297,9.165,450
48.6016806419939, 15.3536,48.6851708423346, 16.0471,4,16.67839,9,16.14149,-0.443162,24.018,450
48.6182386428118, 17.9808,48.7036520428956, 18.8733,4,16.67889,8,16.51685,-1.002223,40.4056,450
48.6349448431283, 17.5316,48.7181820431724, 12.4628,4,16.67921,6,16.40611,0.122916,50.2526,450
48.652224842459, 17.2926,48.7354496428743, 17.3062,4,16.67945,6,6.492703,-0.99595,63.4136,450
48.6692521423101, 14.7388,48.7511752424762, 17.2226,4,16.67871,6,3.085762,-0.911041,79.502096,450
48.6851708423346, 15.9358,48.7689493419603, 18.0573,4,16.67842,6,5.818623,-0.48877,96.7872,450
48.7036520428956, 18.6293,48.7853451417759, 16.7762,4,16.67917,6,6.271884,-0.097166,110.470496,450
48.7181820431724, 17.238,48.8019656417891, 14.2333,4,16.67938,5,11.61955,-1.145972,97.811104,450
48.7354496428743, 17.3996,48.8194824410602, 17.4961,4,16.67965,5,12.80764,-0.676578,94.413904,450
48.7511752424762, 14.3947,48.8359578410164, 18.5403,4,16.67878,5,11.04557,0.009517,95.9646,450
48.7689493419603, 17.5995,48.8533523408696, 17.4683,4,16.67913,5,10.56947,-0.080809,95.9998,450
48.7853451417759, 17.9102,48.8679608404636, 14.7596,4,16.6796,5,3.986372,-0.306513,93.9814,450
48.8019656417891, 16.9195,48.8854307401925, 15.3924,4,16.67969,5,12.93748,-0.371527,93.879104,450
48.8194824410602, 15.6544,48.9010067405179, 15.4062,4,16.6793,5,12.42828,0.077693,94.773504,450
48.8359578410164, 14.995,48.919931541197, 20.5473,4,16.67866,5,10.12871,-0.791868,96.820896,450
48.8533523408696, 15.8279,48.935534841381, 15.7453,4,16.67834,5,11.94991,0.308349,96.352096,450
48.8679608404636, 18.467,48.9525950411335, 17.4246,4,16.67902,5,12.05793,-0.220243,96.4354,450
48.8854307401925, 16.4429,48.9693493405357, 14.8294,4,16.67893,5,12.17681,-0.636913,94.432704,450
48.9010067405179, 17.9734,48.9851225400344, 15.645,4,16.67942,5,11.69587,-0.157014,93.9294,450
48.919931541197, 15.0196,49.0018106391653, 18.3779,4,16.67879,5,12.69735,-1.088748,93.481,450
48.935534841381, 15.7112,49.0192723395303, 17.5858,4,16.67842,5,9.698743,-0.319005,94.4746,450
48.9525950411335, 18.8153,49.0192723395303, 5.9085,4,16.67923,5,10.84501,-0.14288,95.7356,450
48.9693493405357, 17.8932,49.0355227394029, 8.4326,4,16.6797,5,12.35731,-0.692247,94.939696,450
48.9851225400344, 17.014,49.051183138974, 15.6611,4,16.67982,5,11.97035,-0.287307,95.502096,450
49.0018106391653, 14.7192,49.0681689390913, 18.5984,4,16.67908,5,12.7543,0.442842,96.5556,450
49.0192723395303, 17.9913,49.0859402390197, 18.3264,4,16.67957,5,10.40138,0.48398,96.021504,450
49.0355227394029, 16.3696,49.1024661390111, 16.2967,3,16.67946,5,11.98275,-0.953941,92.644304,450
49.051183138974, 17.3493,49.1183557389304, 14.0302,3,16.67971,5,12.42191,0.583586,95.521904,450
49.0681689390913, 14.6544,49.1357979392633, 17.6371,3,16.67895,5,12.10656,0.111975,94.807696,450
49.0859402390197, 16.0154,49.1527467397973, 18.8152,3,16.67869,5,11.19002,-0.013008,95.52,450
49.1024661390111, 17.6091,49.1699549397454, 17.316,3,16.67905,5,9.794641,0.011677,96.104096,450
49.1183557389304, 17.0696,49.1852621398866, 14.6826,3,16.67919,5,11.18141,-0.302641,93.736,450
49.1357979392633, 16.5842,49.2018692400306, 14.9749,3,16.67916,5,9.008625,1.186696,84.6118,450
49.1527467397973, 15.6006,49.2192306406796, 17.5512,3,16.67875,4,11.61291,-0.357067,79.792,450
49.1699549397454, 17.2217,49.2357140406966, 16.4332,3,16.67896,4,11.76902,0.214364,77.764896,450
49.1852621398866, 18.4604,49.2509169410914, 17.0512,3,16.67963,4,9.345341,0.065662,79.011696,450
49.2018692400306, 16.7562,49.2693844418973, 18.3776,3,16.67966,4,4.130704,-0.770151,77.983296,450
49.2192306406796, 16.057,49.2853168416768, 14.1828,3,16.67942,4,10.60077,-0.184064,81.179504,450
49.2357140406966, 16.435,49.3025098424405, 17.1028,3,16.67933,4,12.23974,-0.206677,77.7634,450
49.2509169410914, 14.3027,49.319106541574, 16.593,3,16.67843,4,11.50214,0.52311,80.9342,450
49.2693844418973, 16.8781,49.3354391418397, 16.5186,3,16.67851,4,11.74685,-0.257903,79.7982,450
49.2853168416768, 18.4839,49.3521605413407, 16.5739,3,16.67919,4,12.65876,-0.027716,78.953296,450
49.3025098424405, 14.7571,49.3694462422282, 17.4798,3,16.67846,5,10.24138,-0.391229,81.087696,450
49.319106541574, 19.3151,49.3870187420398, 19.1496,3,16.67946,4,11.92369,-0.316642,78.9734,450
49.3354391418397, 17.5958,49.4033107422292, 16.3148,3,16.6798,4,11.1339,-0.970855,79.151696,450
49.3521605413407, 14.9831,49.4190672431141, 15.9677,3,16.67916,4,16.57562,0.075532,79.4262,450
49.3694462422282, 16.0952,49.4371323436499, 16.3419,3,16.67895,4,16.31363,-0.431981,80.1408,450
49.3870187420398, 15.4471,49.453185742721, 15.8567,3,16.67848,4,16.67194,-0.538897,79.5122,450
49.4033107422292, 17.5526,49.4688040427864, 17.3044,3,16.67881,4,16.61336,0.049687,79.025296,450
49.4190672431141, 15.9813,49.4853486418724, 16.4483,3,16.67855,4,17.25517,-0.591148,79.462896,450
49.4371323436499, 18.1884,49.5019778423011, 16.8787,3,16.67912,4,5.379681,0.319135,79.640304,450
49.453185742721, 16.9557,49.5210160426795, 17.2499,3,16.67922,4,4.726197,-0.265347,79.7334,450
49.4688040427864, 15.6471,49.5348925422877, 13.8982,3,16.67883,4,7.673413,-0.312216,80.743904,450
49.4853486418724, 15.7878,49.5525980424136, 17.633,3,16.6785,4,5.626448,1.767892,77.2592,450
49.5019778423011, 16.8229,49.5683920420706, 15.6268,3,16.67855,4,12.46297,-0.629222,78.3234,450
49.5210160426795, 17.6015,49.5855490416288, 19.0154,3,16.6789,4,9.676647,-0.651536,78.6856,450
49.5348925422877, 18.4181,49.603134540841, 18.0399,3,16.67955,4,10.22242,0.185234,79.9154,450
49.5525980424136, 16.0699,49.6187682412565, 15.2804,3,16.67932,4,10.03971,-0.755859,78.047104,450
49.5683920420706, 16.7175,49.636076040566, 17.1677,3,16.67933,4,4.553922,-0.205835,76.651296,450
49.5855490416288, 14.6386,49.6532894410193, 17.7124,3,16.67857,4,10.16994,-0.21188,77.828704,450
49.603134540841, 17.5776,49.6692908406258, 15.0009,3,16.67891,4,10.40477,-0.185831,79.7222,450
49.6187682412565, 16.4159,49.6860033404082, 15.6453,3,16.67881,4,11.57156,0.197957,79.596704,450
49.636076040566, 16.7565,49.7026229407638, 16.5641,3,16.67884,4,12.60863,-0.646297,77.234304,450
49.6532894410193, 17.1825,49.7181799411774, 15.4992,3,16.67903,4,11.98978,-0.250675,77.438,450
49.6692908406258, 18.4988,49.73700604029, 18.8972,3,16.67971,4,12.09723,-0.564536,80.063104,450
49.6860033404082, 14.8581,49.7521606404334, 16.7427,3,16.67903,4,10.28684,0.195907,78.300096,450
49.7026229407638, 18.6076,49.7694645412266, 17.2672,3,16.67975,4,11.4218,0.265431,78.684896,450
49.7181799411774, 16.4104,49.7858763411641, 16.8946,3,16.67965,4,12.41127,-0.355265,76.7714,450
49.73700604029, 17.2468,49.80253874138, 14.4899,3,16.67986,4,11.93714,-0.163156,77.177,450
49.7521606404334, 14.7221,49.819263741374, 16.8036,3,16.67913,4,12.21359,0.727207,78.649696,450
49.7694645412266, 15.7349,49.8368672411889, 17.8564,3,16.67878,4,9.671269,0.025809,81.145296,450
49.7858763411641, 17.5594,49.8521380415186, 15.0517,3,16.6791,4,11.46206,0.249122,78.203104,450
49.80253874138, 16.6748,49.8693665424362, 17.3099,3,16.6791,4,11.91726,-1.09929,78.912704,450
49.819263741374, 16.568,49.8854831429198, 17.5157,3,16.67906,4,12.01969,0.210555,77.5226,450
49.8368672411889, 17.1011,49.9061223426834, 19.5895,3,16.67922,4,10.96519,-0.212916,75.745296,450
49.8521380415186, 16.1873,49.9188876431435, 12.2597,3,16.67903,4,9.992478,-1.172712,79.238896,450
49.8693665424362, 17.4368,49.9372684434056, 18.566,3,16.67932,4,9.70759,0.590554,80.510896,450
49.8854831429198, 14.7257,49.9529040437192, 15.5222,3,16.67859,4,13.01274,-0.56291,79.461504,450
49.9061223426834, 18.6611,49.9692382439971, 16.9674,3,16.67933,4,11.61922,0.374558,78.7918,450
49.9188876431435, 16.8443,49.9870838448405, 17.1715,3,16.67939,4,11.82281,0.280593,77.800896,450
49.9372684434056, 16.2917,50.003305144608, 17.9898,3,16.67924,4,13.05735,-0.132472,77.328096,450
49.9529040437192, 16.266,50.0206550452858, 15.6261,3,16.67909,4,9.32551,-0.345737,80.6032,450
49.9692382439971, 17.1165,50.0357452454045, 15.002,3,16.67925,4,10.48314,0.613156,79.149104,450
49.9870838448405, 16.5361,50.053556044586, 18.0171,3,16.6792,4,3.019107,-0.074771,78.400304,450
50.003305144608, 15.0558,50.0703593445942, 16.7926,3,16.6786,4,11.58647,-1.047513,80.161504,450
50.0206550452858, 18.3917,50.0859104441479, 15.6214,3,16.67923,4,11.97134,-0.969775,79.829104,450
50.0357452454045, 16.8996,50.1034848438576, 19.2157,3,16.67931,4,10.45764,-0.466501,79.890096,450
50.053556044586, 16.2075,50.1191170429811, 15.4461,3,16.67914,4,9.304071,-0.463295,79.9218,450
50.0703593445942, 16.9714,50.1361436424777, 17.4976,3,16.67925,4,9.908213,0.567713,78.393296,450
50.0859104441479, 17.1011,50.1522366432473, 13.8305,3,16.6794,4,12.94368,0.094829,78.764304,450
50.1034848438576, 14.7288,50.1693779425696, 17.105,3,16.67868,4,12.8328,0.409996,78.6478,450
50.1191170429811, 17.0211,50.186143242754, 18.5338,3,16.67881,4,12.2409,0.28029,79.033296,450
50.1361436424777, 17.6153,50.2032785424963, 17.2409,3,16.67916,4,12.33399,-0.19457,77.098704,450
50.1522366432473, 16.7525,50.2192165432498, 16.1653,3,16.67918,4,11.05647,-0.08937,77.744896,450
50.1693779425696, 16.326,50.2367743430659, 15.4349,3,16.67905,4,9.652304,-0.214554,78.159696,450
50.186143242754, 15.3319,50.2525926427916, 15.8249,3,16.67855,4,9.29221,1.453857,79.034304,450
50.2032785424963, 16.427,50.2699015429243, 17.2812,3,16.67846,4,11.29147,-0.65779,78.4848,450
50.2192165432498, 18.7082,50.2862382428721, 16.5377,3,16.67921,4,11.94707,-0.051991,75.353296,450
50.2367743430659, 16.7142,50.3029111428186, 18.5067,3,16.67922,4,11.71565,-0.621288,78.8458,450
50.2525926427916, 17.5471,50.3201392432675, 17.4512,3,16.67954,4,12.08434,-0.669395,79.4384,450
50.2699015429243, 15.6727,50.336967642419, 16.4452,3,16.67917,4,8.76339,0.073186,79.19,450
50.2862382428721, 16.5808,50.3522318424657, 13.5194,3,16.67914,4,12.53679,-0.936804,80.106096,450
50.3029111428186, 15.1756,50.3699986422434, 18.1269,3,16.67858,4,11.89599,-0.090119,80.6222,450
50.3201392432675, 17.3047,50.3861121414229, 15.5924,3,16.67881,4,12.46739,0.175681,80.5274,450
50.336967642419, 16.6124,50.4028804423288, 16.7859,3,16.67879,4,12.52411,-0.671629,79.906096,450
50.3522318424657, 17.8684,50.4194484418258, 18.4594,3,16.67923,4,11.7157,0.013543,80.835296,450
50.3699986422434, 16.8447,50.435815741308, 16.2411,3,16.67929,4,11.04092,-0.924508,81.492704,450
50.3861121414229, 16.5942,50.4548635417596, 17.4007,3,16.67926,4,11.80862,-0.195594,78.792096,450
50.4028804423288, 16.19,50.4697309415787, 14.8208,3,16.67908,4,11.40393,0.239201,78.795696,450
50.4194484418258, 14.8935,50.4861379414797, 16.4646,3,16.67842,4,12.61866,-0.103647,78.5268,450
50.435815741308, 17.363,50.5031610410661, 17.0122,3,16.67867,4,11.78261,-0.023488,77.7092,450
50.4548635417596, 18.1058,50.5199073404074, 18.5486,3,16.6792,4,10.73489,-0.464343,76.987504,450
50.4697309415787, 17.0995,50.5367069412023, 16.8682,3,16.67935,4,10.144,0.201283,76.0282,450
50.4861379414797, 16.3953,50.5530146416277, 16.5071,3,16.67924,4,11.56955,-0.947093,77.749504,450
50.5031610410661, 17.6774,50.5702359415591, 16.7709,3,16.67961,4,11.55549,-0.605868,81.118304,450
50.5199073404074, 14.2619,50.5868326406926, 14.991,3,16.67872,4,11.88384,0.572481,80.024896,450
50.5367069412023, 16.8607,50.6042319405824, 17.3013,3,16.67879,4,10.49032,-0.216463,79.7884,450
50.5530146416277, 16.0519,50.6201616413891, 17.7936,3,16.67856,4,9.709493,-0.971599,80.1942,450
50.5702359415591, 17.7623,50.6371356416494, 16.892,3,16.67896,4,10.63507,-1.302375,81.270704,450
50.5868326406926, 17.2343,50.6539719421417, 17.1144,3,16.67916,4,12.39142,-0.913614,80.3456,450
50.6042319405824, 17.0126,50.6701399423182, 15.9125,3,16.67928,4,11.31616,-1.012932,79.720096,450
50.6201616413891, 14.7727,50.6870108414441, 15.1664,3,16.67859,4,10.4204,-0.420708,79.0526,450
50.6371356416494, 17.5542,50.7033509407192, 18.121,3,16.67891,4,10.91527,-0.866963,79.064304,450
50.6539719421417, 16.2562,50.7199822403491, 14.9754,3,16.67875,4,10.89091,-0.543075,78.5528,450
50.8199429418892, 174.5308,50.8372540418059, 121.4978,3,16.7364,4,12.81133,-0.133952,76.683904,450
50.8372540418059, 2.3409,50.8528829421848, 11.2093,0,16.73115,4,12.86361,-0.84373,77.691296,450
50.8372540418059, 0.5571,50.8528829421848, 6.5396,0,16.72525,4,10.61686,0.275622,79.1256,450
50.8372540418059, 1.5468,50.8710043430328, 13.1996,1,16.71971,4,10.74397,-0.885207,79.351904,450
50.8372540418059, 1.0984,50.8710043430328, 5.8324,2,16.71401,4,10.15935,0.925954,79.4974,450
50.8372540418059, 1.3102,50.8857171433046, 7.2803,3,16.7084,4,11.71023,-0.386266,77.1698,450
50.8372540418059, 0.4967,50.8857171433046, 4.3722,4,16.70249,4,12.59308,-0.231928,79.0968,450
50.8372540418059, 1.3594,50.9028264423832, 14.5228,5,16.6969,4,9.616307,0.44392,78.4066,450
50.8372540418059, 1.0776,50.9197539417073, 17.1641,6,16.69121,4,10.85775,-0.345543,78.8662,450
50.8372540418059, 0.433,50.9373946422711, 17.7172,7,16.68529,4,8.682766,-0.672256,78.6178,450
50.8372540418059, 1.2903,50.9543197425082, 14.9732,8,16.67969,4,10.49493,-0.624267,78.1414,450
50.8528829421848, 14.6434,50.9699073424563, 15.5575,9,16.67895,4,12.04248,1.386431,78.985904,450
50.8710043430328, 18.119,50.9699073424563, 4.5597,8,16.67947,4,11.19134,-0.785387,78.1544,450
50.8857171433046, 17.4045,50.9869034430012, 13.9935,7,16.67974,4,10.32826,0.899031,77.207,450
50.9028264423832, 14.8854,51.0032764421776, 16.4363,6,16.67908,4,10.56857,-0.229148,78.515696,450
50.9197539417073, 16.477,51.0196438422427, 16.5119,6,16.67901,4,10.27707,1.451897,78.312,450
50.9373946422711, 18.3131,51.0378326429054, 16.2946,6,16.6796,4,10.28799,-0.530387,78.720096,450
50.9543197425082, 16.6556,51.0542887421325, 16.5558,6,16.6796,4,12.60867,1.36343,77.4222,450
50.9699073424563, 16.478,51.0716176414862, 17.3687,6,16.67952,4,9.307548,-0.412834,80.1698,450
50.9869034430012, 13.5957,51.0872326418757, 15.6434,5,16.6784,4,10.1113,0.716072,80.3876,450
51.0032764421776, 17.1251,51.1037331409752, 16.656,5,16.67856,4,8.252487,-0.090423,80.0052,450
51.0196438422427, 16.2504,51.1201592404395, 16.3358,5,16.67841,4,12.32347,-1.029251,79.444096,450
51.0378326429054, 19.9518,51.1382508408278, 17.9448,5,16.6796,4,10.33233,0.307158,77.482,450
51.0542887421325, 15.488,51.1531303403899, 14.9843,5,16.67916,4,10.41203,-0.135167,79.528496,450
51.0716176414862, 16.7465,51.1696733394638, 16.2974,5,16.67919,4,9.199923,-0.557364,79.454304,450
51.0872326418757, 16.5253,51.1870688395575, 17.5187,5,16.67913,4,9.826551,0.465026,78.599,450
51.1037331409752, 16.6519,51.2041093399748, 17.9124,5,16.67912,4,12.43444,-1.139992,79.261504,450
51.1201592404395, 18.1052,51.2205906407908, 17.3096,5,16.67964,4,11.19827,-0.862818,78.7496,450
51.1382508408278, 16.8175,51.2375473408028, 17.379,5,16.67969,4,9.988264,0.451181,79.614896,450
51.1531303403899, 15.6512,51.2545326417312, 16.7045,5,16.67932,3,10.42017,-0.086592,65.468,450
51.1696733394638, 16.2095,51.270458641462, 15.6754,5,16.67915,3,8.876192,-0.7947,60.3847,450
51.1870688395575, 18.4319,51.2870708415285, 15.055,5,16.67978,3,12.99412,0.265992,62.78,450
51.2041093399748, 14.478,51.304476342164, 17.3584,5,16.67899,3,12.65672,0.018584,61.6112,450
51.2205906407908, 16.7913,51.320453141816, 16.0763,5,16.67903,3,10.43589,-0.880424,61.6399,450
51.2375473408028, 16.034,51.3372513419017, 16.7432,5,16.67879,3,11.7556,0.418168,60.6087,450
51.2545326417312, 16.6826,51.3544784421101, 17.2671,5,16.67879,3,10.73021,-1.23874,62.6503,450
51.270458641462, 18.7656,51.370836741291, 16.3963,5,16.67955,3,11.46992,-0.665648,62.9193,450
51.2870708415285, 14.6848,51.3869279408827, 16.455,5,16.67883,3,11.71652,0.079044,62.9212,450
51.304476342164, 17.3745,51.3869279408827, 6.4782,5,16.67908,3,8.833232,-0.370864,61.6699,450
51.320453141816, 16.5781,51.4036592403427, 11.7587,5,16.67904,3,15.92044,-1.036572,61.8069,450
51.3372513419017, 16.6097,51.4203441394493, 14.5817,5,16.67902,3,17.56575,1.120798,62.9472,450
51.3544784421101, 15.8842,51.4372604386881, 17.1309,5,16.67873,3,17.01976,-0.816088,64.4505,450
51.370836741291, 17.3265,51.4537404393777, 16.2977,5,16.67896,3,16.31916,0.255219,60.9143,450
51.3869279408827, 14.8374,51.4716691402718, 18.0337,5,16.6783,3,16.75687,-0.889107,61.6457,450
51.4036592403427, 18.8755,51.4871047399938, 15.4616,4,16.67909,3,3.220202,-0.267533,63.0733,450
51.4203441394493, 16.5461,51.5046944394708, 19.7135,4,16.67904,3,3.095488,-1.082941,59.9751,450
51.4372604386881, 17.7995,51.5216967388988, 16.6633,4,16.67945,3,5.217781,0.395413,59.5293,450
51.4537404393777, 16.5278,51.5391501393169, 15.6823,4,16.67939,3,3.556607,-0.160628,60.9851,450
51.4716691402718, 16.3142,51.5554543398321, 18.4551,4,16.67926,3,12.57973,-1.242298,60.9527,450
51.4871047399938, 16.9157,51.5704643400386, 14.7948,4,16.67935,3,11.96414,-1.203268,62.9912,450
51.5046944394708, 15.2405,51.5879376409575, 15.4212,4,16.67883,3,12.79439,-0.637221,63.3493,450
51.5216967388988, 15.9948,51.6040556402877, 16.2736,4,16.67859,3,9.628228,-0.027402,63.4079,450
51.5391501393169, 15.9375,51.6207992406562, 16.6477,4,16.67832,3,3.808598,-0.145025,62.2258,450
51.5554543398321, 16.5629,51.6367472400889, 15.9307,4,16.67828,4,12.99737,-0.74322,65.2877,450
51.5704643400386, 17.1011,51.6533830398694, 16.6145,4,16.67843,3,12.84832,-0.074144,63.6386,450
51.5879376409575, 18.204,51.6700327405706, 18.6434,4,16.67898,3,12.43,-0.807379,61.7302,450
51.6040556402877, 17.327,51.6876693414524, 17.5008,4,16.67921,3,10.23483,-0.684846,63.3916,450
51.6207992406562, 16.104,51.7040290413424, 16.1968,4,16.679,3,9.90672,-0.467885,63.6945,450
51.6367472400889, 16.6168,51.7212329404429, 17.6268,4,16.67898,3,10.61814,0.245053,62.0481,450
51.6533830398694, 17.0848,51.7370184408501, 13.6122,4,16.67912,3,11.83238,0.309849,61.5238,450
51.6700327405706, 16.4953,51.7544737411663, 17.5478,4,16.67906,3,12.60395,-0.269564,60.3158,450
51.6876693414524, 16.8376,51.7701605418697, 17.2006,4,16.67912,3,12.56549,-0.794805,61.5139,450
51.7040290413424, 16.6012,51.7878299420699, 17.8295,4,16.67909,3,10.33595,-0.474012,63.4722,450
51.7212329404429, 18.5938,51.8042079424486, 16.7243,4,16.67977,3,9.195451,-0.432173,63.1986,450
51.7370184408501, 16.4094,51.8210593415424, 15.0139,4,16.67967,3,9.502964,0.116204,62.3018,450
51.7544737411663, 15.2414,51.837573341094, 16.4184,4,16.67916,3,11.9395,0.200652,63.5705,450
51.7701605418697, 14.3025,51.8539006402716, 16.2042,4,16.67831,3,12.33311,-0.328512,65.5563,450
51.7878299420699, 17.1947,51.8708042399958, 17.0603,4,16.6785,3,12.01427,-0.295515,62.5352,450
51.8042079424486, 19.4634,51.8881205404177, 17.1011,4,16.67949,3,12.1318,0.267214,63.681,450
51.8210593415424, 15.9615,51.9042390407994, 16.1642,4,16.67924,3,9.538948,-0.754928,62.8385,450
51.837573341094, 17.7265,51.9225509399548, 20.3518,4,16.67961,3,9.763712,-0.25096,62.4311,450
51.8539006402716, 16.692,51.9376356396824, 14.9285,4,16.67961,3,10.59892,-0.191006,60.4352,450
51.8708042399958, 15.8993,51.9557178393006, 16.2842,4,16.67933,3,12.17689,0.35591,63.4541,450
51.8881205404177, 17.4327,51.9712422396988, 15.5276,4,16.6796,3,11.62943,-0.233405,59.5735,450
51.9042390407994, 15.2704,51.9870250392705, 15.6665,4,16.6791,3,12.56106,1.33928,60.2821,450
51.9225509399548, 15.8809,52.0043064393103, 17.3537,4,16.67882,3,12.18551,-0.288592,59.1043,450
51.9376356396824, 16.5129,52.0216236393899, 19.013,4,16.67876,3,10.23679,-0.311154,61.9573,450
51.9557178393006, 18.8246,52.0373048391193, 15.8756,4,16.67952,3,3.257205,0.266599,60.83,450
51.9712422396988, 16.522,52.054205538705, 17.2266,4,16.67946,3,12.01702,-0.46742,60.9764,450
51.9870250392705, 17.2257,52.0722052380443, 15.8357,4,16.67966,3,10.45709,-0.291548,60.976,450
52.0043064393103, 16.8708,52.0871631382033, 15.0929,4,16.67973,3,10.41695,-0.023689,64.1598,450
52.0216236393899, 13.4515,52.1043426385149, 16.945,4,16.67858,3,10.2266,-0.079379,64.2336,450
52.0373048391193, 17.2799,52.1212780391797, 18.5524,4,16.67879,3,9.80462,-0.562933,62.7665,450
52.054205538705, 18.9712,52.1387517387047, 17.9206,4,16.67961,3,12.29775,-0.796822,62.0099,450
52.0722052380443, 16.8158,52.1549275377765, 16.1487,4,16.67966,3,12.15539,-0.86001,61.4212,450
52.0871631382033, 16.8973,52.171136838384, 15.9031,4,16.67973,3,10.16538,-0.414023,60.6477,450
52.1043426385149, 15.9073,52.1883644377813, 15.4344,4,16.67946,3,9.886433,0.508857,58.5362,450
52.1212780391797, 13.8527,52.2054072385654, 17.1275,4,16.67846,3,10.81832,0.178552,62.1912,450
52.1387517387047, 17.5745,52.2214522389695, 16.1201,4,16.67878,3,12.63371,-0.497821,61.4116,450
52.1549275377765, 16.4803,52.237229638733, 15.7308,4,16.67871,3,12.65202,-0.394914,61.4681,450
52.171136838384, 17.3779,52.2544393381104, 19.1387,4,16.67895,3,10.43744,0.64053,61.3384,450
52.1883644377813, 17.3026,52.271462037228, 16.9697,4,16.67917,3,9.523148,0.378117,61.0712,450
52.2054072385654, 16.2658,52.2875912366435, 16.3374,4,16.67903,3,9.768021,-0.860047,65.5158,450
52.2214522389695, 17.0239,52.3066608374938, 17.0482,4,16.67915,3,12.40831,-0.949999,64.5943,450
52.237229638733, 17.2248,52.3223113371059, 15.693,4,16.67934,3,12.11787,0.606256,64.7016,450
52.2544393381104, 14.4132,52.3371467366815, 14.7837,4,16.67854,3,9.361983,-0.269908,64.413,450
52.271462037228, 17.5308,52.3547277376056, 17.418,4,16.67884,3,9.786547,-0.741506,61.7773,450
52.2875912366435, 16.6064,52.371652437374, 16.9881,4,16.67882,3,10.6639,-0.617935,61.267,450
52.3066608374938, 17.6296,52.3872689371929, 15.6944,4,16.67915,3,12.72654,-0.140088,62.3159,450
52.3223113371059, 18.0841,52.4048261372373, 18.7293,4,16.67965,3,11.17691,0.098615,60.5537,450
52.3371467366815, 16.8969,52.4215769367293, 17.3111,4,16.67972,3,10.26441,-0.505634,61.859,450
52.3547277376056, 16.3598,52.4383487375453, 17.2344,4,16.67961,3,10.75194,-0.255581,61.8706,450
52.371652437374, 16.2015,52.4562619375065, 15.6514,4,16.67944,3,10.45039,-0.057274,62.0728,450
52.3872689371929, 17.8106,52.4709765370935, 14.6786,4,16.67984,3,12.06559,-0.776664,63.2314,450
52.4048261372373, 14.0411,52.4882389362901, 17.5337,4,16.67891,3,11.72603,0.04741,61.9021,450
52.4215769367293, 15.6175,52.5046660359949, 16.2124,4,16.67854,4,10.61498,-0.92676,64.4203,450
52.4383487375453, 16.9412,52.5213570352644, 16.6896,4,16.67863,3,10.39777,-0.590753,63.6887,450
52.4562619375065, 17.5734,52.5379087347537, 18.497,4,16.67895,3,9.842764,-0.538221,65.8,450
52.4709765370935, 16.846,52.5553621351719, 17.3535,4,16.679,3,12.56729,0.273154,63.1091,450
52.4882389362901, 17.176,52.5722451359034, 17.0809,4,16.67918,3,11.72656,-1.031083,63.854,450
52.5046660359949, 16.2074,52.5881685353816, 15.5856,4,16.67901,3,10.88875,-1.398003,62.0787,450
52.5213570352644, 17.1629,52.6056832354516, 18.092,4,16.67918,3,10.56312,0.013658,61.133,450
52.5379087347537, 14.8088,52.621493935585, 15.4662,4,16.67853,3,10.25185,-0.255075,60.3172,450
52.5553621351719, 17.1841,52.6380158364773, 14.4855,4,16.67871,3,11.60508,-0.046122,63.9319,450
52.5722451359034, 17.3056,52.6553749367595, 17.3063,4,16.67892,3,12.8494,-0.533431,63.1598,450
52.5881685353816, 16.0407,52.6710246372968, 15.7709,4,16.6787,3,13.19434,0.411748,64.1254,450
52.6056832354516, 17.7548,52.6879394371063, 16.9373,4,16.67908,3,9.950575,0.132019,62.836,450
52.621493935585, 17.91,52.7050616368651, 17.1882,4,16.67951,3,10.33672,-0.435985,62.6644,450
52.6380158364773, 16.9804,52.7211614362895, 16.0202,4,16.67961,3,9.760331,-0.538238,61.9171,450
52.6553749367595, 15.0717,52.7379099354148, 16.7926,4,16.67905,3,12.20705,0.032015,61.4593,450
52.6710246372968, 16.1814,52.7556607350707, 19.5589,4,16.67888,3,11.38198,-0.70425,61.1586,450
52.6879394371063, 17.146,52.7713706344366, 16.0465,4,16.67904,3,9.550085,0.05838,60.4746,450
52.7050616368651, 16.939,52.7881766352803, 16.6995,4,16.67913,3,10.26834,0.221041,61.4975,450
52.7211614362895, 16.3179,52.8053232356906, 16.7264,4,16.679,3,11.94339,-0.856961,64.3102,450
52.7379099354148, 16.4742,52.822465935722, 17.5469,4,16.67893,3,11.62105,0.094966,63.2738,450
52.7556607350707, 16.2521,52.8399331364781, 15.3375,4,16.67879,3,12.29032,-0.325391,63.1774,450
52.7713706344366, 16.1151,52.8553838366643, 15.479,4,16.67859,3,9.889959,-0.218546,62.9377,450
52.7881766352803, 16.8117,52.8715455373749, 16.1496,4,16.67863,3,9.717361,0.0685,64.2139,450
52.8053232356906, 17.2905,52.8887560376897, 17.296,4,16.67885,3,10.45103,0.197553,62.2339,450
52.822465935722, 16.9887,52.9052589377388, 16.4767,4,16.67896,3,11.66219,0.034705,63.5002,450
52.8399331364781, 18.1611,52.9215561384335, 16.2949,4,16.67947,3,12.05255,-0.878612,62.2592,450
52.8553838366643, 16.9372,52.937794839032, 17.9413,4,16.67956,3,10.3242,0.003487,60.7008,450
52.8715455373749, 16.3139,52.9555471381173, 17.7665,4,16.67944,3,9.738547,-0.431335,59.5912,450
52.8887560376897, 15.8243,52.9712435388938, 16.0315,4,16.67914,3,9.370595,-0.093354,59.3628,450
52.9052589377388, 16.641,52.9880120391026, 16.7865,4,16.67912,3,11.73721,-0.390381,62.755,450
52.9215561384335, 17.4656,53.0052206395194, 15.1429,4,16.6794,3,12.42671,-0.116056,64.1413,450
52.937794839032, 14.8317,53.0219078389928, 16.7834,4,16.67875,3,9.923835,-0.876965,61.9913,450
52.9555471381173, 16.7305,53.0378795387223, 16.0096,4,16.67877,3,10.56835,-0.628686,60.364,450
52.9712435388938, 17.0295,53.0555315380916, 17.4886,4,16.6789,3,9.650181,0.253957,62.8312,450
52.9880120391026, 18.2176,53.0717516383156, 17.9684,4,16.67943,3,12.20136,-1.099735,62.205,450
53.0052206395194, 17.5325,53.0887503391132, 17.056,4,16.67973,3,11.89876,0.433276,61.0144,450
53.0219078389928, 16.3651,53.1053489400074, 17.2099,4,16.67962,3,12.59249,-0.282134,62.2256,450
53.0378795387223, 16.9494,53.1219548406079, 16.1174,4,16.67971,3,12.39724,-0.828658,62.0058,450
53.0555315380916, 16.7246,53.1396533409134, 15.7765,4,16.67973,3,11.66074,0.335494,63.5659,450
53.0717516383156, 14.8716,53.1557018412277, 16.1886,4,16.6791,3,11.25492,-0.394103,63.4775,450
53.0887503391132, 16.3477,53.1719961417839, 16.1352,4,16.67898,3,9.511834,-0.142005,63.1873,450
53.1053489400074, 16.6206,53.1889763409272, 17.0287,4,16.67896,3,7.977358,-0.056341,65.8859,450
53.1219548406079, 17.3086,53.2049312414601, 16.0099,4,16.67918,3,10.32891,-0.580288,64.4041,450
53.1396533409134, 16.2713,53.2222638418898, 19.0214,4,16.67904,3,11.3715,-0.491512,64.2681,450
53.1557018412277, 16.8707,53.2393668415025, 17.0857,4,16.67911,3,12.0982,0.209447,61.7091,450
53.1719961417839, 17.2015,53.255605741404, 16.8188,4,16.67929,3,11.86494,-0.053673,61.163,450
53.1889763409272, 16.261,53.2718886407092, 15.7002,4,16.67914,3,11.66919,-1.494012,62.0623,450
53.2049312414601, 17.1903,53.2888510404155, 15.2467,4,16.67932,3,10.67351,-0.365214,60.6776,450
53.2222638418898, 14.51,53.3053352395073, 16.5366,4,16.67857,3,10.08555,-0.252704,59.2765,450
53.2393668415025, 17.0886,53.3224329398945, 17.0145,4,16.67871,3,9.852873,-0.235793,61.8605,450
53.255605741404, 16.7974,53.3383152401075, 15.9415,4,16.67875,3,11.81381,-0.782793,60.3144,450
53.2718886407092, 18.1212,53.3554254407063, 18.7833,4,16.67925,3,12.75461,0.629065,59.3197,450
53.2888510404155, 17.2666,53.37215884123, 16.7634,4,16.67945,3,12.2428,-0.512378,61.1963,450
53.3053352395073, 16.1432,53.3889648420736, 17.0165,4,16.67927,3,11.92919,0.375842,62.1417,450
53.3224329398945, 16.5577,53.4052183413878, 15.9417,4,16.67923,3,11.93579,-0.309708,61.1549,450
53.3383152401075, 19.3199,53.4052183413878, 5.7707,4,16.68014,3,10.86884,-0.911076,60.1154,450
53.3554254407063, 14.2554,53.4219151409343, 9.1723,4,16.6793,3,9.392178,-0.258924,63.0586,450
53.37215884123, 16.3008,53.4388707401231, 18.7065,4,16.67917,3,12.25986,-0.404251,63.3556,450
53.3889648420736, 17.5843,53.4552579401061, 16.4043,4,16.67948,3,11.20891,-0.358666,62.3029,450
53.4052183413878, 17.4488,53.4724089400843, 17.4864,4,16.67975,3,11.89688,-0.768064,61.2027,450
53.4219151409343, 14.8328,53.4881891394034, 13.792,3,16.67911,3,12.50212,-0.546788,60.5113,450
53.4388707401231, 14.8608,53.5050991391763, 16.9025,3,16.67849,3,10.27105,0.009896,61.2388,450
53.4552579401061, 16.8728,53.5221778387204, 17.1414,3,16.67855,3,10.37097,-0.064097,63.5542,450
53.4724089400843, 17.0531,53.5392827382311, 17.0545,3,16.67868,3,9.978964,-0.295932,63.2385,450
53.4881891394034, 17.9935,53.5560777382925, 16.7447,3,16.67913,3,12.57139,-0.415626,61.5995,450
53.5050991391763, 16.626,53.5729613387957, 16.7599,3,16.67912,3,12.1384,-0.334613,62.4931,450
53.5221778387204, 16.8886,53.5892116380855, 18.0288,3,16.67919,3,11.6877,0.263601,64.2454,450
53.5392827382311, 16.2347,53.6086132386699, 17.7468,3,16.67903,4,10.28053,0.604289,66.3752,450
53.5560777382925, 17.0447,53.6221180390567, 13.4987,3,16.67916,3,10.22893,-0.181957,61.3683,450
53.5729613387957, 16.6651,53.639500439167, 17.3962,3,16.67916,3,10.13381,1.601438,61.9448,450
53.5892116380855, 15.2539,53.6561367399991, 16.6814,3,16.67867,3,12.2137,-0.526683,62.7156,450
53.6086132386699, 18.6035,53.6717163398862, 15.524,3,16.67933,3,11.59741,0.043151,63.1196,450
53.6221180390567, 16.5439,53.6878366395831, 16.0852,3,16.67928,3,9.544357,-0.888628,62.2222,450
53.639500439167, 16.9335,53.7061233390123, 18.4054,3,16.67937,3,10.17386,0.172519,62.2727,450
53.6561367399991, 15.9306,53.7221602387726, 15.8746,3,16.67911,3,7.981383,-0.097563,63.4742,450
53.6717163398862, 17.0366,53.7393602393568, 19.0749,3,16.67923,3,12.19875,-0.084396,64.0595,450
53.6878366395831, 16.6058,53.7560375388712, 16.9723,3,16.67921,3,11.57293,0.706602,62.2177,450
53.7061233390123, 16.2427,53.772703839466, 16.2923,3,16.67906,3,11.03398,0.460908,65.8451,450
53.7221602387726, 17.7272,53.7891193386167, 16.5449,3,16.67942,3,9.653463,1.184005,65.384,450
53.7393602393568, 15.0927,53.8070499394089, 18.1543,3,16.67887,3,9.557196,-0.869257,64.7799,450
53.7560375388712, 16.7895,53.822448739782, 15.1407,3,16.67891,3,12.0132,-0.092296,65.2206,450
53.772703839466, 16.6787,53.8391448389739, 14.7697,3,16.67891,3,11.19379,-1.169715,62.8962,450
53.7891193386167, 16.2505,53.8569937385619, 17.9115,3,16.67877,3,9.327595,1.050956,62.6015,450
53.8070499394089, 15.5571,53.8728922381997, 15.8598,3,16.67838,3,8.524157,0.012735,65.3029,450
53.822448739782, 18.6233,53.8897725380957, 16.9763,3,16.67905,3,10.4593,0.328544,61.7932,450
53.8391448389739, 16.7364,53.9060724377632, 16.2119,3,16.67907,3,11.74562,0.410821,62.0142,450
53.8569937385619, 16.9092,53.9217878375202, 15.7005,3,16.67915,3,13.02494,-0.448813,65.4303,450
53.8728922381997, 16.7324,53.9379256367683, 17.9306,3,16.67916,3,9.146165,-0.454708,63.8005,450
53.8897725380957, 16.7099,53.9557144362479, 18.6707,3,16.67917,3,10.08916,0.304971,61.8847,450
53.9060724377632, 16.7462,53.9730031359941, 16.4703,3,16.6792,3,9.341079,-0.116104,62.8287,450
53.9217878375202, 16.6908,53.9888771362603, 15.7929,3,16.6792,3,11.19111,-1.111979,62.5996,450
53.9379256367683, 15.1357,54.0052657369524, 16.4045,3,16.67867,3,12.23151,-0.800537,60.7721,450
53.9557144362479, 17.3671,54.0239573363215, 19.369,3,16.67891,2,10.53193,0.244651,65.0237,450
53.9730031359941, 15.8978,54.0392877366394, 12.8598,3,16.67864,1,3.714704,0.083806,61.8211,450
53.9888771362603, 16.758,54.0569502357394, 17.9037,3,16.67867,0,11.96948,-0.664588,61.7763,450
54.0052657369524, 16.311,54.0725084356964, 15.4689,3,16.67854,7,12.98774,0.103966,11.4735,450
54.0239573363215, 16.8849,54.0890883356333, 16.4766,3,16.67862,9,11.06825,0.322272,24.8944,450
54.0392877366394, 18.9742,54.106026135385, 16.9868,3,16.6794,8,9.416594,0.854914,37.2338,450
54.0569502357394, 14.7794,54.1237986348569, 17.7896,3,16.67875,7,9.801188,-0.515536,51.7171,450
54.0725084356964, 18.9508,54.1390773346648, 15.0684,3,16.67952,6,12.44903,-0.557591,60.7312,450
54.0890883356333, 16.6076,54.1562265353277, 17.3159,3,16.6795,6,11.49583,0.086481,77.7382,450
54.106026135385, 16.7609,54.1718806354329, 15.5833,3,16.67953,6,9.355486,-0.180776,92.761,450
54.1237986348569, 17.0894,54.190041535534, 19.9416,3,16.67966,6,8.721836,-1.514798,107.236,450
54.1390773346648, 16.7754,54.2055089352652, 15.6481,3,16.6797,5,10.72479,0.194072,100.515904,450
54.1562265353277, 16.8744,54.2223905352876, 17.0201,3,16.67976,5,12.43232,-0.495162,96.122096,450
54.1718806354329, 17.116,54.2395457355306, 17.1153,3,16.67991,5,11.55528,0.001129,96.496496,450
54.190041535534, 14.4828,54.2573804361746, 17.6669,3,16.67917,5,11.8,-0.06926,96.245904,450
54.2055089352652, 16.7177,54.273912136443, 16.7909,3,16.67918,5,11.43413,-0.469225,95.1842,450
54.2223905352876, 16.7724,54.2894382365048, 15.3052,3,16.67921,5,9.732162,-0.383083,94.3648,450
54.2395457355306, 16.5818,54.3070373367518, 15.8246,3,16.67918,5,12.23447,0.210515,93.098704,450
54.2573804361746, 16.5435,54.3231745362282, 15.9587,3,16.67913,5,11.81156,1.085351,95.956,450
54.273912136443, 16.4456,54.3388508353382, 15.6673,3,16.67905,5,11.89672,0.703906,97.551504,450
54.2894382365048, 18.6443,54.3553395345807, 16.5332,3,16.67972,5,12.05218,-0.207076,96.108,450
54.3070373367518, 14.8541,54.3738359343261, 18.5089,3,16.6791,5,12.16308,1.092714,96.2892,450
54.3231745362282, 18.5211,54.3899922352284, 17.7404,3,16.67972,5,11.29495,0.478066,96.0852,450
54.3388508353382, 16.7764,54.406641734764, 16.8409,3,16.67976,5,8.864394,-0.516749,98.1476,450
54.3553395345807, 17.0943,54.4233796354383, 16.9567,3,16.6799,5,9.256676,-0.653968,97.121,450
54.3738359343261, 16.0604,54.4393012356013, 15.8021,3,16.67969,5,9.969086,-0.6942,98.9524,450
54.3899922352284, 13.3344,54.4571342356503, 17.7685,3,16.67856,5,10.30613,-0.015798,96.276096,450
54.406641734764, 16.7669,54.472909335047, 15.8452,3,16.67859,5,11.12555,-1.12785,95.343504,450
54.4233796354383, 16.9016,54.4897137358785, 17.009,3,16.67866,5,10.50447,-0.144048,95.2534,450
54.4393012356013, 16.1181,54.5057731363922, 15.8287,3,16.67847,5,10.735,-0.987797,95.189104,450
54.4571342356503, 17.5464,54.5223701372743, 14.9117,3,16.67876,5,10.5359,-0.501418,95.628304,450
54.472909335047, 16.9644,54.5390414372087, 16.4532,3,16.67886,5,9.96625,0.371447,94.202304,450
54.4897137358785, 16.3887,54.5563953369856, 17.4365,3,16.67876,5,12.74665,-0.663725,95.483904,450
54.5057731363922, 18.4228,54.5731270369142, 16.6607,3,16.67935,5,11.7944,-0.039533,94.7608,450
54.5223701372743, 16.3159,54.5905742365867, 17.6206,3,16.67923,5,12.84742,0.493358,93.9908,450
54.5390414372087, 16.4732,54.6072112359107, 16.484,3,16.67916,5,10.50995,-0.17838,93.9082,450
54.5563953369856, 18.42,54.6238054353744, 18.6221,3,16.67975,5,9.148325,-0.171407,84.565504,450
54.5731270369142, 16.1046,54.6406829357147, 17.2635,3,16.67955,4,10.54833,-0.260213,80.585296,450
54.5905742365867, 16.2714,54.6560825360939, 14.9419,3,16.67941,4,10.05364,-1.401539,77.045904,450
54.6072112359107, 16.1031,54.6744816368446, 18.6206,3,16.67922,4,9.02488,0.825815,78.1246,450
54.6238054353744, 15.4796,54.6895233364776, 14.7482,3,16.67882,4,10.70551,-0.71403,78.375104,450
54.6406829357147, 15.4517,54.7066617356613, 17.5629,3,16.67841,4,11.74531,-0.088987,80.329696,450
54.6560825360939, 17.019,54.7229400360957, 14.3277,3,16.67852,4,11.85814,-0.362814,76.9632,450
54.6744816368446, 16.3583,54.7402210356668, 17.1035,3,16.67841,4,13.03199,-0.358589,78.1844,450
54.6895233364776, 17.4807,54.7560122357681, 15.7104,3,16.67868,4,10.78293,-0.319392,78.001296,450
54.7066617356613, 18.3042,54.7734156353399, 17.3512,3,16.67923,4,10.75719,0.594306,79.053904,450
54.7229400360957, 16.7328,54.7893907362595, 15.9168,3,16.67924,4,10.17031,-0.803154,77.6908,450
54.7402210356668, 16.0714,54.8073206366971, 19.6865,3,16.67904,4,9.953689,-0.257771,77.812,450
54.7560122357681, 16.4922,54.8229208365083, 15.727,3,16.67898,4,12.14509,-0.818005,80.1006,450
54.7734156353399, 16.8019,54.8402243368328, 17.7588,3,16.67902,4,12.00149,1.369279,79.330896,450
54.7893907362595, 17.4513,54.8568700365722, 16.1616,3,16.67928,4,10.82275,-0.807811,77.420704,450
54.8073206366971, 15.0469,54.8734963368624, 14.8753,3,16.67873,4,12.46597,0.869262,78.7352,450
54.8229208365083, 16.4892,54.8893354367465, 15.7415,3,16.67867,4,11.8405,-0.108726,78.4848,450
54.8402243368328, 17.1355,54.9058927372098, 16.6784,3,16.67882,4,11.00282,-0.44537,80.0194,450
54.8568700365722, 17.9479,54.9235659372061, 17.655,3,16.67925,4,8.093511,0.696539,79.833504,450
54.8734963368624, 16.4195,54.9393097367138, 15.7261,3,16.67916,4,12.51484,0.237486,79.577,450
54.8893354367465, 16.1558,54.9563845358789, 17.1787,3,16.67898,4,10.62793,-0.878614,78.895504,450
54.9058927372098, 17.0102,54.9739331360906, 19.8256,3,16.67909,4,11.76137,-0.686912,78.713,450
54.9235659372061, 17.5027,54.9906789362431, 16.463,3,16.67937,4,11.49696,0.423755,80.604896,450
54.9393097367138, 17.2309,55.0080867353827, 17.1346,3,16.67955,4,11.00641,0.568241,78.613296,450
54.9563845358789, 16.2651,55.0240986347198, 16.0245,3,16.67942,4,9.693314,-0.567199,78.557696,450
54.9739331360906, 15.4245,55.0405104346573, 16.7115,3,16.679,4,10.72321,0.350253,80.7346,450
54.9906789362431, 16.3055,55.056953035295, 14.3134,3,16.67887,4,12.42655,-0.700551,80.407504,450
55.0080867353827, 16.1799,55.0743022356182, 17.4466,3,16.67871,4,11.08906,-0.378334,79.766496,450
55.0240986347198, 16.8113,55.0900247357786, 15.5689,3,16.67875,4,10.9757,-0.937243,79.189504,450
55.0405104346573, 18.7279,55.1072515361011, 17.1686,3,16.67943,4,12.03315,-0.482998,79.0212,450
55.056953035295, 16.6149,55.122744335793, 15.5057,3,16.67941,4,9.494951,-0.38198,77.189904,450
55.0743022356182, 17.1823,55.139567236416, 16.953,3,16.67958,4,10.73033,0.071268,77.637696,450
55.0900247357786, 15.9461,55.1572641367093, 19.3375,3,16.67933,4,9.909243,-0.679387,80.0776,450
55.1072515361011, 15.9765,55.1746105374768, 17.3627,3,16.6791,4,12.7632,0.194251,79.340496,450
55.122744335793, 17.5881,55.1917236382142, 15.4386,3,16.6794,4,12.33838,-0.665059,80.2336,450
55.139567236416, 17.4149,55.2073638373986, 15.7901,3,16.67965,4,10.48233,-0.030182,77.052896,450
55.1572641367093, 14.3905,55.2244228376076, 16.8535,3,16.67889,4,9.917187,-0.370025,79.095504,450
55.1746105374768, 16.5657,55.2403833372518, 15.9391,3,16.67885,4,10.43275,-0.366997,82.476096,450
55.1917236382142, 18.483,55.2576317368075, 17.2922,3,16.67945,4,11.67946,0.155467,79.7498,450
55.2073638373986, 16.4613,55.2752605369315, 17.672,3,16.67938,4,12.53378,0.308385,79.886,450
55.2244228376076, 17.0088,55.2904073372483, 16.7888,3,16.67949,4,11.93612,-1.094328,76.126096,450
55.2403833372518, 16.0425,55.3076506368816, 17.6274,3,16.67927,4,12.0746,-0.015316,77.153904,450
55.2576317368075, 16.1562,55.3240481372923, 16.0427,3,16.6791,4,10.24303,-0.609942,77.143696,450
55.2752605369315, 16.4534,55.3402013368905, 16.1621,3,16.67903,4,9.473815,-0.497529,78.092896,450
55.2904073372483, 15.458,55.3583672363311, 18.1601,3,16.67862,4,9.705928,-0.615085,76.482096,450
55.3076506368816, 17.355,55.3739633364603, 15.8691,3,16.67884,4,12.86772,-0.927561,77.9116,450
55.3240481372923, 16.885,55.3907553358003, 16.7493,3,16.67891,4,11.41874,-0.215781,78.750704,450
55.3402013368905, 16.5201,55.4065369358286, 13.9618,3,16.67886,4,12.50963,-0.346752,78.910096,450
55.3583672363311, 17.0554,55.4231692356989, 16.5074,3,16.67899,4,12.40308,-0.639747,77.774704,450
55.3739633364603, 16.101,55.4401132361963, 17.0039,3,16.67879,4,10.62056,-0.290696,80.342,450
55.3907553358003, 18.6959,55.4573864368722, 17.3075,3,16.67946,4,11.05308,-0.225341,81.5994,450
55.4065369358286, 17.8599,55.4739749366418, 16.4582,3,16.67985,4,10.33785,-0.105552,79.7282,450
55.4231692356989, 15.311,55.4908867357299, 17.8953,3,16.6794,4,12.19775,-0.463777,81.455904,450
55.4401132361963, 17.7028,55.5081464359537, 16.1557,3,16.67974,4,12.4121,0.079931,77.399296,450
55.4573864368722, 17.0436,55.5241480367258, 16.0484,3,16.67986,4,12.07964,-0.007331,79.1064,450
55.4739749366418, 16.2982,55.5403552362695, 18.1777,3,16.67973,4,10.20845,0.70151,79.1302,450
55.4908867357299, 16.0216,55.5573411369696, 16.9701,3,16.67952,4,10.01948,-0.050852,79.280304,450
55.5081464359537, 17.6665,55.5739098368213, 16.673,3,16.67984,4,10.19177,0.241464,76.7284,450
55.5241480367258, 16.3442,55.5912279365584, 15.3044,3,16.67973,4,10.10003,0.412977,78.849504,450
55.5403552362695, 13.0232,55.6071093371138, 15.9666,3,16.67852,4,11.78989,-0.10933,78.181696,450
55.5573411369696, 17.0194,55.6243270365521, 17.3159,3,16.67863,4,11.16875,0.096517,77.722096,450
55.5739098368213, 16.8708,55.6403047358617, 15.8193,3,16.6787,4,10.05334,-0.284436,79.259104,450
55.5912279365584, 18.2261,55.6572984354571, 17.1236,3,16.67921,4,9.840123,-0.302589,82.1236,450
55.6071093371138, 16.771,55.6734098354355, 16.089,3,16.67924,4,9.40553,0.136758,80.123904,450
55.6243270365521, 16.3008,55.6904182350263, 17.0181,3,16.67912,5,10.17288,-0.468495,81.465104,450
55.6403047358617, 16.427,55.7074175355956, 18.7455,3,16.67903,4,11.68024,-1.077548,79.323104,450
55.6572984354571, 16.8851,55.7240602364764, 16.5656,3,16.6791,4,10.24269,0.265099,81.915696,450
55.6734098354355, 16.9636,55.7411385355517, 15.324,3,16.67919,4,11.94884,0.044146,80.197,450
55.6904182350263, 16.8614,55.7571499357, 17.7625,3,16.67925,4,16.19539,-0.364407,79.916096,450
55.7074175355956, 15.1083,55.7741142353043, 16.8526,3,16.67874,4,16.81365,0.13334,80.1678,450
55.7240602364764, 17.1492,55.7924531353638, 19.2818,3,16.67889,4,17.4638,-0.853758,81.8538,450
55.7411385355517, 18.7579,55.8070396352559, 13.7474,3,16.67957,4,16.11545,0.579193,78.842704,450
55.7571499357, 14.5346,55.8239802345634, 15.1106,3,16.67887,4,16.35711,-1.399279,76.7472,450
55.7741142353043, 16.4453,55.8412533346564, 17.226,3,16.67879,4,16.77266,-1.005951,80.6926,450
55.7924531353638, 15.5334,55.8568860348314, 15.9268,3,16.67842,4,7.221058,-0.732487,77.649696,450
55.8070396352559, 18.3442,55.8744335342199, 17.4461,3,16.67896,4,6.153507,0.242429,79.761296,450
55.8239802345634, 17.0447,55.8899536337703, 17.1032,3,16.67908,4,3.800279,0.528218,78.204896,450
55.8412533346564, 16.4644,55.9072168339044, 17.6573,3,16.67901,4,8.829351,-0.564486,79.6986,450
55.8568860348314, 16.4945,55.9242167342454, 17.0799,3,16.67895,4,10.98549,-0.239981,80.2878,450
55.8744335342199, 17.275,55.9399908334017, 15.4331,3,16.67915,4,10.50057,-0.584303,79.6128,450
55.8899536337703, 14.7227,55.9581737332046, 18.3494,3,16.67851,4,9.463282,-0.871607,80.756496,450
55.9072168339044, 16.9514,55.9747880324721, 16.49,3,16.6786,4,11.17309,-1.149672,81.2432,450
55.9242167342454, 17.0174,55.9909148328006, 16.4133,3,16.67871,4,7.728581,0.356818,79.516496,450
55.9399908334017, 16.2559,56.0072843320668, 16.6958,3,16.67857,4,10.4206,0.992522,79.4266,450
55.9581737332046, 16.3431,56.0236801318824, 14.03,3,16.67846,4,10.66071,-0.020943,79.143504,450
55.9747880324721, 17.8175,56.0413724314421, 17.511,3,16.67883,4,10.83307,-0.246532,79.6206,450
55.9909148328006, 16.268,56.0588823314756, 18.969,3,16.6787,4,11.21968,-0.521665,77.7094,450
56.0072843320668, 18.7027,56.0737406313419, 15.192,3,16.67936,4,11.33768,0.857311,76.1806,450
56.0236801318824, 16.166,56.0899558309466, 16.3866,3,16.67919,4,10.64794,-0.888328,76.8854,450
56.0413724314421, 14.8169,56.1081775315106, 18.2734,3,16.67858,4,11.68503,-1.003017,77.5012,450
56.0588823314756, 18.2019,56.1244293320924, 16.531,3,16.67908,4,11.70397,-0.312734,79.646096,450
56.0737406313419, 15.1846,56.139913732186, 13.2689,3,16.67859,4,12.05339,0.083418,80.686096,450
56.0899558309466, 17.3647,56.1579907312989, 18.3087,3,16.67882,4,10.79193,-0.153663,81.2018,450
56.1081775315106, 16.6589,56.1744805313647, 16.429,3,16.67881,3,12.48622,0.111951,79.203904,450
56.1244293320924, 18.2278,56.1909284312278, 16.3997,3,16.67932,2,12.87513,0.430725,78.371904,450
56.139913732186, 15.8531,56.2091136313975, 20.1049,3,16.67905,1,12.03078,-0.327569,81.8374,450
56.1579907312989, 16.9011,56.2249291315675, 13.7147,3,16.67912,0,10.80256,-0.402064,79.254704,450
56.1744805313647, 16.3959,56.2412696313113, 16.334,3,16.67903,8,10.16855,0.317289,10.0454,450
56.3410006314516, 173.2479,56.3590388316661, 122.9478,3,16.73004,9,9.461175,-0.38174,26.9545,450
56.3410006314516, 1.7959,56.3740744320676, 11.4034,0,16.72518,8,9.445069,-0.208519,40.1377,450
56.3590388316661, 2.3499,56.3740744320676, 6.1588,1,16.7205,6,10.45036,0.322338,52.0046,450
56.3590388316661, 0.5703,56.3902272311971, 8.5134,1,16.71524,6,12.07541,-0.03078,62.3994,450
56.3590388316661, 1.9571,56.3902272311971, 6.4879,2,16.71044,6,11.39684,-0.620512,80.446,450
56.3590388316661, 1.9895,56.4069388313219, 12.0504,3,16.70565,6,12.00002,-0.512815,96.465104,450
56.3590388316661, 1.6102,56.4069388313219, 5.9,4,16.70074,6,11.94166,-0.516318,111.7486,450
56.3590388316661, 0.6011,56.4242263315246, 9.6108,5,16.69551,5,11.35228,-0.32961,113.594496,450
56.3590388316661, 1.7947,56.441035230644, 18.8065,6,16.69066,4,11.63201,-0.485555,112.462896,450
56.3590388316661, 1.3874,56.4594413312152, 16.4046,7,16.68569,3,5.378515,0.723898,112.5134,450
56.3590388316661, 0.6634,56.4745215307921, 15.1376,8,16.68049,2,10.30002,-0.498395,109.23,450
56.3740744320676, 12.1904,56.4907929301262, 16.1579,9,16.67903,1,12.40251,0.397143,109.1492,450
56.3902272311971, 15.168,56.4907929301262, 4.4807,8,16.67854,0,11.94415,0.713997,116.2088,450
56.4069388313219, 18.7044,56.5078710298985, 14.3107,7,16.6792,8,12.3337,-0.312433,13.6773,450
56.4242263315246, 15.9055,56.5241125300527, 16.2802,6,16.67895,9,10.97379,-0.544318,27.3772,450
56.441035230644, 17.0839,56.5410736296326, 16.8322,6,16.67908,8,12.19556,-0.573596,40.2279,450
56.4594413312152, 18.041,56.5576912295073, 16.9797,6,16.67952,7,9.158603,0.269326,56.0454,450
56.4745215307921, 16.9532,56.5758718289435, 16.1366,6,16.67961,6,9.174933,-0.324603,62.7184,450
56.4907929301262, 17.0371,56.5916083287448, 15.7678,6,16.67972,6,10.17802,-0.238579,78.0182,450
56.5078710298985, 14.1072,56.6083729285747, 16.964,5,16.67889,6,8.403696,-0.973987,92.9594,450
56.5241125300527, 15.041,56.6250579282641, 16.6359,5,16.67836,6,10.28207,-1.074189,108.929,450
56.5410736296326, 16.9432,56.6406752280891, 15.503,5,16.67844,6,11.5437,-1.089569,104.023696,450
56.5576912295073, 17.1321,56.6579669285566, 17.3093,5,16.67859,5,11.94488,-0.148194,98.415504,450
56.5758718289435, 18.45,56.6762086283416, 18.2456,5,16.67916,5,11.98019,-0.450653,96.602304,450
56.5916083287448, 14.498,56.6910221287981, 16.5603,5,16.67846,5,12.73019,0.087631,94.1782,450
56.6083729285747, 18.2434,56.7079640282318, 17.2162,5,16.67896,5,12.79177,-0.781357,94.2152,450
56.6250579282641, 16.9333,56.7270123278722, 18.7641,5,16.67905,5,10.82419,-0.043628,93.3354,450
56.6406752280891, 17.8694,56.7422784278169, 15.1933,5,16.67943,5,10.00635,-0.989803,95.696096,450
56.6579669285566, 16.6105,56.7579084271565, 15.6776,5,16.67941,5,10.49017,0.006735,95.087696,450
56.6762086283416, 16.4316,56.7739166272804, 16.3497,5,16.67933,5,9.543557,-0.334479,93.168496,450
56.6910221287981, 15.2814,56.7913802275434, 15.2083,5,16.67888,5,12.61573,-0.138977,94.3382,450
56.7079640282318, 16.9581,56.8086874270812, 17.3975,5,16.67897,5,11.743,-0.332768,93.4502,450
56.7270123278722, 16.7771,56.8240790273994, 15.3503,5,16.679,5,11.22616,-0.650603,95.9596,450
56.7422784278169, 16.4517,56.8418062273413, 17.7325,5,16.67893,5,10.07388,-0.467611,96.697904,450
56.7579084271565, 16.2642,56.8571602273732, 15.5406,5,16.67879,4,10.02668,0.177477,95.9166,450
56.7739166272804, 18.6678,56.875207727775, 17.8975,5,16.67943,3,11.69637,-0.342358,95.286496,450
56.7913802275434, 16.486,56.8915269281715, 16.4039,5,16.67937,2,11.9537,1.232339,98.768096,450
56.8086874270812, 17.3314,56.9083567280322, 16.8262,5,16.67958,1,12.43441,-0.382362,93.880096,450
56.8240790273994, 15.2561,56.9083567280322, 6.417,5,16.67912,0,12.04882,-0.78428,95.7008,450
56.8418062273413, 16.2777,56.9250581283122, 12.2974,5,16.67899,7,11.62926,-0.118839,11.4541,450
56.8571602273732, 17.5641,56.9411236289889, 14.0241,5,16.67928,9,12.15046,-0.96776,23.6753,450
56.875207727775, 16.302,56.9585394281894, 17.3816,5,16.67916,8,8.474762,-0.407125,36.1515,450
56.8915269281715, 16.3314,56.9751535281539, 16.5807,5,16.67904,7,10.22688,0.235016,54.8033,450
56.9083567280322, 14.5965,56.9917011279613, 16.5508,5,16.67838,6,10.62594,-0.780711,60.7196,450
56.9250581283122, 19.3532,57.0076932273805, 15.9954,4,16.67924,6,11.77306,-0.568593,75.070304,450
56.9411236289889, 15.7147,57.0246873274446, 16.926,4,16.67893,6,12.79142,0.756212,90.714304,450
56.9585394281894, 17.364,57.041729927063, 17.1818,4,16.67915,6,12.11308,-0.922696,106.086896,450
56.9751535281539, 15.7598,57.0584279261529, 16.8113,4,16.67885,6,9.781411,-0.412152,103.250896,450
56.9917011279613, 17.3655,57.07457302697, 16.0017,4,16.67907,5,10.58209,-0.159685,97.0512,450
57.0076932273805, 16.9546,57.0917271263897, 17.0782,4,16.67916,5,10.03419,0.589056,97.424496,450
57.0246873274446, 16.1646,57.1081803254783, 18.4506,4,16.67899,5,10.8773,0.099497,97.9208,450
57.041729927063, 18.1059,57.1255813259631, 17.3359,4,16.67945,5,12.46965,-0.394179,95.0796,450
57.0584279261529, 16.6061,57.1419626250863, 14.6963,4,16.67943,5,12.20479,0.216315,94.237,450
57.07457302697, 16.95,57.158489825204, 18.2667,4,16.67952,5,10.33114,0.564162,96.5192,450
57.0917271263897, 16.6184,57.1748400256038, 16.3742,4,16.67949,5,9.071803,-0.103911,95.833904,450
57.1081803254783, 15.3661,57.1918960250914, 16.8947,4,16.67908,5,9.617379,-1.015438,96.1064,450
57.1255813259631, 16.9626,57.2084338255227, 16.7732,4,16.67917,5,10.39589,-0.494587,93.577504,450
57.1419626250863, 18.8072,57.2271569259465, 18.5495,4,16.67985,5,11.64524,-0.149229,94.3264,450
57.158489825204, 15.3114,57.2418859256431, 14.6302,4,16.67941,5,11.19521,-0.727471,93.812096,450
57.1748400256038, 16.4529,57.2581140259281, 16.2696,4,16.67934,5,11.75074,-0.066014,95.9012,450
57.1918960250914, 16.6217,57.2759976265952, 18.5138,4,16.67932,5,12.69169,0.660969,95.5796,450
57.2084338255227, 16.5702,57.2913436265662, 14.5776,4,16.67928,5,10.24173,-1.179583,97.804496,450
57.2271569259465, 16.6179,57.3094597263262, 16.5626,4,16.67926,,9.947371,-0.27073,,450
57.2418859256431, 14.4951,57.3261596271768, 16.6713,4,16.67857,,10.29441,-0.005054,,450
57.2581140259281, 16.5312,57.3422998273745, 16.2039,4,16.67852,,9.931931,-1.151965,,450
57.2759976265952, 16.4753,57.3581435279921, 15.8331,4,16.67845,,10.91228,-0.191708,,450
57.2913436265662, 18.7119,57.3763089282438, 18.1347,4,16.6791,,12.80983,-0.179449,,450
57.3094597263262, 16.4478,57.3925267281011, 16.2792,4,16.67903,,12.07665,-0.062262,,450
57.3261596271768, 17.558,57.4083561273292, 15.7262,4,16.67931,,11.76507,-0.576901,,450
57.3422998273745, 16.2992,57.4250922268257, 16.7463,4,16.67919,,12.75241,-0.767433,,450
57.3581435279921, 17.0716,57.4426838262007, 19.5117,4,16.67931,,10.70765,-0.219679,,450
57.3763089282438, 16.3793,57.4585228255019, 15.6418,4,16.67922,,10.06816,-0.437884,,450
57.3925267281011, 16.5141,57.4759279256687, 17.4067,4,16.67916,,9.517301,-0.414663,,450
57.4083561273292, 16.8563,57.4913763254881, 13.6804,4,16.67922,,10.54983,-0.539077,,450
57.4250922268257, 16.581,57.5081680249423, 18.6186,4,16.67919,,12.55148,0.207339,,450
57.4426838262007, 15.6587,57.527317924425, 19.0394,4,16.67887,,11.67788,0.404012,,450
57.4585228255019, 17.2969,57.5417963247746, 14.5697,4,16.67906,,12.16496,-0.334093,,450
57.4759279256687, 16.8225,57.5584962256253, 16.9584,4,16.67911,,12.15348,0.497282,,450
57.4913763254881, 18.9683,57.5758306253701, 15.2081,4,16.67983,,10.33426,-0.371219,,450
57.5081680249423, 14.6144,57.5914764255285, 15.6422,4,16.67918,,9.660688,-0.571397,,450
57.527317924425, 16.6515,57.6081601250917, 16.6404,4,16.67917,,9.253493,0.157894,,450
57.5417963247746, 16.8266,57.6257636249065, 17.7908,4,16.67922,,10.35362,-0.86272,,450
57.5584962256253, 17.7582,57.6419309247285, 16.1316,4,16.67956,,8.938019,-0.624472,,450
57.5758306253701, 16.4978,57.6597755253315, 17.9271,4,16.6795,,10.1547,-0.175749,,450
57.5914764255285, 16.7304,57.6773373261094, 17.5692,4,16.67952,,12.34971,-0.78859,,450
57.6081601250917, 16.6512,57.6925247265026, 16.8098,4,16.67951,,11.72362,-0.724022,,450
57.6257636249065, 16.8929,57.7099353270605, 15.7571,4,16.67958,,12.63067,0.382373,,450
57.6419309247285, 15.7992,57.7265153275803, 18.3716,4,16.6793,,12.35355,-0.610261,,450
57.6597755253315, 15.4605,57.7431855266914, 16.7133,4,16.67891,,11.86339,-0.489846,,450
57.6773373261094, 17.3213,57.7587231267244, 15.4356,4,16.67912,,12.52112,-0.020134,,450
57.6925247265026, 15.2806,57.7753554265946, 17.0111,4,16.67867,,12.41133,0.446132,,450
57.7099353270605, 18.8685,57.7923357263207, 14.8182,4,16.67937,,9.529961,-0.580216,,450
57.7265153275803, 15.1078,57.8092784266919, 16.8078,4,16.67887,,10.16315,0.009828,,450
57.7431855266914, 16.8707,57.8259594272822, 16.8937,4,16.67893,,10.14113,-0.519045,,450
57.7587231267244, 15.8823,57.8422236274928, 16.0329,4,16.67868,,10.09467,0.023992,,450
57.7753554265946, 19.359,57.8588924277574, 16.8036,4,16.67952,,9.227916,-0.145443,,450
57.7923357263207, 16.4637,57.8773473277688, 18.584,4,16.67946,,10.57257,-0.52978,,450
57.8092784266919, 16.5435,57.8932245280594, 15.8748,4,16.67941,,11.77355,-0.958604,,450
57.8259594272822, 17.0615,57.9088729284704, 16.6017,4,16.67953,,12.30361,0.091498,,450
57.8422236274928, 16.2625,57.925930628553, 17.7988,4,16.6794,,11.65754,-0.889157,,450
57.8588924277574, 15.6263,57.9443989284337, 18.4985,4,16.67907,,11.89068,-0.82383,,450
57.8773473277688, 16.7086,57.9590062284842, 14.7005,4,16.67908,,12.2741,-0.279225,,450
57.8932245280594, 17.026,57.977277928032, 18.3669,4,16.67919,,11.012,-0.252055,,450
57.9088729284704, 16.7418,57.992261428386, 14.5993,4,16.67921,,9.921857,-0.972781,,450
57.925930628553, 14.9802,58.0095691289753, 17.5726,4,16.67867,,10.57433,-0.005498,,450
57.9443989284337, 18.33,58.0260116290301, 16.612,4,16.67919,,10.46282,-0.473109,,450
57.9590062284842, 16.4359,58.0427687298506, 16.1542,4,16.67912,,12.00346,-0.179135,,450
57.977277928032, 14.7712,58.059416230768, 15.0232,4,16.67851,,11.89818,-0.261034,,450
57.992261428386, 16.6163,58.0774735305458, 18.3016,4,16.6785,,12.569,-0.303118,,450
58.0095691289753, 18.1036,58.0925973309204, 15.0925,4,16.67894,,11.76111,0.711018,,450
58.0260116290301, 17.1593,58.1078178305179, 15.0633,4,16.67909,,10.47093,0.094136,,450
58.0427687298506, 17.6443,58.1273795310408, 21.5884,4,16.6794,,10.09573,-0.299104,,450
58.059416230768, 17.4812,58.1420503314584, 14.4381,4,16.67965,,9.564918,0.008089,,450
58.0774735305458, 15.8721,58.1598729323596, 17.9834,4,16.6794,,10.12688,-0.711799,,450
58.0925973309204, 17.591,58.1758519317955, 16.0501,4,16.67968,,11.03046,-0.053442,,450
58.1078178305179, 16.6666,58.1940622311085, 18.1441,4,16.67968,,11.5223,0.359738,,450
58.1273795310408, 15.0119,58.2097313310951, 15.6013,4,16.67916,,12.06641,-0.069131,,450
58.1420503314584, 16.1147,58.225163131021, 15.44,4,16.67898,,11.718,-0.471542,,450
58.1598729323596, 17.3427,58.2433395301923, 18.4905,4,16.67919,,12.39034,-0.182894,,450
58.1758519317955, 16.144,58.2601945297793, 16.6253,4,16.67902,,10.04146,-0.387945,,450
58.1940622311085, 17.0274,58.2774326289073, 15.2997,4,16.67913,,9.635831,0.035001,,450
58.2097313310951, 15.8839,58.2932496285066, 15.7949,4,16.67888,,9.495642,-0.774967,,450
58.225163131021, 17.0078,58.3098898278549, 16.7239,4,16.67898,,10.47509,-0.289693,,450
58.2433395301923, 16.7633,58.3272385271266, 17.2402,4,16.67901,,11.90944,-0.268331,,450
58.2601945297793, 18.1705,58.3433919278905, 16.259,4,16.67948,,12.0541,-0.158632,,450
58.2774326289073, 17.0606,58.3588820276782, 15.5304,4,16.6796,,11.71817,-0.575103,,450
58.2932496285066, 16.123,58.3757621282712, 16.8276,4,16.67942,,12.45179,-0.554586,,450
58.3098898278549, 16.8418,58.3932467279956, 17.4718,4,16.67947,,10.35323,-0.291134,,450
58.3272385271266, 15.1753,58.4090801281855, 17.3077,4,16.679,,10.26393,-0.591646,,450
58.3433919278905, 17.3679,58.427313127555, 18.4054,4,16.67922,,9.933603,-0.113931,,450
58.3588820276782, 16.3614,58.4439364271238, 16.8768,4,16.67912,,4.896586,-1.005583,,450
58.3757621282712, 16.7876,58.4605896277353, 14.7897,4,16.67915,,12.40923,-0.787964,,450
58.3932467279956, 17.3757,58.4772417275235, 16.5468,4,16.67937,,10.37995,-0.381197,,450
58.4090801281855, 14.6154,58.4932437269017, 18.0917,4,16.67872,,10.65503,0.015288,,450
58.427313127555, 16.4096,58.5091491276398, 13.8123,4,16.67864,,9.845883,0.156601,,450
58.5937873264775, 174.3038,58.6092435261235, 105.0933,4,16.72784,,12.73636,0.248567,,450
58.6092435261235, 2.0801,58.6272069262341, 13.1769,0,16.72327,,12.5132,-0.071393,,450
58.6092435261235, 0.8168,58.6272069262341, 6.6269,0,16.71831,,12.05131,0.955852,,450
58.6092435261235, 1.812,58.6427586264908, 10.8435,1,16.71366,,11.6754,-0.508014,,450
58.6092435261235, 1.443,58.6427586264908, 5.6036,2,16.7089,,11.61013,0.174859,,450
58.6092435261235, 0.5147,58.6596185266972, 9.1647,3,16.70385,,11.53189,0.146879,,450
58.6092435261235, 1.4791,58.6596185266972, 4.7105,4,16.69911,,10.18115,-0.959988,,450
58.6092435261235, 1.3993,58.6760996263474, 11.7723,5,16.69434,,9.114114,-1.494899,,450
58.6092435261235, 0.3796,58.6930184271187, 18.4223,6,16.68926,,12.29654,0.089668,,450
58.6092435261235, 1.0526,58.7098916266114, 17.0737,7,16.6844,,11.57282,-0.54714,,450
58.6092435261235, 1.2811,58.7260013259947, 16.5622,8,16.6796,,11.57599,-0.041798,,450
58.6272069262341, 13.7924,58.7438040263951, 15.6469,9,16.67871,,12.7329,-0.031915,,450
58.6427586264908, 18.0841,58.7607929259539, 16.9528,8,16.67914,,13.32713,-0.062189,,450
58.6596185266972, 18.2038,58.7772198263556, 18.2454,7,16.67962,,11.59954,-0.304901,,450
58.6760996263474, 17.0428,58.7927374262363, 13.7597,6,16.67973,,12.4052,0.935987,,450
58.6930184271187, 17.0227,58.8097513262182, 16.9414,6,16.67984,,10.00681,-0.335695,,450
58.7098916266114, 12.8864,58.8277071267366, 19.945,6,16.67866,,9.714389,-0.334677,,450
58.8763263281435, 172.5394,58.8933204282075, 70.0079,6,16.72705,,10.1057,0.848376,,450
58.8763263281435, 2.3921,58.9098932277411, 11.9733,0,16.7226,,10.23661,0.05531,,450
58.8933204282075, 2.1472,58.9098932277411, 6.2653,1,16.71807,,8.761395,0.257865,,450
58.8933204282075, 2.2078,58.9271953273565, 9.2936,1,16.71358,,10.29898,-0.111698,,450
58.8933204282075, 0.8203,58.9271953273565, 6.582,2,16.70865,,12.21072,-1.066572,,450
58.8933204282075, 1.8736,58.9444815274328, 12.7718,3,16.70405,,10.97869,-1.628468,,450
58.8933204282075, 1.5262,58.9444815274328, 6.4443,4,16.69934,,11.79963,-0.507168,,450
58.8933204282075, 0.674,58.9602865278721, 7.3508,5,16.69438,,11.5021,-0.008742,,450
58.8933204282075, 1.5841,58.9772210270166, 16.8796,6,16.6897,,11.96967,-0.772051,,450
58.8933204282075, 1.3348,58.9935408271849, 16.276,7,16.68495,,12.95207,-1.058194,,450
58.8933204282075, 0.4941,59.0098921265453, 16.4626,8,16.67994,,11.69507,0.897436,,450
58.9098932277411, 14.6869,59.0272145271301, 17.2838,9,16.67932,,9.698242,-0.375209,,450
58.9271953273565, 14.3045,59.0272145271301, 6.8028,8,16.67858,,9.909051,0.579676,,450
58.9444815274328, 16.7779,59.0429816264659, 11.1695,7,16.67862,,10.79809,-0.52412,,450
58.9602865278721, 18.8438,59.0604006256908, 17.0297,6,16.67928,,11.07316,-0.59917,,450
58.9772210270166, 16.3896,59.0761285256594, 13.9653,6,16.6792,,8.383809,-0.380392,,450
58.9935408271849, 17.3295,59.0934634264559, 17.368,6,16.6794,,12.20912,0.726111,,450
59.0098921265453, 16.7608,59.1093526259065, 15.9049,6,16.67942,,10.97832,-0.631414,,450
59.0272145271301, 14.6769,59.1263685263693, 17.0204,6,16.6788,,12.18987,-0.161778,,450
59.0429816264659, 17.1539,59.1429692264646, 16.5371,5,16.67895,,12.39839,-1.200375,,450
59.0604006256908, 18.9566,59.1600876264274, 17.0358,5,16.67965,,12.08649,0.290162,,450
59.0761285256594, 15.7899,59.1771012265235, 16.9595,5,16.67938,,10.97801,-0.994449,,450
59.0934634264559, 16.6738,59.1929583270103, 15.7853,5,16.67938,,12.59508,-0.754815,,450
59.1093526259065, 16.682,59.2100680265576, 19.1916,5,16.67938,,11.95918,-0.304794,,450
59.1263685263693, 16.1809,59.2270714268088, 16.9196,5,16.67922,,13.05484,0.876896,,450
59.1429692264646, 16.0314,59.2442200277001, 15.2486,5,16.67902,,9.791849,0.705519,,450
59.1600876264274, 16.9015,59.2602872271091, 16.271,5,16.67909,,10.81462,-0.476913,,450
59.1771012265235, 16.4585,59.2776984274387, 19.9399,5,16.67902,,10.47899,0.531135,,450
59.1929583270103, 17.5104,59.2930642273277, 12.6409,5,16.67928,,10.0439,-0.022083,,450
59.2100680265576, 15.0806,59.3099553268403, 16.8821,5,16.67879,,9.058481,-1.019983,,450
59.3768393266946, 174.6987,59.3936368264258, 90.45271,5,16.72739,,8.949013,-1.180806,,450
59.3936368264258, 2.7492,59.4102169256657, 10.945,0,16.7231,,10.32477,0.575738,,450
59.3936368264258, 2.2758,59.4102169256657, 6.2975,0,16.71865,,11.18278,0.070742,,450
59.3936368264258, 2.0423,59.4260120261461, 8.3276,1,16.71415,,11.90638,-0.001744,,450
59.3936368264258, 0.631,59.4260120261461, 6.8205,2,16.7092,,12.91341,0.115299,,450
59.3936368264258, 1.5581,59.4456689264625, 15.2549,3,16.70455,,13.06796,-0.679887,,450
59.3936368264258, 1.4714,59.4456689264625, 6.446,4,16.69987,,11.23666,0.446451,,450
59.3936368264258, 0.6201,59.4608330260962, 6.5172,5,16.69494,,10.17334,-0.446622,,450
59.3936368264258, 1.8084,59.4771338254213, 16.1579,6,16.69037,,10.0082,-0.326487,,450
59.3936368264258, 1.6138,59.4944744259119, 17.2578,7,16.68575,,9.728587,-0.950549,,450
59.3936368264258, 0.5184,59.5101918261498, 15.9074,8,16.68079,,10.58815,-1.015413,,450
59.4102169256657, 11.4236,59.5272087268531, 16.9551,9,16.67918,,9.518922,-0.994964,,450
59.4260120261461, 15.4832,59.5272087268531, 7.0993,8,16.67881,,10.35449,-0.317593,,450
59.4456689264625, 16.5569,59.5428669266403, 10.3739,7,16.67877,,10.02115,-0.273153,,450
59.4608330260962, 18.3683,59.5611998271197, 18.7237,7,16.67929,,10.87751,0.443601,,450
59.4771338254213, 16.0303,59.5781324263662, 16.5299,6,16.67909,,12.64426,0.468349,,450
59.4944744259119, 17.4668,59.5944750271738, 14.6215,6,16.67933,,12.87819,0.337834,,450
59.5101918261498, 17.2614,59.6110057272017, 16.4184,6,16.67951,,12.12035,0.514313,,450
59.5272087268531, 14.5662,59.627832327038, 16.8479,6,16.67886,,12.1396,-0.764605,,450
59.5428669266403, 16.8236,59.6439707279205, 16.1383,5,16.67891,,11.19305,0.92609,,450
59.5611998271197, 16.0857,59.6603464279324, 16.3577,5,16.67873,,11.39527,-0.683822,,450
59.5781324263662, 19.1898,59.6771463286132, 16.6641,5,16.67949,,9.447687,-0.226934,,450
59.5944750271738, 16.6553,59.6945474278182, 17.3999,5,16.67949,,8.860705,-0.582116,,450
59.6110057272017, 16.3554,59.7103591281921, 15.8411,5,16.67939,,10.60221,-0.021543,,450
59.627832327038, 16.7597,59.7273967284709, 18.8488,5,16.67941,,8.662822,-0.873388,,450
59.6439707279205, 17.0148,59.7440975289792, 16.6926,5,16.67951,,10.59323,-0.228329,,450
59.6603464279324, 16.1016,59.7623420283198, 18.3296,5,16.67934,,9.710016,-0.886608,,450
59.6771463286132, 16.2342,,5,16.6792,,12.06444,0.390072,,450
59.6945474278182, 16.8099,,5,16.67924,,11.63659,-0.686006,,450
59.7103591281921, 17.2567,,5,16.67942,,12.61033,-0.109438,,450
59.7273967284709, 14.4926,,5,16.67875,,11.93321,-0.142106,,450
59.7440975289792, 17.1918,,5,16.67891,,12.69803,-0.180627,,450
59.7623420283198, 16.7704,,5,16.67894,,9.694106,-0.975473,,450
59.7623420283198, 17.0472,,5,16.67905,,10.64624,-1.150932,,450
59.7623420283198, 16.5879,,6,16.67902,,9.564406,-0.108016,,450
59.7623420283198, 16.2408,,7,16.67889,,10.08323,-1.052711,,450
,,8,,,11.88537,-0.651981,,450
,,,,,12.83033,0.216765,,450
,,,,,12.82572,0.258449,,450
,,,,,11.85451,0.997752,,450
,,,,,12.81208,0.30928,,450
,,,,,12.30974,0.020074,,450
,,,,,9.159551,-0.169376,,450
,,,,,9.378048,0.449391,,450
,,,,,8.91972,-0.46832,,450
,,,,,9.577726,0.097701,,450
,,,,,9.546476,-1.099934,,450
,,,,,11.91681,-0.995035,,450
,,,,,11.14432,0.062662,,450
,,,,,12.2611,0.689514,,450
,,,,,11.77183,-0.387173,,450
,,,,,12.94613,0.077378,,450
,,,,,12.66644,0.477129,,450
,,,,,10.01319,-0.258347,,450
,,,,,9.327073,0.230867,,450
,,,,,10.57152,1.268193,,450
,,,,,11.45787,-0.286707,,450
,,,,,11.28795,0.270967,,450
,,,,,12.02163,-0.002554,,450
,,,,,11.41331,-0.513999,,450
,,,,,10.42011,0.960588,,450
,,,,,10.31193,-0.132573,,450
,,,,,9.366454,-0.006358,,450
,,,,,9.997499,-0.925552,,450
,,,,,10.52051,-0.918814,,450
,,,,,9.040373,-0.663466,,450
,,,,,9.845258,-0.081165,,450
,,,,,9.781152,-0.144003,,450
,,,,,12.49921,-0.048361,,450
,,,,,12.67757,0.656507,,450
,,,,,12.35256,-0.027208,,450
,,,,,11.7224,-0.549349,,450
,,,,,11.94716,-0.241879,,450
,,,,,10.72509,-0.305502,,450
,,,,,11.25851,0.330763,,450
,,,,,11.89225,-0.471336,,450
,,,,,10.38818,0.050255,,450
,,,,,10.0983,-0.630584,,450
,,,,,10.10604,-0.342799,,450
,,,,,11.48484,-0.88423,,450
,,,,,12.19685,-0.599829,,450
,,,,,11.56018,-0.223422,,450
,,,,,12.4212,-0.307775,,450
,,,,,11.97653,0.103489,,450
,,,,,12.53773,-0.569602,,450
,,,,,12.22812,-0.274376,,450
,,,,,10.15958,1.328355,,450
,,,,,10.27281,-0.706762,,450
,,,,,11.6323,-0.455979,,450
,,,,,10.54688,0.129458,,450
,,,,,10.37395,-0.889525,,450
,,,,,7.770162,-0.023938,,450
,,,,,10.70528,-1.186791,,450
,,,,,12.27324,-0.672139,,450
,,,,,11.72692,-0.299546,,450
,,,,,12.47624,-1.204642,,450
,,,,,11.71179,0.297051,,450
,,,,,11.28644,0.245882,,450
,,,,,10.30755,-0.317177,,450
,,,,,9.905842,-0.659609,,450
,,,,,11.15215,-0.899506,,450
,,,,,9.462318,0.103635,,450
,,,,,9.671577,-0.677656,,450
,,,,,9.937809,-0.886239,,450
,,,,,9.917706,-1.347919,,450
,,,,,12.57286,0.183689,,450
,,,,,11.74196,-0.222227,,450
,,,,,9.432739,-1.429237,,450
,,,,,10.93662,-0.049452,,450
,,,,,11.22891,-0.210298,,450
,,,,,9.636827,-0.460816,,450
,,,,,9.781937,1.021058,,450
,,,,,13.19665,0.178032,,450
,,,,,11.5661,-0.146394,,450
,,,,,11.81732,-0.88722,,450
,,,,,12.09094,0.272454,,450
,,,,,8.668868,-0.289472,,450
,,,,,11.63769,-0.293198,,450
,,,,,11.98372,-0.854624,,450
,,,,,17.16585,-0.43255,,450
,,,,,16.08917,-0.179276,,450
,,,,,16.6593,-0.828081,,450
,,,,,16.64842,-1.29711,,450
,,,,,17.24155,-1.269448,,450
,,,,,16.84018,-0.629744,,450
,,,,,5.797281,-0.49314,,450
,,,,,4.92311,-0.380685,,450
,,,,,6.599748,-0.375961,,450
,,,,,5.328344,-0.788378,,450
,,,,,12.40054,-0.387584,,450
,,,,,10.27168,-0.865006,,450
,,,,,10.54806,-0.593295,,450
,,,,,12.09198,-0.681354,,450
,,,,,8.131584,-0.873298,,450
,,,,,10.50011,-0.117089,,450
,,,,,10.89979,-0.000253,,450
,,,,,10.74685,-0.001912,,450
,,,,,10.4465,-1.063877,,450
,,,,,10.99029,-0.447724,,450
,,,,,11.90425,1.115745,,450
,,,,,11.61631,-0.757064,,450
,,,,,11.65978,-0.483893,,450
,,,,,12.83752,1.866329,,450
,,,,,12.20685,0.472161,,450
,,,,,10.64216,-0.602039,,450
,,,,,10.75869,-1.234565,,450
,,,,,10.22137,-0.472258,,450
,,,,,8.123139,0.144708,,450
,,,,,9.624439,-1.123763,,450
,,,,,10.62617,-0.087844,,450
,,,,,10.95566,-1.405867,,450
,,,,,12.43029,-0.041261,,450
,,,,,11.71126,-0.41854,,450
,,,,,13.04064,-0.264397,,450
,,,,,11.98787,-0.226673,,450
,,,,,13.12596,-0.833949,,450
,,,,,11.90894,-0.177684,,450
,,,,,12.1846,-0.17011,,450
,,,,,5.615073,-0.307056,,450
,,,,,9.997249,-0.979407,,450
,,,,,12.65628,-0.684178,,450
,,,,,11.95421,-0.368937,,450
,,,,,12.04846,-0.328831,,450
,,,,,12.18291,-0.850283,,450
,,,,,12.86618,-0.364711,,450
,,,,,12.61994,-0.614126,,450
,,,,,12.11153,0.094079,,450
,,,,,11.97708,-0.211696,,450
,,,,,12.66461,-0.351762,,450
,,,,,12.26683,-0.699108,,450
,,,,,10.49132,-0.327117,,450
,,,,,9.835696,-0.499253,,450
,,,,,11.81836,1.582529,,450
,,,,,10.23371,-0.397954,,450
,,,,,10.53862,-0.820617,,450
,,,,,10.32415,0.386717,,450
,,,,,10.23267,-0.906902,,450
,,,,,8.362354,0.494644,,450
,,,,,10.41382,0.503941,,450
,,,,,10.82388,-0.048588,,450
,,,,,8.989202,-0.888197,,450
,,,,,11.09726,0.602015,,450
,,,,,11.20646,0.158002,,450
,,,,,11.21559,-0.669016,,450
,,,,,11.6912,-0.606081,,450
,,,,,12.53899,0.263498,,450
,,,,,11.0843,-0.567792,,450
,,,,,11.48532,0.081943,,450
,,,,,12.44258,-1.125319,,450
,,,,,12.376,-0.987427,,450
,,,,,9.539992,1.501638,,450
,,,,,10.57736,-0.708941,,450
,,,,,9.851919,-0.707811,,450
,,,,,12.85283,0.010172,,450
,,,,,10.91436,-1.026787,,450
,,,,,8.555441,-1.022289,,450
,,,,,10.66591,-0.161207,,450
,,,,,10.38763,-0.620316,,450
,,,,,11.86479,0.504408,,450
,,,,,12.90259,1.40191,,450
,,,,,12.94241,-0.106301,,450
,,,,,11.82472,0.682284,,450
,,,,,12.37979,0.529012,,450
,,,,,11.12639,0.506047,,450
,,,,,10.2368,-0.617821,,450
,,,,,10.10812,-0.67595,,450
,,,,,11.03409,-0.385427,,450
,,,,,9.327353,-0.064051,,450
,,,,,9.292321,-0.101707,,450
,,,,,10.53615,-0.48072,,450
,,,,,10.20543,-0.520653,,450
,,,,,12.06605,1.242445,,450
,,,,,11.94431,0.439276,,450
,,,,,11.72422,-0.606503,,450
,,,,,12.37845,-0.215791,,450
,,,,,12.25305,1.558601,,450
,,,,,10.34022,-0.488471,,450
,,,,,11.1482,1.095036,,450
,,,,,11.22569,-0.618279,,450
,,,,,10.1089,0.024006,,450
,,,,,8.291071,-0.21759,,450
,,,,,10.27386,-0.132634,,450
,,,,,8.583179,-0.127329,,450
,,,,,10.65779,1.190272,,450
,,,,,9.76899,-0.333879,,450
,,,,,9.837534,-1.745376,,450
,,,,,10.36583,1.05424,,450
,,,,,12.02583,-0.951139,,450
,,,,,10.37668,0.174905,,450
,,,,,11.98718,-0.496774,,450
,,,,,13.60866,1.018839,,450
,,,,,8.695739,0.02362,,450
,,,,,10.93649,-1.257508,,450
,,,,,9.634474,0.268313,,450
,,,,,10.26466,0.431731,,450
,,,,,8.80008,0.995923,,450
,,,,,9.878908,0.121047,,450
,,,,,11.11979,0.079052,,450
,,,,,9.308469,0.795631,,450
,,,,,9.363777,0.22306,,450
,,,,,10.74405,-0.976241,,450
,,,,,11.63005,-0.774757,,450
,,,,,11.58587,0.082526,,450
,,,,,11.03074,-0.764525,,450
,,,,,11.44704,0.758006,,450
,,,,,12.60156,0.637382,,450
,,,,,12.45487,0.671542,,450
,,,,,11.66413,0.637002,,450
,,,,,11.03649,-0.051738,,450
,,,,,9.287418,-0.810478,,450
,,,,,9.111058,-0.419618,,450
,,,,,11.002,-0.657858,,450
,,,,,11.13384,-1.009098,,450
,,,,,9.721978,0.183562,,450
,,,,,12.59422,0.419422,,450
,,,,,16.69106,-0.742418,,450
,,,,,16.9289,0.457319,,450
,,,,,17.30564,-0.669087,,450
,,,,,16.10318,-0.45613,,450
,,,,,15.87442,-0.683973,,450
,,,,,7.590281,-0.401489,,450
,,,,,4.467087,-0.277518,,450
,,,,,4.69883,-0.929754,,450
,,,,,7.503473,0.304788,,450
,,,,,12.41209,0.59813,,450
,,,,,10.66732,0.346372,,450
,,,,,10.27505,-0.805686,,450
,,,,,10.39371,-0.476644,,450
,,,,,11.42627,0.804298,,450
,,,,,11.14673,-1.25216,,450
,,,,,9.588286,0.019482,,450
,,,,,12.50764,-0.572776,,450
,,,,,12.2475,-0.293734,,450
,,,,,8.98126,-0.391534,,450
,,,,,17.56372,0.190647,,450
,,,,,16.32128,0.807463,,450
,,,,,16.93973,-0.059552,,450
,,,,,5.702334,0.152533,,450
,,,,,4.143153,-0.178451,,450
,,,,,4.946737,-0.470246,,450
,,,,,2.402352,0.173558,,450
,,,,,11.73197,-0.746845,,450
,,,,,11.54185,-0.008948,,450
,,,,,11.94545,-0.976597,,450
,,,,,12.16224,-0.303349,,450
,,,,,4.749145,-1.114727,,450
,,,,,10.25925,-0.751403,,450
,,,,,9.910997,-0.82848,,450
,,,,,12.62735,-0.468603,,450
,,,,,11.93803,-0.086426,,450
,,,,,12.7144,-0.898818,,450
,,,,,12.36658,-0.465442,,450
,,,,,12.5149,-0.144222,,450
,,,,,12.16033,0.36729,,450
,,,,,11.87842,-0.282298,,450
,,,,,12.77524,-0.991486,,450
,,,,,10.25932,-0.859174,,450
,,,,,10.01991,-0.655962,,450
,,,,,11.4523,-0.30425,,450
,,,,,11.85959,-0.713138,,450
,,,,,8.600374,-0.359526,,450
,,,,,12.63896,-0.453414,,450
,,,,,12.41905,-0.445002,,450
,,,,,16.68204,-0.52774,,450
,,,,,17.03923,-1.429416,,450
,,,,,16.71371,1.610675,,450
,,,,,16.8303,0.102703,,450
,,,,,5.37424,-0.298769,,450
,,,,,4.828616,0.358341,,450
,,,,,6.358225,-0.57335,,450
,,,,,1.337297,-0.248182,,450
,,,,,11.50127,-1.305646,,450
,,,,,12.02596,0.37279,,450
,,,,,11.44765,0.648882,,450
,,,,,12.21928,0.296856,,450
,,,,,4.839246,0.161062,,450
,,,,,11.14771,0.298875,,450
,,,,,9.079018,-0.234313,,450
,,,,,9.252244,-0.534825,,450
,,,,,11.28814,-0.450239,,450
,,,,,11.57473,0.302623,,450
,,,,,11.40671,-0.564479,,450
,,,,,11.95092,-0.198721,,450
,,,,,12.26864,-0.180839,,450
,,,,,12.28598,1.354609,,450
,,,,,11.56578,-0.453799,,450
,,,,,12.40342,,,450
,,,,,10.23344,,,450
,,,,,10.21969,,,450
,,,,,8.568499,,,450
