5.02259769709781, 16.2364,5.03602179745212, 12.1703,0,16.2364,1,-30.01273,0.166633,23.9357,397
5.03602179745212, 22.4626,5.05239199707285, 14.3007,1,19.3495,0,-4.586833,0.424366,19.0198,397
5.05239199707285, 14.9983,5.07173089729622, 20.4521,0,17.8991,0,16.32987,-1.147201,11.9546,397
5.05239199707285, 11.2386,5.08848569775, 15.6021,0,16.23397,1,16.15663,0.372132,17.4085,397
5.07173089729622, 17.0653,5.10472969757393, 17.1984,1,16.40024,1,15.9096,-1.278035,21.7673,397
5.08848569775, 16.3544,5.12216209666803, 17.5872,1,16.3926,1,17.54737,0.142098,21.8957,397
5.10472969757393, 17.3633,5.13856349745765, 15.326,1,16.53127,1,15.96694,0.187531,23.1401,397
5.12216209666803, 14.856,5.15483969682828, 18.5339,1,16.32186,1,17.612,-0.050636,21.1029,397
5.15483969682828, 18.8322,5.16964069707319, 13.1521,1,16.60079,1,16.10547,-0.300103,24.7806,397
5.16964069707319, 16.7638,5.18868379620835, 19.866,1,16.61709,1,16.04834,-0.72787,19.0866,397
5.18868379620835, 17.8828,5.20516699692234, 15.0297,0,16.73215,1,16.2849,0.315763,22.2071,397
5.18868379620835, 14.63,5.2197951967828, 17.2519,0,16.55697,1,16.58567,-0.029904,19.3544,397
5.2197951967828, 18.7491,5.23757179593667, 16.8646,1,16.7256,1,17.00864,-0.268371,21.9768,397
5.23757179593667, 15.6541,5.25268059549853, 15.9769,0,16.64906,1,15.9771,0.007062,20.0922,397
5.25268059549853, 17.3778,5.27182559622452, 16.5558,0,16.69765,1,16.23267,-0.293105,20.4152,397
5.25268059549853, 14.8893,5.28890349669382, 18.5367,0,16.58463,1,16.56694,-0.481572,19.5926,397
5.27182559622452, 17.0919,5.3035321966745, 12.9599,1,16.61446,1,16.25801,0.174961,23.2404,397
5.3035321966745, 21.1704,5.32043629745021, 19.4321,1,16.86757,0,16.58387,-0.417706,19.1065,397
5.32043629745021, 14.1781,5.33907529758289, 16.1638,0,16.72602,1,16.73904,-0.744173,17.373,397
5.32043629745021, 12.7355,5.35349439783022, 17.0439,0,16.52649,1,16.07191,0.36896,19.359,397
5.35349439783022, 20.5089,5.3698409977369, 14.0766,1,16.71613,1,16.66837,-0.176807,23.6674,397
5.3698409977369, 19.851,5.38714039837942, 19.2825,0,16.85863,0,15.20684,0.149526,17.2352,397
5.38714039837942, 13.8139,5.40374349756166, 14.4008,0,16.72625,1,15.91121,-0.297341,16.6673,397
5.40374349756166, 19.8925,5.42054339824244, 19.298,0,16.85818,0,16.47517,-0.348908,17.2542,397
5.42054339824244, 13.2469,5.43678689887747, 13.7896,0,16.71372,1,16.05774,0.159625,16.6601,397
5.43678689887747, 20.1038,5.4554369985126, 19.4056,0,16.84411,0,16.59241,0.853358,17.2025,397
5.4554369985126, 13.553,5.47245229920372, 17.5042,0,16.72222,1,16.61827,-0.403909,16.5047,397
5.4554369985126, 14.5439,5.48766949912533, 15.6771,0,16.64442,1,15.84044,-1.010076,20.4562,397
5.48766949912533, 17.4028,5.50366239948198, 16.5728,1,16.67057,1,14.85591,-0.134043,21.5899,397
5.50366239948198, 17.7533,5.52048069937155, 16.3857,0,16.70666,1,16.65088,-1.253367,20.7597,397
5.52048069937155, 15.3003,5.5386109999381, 17.6271,0,16.6613,1,17.31364,-0.947134,19.3922,397
5.52048069937155, 15.7099,5.55390149960294, 16.562,0,16.63157,1,-54.19689,-0.372201,21.7193,397
5.55390149960294, 19.3835,5.57048479886726, 16.2991,1,16.71496,1,8.464367,-0.878968,22.5713,397
5.57048479886726, 15.3088,5.58740469859913, 12.8611,0,16.6736,1,10.70613,-0.314035,19.4844,397
5.58740469859913, 19.7876,5.60364339919761, 18.6588,0,16.76257,0,11.3021,0.451398,18.7769,397
5.60364339919761, 14.6598,5.62056679883972, 14.6972,0,16.70416,1,10.48407,-0.883469,17.6494,397
5.62056679883972, 20.1131,5.63765179971233, 19.2245,0,16.79629,0,12.26484,0.019364,17.6867,397
5.63765179971233, 13.7009,5.65374419884756, 13.6172,0,16.71484,1,10.7127,-0.396203,16.7981,397
5.65374419884756, 19.4405,5.6703266990371, 18.8982,0,16.78473,0,9.734369,-0.89067,16.7145,397
5.6703266990371, 13.4646,5.68739289836958, 14.6955,0,16.70172,1,10.57524,0.578063,16.1727,397
5.68739289836958, 19.8807,5.70368849905208, 18.7324,0,16.77926,0,8.000403,-0.806404,17.4042,397
5.70368849905208, 13.3319,5.7227012985386, 16.5646,0,16.69718,1,9.85417,0.443729,16.256,397
5.70368849905208, 12.9698,5.73887199768797, 17.4308,0,16.61049,1,9.863237,-0.166038,19.4886,397
5.73887199768797, 19.6847,5.75577489705756, 16.8319,1,16.68036,1,8.846604,-0.655805,23.9498,397
5.73887199768797, 15.4144,5.77196289645508, 15.0539,0,16.65223,1,11.27907,0.049728,21.0976,397
5.75577489705756, 14.399,5.78926679724827, 18.6479,1,16.60325,1,8.497438,-0.217039,20.7368,397
5.77196289645508, 19.0611,5.80350879719481, 13.15,1,16.65554,1,11.44401,-0.117606,24.9859,397
5.80350879719481, 20.4687,5.82315509719774, 20.9074,1,16.73498,0,10.45157,-0.849173,19.0751,397
5.80350879719481, 13.4598,5.83750679763034, 13.0678,0,16.66814,1,5.186139,-0.63854,19.5142,397
5.83750679763034, 20.0804,5.854285298381, 19.4265,1,16.73639,0,8.852306,-0.182907,19.1218,397
5.854285298381, 15.7711,5.87088889861479, 13.7168,0,16.71746,1,11.61267,-0.804574,18.4686,397
5.87088889861479, 19.1513,5.88931629853323, 19.8097,0,16.76427,0,10.28714,-0.895841,16.4143,397
5.87088889861479, 11.0713,5.90386699838564, 13.1821,0,16.65685,1,9.296507,0.840592,17.0731,397
5.90386699838564, 21.9472,5.92054869746789, 19.1387,1,16.75482,0,9.647474,-0.872375,19.1681,397
5.92054869746789, 13.7367,5.93737909710035, 16.2106,0,16.69995,1,8.642641,-0.539842,16.3758,397
5.93737909710035, 14.5525,5.95349769620225, 16.5883,0,16.6616,1,8.676408,-0.131709,18.8499,397
5.95349769620225, 18.0369,5.97107209591195, 16.414,0,16.68573,1,10.54008,-1.164076,20.8855,397
5.97107209591195, 16.4102,5.98633129568771, 16.818,0,16.68097,1,9.515342,1.031057,19.2631,397
5.98633129568771, 17.0219,6.00460659572855, 15.8327,0,16.68675,1,8.424309,-0.30681,19.6705,397
6.00460659572855, 21.1148,6.02294469485059, 19.7343,0,16.76056,0,10.70508,0.779623,18.4817,397
6.00460659572855, 10.9073,6.04012449504808, 15.572,0,16.6646,1,9.058443,-0.687844,17.1022,397
6.02294469485059, 17.1085,6.0554311950691, 18.1026,1,16.67176,1,9.26591,-0.789111,21.7668,397
6.0554311950691, 19.4513,6.07063379464671, 12.3491,1,16.71588,1,10.41668,-0.316478,22.7613,397
6.07063379464671, 18.3741,6.08753299480304, 19.3917,0,16.74179,0,9.237344,0.072555,15.6594,397
6.08753299480304, 14.0012,6.10498219495639, 14.9693,0,16.69963,1,8.736711,-0.356012,16.6766,397
6.10498219495639, 20.4109,6.12132829567418, 18.7205,0,16.75586,0,9.172078,-0.325079,17.6393,397
6.12132829567418, 12.8681,6.1386716957204, 14.9626,0,16.69783,1,9.812745,-1.081846,15.9599,397
6.25471139652655, 132.2308,6.27126459730789, 135.1945,0,18.39684,0,8.463712,-1.224213,18.0537,397
6.25471139652655, 2.0421,6.27126459730789, 6.321,0,18.15982,7,9.721979,-1.01948,25.3006,397
6.25471139652655, 1.5435,6.28786469763145, 7.7716,1,17.92244,6,8.525946,0.080653,36.7021,397
6.25471139652655, 1.7691,6.28786469763145, 6.9416,2,17.69493,4,9.863113,-0.442614,48.351,397
6.25471139652655, 1.4131,6.30463399691507, 10.1419,3,17.4688,4,8.63038,-0.297581,65.2294,397
6.25471139652655, 1.5265,6.30463399691507, 4.4462,4,17.25041,3,9.953047,-1.037348,52.8478,397
6.25471139652655, 0.4919,6.3223208966665, 14.2161,5,17.02394,2,7.672314,-0.179415,45.0787,397
6.25471139652655, 1.3026,6.3223208966665, 4.4562,6,16.81432,2,11.37298,-0.038182,34.9298,397
6.27126459730789, 7.6152,6.33775869710371, 12.3003,7,16.69328,2,8.835548,-0.297149,40.1135,397
6.28786469763145, 21.4283,6.33775869710371, 4.3622,7,16.75478,2,8.831615,-0.387116,37.5093,397
6.30463399691507, 20.1488,6.35577809764072, 12.4654,5,16.79829,2,8.773382,-0.199483,39.7305,397
6.3223208966665, 5.8092,6.35577809764072, 5.7231,4,16.65919,1,10.30865,-0.41715,35.0948,397
6.33775869710371, 19.8177,6.37262759683654, 9.6683,4,16.69867,2,8.502716,0.694283,38.6184,397
6.33775869710371, 13.5049,6.38996089762077, 18.6887,3,16.65924,2,8.820983,-1.167484,32.8759,397
6.35577809764072, 16.715,6.40486869728193, 14.1104,3,16.65992,2,8.20455,-0.457451,40.0698,397
6.37262759683654, 17.2468,6.42350189713761, 19.4676,2,16.66699,2,9.644917,-0.043118,37.9002,397
6.40486869728193, 17.1273,6.43737269705161, 12.4916,2,16.67247,2,8.801584,-0.150985,39.2287,397
6.40486869728193, 16.5649,6.45610589673743, 20.0885,1,16.6712,1,12.48705,-0.227252,35.1424,397
6.43737269705161, 20.6822,6.4725000965409, 14.9392,2,16.71784,0,9.107918,-0.221819,38.1931,397
6.43737269705161, 11.9288,6.49039289681241, 19.1228,1,16.6628,7,8.837885,-0.283686,25.9411,397
6.45610589673743, 16.3403,6.50478949723765, 14.172,2,16.65913,6,8.478152,2.122747,36.7566,397
6.4725000965409, 17.973,6.52368229767308, 19.2999,2,16.67389,6,10.23842,0.58778,49.7807,397
6.50478949723765, 16.8968,6.53752789786085, 12.8114,2,16.67637,6,8.225186,-0.279687,64.6007,397
6.50478949723765, 16.3679,6.55535789718851, 19.4173,1,16.67298,6,9.187853,-0.101954,78.800496,397
6.65515039628372, 134.0686,6.67356379656121, 116.3626,2,17.94902,6,7.53462,-0.390821,96.257104,397
6.65515039628372, 0.6553,6.67356379656121, 6.1078,0,17.76307,6,8.816787,0.119512,106.199104,397
6.65515039628372, 1.8365,6.68937659589574, 9.5673,1,17.59364,6,7.826354,1.782345,105.835696,397
6.65515039628372, 1.5185,6.68937659589574, 4.6022,2,17.42442,6,10.47902,-0.776922,102.815504,397
6.65515039628372, 1.3177,6.70654959557578, 14.3414,3,17.25665,6,8.465788,0.102811,106.409904,397
6.65515039628372, 1.3794,6.72308849496767, 16.1993,4,17.09296,6,10.04445,-0.178756,104.724304,397
6.65515039628372, 1.0249,6.73967629438266, 15.2251,5,16.929,6,7.716422,-0.484223,105.753696,397
6.65515039628372, 1.0006,6.75685979379341, 18.4567,6,16.76811,5,10.10959,-1.33509,91.839504,397
6.65515039628372, 5.1327,6.7731583933346, 15.0743,7,16.65176,5,8.206356,-0.724757,89.94,397
6.67356379656121, 17.7176,6.7877040929161, 17.3545,8,16.66231,5,9.277623,-0.677924,88.527696,397
6.70654959557578, 19.0202,6.80653469217941, 15.9996,7,16.68542,5,8.99239,-0.216491,89.7618,397
6.70654959557578, 14.7405,6.82336649252102, 18.3349,5,16.66654,5,10.26856,-0.727258,87.957104,397
6.72308849496767, 16.6104,6.83987079327926, 14.9245,6,16.666,5,11.73862,-0.129125,88.337904,397
6.73967629438266, 17.1716,6.85667339293286, 18.2007,6,16.67082,5,9.435091,-0.083192,88.849904,397
6.75685979379341, 16.255,6.87302589369938, 15.1169,6,16.66689,5,8.428158,-0.473659,87.5564,397
6.7877040929161, 19.2494,6.87302589369938, 6.4742,6,16.69103,5,10.68892,-0.621726,88.467104,397
6.7877040929161, 12.353,6.89003199292347, 10.4522,5,16.65086,5,8.041792,0.046507,91.212,397
6.80653469217941, 18.6243,6.90478599304333, 17.2115,6,16.66897,4,8.304059,-0.53656,86.9044,397
6.82336649252102, 16.533,6.9236836922355, 17.767,6,16.66773,5,10.26583,0.128773,87.276304,397
6.83987079327926, 16.7153,6.94000039296225, 14.9107,6,16.66816,4,8.294393,-0.446794,83.6774,397
6.85667339293286, 16.351,6.95436369301751, 16.7316,6,16.66533,5,8.54846,-1.037361,90.749104,397
6.87302589369938, 17.0354,6.97283259266987, 17.5471,6,16.6686,4,8.397527,0.339472,84.5646,397
6.90478599304333, 18.5,6.98869269201532, 17.2062,5,16.68467,5,10.33939,-1.335195,82.853904,397
6.90478599304333, 15.1802,7.00753109203652, 16.0906,4,16.67159,5,8.683761,0.066738,86.4204,397
6.9236836922355, 14.4672,7.02217759238556, 17.2124,5,16.65258,5,9.062628,-0.472229,82.766,397
6.95436369301751, 19.3831,7.03963229293004, 15.0752,5,16.67592,4,9.956495,-0.407596,82.621104,397
6.97283259266987, 16.9983,7.05468719312921, 17.3692,4,16.67865,5,8.399262,-0.106563,81.389504,397
6.98869269201532, 18.8155,7.07205859245732, 15.2169,4,16.69661,4,8.334329,-0.49533,83.471104,397
6.98869269201532, 12.1179,7.08913489291444, 19.1896,4,16.65845,5,8.121196,-0.515097,85.697296,397
7.02217759238556, 20.8489,7.10606679366902, 14.6639,5,16.69308,4,9.950363,-0.172364,83.908896,397
7.03963229293004, 20.5017,7.12253139400855, 18.7903,4,16.7243,5,8.12263,-0.227931,84.2526,397
7.05468719312921, 12.2042,7.13979979464784, 15.7706,4,16.68756,5,9.314397,-1.289598,85.764896,397
7.07205859245732, 20.4912,7.15506239468232, 16.8364,4,16.71823,5,9.017764,-0.039665,84.2986,397
7.08913489291444, 13.8437,7.17135399440303, 13.6993,4,16.69523,5,7.621931,0.444168,86.325904,397
7.10606679366902, 20.3607,7.18817629525438, 19.1284,4,16.72432,5,9.608498,-1.487799,83.329904,397
7.12253139400855, 13.1028,7.20560029568151, 15.1845,4,16.69581,5,9.618065,-0.107766,87.8258,397
7.13979979464784, 15.9573,7.22143619554117, 18.183,4,16.69004,5,7.896832,0.920167,90.2772,397
7.15506239468232, 16.8057,7.23875219607726, 15.0204,4,16.69094,5,9.831699,0.0351,88.033104,397
7.17135399440303, 19.1567,7.25665269652382, 19.4922,4,16.7099,5,9.408766,-0.002667,88.445904,397
7.18817629525438, 13.7324,7.27355119632557, 15.2445,4,16.68717,5,7.630733,0.046566,89.659904,397
7.20560029568151, 20.5708,7.29089269647375, 19.1045,4,16.71659,5,10.2419,-0.452001,87.8164,397
7.22143619554117, 12.639,7.30726239690557, 14.6661,4,16.68594,5,9.437567,-0.821168,88.0892,397
7.23875219607726, 20.8376,7.32407469721511, 17.8416,4,16.71692,5,9.244034,-0.748835,88.282096,397
7.23875219607726, 10.1648,7.33890289766714, 14.6601,4,16.66838,5,9.670501,-0.584902,87.589104,397
7.25665269652382, 16.8479,7.35791219724342, 19.299,5,16.6697,5,9.758868,0.868231,87.047,397
7.29089269647375, 17.5812,7.37230079760775, 15.3385,5,16.67636,5,9.583735,-0.999136,87.557504,397
7.29089269647375, 16.1282,7.38867519749328, 16.5396,4,16.67239,5,9.893802,-0.738803,86.2908,397
7.30726239690557, 16.72,7.4073104984127, 17.9548,5,16.67273,4,11.06127,0.49523,83.203,397
7.33890289766714, 17.4059,7.42187279881909, 15.5423,5,16.67797,5,8.942436,-0.067737,91.129696,397
7.33890289766714, 16.55,7.44043819839135, 16.8211,4,16.67706,5,9.704203,-0.101104,86.137296,397
7.37230079760775, 16.8826,7.45573669811711, 17.0753,5,16.6785,5,9.17477,-0.239071,89.462496,397
7.38867519749328, 16.8903,7.47448769723997, 16.1975,4,16.67999,5,10.11514,-0.334738,86.155504,397
7.4073104984127, 17.6782,7.48925439687446, 17.1351,4,16.68692,5,10.0588,-0.302505,81.9622,397
7.42187279881909, 15.7683,7.50575759680942, 16.2792,4,16.68058,5,10.24997,-1.266072,86.661296,397
7.44043819839135, 17.7726,7.52177959727123, 16.5053,4,16.68806,5,10.53814,-1.016939,86.595296,397
7.45573669811711, 17.1166,7.53853259654716, 14.0286,4,16.69098,5,8.784105,0.468294,88.004704,397
7.45573669811711, 12.0844,7.55588529678062, 20.0112,4,16.65985,5,7.947072,-1.035373,89.107104,397
7.48925439687446, 21.2629,7.57262739585713, 16.2705,5,16.69074,5,9.780039,0.03896,88.6602,397
7.50575759680942, 14.6868,7.58930709632114, 18.0115,4,16.67739,5,12.18521,-0.131107,85.2624,397
7.52177959727123, 18.5521,7.60587409557775, 15.2452,5,16.6898,5,8.993773,0.462426,90.280896,397
7.53853259654716, 19.7981,7.6215335954912, 15.6036,4,16.71025,5,10.38124,-0.759141,87.649504,397
7.55588529678062, 13.2651,7.64046669611707, 17.9656,4,16.68773,5,8.834607,-0.301008,89.1358,397
7.57262739585713, 15.349,7.65689739631489, 15.2817,4,16.67904,5,11.32857,-0.049075,89.806,397
7.58930709632114, 16.7085,7.67359849670902, 18.1186,5,16.67923,5,9.423341,-0.931542,88.1376,397
7.60587409557775, 14.3038,7.69030839623883, 15.4051,4,16.664,5,11.08681,0.826091,89.620096,397
7.6215335954912, 18.5292,7.70728559652343, 18.0821,5,16.67588,5,10.53668,-0.329576,87.5644,397
7.64046669611707, 18.6245,7.72368369670585, 15.2261,4,16.68822,5,11.51534,-0.995543,88.339504,397
7.64046669611707, 13.5006,7.74049979681149, 18.52,4,16.66817,4,10.06801,-0.62391,86.6596,397
7.67359849670902, 17.1127,7.75471649644896, 14.4799,5,16.67095,5,8.543276,-0.098777,92.507696,397
7.67359849670902, 16.4814,7.77324339700863, 17.9676,4,16.66977,5,10.98854,-0.629144,88.016896,397
7.69030839623883, 17.0617,7.79038489749655, 17.7321,5,16.67219,5,10.36631,-0.855611,88.339904,397
7.70728559652343, 16.3243,7.8067116974853, 14.6557,5,16.67005,4,10.30208,0.546022,87.1414,397
7.74049979681149, 17.0259,7.82367469696328, 18.5079,5,16.67222,5,11.45154,-0.931445,84.3202,397
7.75471649644896, 17.0682,7.840638296213, 15.0122,4,16.67462,4,9.978711,-0.746112,83.321504,397
7.77324339700863, 17.5041,7.8574207960628, 18.2789,4,16.67962,5,12.02618,-0.505679,87.800704,397
7.77324339700863, 14.9525,7.87160389637575, 13.2718,4,16.66928,4,8.923845,-1.247546,86.510704,397
7.79038489749655, 14.6358,7.89113819552585, 20.4842,5,16.65718,3,10.01441,0.345587,80.718,397
7.8067116974853, 18.8365,7.90585239557549, 14.3456,5,16.67007,2,5.879179,-0.26278,85.6046,397
7.82367469696328, 16.9065,7.92157959518954, 17.2291,5,16.67146,1,11.98775,-1.076947,83.2958,397
7.840638296213, 16.2759,7.93907309463248, 15.0771,5,16.66915,0,9.319613,0.130486,87.3026,397
7.87160389637575, 21.496,7.95536619378254, 18.6747,5,16.69721,7,9.49118,0.707319,24.5544,397
7.89113819552585, 14.421,7.97157249366865, 13.4221,4,16.68405,6,9.902147,-0.299348,37.7138,397
7.90585239557549, 15.8106,7.98950789449736, 20.2894,4,16.67903,6,9.386414,-0.678215,46.3952,397
7.92157959518954, 17.5781,8.00563779426739, 16.2881,4,16.68417,6,9.632181,-1.283582,62.8834,397
7.93907309463248, 20.8311,8.02289849473163, 15.0386,4,16.70773,6,9.590548,-1.172849,76.2582,397
7.95536619378254, 12.7472,8.03888749470934, 17.6331,4,16.68536,6,10.58512,-0.643416,93.700704,397
7.97157249366865, 19.3885,8.05758299445733, 17.0795,4,16.70054,6,9.884982,-0.986983,105.7658,397
7.98950789449736, 13.8964,8.07353949500248, 17.9032,4,16.68488,6,11.54725,0.32395,107.271504,397
8.12270739628002, 132.5953,8.13900199672207, 64.1411,4,17.32882,5,9.247616,-0.109817,103.413504,397
8.12270739628002, 0.7424,8.13900199672207, 6.4468,0,17.23719,6,9.688083,-1.107484,106.443904,397
8.12270739628002, 3.4567,8.1555668967776, 11.2461,1,17.16147,5,9.20785,-0.913551,103.535296,397
8.12270739628002, 0.5333,8.1555668967776, 5.9025,2,17.07061,6,9.097917,-0.489118,104.9554,397
8.12270739628002, 1.8904,8.17412199592218, 10.5716,3,16.9881,6,9.839484,0.362715,104.3474,397
8.12270739628002, 1.5717,8.19080029567704, 18.0595,4,16.90477,6,9.481451,0.289148,104.893,397
8.12270739628002, 1.3056,8.20688479533419, 14.6803,5,16.82091,6,11.36252,0.206281,98.422896,397
8.12270739628002, 1.5027,8.22269699489698, 18.945,6,16.73899,6,9.213985,-0.587086,103.3378,397
8.13900199672207, 3.2381,8.24092179490253, 15.3031,7,16.66718,5,11.01465,0.405847,97.8064,397
8.13900199672207, 15.7736,8.25577409518883, 17.28,7,16.66245,6,9.850519,-0.76632,104.5282,397
8.1555668967776, 18.4489,8.27284479467198, 14.5905,7,16.67185,6,10.89969,-0.575987,104.4184,397
8.17412199592218, 16.7455,8.28985039470717, 19.7755,6,16.67224,5,9.535953,0.198246,100.3632,397
8.19080029567704, 16.0548,8.30550689389929, 13.1461,6,16.66902,6,9.14412,0.643979,104.1196,397
8.22269699489698, 19.2769,8.3232495947741, 20.6962,6,16.68253,6,11.89149,1.015512,102.379696,397
8.22269699489698, 14.7636,8.33967029443011, 14.1554,5,16.67264,6,10.05655,-1.177255,98.7536,397
8.25577409518883, 17.7404,8.35647169454023, 18.286,6,16.67812,5,11.07892,-0.666522,100.036096,397
8.27284479467198, 21.2724,8.3726744945161, 14.8019,5,16.70156,6,8.593588,-1.351189,102.114096,397
8.28985039470717, 13.9955,8.38984159519896, 18.912,5,16.68782,6,8.455155,0.394744,99.8532,397
8.30550689389929, 19.2023,8.4064173954539, 13.6689,5,16.70052,5,12.43432,-0.329123,95.2054,397
8.3232495947741, 13.6155,8.425548795145, 20.3368,5,16.68502,5,5.818389,0.70911,86.7096,397
8.33967029443011, 15.4001,8.43932309513912, 15.2945,5,16.67859,5,10.67086,0.032043,84.3376,397
8.35647169454023, 18.1562,8.45607719523832, 14.0979,5,16.68595,4,9.244923,-0.460424,85.180096,397
8.3726744945161, 15.168,8.47261989442632, 18.9227,5,16.67843,5,9.27819,-0.023391,91.1952,397
8.38984159519896, 17.6633,8.49094449495897, 15.9231,5,16.68328,5,9.422357,-0.945458,88.348704,397
8.4064173954539, 20.5058,8.50547869456932, 16.8796,5,16.70202,5,9.208824,0.083475,87.138304,397
8.425548795145, 13.2562,8.52228759368882, 14.5384,5,16.68521,5,10.67139,-1.014292,86.458096,397
8.43932309513912, 16.9215,8.53870589425787, 19.0006,5,16.68636,5,8.541358,-0.372359,81.9328,397
8.45607719523832, 19.6825,8.55649889400229, 17.4199,5,16.70083,5,10.42793,-0.401626,85.206704,397
8.47261989442632, 13.0717,8.57282879343256, 16.4168,5,16.68339,5,8.925792,-0.661393,87.2674,397
8.47261989442632, 12.3849,8.57282879343256, 4.3967,5,16.66282,5,9.648059,-1.22626,90.209904,397
8.50547869456932, 20.4364,8.5894659939222, 11.9349,6,16.68079,5,9.860126,-0.188727,88.115,397
8.52228759368882, 19.9302,8.60655629402027, 17.5586,5,16.69619,5,11.57989,0.538106,89.776096,397
8.53870589425787, 13.4009,8.62335639400408, 14.2428,5,16.68064,5,9.73266,-0.652561,88.179104,397
8.55649889400229, 16.1348,8.64196189446375, 22.1502,5,16.67808,5,12.15553,0.437472,90.2836,397
8.57282879343256, 17.6867,8.65875429427251, 14.8412,5,16.68279,5,8.859794,-0.630095,88.149504,397
8.5894659939222, 15.4298,8.67436909442768, 14.2175,5,16.67697,5,7.416961,-0.732062,90.0508,397
8.60655629402027, 18.8537,8.69127199379727, 18.1733,4,16.68704,5,11.11443,0.553871,88.1458,397
8.62335639400408, 19.7696,8.70793829439208, 15.2448,4,16.70125,5,9.523095,0.415504,89.297104,397
8.64196189446375, 15.274,8.72501319414005, 18.5469,4,16.6947,5,10.67686,0.206337,87.550896,397
8.64196189446375, 12.8493,8.74129739357159, 14.9099,4,16.67714,5,9.336729,-0.39973,89.4926,397
8.65875429427251, 15.43,8.75846179341897, 18.372,5,16.67147,5,9.553896,0.858803,88.417296,397
8.67436909442768, 17.0237,8.77463069325313, 14.9286,5,16.67307,5,8.292863,0.922536,90.419696,397
8.69127199379727, 16.549,8.79164729407057, 18.2088,5,16.67251,5,7.75883,1.453469,89.2924,397
8.70793829439208, 17.2517,8.80837149498984, 15.6549,5,16.67511,4,9.090997,0.512102,87.069296,397
8.72501319414005, 16.3229,8.82547829439864, 18.4272,5,16.67353,5,9.002364,-0.627065,89.4304,397
8.74129739357159, 17.1572,8.84205849422142, 15.0237,5,16.67568,4,9.894131,-0.171532,86.1992,397
8.75846179341897, 16.1303,8.85852829506621, 18.0304,5,16.67327,5,8.719598,1.004401,88.1828,397
8.77463069325313, 16.8952,8.87502939580008, 14.9907,5,16.67425,4,8.822365,0.202234,86.8022,397
8.79164729407057, 16.693,8.89138259505853, 17.844,5,16.67433,5,8.937432,-0.689933,83.634096,397
8.80837149498984, 17.1503,8.90824809437618, 15.4056,5,16.67641,4,9.580799,-0.4676,84.9454,397
8.82547829439864, 16.5116,8.92536729527637, 18.4513,5,16.67569,5,9.040466,0.289433,83.5908,397
8.84205849422142, 16.6796,8.94237269600853, 15.6029,5,16.67571,4,8.454733,-0.647934,83.524304,397
8.85852829506621, 16.4724,8.95733589632437, 18.4754,5,16.67483,5,11.1051,-0.892701,82.1966,397
8.87502939580008, 16.2092,8.97597029572353, 15.0816,5,16.67283,4,9.143567,1.441232,83.257296,397
8.89138259505853, 16.9963,8.99064509617165, 14.7743,5,16.67422,5,8.477734,-0.612835,82.8618,397
8.90824809437618, 17.1468,9.00743419537321, 19.5063,5,16.67623,4,10.8247,-0.365402,84.188704,397
8.92536729527637, 16.9943,9.02358949603513, 13.7641,5,16.67757,5,9.358768,0.144631,83.096304,397
8.95733589632437, 17.4486,9.04072679625824, 19.4311,5,16.68083,5,7.602335,-0.231036,86.4852,397
8.95733589632437, 16.1713,9.05807459587231, 14.7905,4,16.67869,5,10.4295,-0.488403,84.344,397
8.99064509617165, 22.2893,9.07457639509812, 19.1201,5,16.70216,5,8.954969,-0.11427,87.164704,397
9.00743419537321, 13.028,9.09148109564558, 14.3421,4,16.68685,5,9.331936,-0.064837,83.6956,397
9.02358949603513, 19.8229,9.10772969620302, 18.4654,4,16.69987,5,9.738503,-0.116704,85.9974,397
9.04072679625824, 13.9719,9.12385769607499, 13.9054,4,16.68859,5,11.68567,-0.740071,88.537696,397
9.05807459587231, 20.4488,9.14070129627362, 19.1204,4,16.70407,5,9.504037,-0.211138,88.6174,397
9.07457639509812, 13.2668,9.15750989550725, 14.3267,4,16.68998,5,11.2443,0.597695,89.4492,397
9.09148109564558, 20.2039,9.17609429592267, 19.8082,4,16.70432,5,9.623771,0.014328,88.8706,397
9.10772969620302, 12.2487,9.19086939608678, 13.5787,4,16.68621,5,9.898738,-0.421039,87.7114,397
9.12385769607499, 20.249,9.20752839697525, 19.1527,4,16.70064,5,9.589605,-0.997106,89.915696,397
9.14070129627362, 13.6057,9.22700619651005, 16.9953,4,16.68816,5,8.078772,-0.615673,90.206704,397
9.15750989550725, 19.5942,9.2431741966866, 17.4517,4,16.69983,5,10.55874,-0.54074,89.6004,397
9.15750989550725, 11.3991,9.25862029707059, 14.2215,4,16.67862,5,8.780206,0.548993,90.130704,397
9.19086939608678, 22.1074,9.27574329776689, 18.6365,5,16.70025,5,9.468973,-0.174374,87.733296,397
9.20752839697525, 13.37,9.29288519686088, 15.6737,4,16.68704,5,9.13864,-0.012541,90.1006,397
9.20752839697525, 15.3978,9.30924279754981, 17.9354,4,16.68194,5,10.47501,0.851092,90.047296,397
9.22700619651005, 16.0846,9.32703419728205, 16.1638,5,16.67959,5,9.814674,-0.001075,87.702,397
9.2431741966866, 15.5363,9.34234039718285, 16.368,5,16.67511,5,9.076541,-1.032742,89.591,397
9.25862029707059, 16.3371,9.35915009723976, 15.7682,5,16.67379,5,9.066208,0.381291,87.799,397
9.27574329776689, 15.8723,9.37357809720561, 16.7242,5,16.67067,5,8.502275,-0.757276,89.348704,397
9.29288519686088, 18.4676,9.39238999737427, 18.6482,5,16.67763,5,10.64174,-0.609543,87.5592,397
9.30924279754981, 14.3496,9.40927419764921, 14.6395,5,16.66864,5,9.376709,-0.97851,90.0032,397
9.32703419728205, 18.7762,9.42387729743496, 18.1701,5,16.67675,5,7.934776,-0.379077,87.6834,397
9.34234039718285, 14.7273,9.44272419670597, 15.2574,5,16.66928,5,10.90454,0.633956,89.811696,397
9.37357809720561, 20.4301,9.45919459732249, 18.0351,5,16.68364,5,8.86691,-1.784811,87.6674,397
9.37357809720561, 13.2664,9.47621879773214, 15.6305,4,16.67064,5,8.496477,-0.848178,91.437,397
9.39238999737427, 18.4228,9.49278899701312, 18.3696,5,16.67728,4,9.660544,-0.577645,87.2076,397
9.42387729743496, 16.7073,9.50902299629524, 14.3609,5,16.67739,5,7.976411,0.619588,91.9032,397
9.42387729743496, 16.7483,9.52606049599126, 18.6389,5,16.67766,5,10.79518,-0.428779,89.358704,397
9.44272419670597, 16.5666,9.54242639662698, 14.7731,5,16.67724,5,12.25315,0.183154,91.4158,397
9.45919459732249, 16.921,9.55946799600497, 18.4727,5,16.67815,4,9.254412,0.706087,83.998896,397
9.47621879773214, 16.487,9.57565359631553, 14.6946,5,16.67744,5,7.933779,0.05042,83.970096,397
9.49278899701312, 16.303,9.59297139616683, 18.7613,5,16.67605,4,11.63385,-0.537747,83.141696,397
9.50902299629524, 17.0877,9.60919369617477, 14.7542,5,16.67757,5,7.386513,-0.798714,89.422704,397
9.52606049599126, 16.315,9.62611529650167, 18.4422,5,16.67624,5,7.45778,1.171919,86.515296,397
9.54242639662698, 17.168,9.64268769742921, 15.0237,5,16.67804,5,7.998347,-0.887248,81.8832,397
9.55946799600497, 14.373,9.65784189710394, 18.1428,5,16.66963,5,6.864014,-0.353015,88.621296,397
9.57565359631553, 18.4357,9.67475769715384, 14.2057,5,16.67605,5,9.019781,1.128918,84.392704,397
9.59297139616683, 14.9748,9.69185619661584, 19.6704,5,16.66989,4,6.969348,-0.620949,85.537904,397
9.60919369617477, 18.8018,9.71085729682818, 16.2568,5,16.67758,5,10.27211,-0.830816,86.5624,397
9.62611529650167, 14.8116,9.72524199681357, 16.8692,5,16.67087,5,8.118382,-0.806183,88.890096,397
9.65784189710394, 21.2921,9.74156209686771, 13.8746,5,16.68744,5,10.20085,1.40665,86.555104,397
9.67475769715384, 19.8604,9.75906139658764, 19.8306,4,16.69877,5,7.832216,-0.410517,87.628496,397
9.69185619661584, 13.8654,9.77438479615375, 13.0376,4,16.68868,5,8.896083,-1.061184,82.003,397
9.69185619661584, 12.709,9.7914473968558, 18.9895,4,16.67457,5,8.11225,-0.920951,88.3344,397
9.72524199681357, 21.0198,9.80993659747764, 18.1118,5,16.68993,5,9.441017,-0.882418,91.040704,397
9.74156209686771, 19.4727,9.82436559768394, 14.8402,4,16.69972,5,8.738184,-0.041385,88.530096,397
9.75906139658764, 12.0754,9.84367169858888, 18.814,4,16.6835,5,9.520051,-1.084852,91.657104,397
9.77438479615375, 20.8086,9.86051859939471, 16.579,4,16.69792,4,7.901918,0.380381,86.320896,397
9.7914473968558, 12.299,9.87500479957089, 13.4444,4,16.68259,5,11.00768,-0.974486,89.8008,397
9.80993659747764, 17.532,9.89233539951965, 18.5558,4,16.68554,4,7.788452,-0.631753,87.028896,397
9.82436559768394, 15.405,9.90951370028779, 17.7332,4,16.68111,5,9.044119,-1.21252,89.144496,397
9.84367169858888, 18.1828,9.92591380095109, 15.8471,4,16.68629,5,7.950286,-1.154387,88.0768,397
9.84367169858888, 15.0657,9.94360740063712, 16.139,4,16.68072,5,8.910053,-0.855654,83.867696,397
9.87500479957089, 22.1033,9.95895950077102, 16.4775,5,16.69929,5,8.97682,-0.586821,88.004896,397
9.87500479957089, 9.6476,9.97606520121917, 15.9787,4,16.67522,5,8.955987,0.031812,82.8878,397
9.89233539951965, 14.8454,9.99236630043015, 17.5521,5,16.669,5,12.47415,1.336945,85.119296,397
9.90951370028779, 18.8205,10.0098567004316, 16.3091,5,16.67629,5,9.822721,-0.678055,91.869296,397
9.92591380095109, 14.325,10.026113001164, 17.4524,5,16.66835,5,11.71389,-0.516655,88.6808,397
9.94360740063712, 18.6616,10.0405970015563, 13.3263,5,16.67506,5,16.13106,-0.500455,89.4806,397
9.95895950077102, 16.897,10.0597787019797, 20.375,5,16.67581,5,5.798055,-0.90873,87.728096,397
9.97606520121917, 16.4948,10.0745866023935, 13.7226,5,16.6752,5,9.866955,-0.13837,89.749,397
9.99236630043015, 17.5176,10.0916788023897, 19.6331,5,16.67801,5,14.91685,-0.55387,88.498896,397
10.0098567004316, 16.2332,10.1095457025804, 15.1653,5,16.67653,5,10.69823,-0.126141,89.3834,397
10.0405970015563, 21.9626,10.1261131023057, 17.7531,5,16.69404,5,11.49837,-0.757903,88.705904,397
10.0405970015563, 11.6147,10.1429855027236, 15.7558,4,16.67727,5,10.68947,-1.102791,90.951296,397
10.0745866023935, 22.3617,10.1577605023049, 17.2407,5,16.69597,5,9.633241,-0.265881,86.5328,397
10.0916788023897, 14.0271,10.1766714020632, 16.2613,4,16.68722,5,10.6299,-0.325235,90.447904,397
10.0916788023897, 11.2454,10.193336002063, 17.993,4,16.66944,5,8.697591,-0.95431,87.2424,397
10.1095457025804, 18.7547,10.2101847021841, 15.5676,5,16.67623,5,12.15838,0.10699,87.968704,397
10.1261131023057, 16.9005,10.2265647030436, 17.6981,5,16.67696,5,9.025735,-1.348374,87.347696,397
10.1577605023049, 19.0914,10.2451646025293, 17.3416,5,16.68477,5,10.55621,-0.30702,89.2046,397
10.1577605023049, 12.5071,10.2572984029539, 14.5249,4,16.6713,5,10.02641,0.119655,89.475,397
10.1766714020632, 18.7955,10.2769826021977, 17.5448,5,16.67813,5,9.813874,-0.368109,90.5036,397
10.193336002063, 16.8219,10.2934787017293, 17.707,5,16.67859,5,10.53202,-0.139473,89.9232,397
10.2101847021841, 16.4429,10.3106604018249, 15.7642,5,16.67783,5,10.56594,0.146006,90.2486,397
10.2265647030436, 14.9381,10.3266241014935, 17.1846,5,16.67229,5,8.642309,-0.306989,88.9516,397
10.2572984029539, 19.703,10.3431837023236, 15.2829,5,16.68191,5,12.29767,-0.718122,91.453504,397
10.2572984029539, 13.5479,10.3591367029585, 17.4637,4,16.672,5,9.587094,-0.104755,88.013904,397
10.2769826021977, 18.5833,10.3760997024365, 15.3768,5,16.67802,5,9.954589,-0.215302,89.9264,397
10.2934787017293, 17.2671,10.3926634029485, 17.9936,5,16.67988,5,9.622222,-0.190249,89.160304,397
10.3106604018249, 15.9799,10.4093684037216, 15.359,5,16.67768,4,12.26536,-0.623873,77.9758,397
10.3266241014935, 16.3898,10.426216204185, 18.2455,5,16.67678,4,9.707102,-0.521497,73.486304,397
10.3431837023236, 16.0806,10.4440105040558, 16.3517,5,16.67493,4,12.03745,-0.356815,73.056896,397
10.3591367029585, 16.8247,10.4601576034911, 17.8527,5,16.67539,4,9.448673,0.157964,72.304096,397
10.3760997024365, 16.3721,10.4757068031467, 15.7914,5,16.67445,4,12.3778,-0.581308,73.3292,397
10.3926634029485, 17.0091,10.4938234039582, 17.3347,5,16.67549,4,9.692615,-0.396271,71.7422,397
10.4093684037216, 16.7083,10.5103994035162, 15.4107,5,16.67559,4,8.833036,1.108033,71.4458,397
10.426216204185, 14.8174,10.5265470040031, 17.3191,5,16.66989,4,9.828008,-0.336432,74.3368,397
10.4440105040558, 19.3203,10.5435624034144, 15.8795,5,16.67799,4,9.962871,-0.398989,70.182704,397
10.4601576034911, 14.5419,10.5600666035898, 16.455,5,16.67148,4,10.23807,-0.169489,74.9972,397
10.4757068031467, 19.1459,10.5764675033279, 18.3793,5,16.679,4,9.245232,-0.577089,72.234096,397
10.4938234039582, 13.7976,10.5935821034946, 15.0984,5,16.67027,4,9.394389,-0.37065,69.3252,397
10.5103994035162, 18.9411,10.5935821034946, 6.4552,5,16.67713,4,8.028089,-0.027111,72.6918,397
10.5265470040031, 14.7845,10.6100439042784, 10.2953,5,16.67143,4,11.84899,-0.610247,70.4638,397
10.5435624034144, 18.698,10.6271779038943, 18.2677,5,16.67751,4,9.89075,-0.744683,74.103696,397
10.5764675033279, 16.6717,10.6426126039587, 15.9191,5,16.6775,4,11.90191,-0.366005,70.8514,397
10.5764675033279, 16.8084,10.660439403262, 17.8326,4,16.67789,4,9.390147,-0.778427,73.2704,397
10.5935821034946, 16.4659,10.6752444035374, 14.8797,5,16.67726,4,12.49208,0.167795,71.807504,397
10.6100439042784, 17.1263,10.6938136029057, 16.828,4,16.67859,4,10.2914,-0.2534,74.043104,397
10.6271779038943, 14.348,10.7086514024995, 17.2389,4,16.67169,4,12.30283,-0.726663,71.6504,397
10.6426126039587, 18.9508,10.72478830209, 14.7961,4,16.67842,4,10.26521,-0.400194,72.802096,397
10.660439403262, 14.4549,10.7437708019279, 19.2697,4,16.67188,3,10.3145,-0.337841,69.7976,397
10.6752444035374, 18.8781,10.7593336016871, 16.1145,4,16.67835,4,9.562763,-0.893183,71.8214,397
10.7086514024995, 19.177,10.7775266026147, 16.2682,4,16.68565,4,9.383094,0.616675,70.951904,397
10.72478830209, 14.5927,10.7935873032548, 17.9594,3,16.67955,4,10.93444,-0.243567,72.343696,397
10.72478830209, 16.2035,10.8094529029913, 13.9747,3,16.67817,4,8.939083,-0.124809,66.3061,397
10.7437708019279, 15.0599,10.8262088024057, 18.6998,4,16.67348,4,12.44893,-0.242869,73.831904,397
10.7593336016871, 18.6773,10.8432069015689, 15.4246,4,16.67927,4,8.208067,0.789971,71.516096,397
10.7775266026147, 16.1821,10.8600936015137, 18.6015,4,16.67784,4,11.80751,-0.652879,73.746,397
10.7935873032548, 15.7747,10.8764727008529, 14.3109,4,16.67524,4,9.096969,-0.619529,72.0284,397
10.8094529029913, 16.3736,10.8937542014755, 18.6093,4,16.67438,4,12.10393,-0.481174,72.6854,397
10.8262088024057, 17.199,10.9100171015598, 14.8056,4,16.67587,4,8.950479,-1.049372,73.4306,397
10.8432069015689, 17.0317,10.9263067007996, 18.1835,4,16.67689,4,12.42023,-0.276398,74.451904,397
10.8600936015137, 16.416,10.9417653004639, 13.4112,4,16.67615,4,9.982274,-1.550373,71.3962,397
10.8764727008529, 17.0095,10.9588754004799, 19.033,4,16.67709,4,10.43717,-0.005627,71.530704,397
10.8937542014755, 16.5272,10.9763694009744, 15.6574,4,16.67667,4,10.5326,0.522019,71.115504,397
10.9100171015598, 16.2943,10.9923498011194, 17.6877,4,16.67559,4,10.79997,0.588519,74.660496,397
10.9417653004639, 22.1841,11.010110901203, 16.145,4,16.69106,4,10.66983,-0.59644,71.052496,397
10.9588754004799, 10.6334,11.0264845020138, 18.1588,3,16.6741,4,11.52328,-0.694519,72.618,397
10.9588754004799, 17.198,11.0430685016327, 14.9007,3,16.67556,4,8.459981,-0.523798,71.245696,397
10.9923498011194, 16.2568,11.060014701914, 18.4677,4,16.67439,4,9.56414,0.194876,73.6332,397
10.9923498011194, 17.5227,11.0771216019057, 15.8051,3,16.67675,4,8.175619,-0.18585,71.969296,397
11.0264845020138, 16.5335,11.0928988023661, 17.1903,4,16.67635,4,12.5455,0.537019,73.01,397
11.0264845020138, 16.3905,11.1103243022226, 17.1351,4,16.67556,4,9.846924,-0.323712,72.6126,397
11.060014701914, 17.2913,11.1279944027774, 18.313,4,16.67726,4,11.57395,-0.586643,71.2196,397
11.060014701914, 16.8121,11.1439082021825, 13.7562,3,16.67763,4,9.550781,-0.863574,73.684496,397
11.0928988023661, 17.63,11.1599613013677, 17.7697,4,16.68024,4,11.28711,0.056895,72.9002,397
11.0928988023661, 15.5989,11.1767077012919, 15.195,3,16.67728,4,16.63204,0.257164,74.687,397
11.1103243022226, 14.3399,11.1933977021836, 17.8676,4,16.67092,4,16.89137,-0.009467,73.2934,397
11.1279944027774, 19.1934,11.2102040029131, 15.5853,4,16.67777,4,17.1892,-0.398198,74.9666,397
11.1599613013677, 16.3728,11.2267283028923, 17.9379,4,16.67694,4,16.26784,-0.367829,73.4562,397
11.1599613013677, 16.4278,11.2432299028151, 15.0611,3,16.67627,3,16.09647,-0.510311,71.4868,397
11.1933977021836, 16.9464,11.2608217033558, 19.3284,4,16.677,4,16.3259,-0.495787,73.604096,397
11.1933977021836, 16.5846,11.2771918042563, 14.9201,3,16.67675,4,16.61243,-0.633363,74.0924,397
11.2102040029131, 16.5881,11.2934863041155, 17.6291,4,16.67651,4,3.352111,-0.84385,72.0902,397
11.2267283028923, 16.4569,11.3112585037015, 16.0586,4,16.67592,4,5.398987,0.463982,66.8074,397
11.2432299028151, 17.5759,11.3262235033326, 16.1825,4,16.67833,3,7.570163,-0.138657,69.521,397
11.2608217033558, 14.3755,11.3443643036298, 16.8407,4,16.6722,4,5.55395,1.331724,74.124496,397
11.2771918042563, 18.2592,11.3604167043231, 17.4745,4,16.67641,4,5.588818,-0.380866,72.0268,397
11.2934863041155, 14.1719,11.3776606037281, 15.9585,4,16.66978,4,4.060757,0.140064,72.1328,397
11.3112585037015, 18.4814,11.3933881032281, 17.0894,4,16.67456,4,11.06138,-1.28104,67.392704,397
11.3262235033326, 14.9451,11.411427303683, 16.6161,4,16.67001,4,9.038766,-0.757344,71.901904,397
11.3443643036298, 19.355,11.4278429034166, 17.8442,4,16.67706,4,11.59964,-0.187741,73.766704,397
11.3604167043231, 14.3279,11.4416019036435, 12.3588,4,16.67091,4,8.80404,0.103227,75.221104,397
11.3776606037281, 18.5003,11.4607830042951, 20.6172,4,16.67569,4,12.98714,-0.546068,71.9702,397
11.3933881032281, 14.9585,11.475796204526, 15.4469,4,16.67122,4,9.560341,-0.16094,72.9412,397
11.411427303683, 19.6313,11.4939168044366, 17.6284,4,16.6789,4,11.28277,-1.124722,69.760304,397
11.4416019036435, 20.8972,11.5110036046244, 15.6144,4,16.68983,4,8.833468,0.032196,72.826896,397
11.4416019036435, 12.0543,11.5257184044458, 14.7673,3,16.67785,3,11.31694,-0.769886,70.9864,397
11.4607830042951, 14.2101,11.5433189035393, 18.8135,4,16.67149,4,8.710422,0.051832,72.5786,397
11.475796204526, 18.9235,11.5600127042271, 16.8252,4,16.67728,4,12.5704,0.16875,71.580704,397
11.4939168044366, 15.3523,11.5767886047252, 15.4582,4,16.67389,4,9.823686,0.209168,74.2526,397
11.5257184044458, 23.8384,11.594183804933, 19.0981,4,16.69221,4,17.04097,0.010986,66.7976,397
11.5257184044458, 10.2788,11.6106756054796, 14.7877,3,16.67585,4,16.14635,-0.233696,73.144704,397
11.5433189035393, 16.5012,11.6270295050927, 18.3658,4,16.6754,4,16.11033,-0.007178,72.2074,397
11.5600127042271, 15.0514,11.6439609047957, 16.5057,4,16.67128,4,16.07721,-0.156734,71.0512,397
11.5767886047252, 18.7965,11.6610935055651, 15.5456,4,16.67666,4,16.2784,1.140158,69.506496,397
11.594183804933, 16.7727,11.677459504921, 17.7472,4,16.6769,4,16.49218,-0.946067,72.594704,397
11.6270295050927, 18.6933,11.6943403040059, 15.5085,4,16.68198,4,4.054034,-0.187009,73.229,397
11.6270295050927, 14.8028,11.7108932049014, 17.869,3,16.67726,4,6.549942,-0.418911,69.3318,397
11.6439609047957, 14.8666,11.7252736049704, 13.0261,4,16.67273,4,8.897667,-0.181229,71.394304,397
11.6610935055651, 18.6624,11.7442221040837, 20.2625,4,16.6777,4,9.366109,-1.025424,71.645504,397
11.677459504921, 16.8087,11.7613631035201, 15.8023,4,16.67802,4,10.80981,0.367246,74.3364,397
11.6943403040059, 16.5098,11.7774854036979, 19.1816,4,16.67761,4,9.021729,-0.242417,71.740304,397
11.7252736049704, 21.5551,11.7923407037742, 14.1074,4,16.68971,4,10.61672,0.061915,74.1622,397
11.7252736049704, 11.7209,11.8113241032697, 18.0602,3,16.67741,4,9.947954,1.317383,71.5378,397
11.7442221040837, 17.1495,11.826816003304, 16.2122,4,16.67858,4,10.60732,0.253122,73.5236,397
11.7774854036979, 18.4778,11.8429161026143, 17.3213,4,16.68301,4,8.939085,-0.064407,71.551904,397
11.7923407037742, 15.058,11.8584512029774, 13.5146,3,16.67901,4,10.68612,-0.646611,72.563296,397
11.7923407037742, 16.4946,11.8775603030808, 19.5813,3,16.67856,4,9.152878,0.07152,74.012896,397
11.8113241032697, 14.8456,11.8928558030166, 15.4805,4,16.67408,4,4.221107,-0.105166,71.903104,397
11.8429161026143, 18.8974,11.9097305038013, 14.999,4,16.6795,4,10.44531,-1.080849,72.406,397
11.8584512029774, 16.3672,11.9267008029856, 18.4325,3,16.67875,4,9.91468,-0.33557,72.2706,397
11.8584512029774, 14.8423,11.9433161024936, 15.0907,3,16.67429,4,8.822966,-0.081923,73.1708,397
11.8775603030808, 15.427,11.9598803021945, 18.1175,4,16.67127,4,10.56885,0.468167,71.175904,397
11.8928558030166, 17.9007,11.9768178020604, 15.3069,4,16.67424,4,10.50557,0.048213,71.7594,397
11.9097305038013, 17.1331,11.9944107015617, 19.5524,4,16.67534,4,9.642023,0.781028,70.654496,397
11.9267008029856, 16.5276,12.0102803022601, 13.9026,4,16.67499,4,9.128833,-0.849257,72.8948,397
11.9433161024936, 16.5449,12.0270055015571, 18.5303,4,16.67468,4,9.704087,-0.149112,72.2754,397
11.9598803021945, 17.0075,12.0436454010196, 15.0356,4,16.67547,4,9.176172,0.220333,72.253696,397
11.9768178020604, 17.5003,12.0605180007406, 18.5114,4,16.67744,4,10.79876,0.402,72.991,397
11.9944107015617, 15.8362,12.0771729000844, 17.2853,4,16.67544,3,10.11531,0.199667,69.9358,397
12.0102803022601, 16.8663,12.094260499347, 14.7688,4,16.67589,4,11.58927,0.739959,70.355296,397
12.0270055015571, 16.529,12.1107884985395, 17.0196,4,16.67554,4,9.0949,-0.61238,70.781296,397
12.0436454010196, 16.9759,12.1280362983234, 16.8422,4,16.67625,4,11.12593,-1.029515,67.6698,397
12.0605180007406, 16.76,12.1441831984557, 17.658,4,16.67645,4,9.032741,-0.88395,65.8855,397
12.0771729000844, 16.9857,12.1610124991275, 14.9905,4,16.67718,4,9.95348,-0.166424,71.5058,397
12.1107884985395, 18.3352,12.1782276988961, 18.9186,4,16.68107,4,9.808515,-0.991198,71.126496,397
12.1107884985395, 15.4327,12.194131499622, 14.3283,3,16.67815,4,12.80065,-0.383734,71.5104,397
12.1441831984557, 16.3162,12.2116514001973, 18.5558,4,16.6773,4,10.36162,0.17583,73.4582,397
12.1441831984557, 16.7074,12.228814701084, 16.0878,4,16.67737,4,11.8639,0.221945,72.764,397
12.1610124991275, 17.1639,12.2437722007744, 17.1416,4,16.6785,4,10.36893,-0.23356,73.8332,397
12.1782276988961, 15.8921,12.2597770015709, 16.6296,4,16.67668,4,12.02927,-0.227318,72.1336,397
12.194131499622, 17.4188,12.2766956011765, 14.3662,4,16.6784,4,9.212355,1.569896,73.7136,397
12.2116514001973, 17.2696,12.2946338015608, 17.6862,4,16.67976,4,10.63986,-0.361632,71.384,397
12.2437722007744, 17.3547,12.3104755016975, 17.7803,4,16.68132,4,8.209618,0.551003,73.3254,397
12.2597770015709, 18.0237,12.3272068011574, 14.9119,3,16.6844,4,10.2198,-0.663955,71.8558,397
12.2766956011765, 20.0927,12.343591300305, 18.3084,3,16.69222,4,9.049132,-0.60746,72.899296,397
12.2766956011765, 10.396,12.3602390005253, 16.0157,3,16.67781,4,11.0619,-0.387446,72.901696,397
12.3104755016975, 17.9368,12.3772235005163, 17.5578,4,16.68069,4,8.444755,-0.708764,73.2684,397
12.3104755016975, 14.5507,12.3938660002314, 14.9338,3,16.67583,3,9.78316,-0.751847,69.4456,397
12.3272068011574, 16.5115,12.4107921994291, 18.4594,4,16.67546,4,9.927446,-0.23591,73.1558,397
12.343591300305, 16.608,12.4281929987483, 15.9157,4,16.67531,4,8.655764,-0.106288,71.7502,397
12.3602390005253, 17.0262,12.4445830988698, 18.0929,4,16.6761,4,9.798247,-0.08674,72.039,397
12.3772235005163, 16.5543,12.461232799571, 14.8542,4,16.67583,4,9.66891,-0.255385,65.134,397
12.3938660002314, 16.8539,12.4779809000902, 18.4337,4,16.67623,3,9.282088,-0.902071,71.4698,397
12.4107921994291, 17.416,12.4946236996911, 15.0859,4,16.67789,4,9.74914,-0.877472,73.4084,397
12.4281929987483, 16.3594,12.509783399757, 18.3005,4,16.67718,3,9.301285,-0.160773,73.055904,397
12.4445830988698, 16.5945,12.5282528004609, 15.1246,4,16.67699,4,9.701371,-0.146406,74.140896,397
12.461232799571, 16.9398,12.5445385999046, 17.9828,4,16.67758,4,9.885072,-0.137346,66.7875,397
12.4779809000902, 16.6108,12.5612308005802, 16.6132,4,16.67743,4,12.55007,-0.281876,72.3516,397
12.509783399757, 17.0225,12.5782757005654, 17.3891,4,16.6782,4,9.216506,-1.229579,60.0106,397
12.509783399757, 16.6005,12.5928708002903, 12.7771,3,16.67802,4,9.631446,-0.977762,73.0888,397
12.5282528004609, 16.1912,12.6102203004993, 19.9003,4,16.67695,4,8.299876,0.686622,76.340096,397
12.5445385999046, 16.7783,12.6267344006337, 15.3751,4,16.67717,4,9.720179,-0.239446,75.9178,397
12.5612308005802, 17.0915,12.6428882000037, 17.3794,4,16.67808,3,10.79296,-0.734492,75.6014,397
12.5928708002903, 21.726,12.6593231004663, 14.8192,4,16.68918,3,9.529878,-0.396561,71.6834,397
12.6102203004993, 14.6533,12.6773518011905, 20.989,3,16.68471,4,10.92515,0.076451,73.393,397
12.6267344006337, 13.9399,12.6938600004651, 15.8787,3,16.67871,4,9.475892,-0.819703,73.024304,397
12.6428882000037, 19.0627,12.7109235995449, 18.7223,3,16.68391,4,10.74436,-1.444427,64.7202,397
12.6593231004663, 14.5523,12.7275689993985, 15.6236,3,16.67927,4,9.331549,0.383249,65.2532,397
12.6773518011905, 23.9888,12.744053399656, 16.6385,3,16.69516,3,10.7788,-0.702472,74.831696,397
12.6938600004651, 10.3852,12.7614589002915, 15.9493,3,16.68147,4,8.930127,-0.410651,74.637296,397
12.7109235995449, 30.8394,12.7784929000773, 18.4971,3,16.71211,3,11.12305,-0.700826,66.7832,397
12.7275689993985, 1.5817,12.7936515002511, 14.659,3,16.67944,4,9.837072,-0.703396,69.482704,397
12.7275689993985, 14.9805,12.8106722994708, 18.2326,3,16.67577,3,8.773351,1.249943,65.2752,397
12.744053399656, 16.4184,12.827184998896, 15.9961,4,16.67522,3,10.77863,-1.255904,77.744096,397
12.7614589002915, 18.0215,12.8442614986561, 17.7037,4,16.67811,2,8.921196,-0.126651,62.1209,397
12.7936515002511, 18.2236,12.8602734985761, 14.3058,4,16.68142,1,10.60066,-0.374304,73.4792,397
12.8106722994708, 17.3664,12.877765098121, 19.0758,3,16.68288,0,8.990304,-1.305837,64.8848,397
12.827184998896, 15.2741,12.894855897408, 14.9144,3,16.67988,4,12.38785,-0.536308,22.0856,397
12.8442614986561, 26.5909,12.9109196974896, 18.2777,3,16.70097,3,8.585904,-0.891779,28.7865,397
12.8602734985761, 15.8957,12.9274531970732, 16.4273,3,16.69926,2,10.91994,-1.382136,42.6415,397
12.877765098121, 6.1201,12.9434926970862, 15.6981,3,16.67684,1,10.37571,-0.244993,58.2268,397
12.877765098121, 17.0253,12.960557797458, 16.8309,3,16.67758,3,11.98588,-0.692971,75.5926,397
12.9109196974896, 25.037,12.9775216965936, 17.1894,4,16.69522,8,9.993836,-0.129149,27.074,397
12.9274531970732, 12.8681,12.9940695962869, 15.5596,3,16.68716,7,13.26229,-0.807027,46.6368,397
12.9434926970862, 22.9509,13.0111028957181, 18.7431,3,16.70032,7,9.654271,1.222595,44.5134,397
12.960557797458, 6.1602,13.0292633953504, 18.6285,3,16.67822,7,10.05155,0.484917,58.8048,397
12.9775216965936, 28.517,13.044208495412, 12.895,3,16.70299,7,11.70163,0.091039,74.539296,397
12.9940695962869, 5.396,13.0612462949939, 16.7526,3,16.67938,7,10.7522,-0.037139,88.890496,397
13.0111028957181, 25.5131,13.0772626944818, 16.9182,3,16.69779,7,10.35898,-0.355217,110.977696,397
13.1433878936805, 126.1598,13.1604286939837, 83.3595,3,16.92536,6,9.140061,-0.759095,108.1318,397
13.1433878936805, 10.1307,13.1774742943235, 16.8318,0,16.91126,6,16.25504,-0.957272,106.461504,397
13.1433878936805, 2.6201,13.1949902945198, 16.4725,1,16.88167,6,16.44752,-0.061221,103.244096,397
13.1604286939837, 1.3199,13.2110441946425, 16.9066,2,16.84952,6,16.766,-0.385873,107.4138,397
13.1604286939837, 1.6747,13.2290559937246, 19.0393,2,16.81823,6,5.270072,-0.48751,105.653104,397
13.2110441946425, 64.4553,13.2446052939631, 15.9371,3,16.91625,6,4.785821,-0.436631,105.1804,397
13.2290559937246, 1.5278,13.2606589947827, 15.1159,1,16.88465,6,10.89347,-0.127865,110.605296,397
13.2290559937246, 2.6597,13.2606589947827, 8.6334,1,16.8555,6,9.50421,-0.698007,99.539,397
13.2290559937246, 10.102,13.2788203940727, 7.9773,2,16.84169,6,11.49573,-0.319725,102.9366,397
13.2446052939631, 3.9211,13.2951946933754, 18.2121,3,16.81532,6,9.229465,-0.003243,105.899296,397
13.2446052939631, 1.4023,13.3122348939069, 17.1355,3,16.78393,5,10.60341,-1.030065,109.076,397
13.2446052939631, 1.7668,13.3282663938589, 16.1189,4,16.75341,6,9.997425,0.017613,108.907296,397
13.2446052939631, 1.3076,13.3452888936736, 15.3649,5,16.72208,6,12.08944,-0.274206,111.503104,397
13.2446052939631, 1.317,13.3452888936736, 9.3446,6,16.6909,6,8.997165,-0.1327,106.713,397
13.2606589947827, 12.252,13.3638492939062, 9.4068,7,16.68193,6,12.53699,-0.568145,107.8816,397
13.2788203940727, 18.1478,13.3793758940883, 16.4771,7,16.68488,6,8.530206,-0.196576,107.688304,397
13.2951946933754, 19.142,13.3959017940797, 15.9258,6,16.68983,5,11.0532,-0.229958,94.653,397
13.3122348939069, 12.2096,13.4129379936494, 16.377,6,16.68083,5,9.454445,0.76936,93.990496,397
13.3282663938589, 19.6156,13.4292117939331, 17.8557,6,16.68671,5,11.33068,-0.686551,91.6594,397
13.3452888936736, 15.5264,13.4459924944676, 15.0524,6,16.68439,5,9.103858,-0.658609,90.77,397
13.3452888936736, 13.3955,13.4630047944374, 18.8236,6,16.67783,5,12.12124,-0.764267,91.1606,397
13.3793758940883, 25.3258,13.4790460937656, 14.6117,6,16.69505,5,8.468151,-0.618252,93.7098,397
13.3959017940797, 14.3634,13.4956010938622, 17.4037,5,16.69042,5,9.858309,-1.29197,92.566096,397
13.4129379936494, 14.311,13.513497593347, 17.2741,5,16.6857,5,12.45097,-1.164557,91.5702,397
13.4129379936494, 13.2594,13.5296764937229, 16.4335,5,16.67891,5,10.20845,-1.488344,91.334704,397
13.4459924944676, 18.3284,13.5469032940455, 18.1604,6,16.68217,5,10.95247,-0.356687,93.794096,397
13.4459924944676, 13.7729,13.5632102941163, 16.3685,5,16.67643,5,10.75026,-0.643468,90.583,397
13.4790460937656, 19.3894,13.5802237936296, 14.5987,6,16.68177,5,12.89644,-0.737462,91.3344,397
13.4790460937656, 14.7487,13.5957903931849, 15.9381,5,16.67798,5,10.57199,-0.249528,92.2888,397
13.4956010938622, 17.9722,13.6125569934957, 17.7571,6,16.68052,5,9.831068,-0.146171,88.7352,397
13.5296764937229, 25.513,13.630077093374, 14.0043,6,16.6978,5,5.696962,0.407386,84.571696,397
13.5469032940455, 8.0137,13.630077093374, 6.485,5,16.68084,5,10.44283,0.336784,89.7374,397
13.5469032940455, 14.1941,13.6471141926013, 13.5409,6,16.67599,5,9.571271,-0.023459,92.043296,397
13.5632102941163, 17.3916,13.6626971927471, 15.039,6,16.67738,5,12.02941,-0.626333,93.076896,397
13.5802237936296, 15.7467,13.6796781928279, 14.8544,6,16.67558,5,6.570416,0.178699,90.2588,397
13.5957903931849, 16.8297,13.6971788932569, 17.223,6,16.67587,4,8.407759,-0.24591,90.806704,397
13.6125569934957, 16.9118,13.7128486935981, 19.4563,6,16.67633,5,11.69203,-0.570716,89.633904,397
13.630077093374, 16.5503,13.7290247944184, 15.4048,6,16.67609,5,10.1903,-0.26525,92.6216,397
13.6471141926013, 16.8984,13.7465564948507, 15.9025,5,16.67652,5,11.62021,-0.895534,88.323104,397
13.6626971927471, 16.5431,13.7641781945713, 16.3064,5,16.67626,4,9.747316,0.520096,87.3378,397
13.6796781928279, 17.0236,13.7802188941278, 19.4821,5,16.67693,5,11.51365,0.499848,78.2138,397
13.6971788932569, 16.5131,13.7959957947023, 13.3096,5,16.67661,5,9.815234,0.978218,89.832704,397
13.7128486935981, 16.7884,13.8128668949939, 17.5495,5,16.67683,5,11.5608,0.889609,87.9092,397
13.7290247944184, 17.1049,13.8299249955453, 18.0407,5,16.67764,5,10.02615,-0.538683,86.933296,397
13.7465564948507, 17.5811,13.8457370963879, 14.027,5,16.67936,5,11.04808,-0.889492,80.1104,397
13.7802188941278, 20.875,13.8635131963529, 16.7105,5,16.68734,5,9.295991,0.196075,87.5392,397
13.7802188941278, 11.8994,13.8795663961209, 17.067,4,16.67826,5,10.95268,-0.279859,89.670304,397
13.7959957947023, 14.2712,13.8961917967536, 16.5775,5,16.6737,5,9.595392,-0.100076,90.0178,397
13.8128668949939, 17.8565,13.913450196851, 18.8868,5,16.67593,5,11.28263,0.586896,91.1724,397
13.8299249955453, 17.7435,13.930798097048, 14.9253,5,16.67795,5,10.11066,-0.614379,90.5138,397
13.8457370963879, 16.5557,13.9464685977437, 17.1024,5,16.67772,5,11.38088,-0.278708,91.4938,397
13.8635131963529, 16.3075,13.9635087982751, 15.1344,5,16.67702,5,9.600304,-0.650196,91.278896,397
13.8795663961209, 17.3843,13.9822048977949, 20.3765,5,16.67835,5,10.68158,-0.496584,87.562896,397
13.8961917967536, 17.3729,13.9959882977419, 13.0864,5,16.67965,5,8.877608,-1.024238,91.099,397
13.913450196851, 17.3171,14.0130109968595, 16.3181,5,16.68084,5,10.4854,-0.624092,88.311504,397
13.9464685977437, 28.876,14.0310802976601, 19.7481,5,16.70359,5,12.37658,-0.087386,91.2748,397
13.9464685977437, 1.922,14.046573897358, 13.5395,4,16.67607,5,9.537238,-0.14298,91.0626,397
13.9635087982751, 20.5851,14.0637016980909, 18.6667,5,16.68333,5,12.49249,0.053339,89.976304,397
13.9959882977419, 16.3438,14.0806124988012, 15.3631,5,16.6827,5,9.746286,-0.457942,89.7698,397
14.0130109968595, 24.467,14.0966943982057, 17.6442,4,16.69712,5,11.64418,-0.941153,89.658496,397
14.0130109968595, 8.2567,14.1139562982135, 15.6855,4,16.68151,5,9.219161,-0.786664,88.842704,397
14.0310802976601, 15.2631,14.1295065977611, 17.3935,5,16.6789,5,11.56524,-0.69332,88.8168,397
14.046573897358, 15.5287,14.1473391973414, 15.8763,5,16.67678,5,9.786553,0.518724,90.255904,397
14.0637016980909, 16.8624,14.1635755975731, 18.0163,5,16.67712,5,12.56786,-0.6811,89.562304,397
14.0806124988012, 16.1048,14.1806813967414, 15.4461,5,16.67607,5,10.13652,-0.701324,89.7766,397
14.0966943982057, 17.6689,14.1973568969406, 18.6486,5,16.67789,5,12.50628,0.669939,90.656304,397
14.1139562982135, 16.6317,14.213758897502, 16.4164,5,16.6778,5,9.3747,0.242098,87.877504,397
14.1295065977611, 17.93,14.2298177969642, 14.2137,5,16.68009,5,12.47032,-0.728192,88.126704,397
14.1473391973414, 15.576,14.2472724975087, 19.1123,5,16.67808,5,10.00556,0.826602,88.8724,397
14.1635755975731, 16.5055,14.2629517973401, 13.7174,5,16.67776,5,9.699702,-0.635584,89.1582,397
14.1806813967414, 16.1692,14.2798138973303, 19.1322,5,16.67684,5,8.927092,0.105749,91.389696,397
14.1973568969406, 14.7909,14.2966844965704, 14.5869,5,16.67343,5,11.3832,0.015517,91.5138,397
14.213758897502, 19.5336,14.3133723963983, 18.4441,5,16.6786,5,9.418484,-1.087127,91.092096,397
14.2298177969642, 16.4146,14.3311288957484, 16.203,5,16.67812,5,10.41655,-0.827677,90.772304,397
14.2472724975087, 16.7262,14.3459057961591, 16.617,5,16.67821,5,9.157383,-1.451257,90.743104,397
14.2629517973401, 17.0221,14.3640073970892, 16.2029,5,16.67883,5,9.665627,-0.794292,91.3088,397
14.2798138973303, 16.6156,14.3803897970356, 16.5924,5,16.67871,5,9.973277,-0.007433,89.884704,397
14.2966844965704, 16.4203,14.3966645975597, 17.8568,5,16.67825,5,10.87766,-1.188511,90.8056,397
14.3133723963983, 17.0421,14.4137719967403, 16.3479,5,16.6789,5,10.82839,-0.289603,90.4848,397
14.3311288957484, 15.9044,14.4310468961485, 16.1345,5,16.67752,5,8.855533,0.785939,88.153504,397
14.3459057961591, 17.0167,14.4473847956397, 17.8805,5,16.67812,5,10.89641,-0.707303,91.8672,397
14.3640073970892, 17.4259,14.4637590949424, 14.6524,5,16.67945,5,9.399603,-0.403855,88.7522,397
14.3966645975597, 18.2217,14.4807192948647, 18.4646,5,16.68219,5,10.82536,0.027204,92.281504,397
14.3966645975597, 15.1418,14.4980184943415, 15.8905,4,16.67946,5,9.466903,-0.36285,90.023504,397
14.4137719967403, 17.3888,14.514119994361, 17.6714,5,16.68072,5,10.51536,-0.030923,90.736096,397
14.4310468961485, 14.3496,14.5321246949024, 16.5827,5,16.6766,5,8.821496,0.242037,91.7704,397
14.4473847956397, 16.6103,14.5475142947398, 16.7325,5,16.67648,5,11.14105,0.040895,91.1774,397
14.4637590949424, 17.3161,14.5655908952467, 16.8944,5,16.67761,4,9.177723,1.167966,80.2366,397
14.4807192948647, 14.5453,14.5796651956625, 14.2254,5,16.67386,4,11.08526,-0.024685,73.901296,397
14.4980184943415, 18.8336,14.5974520952441, 18.8041,5,16.67765,4,9.288605,-0.143072,73.678704,397
14.514119994361, 15.0118,14.6144181960262, 15.5772,5,16.67473,4,11.25973,0.113544,72.850304,397
14.5321246949024, 18.9011,14.6306069963612, 17.4762,5,16.67862,4,9.181585,-0.645627,73.870096,397
14.5475142947398, 14.5752,14.6473565963097, 15.4962,5,16.67495,4,11.09817,-0.431462,70.123104,397
14.5655908952467, 17.9302,14.6635067970492, 17.6092,5,16.67714,4,9.332556,-0.065297,73.9048,397
14.5796651956625, 16.7052,14.6795125962235, 14.3739,5,16.67719,4,10.98433,0.517219,72.995504,397
14.5974520952441, 15.741,14.697360296268, 19.4542,5,16.67556,4,9.519962,0.019148,75.8054,397
14.6144181960262, 17.744,14.7134533957578, 14.6288,5,16.67741,4,12.0027,-0.358478,72.8388,397
14.6306069963612, 15.0552,14.7308375951834, 18.5845,5,16.67461,4,9.022881,0.381196,74.635904,397
14.6473565963097, 18.3304,14.7482385956682, 16.0723,5,16.67747,4,9.449052,-0.927102,71.646096,397
14.6635067970492, 16.6322,14.7642905958928, 17.3446,5,16.67739,4,9.261878,-0.5554,73.77,397
14.6795125962235, 16.7586,14.7809902955778, 17.7928,5,16.67753,4,12.0772,0.432005,71.6396,397
14.697360296268, 16.3805,14.7972049959935, 15.787,5,16.67702,4,8.931502,-0.926239,73.881,397
14.7134533957578, 17.0083,14.8136045956053, 16.4287,5,16.67759,4,12.5778,0.605748,72.370896,397
14.7308375951834, 14.7234,14.8136045956053, 4.3612,5,16.67424,4,10.2711,0.427257,74.4006,397
14.7482385956682, 18.6571,14.8310615965165, 12.3214,5,16.67763,4,8.852939,-0.396865,74.4218,397
14.7642905958928, 15.4604,14.8474434972741, 15.2376,5,16.67555,4,10.69225,-0.615387,72.3782,397
14.7809902955778, 18.5595,14.8637215965427, 17.7307,5,16.67876,4,8.564043,0.737188,75.6134,397
14.7972049959935, 15.0346,14.8795929965563, 16.0547,5,16.67597,4,8.668265,-0.736314,73.547696,397
14.8136045956053, 18.8178,14.8963946965523, 15.0705,5,16.6796,4,11.90019,-0.559009,75.132,397
14.8310615965165, 15.1317,14.9137187958695, 18.913,4,16.67698,4,10.02671,0.19024,72.1478,397
14.8474434972741, 16.218,14.9304478955455, 15.3084,4,16.6762,4,8.958114,0.585078,73.2014,397
14.8637215965427, 15.447,14.9475460951217, 18.2567,4,16.67413,4,9.792209,0.265871,74.789,397
14.8795929965563, 18.6264,14.96403249586, 15.6601,4,16.67742,4,10.32586,-0.135631,72.6204,397
14.8963946965523, 16.3097,14.9810324967839, 18.1062,4,16.6768,4,10.54482,-0.835241,72.315296,397
14.9137187958695, 17.8213,14.9973981962539, 14.8312,4,16.67872,4,11.24263,-1.554373,73.533696,397
14.9304478955455, 15.435,15.0136580956168, 17.5588,4,16.67664,4,10.36553,0.898195,75.3884,397
14.9475460951217, 17.8258,15.0306471963413, 15.6955,4,16.67856,4,10.73554,-0.907677,74.429504,397
14.96403249586, 16.161,15.0474235960282, 18.4022,4,16.67769,4,9.956073,-0.554349,73.662,397
14.9810324967839, 17.1388,15.0643883966841, 15.6286,4,16.67846,4,13.3119,0.587931,71.559104,397
14.9973981962539, 15.9697,15.0809332975186, 17.9991,4,16.67728,4,9.610477,0.543794,72.922496,397
15.0136580956168, 17.2833,15.0974465967156, 17.3047,4,16.67829,4,12.56965,-0.216435,75.496896,397
15.0306471963413, 16.1513,15.1140169971623, 14.1074,4,16.67742,4,9.610869,-1.156392,73.056096,397
15.0474235960282, 16.364,15.1318727978505, 19.5988,4,16.6769,4,11.12911,-0.118563,74.9964,397
15.0643883966841, 16.7991,15.1484379977919, 14.7332,4,16.6771,4,10.05013,0.435842,72.7742,397
15.0809332975186, 15.3479,15.1636400981806, 16.9319,4,16.6749,4,10.97519,-0.525783,75.438496,397
15.0974465967156, 18.3235,15.1806915975176, 15.3388,4,16.67762,4,10.41246,0.215931,72.9018,397
15.1140169971623, 17.362,15.1976165971719, 18.4159,4,16.67875,4,10.83036,0.709298,75.064304,397
15.1318727978505, 16.0666,15.2141457977705, 17.6538,4,16.67774,4,9.515383,-1.662894,72.6716,397
15.1484379977919, 16.0818,15.2306982981972, 13.9254,4,16.67677,4,10.62867,-0.090207,75.709104,397
15.1636400981806, 16.8306,15.2472489974461, 16.5125,4,16.67702,4,9.606502,-0.248103,72.886896,397
15.1806915975176, 17.2292,15.2641503973864, 18.4479,4,16.67792,4,8.939294,0.104272,75.0396,397
15.1976165971719, 15.0178,15.2813100977801, 16.8724,4,16.67521,4,11.09321,0.079995,72.9702,397
15.2141457977705, 18.1381,15.2977698980831, 17.1787,4,16.6776,4,10.223,0.796912,75.028496,397
15.2306982981972, 16.9938,15.3144782981835, 16.2258,4,16.67811,4,9.193928,0.067928,74.603296,397
15.2641503973864, 19.1142,15.3327966979705, 17.0108,4,16.68207,4,10.1129,0.383402,77.000096,397
15.2641503973864, 15.2254,15.3483548979275, 16.589,3,16.67971,4,9.605488,0.278211,73.763696,397
15.2813100977801, 14.3765,15.3645403976552, 16.9607,4,16.67597,4,11.00187,-0.338941,77.464304,397
15.2977698980831, 18.7863,15.3812255985104, 16.3388,4,16.67939,4,10.2123,0.442974,73.5344,397
15.3144782981835, 14.8204,15.3975739977323, 16.7574,4,16.67639,4,11.51339,-0.248212,78.036096,397
15.3327966979705, 18.8668,15.4145162976347, 16.6438,4,16.67992,4,10.19344,-0.371398,72.593296,397
15.3483548979275, 14.5748,15.4314584969543, 17.2393,4,16.67653,4,11.51133,-0.09849,75.3138,397
15.3645403976552, 18.4799,15.4478592961095, 15.9421,4,16.67943,4,9.940212,-0.623969,71.877,397
15.3812255985104, 14.4532,15.4641708969139, 16.616,4,16.67585,4,10.2621,-0.454269,75.645,397
15.3975739977323, 18.8884,15.4811934973113, 16.4954,4,16.6794,4,9.08509,-0.859338,72.164304,397
15.4145162976347, 15.166,15.4987608972006, 18.2032,4,16.67698,4,9.960769,-0.575867,73.465904,397
15.4314584969543, 18.1403,15.5148448976688, 15.3301,4,16.67932,4,9.311769,-0.655495,74.2304,397
15.4478592961095, 14.6536,15.5308455969207, 16.7941,4,16.67608,4,10.57364,-0.731209,72.829696,397
15.4641708969139, 18.6959,15.547860597726, 16.6252,4,16.6793,4,9.926167,0.077994,75.3316,397
15.4811934973113, 14.8106,15.5644013970159, 16.8695,4,16.67633,4,10.72509,-0.055694,73.1642,397
15.4987608972006, 17.267,15.5814729961567, 16.841,4,16.67727,4,10.94651,0.050849,74.207104,397
15.5148448976688, 14.772,15.6002353965305, 17.1695,4,16.67425,4,9.237506,0.05176,73.629696,397
15.5308455969207, 18.3605,15.6137571963482, 15.1228,4,16.67692,4,4.378994,-0.646734,77.2598,397
15.547860597726, 15.3238,15.6344953957014, 19.0249,4,16.67478,4,10.76865,-0.676351,71.0516,397
15.5644013970159, 18.1974,15.6474422956817, 14.2666,4,16.67718,4,9.17944,-0.059228,75.0734,397
15.5814729961567, 15.1875,15.6663052956574, 19.6898,4,16.67483,4,9.932234,-0.697275,73.509504,397
15.6002353965305, 18.3547,15.6813783957623, 12.9107,4,16.67748,4,8.778351,-1.269528,75.7514,397
15.6137571963482, 15.2408,15.6976508959197, 17.9619,4,16.67522,4,10.56893,-0.257879,74.546304,397
15.6344953957014, 17.8859,15.7137908968143, 14.4484,4,16.67712,4,10.42237,0.037054,73.4386,397
15.6474422956817, 14.8092,15.7308006971143, 18.5773,4,16.67419,4,9.867228,0.417077,73.1404,397
15.6663052956574, 18.5359,15.7474256972782, 15.0552,4,16.6771,4,11.75078,-0.283891,73.8938,397
15.6813783957623, 16.8296,15.7641274980269, 18.1305,4,16.67734,4,9.161746,-0.952326,75.181696,397
15.6976508959197, 16.6148,15.7829063977115, 17.3793,4,16.67724,4,9.719823,0.121734,72.906304,397
15.7137908968143, 17.2042,15.7974388976581, 15.804,4,16.67806,4,10.13379,0.465758,76.4448,397
15.7308006971143, 16.1761,15.8151793968864, 18.6768,4,16.67728,4,8.849326,-0.825217,74.115,397
15.7474256972782, 17.1708,15.8311135959812, 15.0027,4,16.67805,4,11.55387,-0.886505,76.487504,397
15.7641274980269, 16.1755,15.8496361956932, 17.2187,4,16.67727,4,9.526042,1.062248,73.4518,397
15.7829063977115, 17.2721,15.8648378956132, 16.6937,4,16.67819,4,10.78092,-0.999444,75.6828,397
15.7974388976581, 14.7902,15.882786996197, 18.4213,4,16.67528,4,8.853805,0.169388,73.767904,397
15.8151793968864, 18.94,15.8974638958462, 12.7308,4,16.67877,4,11.22205,-1.084203,76.0164,397
15.8311135959812, 14.4372,15.9143804949708, 18.4589,4,16.67532,4,9.289544,-1.144394,72.6346,397
15.8496361956932, 18.2091,15.9326462955214, 16.6447,4,16.67767,4,11.16301,-0.66569,74.4392,397
15.8648378956132, 14.2346,15.9476400953718, 16.4767,4,16.67393,4,9.653103,-1.13335,73.687,397
15.882786996197, 19.0829,15.9669248950668, 17.8772,4,16.67762,4,12.92149,-0.891943,74.9146,397
15.8974638958462, 16.3027,15.980825595092, 15.1949,4,16.67704,4,10.55889,0.349407,74.135296,397
15.9143804949708, 17.8719,15.9995116959326, 17.5737,4,16.67887,4,11.58035,-1.101646,75.919,397
15.9326462955214, 16.3941,16.0150854955427, 17.1704,4,16.67843,4,10.56624,-0.997709,74.978496,397
15.9476400953718, 15.0013,16.0330623961054, 16.2664,4,16.67588,4,11.10049,-0.709368,74.6012,397
15.9669248950668, 17.9833,16.0476496960036, 15.7072,4,16.67787,4,9.611846,-0.541298,73.4566,397
15.980825595092, 14.5197,16.0668751965277, 18.0628,4,16.67459,4,11.39511,-1.013637,73.301104,397
15.9995116959326, 18.5053,16.0815865960903, 16.1701,4,16.67737,4,9.602868,0.084679,70.1594,397
16.0150854955427, 14.784,16.0997634963132, 17.1574,4,16.6745,4,10.4764,-1.038537,73.5948,397
16.0330623961054, 18.4591,16.1145489965566, 15.4223,4,16.6772,4,9.966337,-1.133907,70.7592,397
16.0476496960036, 15.7734,16.1336549972184, 18.0047,4,16.67583,4,9.509121,-0.870851,73.329,397
16.0668751965277, 18.4214,16.1485745976679, 16.5061,4,16.67846,4,7.866637,-0.348021,73.981904,397
16.0815865960903, 14.8606,16.1672655972652, 17.1091,4,16.67573,4,10.79101,-0.902319,72.253696,397
16.0997634963132, 18.3901,16.1807607975788, 15.0079,4,16.6783,4,9.697251,0.441931,74.129,397
16.1145489965566, 15.0917,16.1990911983885, 16.8963,4,16.67592,3,11.17582,-0.752281,71.775,397
16.1336549972184, 18.7093,16.2151928977109, 17.9563,4,16.67897,2,9.988519,-0.315506,76.2118,397
16.1485745976679, 14.4395,16.2327941977419, 15.6672,4,16.67562,1,11.08347,-0.852231,71.4438,397
16.1672655972652, 18.015,16.2485489980318, 17.2354,4,16.67762,0,9.820181,-0.517032,74.511104,397
16.1807607975788, 14.6179,16.2663723980077, 16.4023,4,16.67455,4,11.43791,-0.064642,8.1498,397
16.1990911983885, 18.7402,16.2827986986376, 17.7985,4,16.67763,6,8.785231,-0.078526,21.6441,397
16.2151928977109, 15.4113,16.2974522984587, 15.034,4,16.67574,6,10.53843,-0.38549,33.4505,397
16.2327941977419, 19.1531,16.3156901984476, 18.0079,4,16.67942,6,9.585842,-1.180103,48.6383,397
16.2485489980318, 15.2998,16.3307929984294, 15.1444,4,16.67738,6,10.19983,-0.373963,61.9197,397
16.2663723980077, 18.7183,16.3479428975843, 15.5758,4,16.68039,6,10.69199,0.347126,78.6558,397
16.2827986986376, 15.0312,16.3651853981428, 18.4674,4,16.67796,5,10.5222,-0.044461,94.6066,397
16.2974522984587, 18.2513,16.3819349980913, 15.4144,4,16.68028,5,9.723063,0.508024,91.140896,397
16.3156901984476, 14.6882,16.3977443980984, 17.258,4,16.67735,5,10.43767,-1.49018,88.0716,397
16.3307929984294, 17.4097,16.4147276985459, 18.066,4,16.67842,5,10.02306,-0.398384,89.429104,397
16.3479428975843, 15.8418,16.4312619990669, 14.1098,4,16.67719,5,10.08178,-0.585538,88.820896,397
16.3651853981428, 17.0976,16.4483968983404, 18.9727,4,16.67781,5,8.91528,-0.708032,89.394304,397
16.3819349980913, 16.9298,16.4648476983421, 14.5759,4,16.67818,4,13.23798,-0.273915,89.0928,397
16.3977443980984, 14.6396,16.481979298871, 19.076,4,16.6752,3,9.294938,-0.686301,90.511904,397
16.4147276985459, 18.7751,16.4978110990487, 14.0065,4,16.67826,2,10.52193,0.133213,88.3956,397
16.4312619990669, 16.383,16.5155243999325, 19.45,4,16.67783,1,9.569815,0.204465,90.303904,397
16.5654894015752, 134.4719,16.5821271012537, 68.1106,4,16.84929,0,10.6335,0.323961,89.197296,397
16.5821271012537, 2.3832,16.5982876005583, 13.7544,0,16.82827,4,12.54019,1.075279,9.8337,397
16.5821271012537, 2.2494,16.5982876005583, 4.3703,0,16.80711,6,10.40104,0.857216,24.5246,397
16.5821271012537, 0.5559,16.6153125013225, 12.3623,1,16.78356,6,10.24904,-0.788289,32.9967,397
16.5821271012537, 2.4025,16.6317840008996, 17.59,2,16.76274,6,11.46542,-0.150873,45.7982,397
16.5821271012537, 1.8543,16.6484283017926, 15.1361,3,16.7412,6,9.041684,-0.495436,62.2289,397
16.5821271012537, 1.562,16.6653606011532, 18.2975,4,16.7193,6,10.93589,-0.691461,75.5038,397
16.5821271012537, 1.5296,16.682473001536, 15.5609,5,16.69741,5,9.248273,-0.17726,95.738304,397
16.5821271012537, 2.4335,16.682473001536, 4.3516,6,16.67689,5,9.423436,-0.283285,91.134304,397
16.5982876005583, 17.4258,16.6993381022476, 13.9608,7,16.67796,5,10.55166,-1.292992,92.3374,397
16.6153125013225, 16.9493,16.7146490025334, 13.8799,6,16.67835,5,9.48126,0.075101,88.898496,397
16.6317840008996, 16.8209,16.7316615018062, 18.1862,6,16.67856,5,10.65329,-0.24321,90.537504,397
16.6484283017926, 16.76,16.749115602579, 16.1439,6,16.67867,5,9.460992,-0.726287,88.046304,397
16.6653606011532, 16.6635,16.7647055028938, 17.2366,6,16.67865,5,13.1142,-0.950695,90.2486,397
16.682473001536, 16.3487,16.7822977020405, 16.0469,6,16.67818,5,9.52891,-0.25321,88.461296,397
16.6993381022476, 16.6199,16.7984106014483, 18.039,5,16.6781,5,10.40759,0.194227,91.302704,397
16.7146490025334, 16.816,16.8146116021089, 14.6997,5,16.67829,5,7.903995,-0.430255,88.345696,397
16.7316615018062, 16.691,16.8313289019279, 18.5987,5,16.67831,5,10.47841,-1.50866,89.9656,397
16.749115602579, 16.2915,16.8488321020268, 15.1843,5,16.67776,5,9.096573,0.935795,86.611504,397
16.882231100928, 134.0826,16.8986626002006, 54.7195,5,16.84406,5,9.559255,-0.479592,90.537904,397
16.8986626002006, 2.5682,16.9154893006198, 13.2004,0,16.82387,5,8.91756,-0.323059,88.019504,397
16.8986626002006, 2.2143,16.9154893006198, 6.2701,0,16.80323,5,12.08171,0.020104,89.315296,397
16.8986626002006, 2.2415,16.933514400851, 10.7137,1,16.78269,5,9.177092,-0.756539,89.843104,397
16.8986626002006, 1.8623,16.9483987004496, 14.6795,2,16.76168,5,10.36776,-1.574426,90.927,397
16.8986626002006, 2.6393,16.9657096010633, 19.0542,3,16.74182,5,12.0461,-0.424602,89.616496,397
16.8986626002006, 1.937,16.9826795016415, 15.2117,4,16.72102,5,10.28724,-0.404274,90.7496,397
16.8986626002006, 0.6526,16.9989430014975, 17.7582,5,16.69849,5,11.87473,-0.324014,88.4052,397
16.8986626002006, 1.5702,16.9989430014975, 4.698,6,16.6773,5,10.4306,0.255249,90.7694,397
16.9154893006198, 14.987,17.0153879006393, 10.3843,7,16.67493,5,11.80127,-0.580642,89.3682,397
16.933514400851, 18.0938,17.033052500803, 19.2963,6,16.67691,5,8.921914,0.398115,90.5232,397
16.9483987004496, 18.3099,17.049656000454, 14.8868,6,16.67919,5,11.69935,-1.174538,89.401504,397
16.9657096010633, 15.984,17.0658087995835, 17.6072,6,16.67822,5,9.841142,0.082212,90.467104,397
16.9826795016415, 17.4138,17.0819872994907, 14.9224,6,16.67925,5,11.48559,-1.364766,89.2138,397
16.9989430014975, 16.4266,17.0994031992741, 18.6289,6,16.6789,5,9.641638,-0.277536,90.747504,397
17.0153879006393, 16.8584,17.1159407985397, 15.0701,5,16.67915,5,9.039488,-0.159182,91.082304,397
17.033052500803, 16.585,17.1324904994108, 19.4267,5,16.67901,5,10.95147,-0.202783,90.222304,397
17.049656000454, 17.1874,17.1497011990286, 14.2297,5,16.67972,5,10.61054,-0.276554,90.0886,397
17.0658087995835, 15.8982,17.1655935985036, 17.5183,5,16.67864,5,10.44928,-0.013456,89.052704,397
17.0994031992741, 17.8531,17.1816298984922, 14.4984,5,16.68026,4,9.467283,1.409866,86.0416,397
17.0994031992741, 16.1906,17.2002502982505, 20.1196,4,16.67958,5,11.15975,0.59587,88.4976,397
17.1159407985397, 16.7352,17.2156223985367, 14.2139,5,16.67966,5,8.916956,0.147309,89.749104,397
17.1324904994108, 16.1985,17.2317168987356, 17.4943,5,16.679,5,11.26773,-0.531207,89.045104,397
17.1497011990286, 15.7289,17.24969439907, 16.256,5,16.6777,5,9.41263,-0.286209,89.6136,397
17.1655935985036, 16.2023,17.2653948995285, 17.2863,5,16.67705,5,10.00579,-0.406611,82.2644,397
17.1816298984922, 17.2953,17.2828979990445, 15.9845,5,16.67789,5,9.537207,-0.657322,87.599,397
17.2002502982505, 16.1615,17.2989033996128, 17.2939,5,16.67719,5,9.594309,-0.466508,88.77,397
17.2156223985367, 17.2842,17.3152416995727, 14.9402,5,16.67801,5,11.91171,-0.115142,87.104704,397
17.2317168987356, 15.9179,17.3321154988371, 18.2816,5,16.67698,5,10.91262,-1.031502,88.0012,397
17.24969439907, 17.589,17.3496119990014, 16.1877,5,16.67822,5,9.812108,-0.363809,91.468304,397
17.2653948995285, 16.0356,17.3653387981467, 17.1904,5,16.67735,5,11.57964,-1.07961,88.9058,397
17.2828979990445, 16.8377,17.3826883989386, 15.7158,5,16.67756,5,9.910202,-0.686636,91.438496,397
17.2989033996128, 17.275,17.3996753985994, 18.3405,5,16.67837,5,10.59681,-0.267563,90.059296,397
17.3152416995727, 17.0801,17.416523297783, 15.8346,5,16.67892,5,9.71241,0.230047,89.452,397
17.3321154988371, 16.3647,17.4328143983148, 17.8896,5,16.67849,5,11.46004,0.865871,89.9832,397
17.3496119990014, 16.6528,17.4504169984721, 16.9877,5,16.67846,5,9.678463,-0.44972,89.278896,397
17.3653387981467, 16.3977,17.4672129987739, 15.5372,5,16.67808,5,10.44305,-0.050197,90.357696,397
17.3826883989386, 17.1779,17.4830331983976, 17.0445,5,16.67875,5,9.026029,-0.620926,89.900096,397
17.3996753985994, 16.727,17.4984615980648, 15.6905,5,16.67882,5,10.85362,-0.179722,89.388304,397
17.4328143983148, 19.3633,17.516357397195, 16.3518,5,16.68242,5,9.092497,-0.576545,90.3276,397
17.4328143983148, 15.4252,17.5327528971247, 17.886,4,16.68073,5,10.68593,0.071609,91.221696,397
17.4504169984721, 14.4453,17.5499104964547, 15.6917,5,16.67774,5,9.062922,0.370939,91.791,397
17.4672129987739, 18.3363,17.5663114967756, 17.6323,5,16.67996,5,10.61765,-0.973744,88.730704,397
17.4830331983976, 15.1471,17.583269696217, 15.7152,5,16.67791,5,9.310991,-0.305727,91.032096,397
17.516357397195, 25.3838,17.5995653956197, 18.0342,5,16.68952,5,9.376261,-0.423939,87.9608,397
17.516357397195, 9.1612,17.6154248951934, 14.4997,4,16.6795,5,8.667744,-1.006645,90,397
17.5327528971247, 16.9732,17.6323479949497, 18.1407,5,16.67989,5,12.56803,-1.239856,93.246096,397
17.5499104964547, 16.6514,17.6488666958176, 14.9852,5,16.67985,5,9.355339,0.087877,88.185504,397
17.5663114967756, 16.367,17.666154995095, 17.2635,5,16.67943,5,10.66014,-0.05959,90.4066,397
17.583269696217, 15.3223,17.6834786958061, 18.7889,5,16.67764,5,9.963956,0.29664,88.4546,397
17.5995653956197, 16.7485,17.6992086949758, 14.1853,5,16.67773,5,11.81542,0.28057,90.789,397
17.6154248951934, 16.1487,17.7162572941743, 18.6819,5,16.67703,5,7.50949,0.106734,94.038096,397
17.6323479949497, 17.686,17.732419194188, 16.3065,5,16.67836,5,8.29726,0.82766,88.084096,397
17.6488666958176, 17.3328,17.7493250942789, 16.7295,5,16.67923,5,6.25353,1.111139,88.511296,397
17.666154995095, 15.9441,17.7655857945792, 16.4709,5,16.67826,5,7.328866,-0.371971,89.2384,397
17.6834786958061, 17.1497,17.7824203944765, 16.4492,5,16.67888,5,7.35114,-0.00709,88.808096,397
17.6992086949758, 16.3414,17.7993415943347, 17.4157,5,16.67843,5,8.071061,-0.171873,92.5028,397
17.7162572941743, 15.1009,17.8155860952102, 14.6435,5,16.67637,5,6.266171,0.187948,88.3086,397
17.732419194188, 18.6818,17.8325164946727, 18.1975,5,16.67899,5,8.29549,-0.447231,90.9702,397
17.7493250942789, 14.7186,17.849682895001, 15.6289,5,16.67643,5,6.754673,-0.126697,88.345104,397
17.7655857945792, 18.3604,17.8673414955847, 19.2542,5,16.67863,5,7.437352,-0.27144,90.900704,397
17.7824203944765, 15.0333,17.8826440959238, 15.6028,5,16.67648,5,6.414531,0.12048,90.6548,397
17.7993415943347, 18.0598,17.8995755962096, 14.9987,5,16.67828,5,8.809297,-0.064736,89.5674,397
17.8325164946727, 17.3063,17.9175216960721, 19.6077,5,16.6791,5,6.41274,-0.706095,90.513696,397
17.8325164946727, 16.9937,17.9330311962403, 13.9223,4,16.67951,5,8.17652,-0.339354,89.450304,397
17.849682895001, 16.4248,17.9503098954447, 18.4636,5,16.67918,5,6.601336,-0.008975,88.092896,397
17.8673414955847, 14.7412,17.9676873949356, 17.9873,5,16.67667,5,6.858595,-0.157096,92.8412,397
17.8826440959238, 18.5469,17.9829548946582, 13.4862,5,16.67909,4,7.761954,0.208021,88.856,397
17.8995755962096, 16.925,18.0001343949698, 19.1456,5,16.67941,3,7.696175,1.086238,89.5788,397
17.9175216960721, 16.3719,18.0161896958016, 14.4204,5,16.67901,2,7.190596,-0.077549,87.0538,397
17.9330311962403, 15.8436,18.0333986966871, 18.1773,5,16.67793,1,8.311179,0.260764,89.203104,397
17.9503098954447, 14.6154,18.0504552959464, 17.8646,5,16.67528,0,6.248662,-0.404923,87.8622,397
17.9676873949356, 19.6636,18.0663402951322, 13.7135,5,16.67912,5,4.317349,-0.56731,9.3639,397
17.9829548946582, 16.2146,18.0828366945498, 16.6607,5,16.67852,6,8.123436,-1.224697,22.6706,397
18.0001343949698, 17.0064,18.0994575950317, 17.7144,5,16.67894,6,8.063123,-0.402084,30.4745,397
18.0161896958016, 16.3208,18.116635795217, 15.8861,5,16.67848,6,7.85001,-1.068771,47.2282,397
18.0333986966871, 15.1771,18.1341465949081, 18.8714,5,16.67656,6,16.9137,-0.728858,62.5695,397
18.0504552959464, 18.4109,18.1497126952745, 14.216,5,16.67878,5,17.57678,-0.52099,77.486896,397
18.0663402951322, 16.6243,18.167487794999, 19.2865,5,16.67871,4,16.74187,0.184978,94.5146,397
18.0828366945498, 16.8541,18.1831974950619, 14.2429,5,16.67893,3,17.43226,-0.591554,107.0244,397
18.0994575950317, 15.8279,18.2003242955543, 18.3683,5,16.67785,2,8.10729,-0.394386,110.058096,397
18.116635795217, 17.2824,18.2164390948601, 17.0366,5,16.67862,1,8.093722,-0.713789,105.285104,397
18.1341465949081, 16.9855,18.2345271953382, 15.8972,5,16.67901,0,8.441754,-1.352084,108.563104,397
18.1497126952745, 17.4163,18.2504159961827, 18.3623,5,16.67994,2,8.355786,-0.317483,7.6958,397
18.167487794999, 15.3269,18.2671250966378, 14.263,5,16.67823,1,6.154489,0.02999,20.9897,397
18.1831974950619, 17.9184,18.2836234965362, 16.5614,5,16.6798,0,6.928084,-0.619341,37.22,397
18.2003242955543, 14.3069,18.3012107969262, 19.0508,5,16.6768,5,-0.141288,-0.279253,9.7089,397
18.2164390948601, 18.8288,18.3175253965892, 14.8425,5,16.67952,6,8.708883,-0.272227,24.7166,397
18.2504159961827, 17.2727,18.3333705966361, 17.9952,5,16.68026,6,7.18821,-0.435481,33.9305,397
18.2504159961827, 16.4841,18.349555297289, 13.9729,4,16.68002,6,6.734941,-0.106499,50.1579,397
18.2671250966378, 16.5476,18.3664139979519, 18.6825,5,16.67985,6,7.301253,-1.272596,65.2233,397
18.2836234965362, 16.6183,18.3833327987231, 15.2782,5,16.67977,6,-0.72512,-0.419709,79.918496,397
18.4176560998894, 134.3966,18.4346293997951, 55.8973,5,16.82729,5,7.266127,-0.080481,96.4034,397
18.4346293997951, 2.191,18.4507550993003, 11.4747,0,16.80897,5,7.479881,-0.729515,91.355,397
18.4346293997951, 2.2591,18.4507550993003, 6.2808,0,16.79078,5,8.244399,-0.87079,90.9066,397
18.4346293997951, 1.5448,18.4666137997992, 9.3483,1,16.77175,5,8.564996,-0.499967,93.191904,397
18.4346293997951, 1.5159,18.4832693994977, 18.2736,2,16.75273,5,7.382509,-0.147482,92.6662,397
18.4346293997951, 1.7345,18.4999979999848, 17.0713,3,16.73402,5,9.004181,0.213503,89.8678,397
18.4346293997951, 1.3841,18.5179429003038, 16.3013,4,16.71493,5,6.868215,0.030365,92.2454,397
18.4346293997951, 1.0281,18.5339553006925, 18.0552,5,16.69544,5,8.94099,-0.608226,91.5596,397
18.4346293997951, 1.2342,18.5498357010074, 13.7439,6,16.67626,5,8.212967,-0.766509,89.7128,397
18.4507550993003, 17.0932,18.5681850002147, 20.1277,7,16.67678,4,7.624882,-0.686685,93.1846,397
18.4666137997992, 17.4044,18.5825379001908, 12.6308,6,16.67768,5,7.864397,0.18634,89.722,397
18.4832693994977, 15.6329,18.5996864004992, 18.9113,6,16.67639,5,6.391835,0.534609,84.973696,397
18.6170697002672, 135.4501,18.6337779010646, 34.5816,6,16.82302,5,6.690326,-0.608979,90.965904,397
18.6170697002672, 0.6595,18.6500371019356, 13.9525,0,16.80309,5,8.779709,-0.264895,88.113296,397
18.6337779010646, 3.3336,18.6675847019069, 19.569,1,16.7865,5,9.514185,0.585046,78.9502,397
18.6675847019069, 45.3118,18.6843403014354, 17.7952,1,16.82159,5,8.42286,-0.43258,91.8618,397
18.6675847019069, 1.9532,18.7003272022121, 12.6762,0,16.80332,5,4.626091,-0.936392,90.074304,397
18.6843403014354, 2.0384,18.7003272022121, 6.3219,1,16.78521,5,7.747579,-0.102918,93.464496,397
18.6843403014354, 1.6434,18.7174145015888, 10.857,1,16.76665,5,9.385595,0.834639,89.465904,397
18.6843403014354, 1.5352,18.7339912015013, 17.762,2,16.74801,5,11.21115,0.199675,90.374896,397
18.6843403014354, 1.4859,18.7500440008007, 16.5514,3,16.72935,5,10.66368,-0.703165,91.752896,397
18.6843403014354, 1.0579,18.767479700502, 15.7525,4,16.71021,5,7.868492,-0.51822,91.3386,397
18.6843403014354, 1.0519,18.7844246006571, 18.7117,5,16.69112,5,9.137518,-0.157816,92.291696,397
18.6843403014354, 4.0771,18.7844246006571, 4.5013,6,16.67575,5,9.912761,-0.979748,90.105296,397
18.7003272022121, 18.7618,18.8006347003393, 12.1147,7,16.67829,5,10.30002,0.091106,90.767904,397
18.7174145015888, 17.166,18.8192511997186, 16.7169,6,16.67889,5,7.495265,-0.55521,88.6004,397
18.7339912015013, 14.9483,18.8352324995212, 17.2338,6,16.67678,5,10.86502,-0.60663,90.210496,397
18.7500440008007, 17.964,18.8520836993121, 17.4396,6,16.67835,5,10.00532,-0.079977,90.045904,397
18.767479700502, 16.2137,18.8675911989994, 13.413,6,16.67778,5,8.645048,0.678275,90.5334,397
18.7844246006571, 16.5765,18.8837522980757, 18.9541,6,16.67766,5,11.29659,-0.368064,90.258096,397
18.8006347003393, 15.3126,18.9011713978834, 14.6271,5,16.67601,5,11.27121,0.014197,89.6822,397
18.8192511997186, 18.3712,18.9177239970304, 16.5235,5,16.67806,5,10.87853,0.886932,90.473296,397
18.8352324995212, 15.539,18.9345231973566, 19.0113,5,16.67668,5,10.95548,-0.941799,88.1858,397
18.8520836993121, 17.9589,18.9512216974981, 14.4963,5,16.67823,5,8.768925,-0.5358,91.0224,397
18.8837522980757, 21.762,18.9672228978015, 17.0193,5,16.68434,4,10.53036,-0.907401,78.5194,397
18.8837522980757, 11.4103,18.983573697973, 17.3962,4,16.67801,4,10.1103,-0.366816,71.5746,397
18.9011713978834, 18.4015,19.0011535980739, 15.5508,5,16.68007,4,11.65487,0.162486,74.0392,397
18.9345231973566, 25.7975,19.0166360982694, 16.6313,5,16.69099,4,7.958599,0.366506,75.612896,397
18.9345231973566, 6.2973,19.0349157978781, 19.2081,4,16.67856,4,11.5577,-0.226415,72.5692,397
18.9512216974981, 16.0583,19.0512785972096, 14.2713,5,16.67782,4,11.9294,0.335714,76.6084,397
18.9672228978015, 14.62,19.0676418975927, 18.0103,5,16.67536,4,8.831916,-0.788575,73.725,397
18.983573697973, 19.2667,19.0845542983152, 15.2675,5,16.67845,4,12.00461,0.30752,73.7672,397
19.0011535980739, 16.4336,19.100430898834, 17.3422,5,16.67816,4,10.00849,-0.11477,73.1274,397
19.0166360982694, 15.2055,19.118497798685, 16.5839,5,16.67641,4,11.32461,0.308551,75.349104,397
19.0349157978781, 18.4375,19.1349672977813, 18.0224,5,16.6785,4,10.35979,0.354586,73.9052,397
19.0512785972096, 16.2335,19.1515687969513, 17.187,5,16.67797,4,11.35437,0.055344,72.4412,397
19.0676418975927, 17.4332,19.167679796461, 15.246,5,16.67887,4,10.63108,-0.589781,74.5218,397
19.0845542983152, 16.3034,19.1837097969837, 16.9659,5,16.67842,4,11.44387,0.221021,73.6004,397
19.100430898834, 16.8771,19.2005228963681, 14.7094,5,16.67866,4,10.10265,-0.8194,76.187904,397
19.118497798685, 16.9586,19.2175103970803, 18.5683,5,16.67899,4,11.33951,-0.614508,73.7602,397
19.1349672977813, 15.0174,19.2340102964081, 14.8534,5,16.67703,4,9.362756,-0.461134,73.2356,397
19.1515687969513, 18.7767,19.2514134966768, 19.2806,5,16.6795,4,9.620981,-0.406747,74.285696,397
19.167679796461, 14.6238,19.2676292960532, 14.3312,5,16.67708,4,12.09198,0.726903,74.6612,397
19.1837097969837, 18.406,19.2853213963099, 17.8302,5,16.67912,4,9.6514,-1.276297,74.126704,397
19.2005228963681, 16.8519,19.3018193957396, 17.6505,5,16.67932,4,12.61961,0.235986,74.023504,397
19.2175103970803, 16.6422,19.3174748965539, 14.3462,5,16.67927,4,10.15833,-0.758036,73.3776,397
19.2340102964081, 16.714,19.3355836966075, 19.5502,5,16.67932,4,12.26035,-0.542789,75.716304,397
19.2514134966768, 16.9026,19.3510400964878, 13.982,5,16.67958,4,10.4922,-0.072781,74.912096,397
19.2676292960532, 16.0131,19.3510400964878, 6.4307,5,16.6788,4,10.9708,-0.534442,72.0316,397
19.2853213963099, 17.0491,19.3674413966946, 10.1037,5,16.67923,4,11.02771,0.175042,74.0828,397
19.3018193957396, 15.4467,19.3853018968366, 17.9115,5,16.67779,4,11.50704,-0.166156,72.5924,397
19.3174748965539, 16.6001,19.4018776970915, 18.1733,5,16.6777,4,11.59439,0.199663,72.851296,397
19.3355836966075, 17.0824,19.4177386979572, 14.0391,5,16.67817,4,10.41558,-0.892544,74.753504,397
19.3510400964878, 15.4072,19.435399597045, 19.4454,5,16.6767,4,10.75114,0.251297,74.340096,397
19.3674413966946, 17.4024,19.4517184975557, 14.5189,4,16.67754,4,11.30086,-0.233351,75.4646,397
19.3853018968366, 17.2279,19.467349096667, 17.2698,4,16.67818,4,10.09276,0.204018,75.328704,397
19.4018776970915, 16.2398,19.4845656971447, 15.6014,4,16.67767,4,12.12244,-0.173105,76.100304,397
19.4177386979572, 16.9279,19.5019865962677, 19.1474,4,16.67796,4,10.33344,-0.940957,73.184096,397
19.435399597045, 17.0116,19.5175194959156, 15.568,4,16.67834,4,11.1205,0.162404,76.091504,397
19.4517184975557, 16.4347,19.5338811962865, 14.9703,4,16.67806,3,10.12065,0.442416,73.079104,397
19.467349096667, 16.7951,19.5515011954121, 18.8757,4,16.6782,2,10.21738,-0.073747,73.792304,397
19.4845656971447, 17.321,19.5683064959012, 16.3992,4,16.67894,1,10.1628,-0.023661,75.192896,397
19.5019865962677, 14.1971,19.5843807957135, 16.7848,4,16.67608,0,9.944357,-0.508769,77.438,397
19.5175194959156, 19.0984,19.6006977963261, 16.6796,4,16.67887,5,12.3992,-1.184436,10.9687,397
19.5338811962865, 15.9734,19.618459997233, 15.4392,4,16.67806,6,10.27148,0.000575,24.5371,397
19.5515011954121, 16.4398,19.6343891969882, 17.4895,4,16.67778,6,11.37225,-0.651254,32.1519,397
19.5683064959012, 16.6638,19.6508721965365, 17.0388,4,16.67777,6,10.57396,0.126827,45.7113,397
19.5843807957135, 14.929,19.6672713956796, 14.3946,4,16.67577,6,11.75237,-0.94986,61.9369,397
19.6006977963261, 18.6213,19.6841094954871, 18.5172,4,16.67799,6,10.82074,0.172999,75.877104,397
19.618459997233, 16.6282,19.7016785959713, 15.9827,4,16.67793,5,13.12803,0.234869,95.900896,397
19.6343891969882, 14.6065,19.71868539555, 16.9454,4,16.67557,5,10.34925,-0.188484,93.005104,397
19.6508721965365, 19.1103,19.7352657946758, 18.3047,4,16.67834,5,12.40107,-0.497947,92.665296,397
19.6672713956796, 16.6051,19.7508317944594, 13.7244,4,16.67826,5,10.49426,0.297887,92.1954,397
19.6841094954871, 16.5029,19.7675188952126, 18.554,4,16.67806,5,11.0977,0.025384,92.4244,397
19.7016785959713, 17.2487,19.7846893952228, 15.7654,4,16.67871,5,10.42953,-0.487395,91.538704,397
19.71868539555, 17.0032,19.8007993944921, 17.2549,4,16.67908,5,9.309884,-1.248798,91.760704,397
19.7352657946758, 15.1897,19.8193452940322, 17.0916,4,16.67739,5,10.20235,-1.100324,91.5514,397
19.7508317944594, 16.6702,19.8344267937355, 16.2564,4,16.67738,5,6.085813,-0.419742,93.5366,397
19.7675188952126, 16.7033,19.8517043939792, 17.8278,4,16.67741,5,10.44992,-0.435541,91.703504,397
19.7846893952228, 16.919,19.8686885940842, 16.7824,4,16.67768,5,11.89019,-0.008164,89.641904,397
19.8007993944921, 16.6667,19.8857079944573, 17.4383,4,16.67767,5,10.8368,-0.1652,92.811104,397
19.8193452940322, 17.0186,19.9017480942421, 14.1021,4,16.67806,5,11.45622,0.150139,90.4456,397
19.8344267937355, 15.103,19.9186220946722, 18.0105,4,16.67629,5,13.06534,-0.164456,91.019904,397
19.8517043939792, 18.0233,19.9347614939325, 15.0105,4,16.6778,5,10.82774,-0.578521,90.240896,397
19.8686885940842, 16.0628,19.9515989939682, 16.7761,4,16.67711,5,12.20026,-0.279505,91.971296,397
19.8857079944573, 18.528,19.9701921935193, 19.9282,4,16.67918,5,10.6196,-0.142097,90.4626,397
19.9017480942421, 16.0801,19.9874003934674, 18.3333,4,16.67851,5,11.64076,0.035386,91.61,397
20.0344457938336, 135.014,20.0522812935524, 68.53609,4,16.81073,5,10.20986,-0.016511,90.301,397
20.0522812935524, 2.3087,20.0683749928139, 11.8378,0,16.79454,5,12.06032,-0.143611,91.473904,397
20.0522812935524, 2.1958,20.0683749928139, 6.2333,0,16.77827,5,11.1778,-0.310513,91.435,397
20.0522812935524, 2.1314,20.0842998935841, 9.7461,1,16.76196,5,12.1649,0.875064,89.4138,397
20.0522812935524, 1.9728,20.1018151934259, 15.5322,2,16.74551,5,10.43701,0.766914,91.252896,397
20.0522812935524, 1.9727,20.1183037939481, 18.1979,3,16.72909,5,11.48811,-0.69923,88.5774,397
20.0522812935524, 1.5765,20.1354284933768, 15.5166,4,16.71228,5,10.16511,-0.320495,90.7376,397
20.0522812935524, 0.6709,20.1515672928654, 17.2541,5,16.69449,4,9.526313,-0.056612,78.349,397
20.0522812935524, 1.2477,20.1515672928654, 4.6877,6,16.67739,4,12.10914,-0.296433,72.659296,397
20.0683749928139, 15.9449,20.168640693184, 13.0502,7,16.67658,4,9.189186,-0.409441,73.467104,397
20.0842998935841, 18.0006,20.18774639396, 17.6598,6,16.67804,4,11.14023,-0.467836,71.2004,397
20.1018151934259, 16.4303,20.201432493981, 15.96,6,16.67776,4,10.88079,-0.262346,72.285296,397
20.1183037939481, 16.5192,20.2206975943409, 16.7482,6,16.67759,4,12.22371,0.160883,71.5724,397
20.1354284933768, 17.0459,20.2355384943075, 16.1603,6,16.678,4,10.48283,-0.058023,73.0046,397
20.1515672928654, 16.8034,20.2517890934832, 17.0246,6,16.67813,4,9.474841,-0.057596,73.4874,397
20.168640693184, 14.6399,20.2684122943319, 14.431,5,16.67589,4,12.26314,-0.194484,72.876896,397
20.18774639396, 18.2269,20.2863885951228, 20.2114,5,16.6776,4,12.43025,0.478631,73.0588,397
20.201432493981, 14.6574,20.3015821953304, 12.824,5,16.67538,4,10.65922,-0.003087,72.0314,397
20.2206975943409, 19.5736,20.3191339955665, 17.5117,5,16.67856,4,10.46782,0.029885,76.696096,397
20.2355384943075, 14.4139,20.3354043946601, 17.5821,5,16.67608,4,9.959596,-0.337842,72.0936,397
20.2517890934832, 17.9803,20.35227149399, 15.615,5,16.6775,4,10.42118,0.004204,74.1164,397
20.2684122943319, 16.9478,20.3685045936145, 17.5417,5,16.6778,4,10.08797,0.210504,75.4334,397
20.2863885951228, 16.5648,20.3855090928264, 15.7656,5,16.67768,4,10.17729,-0.102674,73.09,397
20.3015821953304, 16.5008,20.4021419924684, 18.2309,5,16.67748,4,9.889415,-0.43739,74.874,397
20.3191339955665, 17.1752,20.4194716927595, 15.6664,5,16.67802,4,10.23574,-0.086075,73.373,397
20.3354043946601, 16.8016,20.4357131929137, 17.9489,5,16.67816,4,10.1503,0.769424,74.5546,397
20.35227149399, 16.8628,20.4529745937325, 15.553,5,16.67836,4,10.191,0.173494,75.310096,397
20.3685045936145, 16.5188,20.4690293935128, 17.6918,5,16.67819,4,9.624474,-0.516174,72.131904,397
20.3855090928264, 16.8661,20.4857350927778, 16.8273,5,16.67839,4,10.36719,-0.129822,75.0996,397
20.4021419924684, 17.1514,20.5026230928488, 15.1297,5,16.6789,4,10.41957,-0.301438,73.6434,397
20.4194716927595, 16.4511,20.5193363935687, 18.2902,5,16.67866,4,10.63498,0.117583,72.6406,397
20.4357131929137, 16.5382,20.5347243933938, 13.8621,5,16.6785,4,9.103206,0.330103,75.138304,397
20.4529745937325, 16.8186,20.552455093246, 18.9785,5,16.67866,4,10.46027,-0.911131,73.460496,397
20.4690293935128, 15.3421,20.5686413939111, 14.9823,5,16.67721,4,10.33342,1.289993,75.107904,397
20.4857350927778, 18.5792,20.5686413939111, 6.55,5,16.67926,4,10.39074,-0.636627,72.4918,397
20.5026230928488, 16.3466,20.5856235935353, 10.6565,5,16.6789,4,10.16712,-0.052145,74.460304,397
20.5193363935687, 16.7824,20.6020275927149, 17.6171,5,16.67901,4,10.0259,-0.00934,75.6854,397
20.5347243933938, 17.0196,20.6182345929556, 14.7259,5,16.67938,4,9.538831,-0.429844,72.571,397
20.552455093246, 16.858,20.6346814925782, 17.9477,5,16.67957,4,11.09461,-0.975086,74.669104,397
20.5686413939111, 16.274,20.6518223932944, 15.5672,5,16.67914,4,8.746827,-0.64073,74.3504,397
20.5856235935353, 16.983,20.6684080935083, 18.4036,4,16.67946,4,11.15464,-0.724294,75.8298,397
20.6020275927149, 16.198,20.6845408934169, 16.6852,4,16.67895,4,8.14274,-0.672678,72.4494,397
20.6182345929556, 16.1355,20.7023758939467, 15.5199,4,16.67837,4,11.91224,1.403973,71.351,397
20.6346814925782, 16.5176,20.7178149935789, 16.6997,4,16.6782,4,10.62739,-0.767298,74.724,397
20.6518223932944, 16.5586,20.734632093925, 15.5307,4,16.67807,4,12.85973,0.306111,72.679104,397
20.6684080935083, 15.1545,20.75294639403, 19.8186,4,16.67645,4,10.95839,-0.401366,72.506,397
20.6845408934169, 18.7164,20.768362193834, 14.1132,4,16.67862,4,12.58308,-0.483333,72.351904,397
20.7023758939467, 16.8407,20.7854307941161, 18.8635,4,16.67879,4,11.12933,-0.031451,71.581104,397
20.7178149935789, 16.0538,20.8028508941643, 17.3708,4,16.67813,4,10.4305,-0.422125,74.400304,397
20.734632093925, 17.2417,20.8197074937634, 14.8977,4,16.67872,4,11.30299,-0.775152,72.651104,397
20.75294639403, 16.3398,20.8360845944844, 18.1237,4,16.67836,4,9.297566,-0.507168,71.5824,397
20.768362193834, 17.0277,20.8513300945051, 15.5264,4,16.67873,4,10.98063,1.019589,74.0158,397
20.7854307941161, 15.0844,20.8696735952981, 16.2667,4,16.67705,4,10.43825,-0.618678,71.785696,397
20.8028508941643, 18.5997,20.8872082945891, 19.3548,4,16.67908,4,10.42233,0.149089,76.2784,397
20.8197074937634, 16.159,20.9020202946849, 12.9805,4,16.67853,4,8.675452,-0.781891,75.255296,397
20.8360845944844, 15.3091,20.9202370946296, 18.2766,4,16.67709,4,12.62517,-0.610158,73.174896,397
20.8513300945051, 17.5906,20.9345844942145, 16.1445,4,16.67805,4,10.84151,0.064549,76.313904,397
20.8696735952981, 17.195,20.9524498949759, 16.1817,4,16.67859,4,10.87948,-0.477417,73.1246,397
20.8872082945891, 15.6451,20.9691798943095, 18.1421,4,16.67751,4,11.07841,-0.645719,75.774704,397
20.9020202946849, 16.5549,20.9852425935678, 14.8771,4,16.67738,4,9.878891,0.107983,75.912304,397
20.9202370946296, 17.1994,21.0029492932372, 18.8466,4,16.67793,4,11.36436,-0.133751,74.2842,397
20.9345844942145, 16.6692,21.018508892972, 14.0528,4,16.67792,4,10.46535,-0.547414,74.8442,397
20.9524498949759, 17.2452,21.0360096921213, 19.2133,4,16.67851,4,9.971017,-0.527344,74.787296,397
20.9691798943095, 16.5404,21.0535403923132, 17.765,4,16.67837,4,10.38252,0.078952,75.646496,397
20.9852425935678, 17.1456,21.0695192930289, 14.0315,4,16.67885,4,11.35082,0.186227,76.014496,397
21.0029492932372, 16.3082,21.0866503925063, 18.4056,4,16.67847,4,9.966751,0.297458,76.571696,397
21.018508892972, 16.9831,21.1027508922853, 16.6809,4,16.67878,4,10.47601,-0.968164,75.532704,397
21.0360096921213, 13.8634,21.119950091932, 15.3262,4,16.67586,4,9.978844,-1.112985,72.856096,397
21.0535403923132, 20.7309,21.1361648910679, 17.3593,4,16.68007,4,11.25065,0.103464,77.1088,397
21.0695192930289, 16.4603,21.15253809141, 15.3523,4,16.67984,4,9.923473,-0.758561,73.3544,397
21.0866503925063, 15.0902,21.1694402922876, 18.463,4,16.67819,4,10.09594,0.081896,74.261904,397
21.1027508922853, 18.9105,21.1857921914198, 16.8741,4,16.6805,4,9.664264,-0.479623,74.647104,397
21.119950091932, 16.4104,21.2033107918687, 16.2281,4,16.68022,4,11.33469,1.022402,73.7354,397
21.1361648910679, 16.1494,21.2189639923163, 15.9982,4,16.67968,4,11.11314,-1.104992,73.793104,397
21.15253809141, 16.9496,21.2362772920169, 16.1749,4,16.67995,4,9.831461,-0.37505,74.6238,397
21.1694402922876, 15.175,21.2527789925225, 17.9946,4,16.6784,4,10.8468,-1.046529,74.243,397
21.1857921914198, 18.6469,21.2694305931218, 16.9115,4,16.68043,4,10.28852,-0.590374,73.275296,397
21.2189639923163, 15.9374,21.2861489937641, 14.8541,4,16.67967,4,10.5671,-0.081596,73.571504,397
21.2189639923163, 16.532,21.3034489941783, 18.9647,3,16.67951,4,9.443992,0.026011,72.177504,397
21.2362772920169, 15.4838,21.3184207943268, 13.2535,4,16.67829,4,11.08905,-0.831399,73.330896,397
21.2527789925225, 14.7257,21.3364211940207, 19.2187,4,16.67628,4,9.761129,-0.558278,73.484896,397
21.2694305931218, 18.4219,21.3530115936883, 17.3983,4,16.67807,4,11.30007,-0.711976,73.352496,397
21.2861489937641, 16.5517,21.3693467942066, 14.4711,4,16.67794,4,12.4032,-0.23334,71.8592,397
21.3034489941783, 16.4583,21.3872061935253, 19.5968,4,16.67772,4,10.61289,-0.495573,73.8686,397
21.3184207943268, 17.1154,21.4028800935484, 13.9257,4,16.67817,4,11.8801,-0.025106,72.873904,397
21.3364211940207, 14.5137,21.4185771928169, 17.1641,4,16.67596,4,11.31288,-0.875939,74.178096,397
21.3530115936883, 18.7398,21.4366186936386, 18.8768,4,16.67806,4,9.915976,0.172028,74.0492,397
21.3693467942066, 16.3322,21.4524531927891, 14.7042,4,16.67771,4,12.49484,-0.208605,71.957504,397
21.3872061935253, 17.2284,21.4693274931051, 17.7878,4,16.67827,4,10.19327,-0.144138,73.4404,397
21.4028800935484, 15.9503,21.4873385936953, 15.893,4,16.67753,4,12.29491,0.123929,72.544304,397
21.4185771928169, 15.2304,21.5018486934714, 16.0906,4,16.67606,4,9.889739,0.011096,75.1562,397
21.4366186936386, 18.6166,21.5224329936318, 18.9837,4,16.67803,4,12.56067,-0.514549,74.3718,397
21.4524531927891, 15.3243,21.5367755931802, 15.8814,4,16.67666,4,9.790205,-0.145235,72.4188,397
21.4693274931051, 17.7876,21.5529035930522, 16.7481,4,16.67778,4,16.48464,-0.460197,73.8926,397
21.4873385936953, 17.1559,21.5694683925249, 14.4796,4,16.67826,4,16.45887,-0.439249,71.625296,397
21.5018486934714, 14.7758,21.5865758922882, 19.0285,4,16.67634,4,16.229,-0.193405,74.8472,397
21.5224329936318, 18.2356,21.6030146931298, 14.4804,4,16.67792,4,8.460749,0.273223,71.227904,397
21.5367755931802, 15.2431,21.6192920939066, 16.1503,4,16.67647,4,7.042335,0.461272,75.515696,397
21.5529035930522, 18.2061,21.6365640931763, 18.5912,4,16.67801,4,11.3607,-0.956908,71.551904,397
21.5694683925249, 16.6667,21.6536110923626, 15.7549,4,16.678,4,10.44975,-0.596605,73.318,397
21.5865758922882, 17.0295,21.6695564915426, 17.0868,4,16.67835,4,11.99631,0.173402,74.239296,397
21.6030146931298, 16.1984,21.6876228922047, 17.029,4,16.67787,4,10.37358,-0.920309,74.887504,397
21.6192920939066, 17.0262,21.7026472925209, 16.6448,4,16.67822,4,7.138428,0.004328,74.689904,397
21.6365640931763, 16.0878,21.7194067924283, 15.1201,4,16.67763,4,9.856708,-0.555335,75.2136,397
21.6536110923626, 18.2903,21.7368150926195, 18.5859,4,16.67924,4,12.65971,-1.042498,74.058896,397
21.6695564915426, 16.0105,21.7525732922368, 14.6166,4,16.67857,4,11.151,-0.985561,74.260304,397
21.6876228922047, 17.6827,21.7697498924099, 18.8361,4,16.67958,4,11.68881,-0.170124,74.164896,397
21.7026472925209, 15.9613,21.7875027931295, 16.1148,4,16.67886,4,11.12867,-0.750087,74.286896,397
21.7194067924283, 16.8799,21.8032835922204, 16.7611,4,16.67906,4,11.76223,-0.09175,72.385504,397
21.7368150926195, 16.8661,21.8197774919681, 15.365,4,16.67925,4,10.3968,-0.487813,74.2344,397
21.7525732922368, 16.5565,21.8368278923444, 18.5591,4,16.67912,4,12.37816,-0.288491,72.706704,397
21.7697498924099, 15.9117,21.8531467928551, 14.9171,4,16.67836,4,10.45582,-0.783789,73.0642,397
21.7875027931295, 17.6735,21.8706344920211, 18.9778,4,16.67935,4,11.95249,-0.768123,72.035696,397
21.8032835922204, 16.0933,21.8863452929072, 15.9641,4,16.67877,4,17.06575,-0.194038,74.7122,397
21.8197774919681, 17.0697,21.9031070931815, 14.9775,4,16.67916,4,16.46951,0.143169,75.9842,397
21.8368278923444, 16.338,21.9196178927086, 17.8212,4,16.67882,4,7.346691,-0.290856,73.1826,397
21.8531467928551, 17.018,21.9370695925318, 16.1213,4,16.67915,4,4.552789,-0.534904,74.866304,397
21.8706344920211, 14.8315,21.9529876927845, 17.4433,4,16.67733,4,10.52082,0.513299,71.883696,397
21.8863452929072, 18.3167,21.9697830933146, 17.5318,4,16.67895,4,12.52154,0.350653,73.271696,397
21.9031070931815, 16.5189,21.9865401941352, 14.5653,4,16.67879,4,10.14233,-0.135062,74.8456,397
21.9196178927086, 16.757,22.0033149938099, 18.2312,4,16.67887,4,11.61386,-0.663881,74.214496,397
21.9370695925318, 17.0059,22.0195984928869, 14.7385,4,16.67919,4,5.830604,-1.01762,75.7658,397
21.9529876927845, 15.3654,22.0369295920245, 18.5872,4,16.67789,4,12.1342,-0.033579,72.7286,397
21.9697830933146, 18.6142,22.0532242911868, 15.0022,4,16.6798,4,9.510547,-0.174064,74.163,397
21.9865401941352, 14.905,22.0706783919595, 19.1847,4,16.67805,4,11.30986,0.397575,73.1338,397
22.0033149938099, 17.2198,22.0856590918265, 13.2555,4,16.67859,4,10.37888,-0.355525,73.307904,397
22.0195984928869, 16.3967,22.1036965916865, 18.1623,4,16.67831,4,12.13862,-1.025622,75.028896,397
22.0369295920245, 16.7839,22.1203149924986, 17.7053,4,16.67841,4,10.18698,0.916432,71.0332,397
22.0532242911868, 16.5522,22.1367494924925, 17.1999,4,16.67829,4,11.80066,-0.380159,72.363296,397
22.0706783919595, 17.1676,22.1541320919059, 16.9888,4,16.67877,4,9.042625,-1.009445,72.735104,397
22.0856590918265, 15.8934,22.1699306922965, 16.4124,4,16.678,4,11.50513,0.299841,72.952096,397
22.1036965916865, 17.1612,22.1866278923117, 15.9845,4,16.67847,4,10.66472,-0.697438,74.7532,397
22.1203149924986, 14.7605,22.2029742929153, 14.9623,4,16.67661,3,12.84617,0.144843,73.8804,397
22.1367494924925, 19.1877,22.2204261920415, 19.0914,4,16.67905,2,9.400259,-0.517003,74.6408,397
22.1541320919059, 14.7871,22.2366946912371, 14.9099,4,16.67721,1,11.86755,-0.919467,73.028496,397
22.1699306922965, 18.1288,22.2531934916042, 16.226,4,16.67862,0,11.05066,-0.67094,74.219104,397
22.1866278923117, 16.3176,22.2697389922105, 18.166,4,16.67827,6,11.49804,0.131543,14.5405,397
22.2029742929153, 17.0292,22.286848091986, 15.5012,4,16.67861,6,10.88436,-0.816949,26.3838,397
22.2204261920415, 16.7362,22.3026091917418, 17.0935,4,16.67866,6,11.5826,-0.093207,33.1083,397
22.2366946912371, 16.5029,22.3194998926483, 15.4747,4,16.67849,6,10.96447,0.170714,49.1927,397
22.2531934916042, 16.4668,22.3370125922374, 19.1423,4,16.67829,6,12.70634,0.318862,64.5162,397
22.2697389922105, 17.4581,22.3550553913228, 18.7301,4,16.67904,6,11.10206,-0.139655,77.4508,397
22.286848091986, 16.3399,22.3706305916421, 13.5378,4,16.67871,5,11.59135,0.825125,92.955104,397
22.3026091917418, 16.6105,22.3876126925461, 18.2939,4,16.67865,4,11.08171,-0.72471,108.430496,397
22.3194998926483, 16.8452,22.4029679927044, 13.8619,4,16.67881,3,12.04659,-1.129052,106.666304,397
22.3370125922374, 15.0024,22.4194794925861, 16.3911,4,16.6772,2,10.38374,-1.089512,104.3626,397
22.3550553913228, 17.7335,22.43721679179, 19.3065,4,16.67821,1,11.23015,0.124075,105.51,397
22.3706305916421, 16.8318,22.4549991912208, 16.2004,4,16.67836,0,10.01667,-0.599338,110.578896,397
22.3876126925461, 15.5859,22.4705240908079, 17.1374,4,16.67731,4,9.71371,0.265665,8.3438,397
22.4029679927044, 17.2615,22.486406091135, 14.2229,4,16.67787,6,10.85855,-0.071922,22.3341,397
22.4194794925861, 16.9217,22.5034170909785, 18.3562,4,16.67811,6,10.49141,0.312329,31.4061,397
22.43721679179, 16.7048,22.5203892900608, 15.6758,4,16.67813,6,11.48003,-0.128205,49.2537,397
22.4549991912208, 17.5142,22.5374758909456, 17.6879,4,16.67893,5,11.80914,-0.976442,61.1493,397
22.4705240908079, 16.6619,22.5544984913431, 18.3825,4,16.67891,4,10.59844,-0.674173,77.056,397
22.486406091135, 17.3132,22.569515791256, 13.3169,4,16.67952,3,11.59022,-0.874905,89.665504,397
22.5034170909785, 15.9421,22.5866387919523, 17.272,4,16.67882,2,10.63797,-0.283168,107.954704,397
22.5203892900608, 18.0947,22.6036498923786, 18.4664,4,16.68016,1,11.6041,0.451707,106.2028,397
22.5374758909456, 15.6638,22.6212853924371, 15.8822,4,16.6792,0,10.24454,-0.533151,105.871904,397
22.5544984913431, 15.4459,22.6371038933285, 17.245,4,16.67803,5,12.42627,-0.129728,11.2882,397
22.569515791256, 16.6308,22.6543194935657, 15.7581,4,16.67798,6,10.96031,-0.718362,22.7455,397
22.5866387919523, 16.8333,22.6700621941127, 17.5932,4,16.67813,6,12.65757,-0.444129,31.1486,397
22.6036498923786, 16.2133,22.6865469948389, 14.6007,4,16.67769,6,12.07699,-0.876021,47.7327,397
22.6212853924371, 17.3725,22.7032804940827, 18.563,4,16.67834,6,9.963951,-0.73925,65.2286,397
22.7537466944195, 131.4722,22.77056099521, 71.79369,4,16.78685,6,12.45763,-0.477878,75.902304,397
22.7537466944195, 2.9388,22.7874671951868, 10.7572,0,16.77377,5,10.45746,-0.96166,97.632704,397
22.77056099521, 2.4977,22.7874671951868, 6.521,1,16.7603,5,10.82663,-0.725244,88.972,397
22.77056099521, 3.3256,22.8037994955666, 10.0494,1,16.74764,5,10.77772,-1.554244,91.1286,397
22.77056099521, 0.7038,22.8209219952114, 16.8118,2,16.73253,5,10.98385,0.847147,89.2872,397
22.77056099521, 2.0274,22.8372687944211, 17.3269,3,16.7187,5,11.21408,-0.565331,89.781,397
22.77056099521, 2.1158,22.8533872948028, 15.0499,4,16.70497,5,10.47456,-0.327399,89.890096,397
22.77056099521, 2.1554,22.8710004952736, 17.6678,5,16.69131,5,12.51134,0.945913,92.014896,397
22.77056099521, 3.2473,22.8874263954349, 18.7161,6,16.6787,5,10.99254,-0.192392,90.6298,397
22.7874671951868, 17.6541,22.9038779945113, 15.8884,7,16.67962,5,12.04515,0.328399,92.0114,397
22.8037994955666, 17.1536,22.9205964938737, 14.8805,6,16.68006,5,9.462331,1.064167,91.441296,397
22.8209219952114, 15.7288,22.9373386935331, 16.8453,6,16.67917,5,10.5434,-0.37951,89.662896,397
22.8372687944211, 16.742,22.9565918934532, 21.8141,6,16.67923,5,12.22569,0.170871,91.249504,397
22.9695694935508, 134.1883,22.9876082935371, 31.9551,6,16.78895,5,9.294192,-0.517551,89.949504,397
22.9876082935371, 3.0307,23.0042185937054, 14.2753,0,16.77611,5,12.0567,0.070006,88.8386,397
22.9876082935371, 1.9612,23.0042185937054, 4.699,0,16.7623,5,10.26813,0.329422,91.914704,397
22.9876082935371, 2.3502,23.0216354937293, 11.4282,1,16.74889,5,8.95401,-0.409842,89.477296,397
22.9876082935371, 0.7525,23.0383494929411, 18.5932,2,16.73401,5,12.15283,-0.534621,90.8454,397
22.9876082935371, 2.3923,23.0544821922667, 14.2879,3,16.72068,5,9.679251,-0.625231,90.206304,397
22.9876082935371, 1.9092,23.0703757931478, 17.8155,4,16.70692,5,11.94409,-0.098364,92.673104,397
22.9876082935371, 1.5886,23.0864010923542, 14.1978,5,16.6929,5,10.44298,0.752086,92.086304,397
22.9876082935371, 1.7756,23.104434792418, 20.0643,6,16.67908,5,9.252742,-0.393832,90.0834,397
23.0042185937054, 15.7912,23.1206575916149, 14.0397,7,16.67825,5,12.22572,0.75876,90.573696,397
23.0216354937293, 17.2364,23.1374760908075, 16.9051,6,16.67877,5,12.24433,-0.252382,89.237904,397
23.1543426909484, 133.827,23.1722354912199, 39.2432,6,16.78704,5,11.20896,0.188888,89.257296,397
23.1543426909484, 2.202,23.1874037911184, 10.6902,0,16.77357,5,12.00121,-0.400509,93.3062,397
23.1722354912199, 3.5849,23.1874037911184, 6.5529,1,16.76141,4,9.806132,1.07479,79.8534,397
23.1722354912199, 1.9259,23.2040553917177, 10.3285,1,16.74773,4,12.27534,-0.406325,74.9614,397
23.1722354912199, 0.7565,23.2216176916845, 17.3403,2,16.73301,4,9.660382,-0.276587,72.998,397
23.1722354912199, 1.7297,23.2388755925931, 19.2265,3,16.71921,4,12.10351,-0.891602,76.0986,397
23.1722354912199, 2.0974,23.2535365927033, 12.7703,4,16.70577,4,10.41451,1.030749,72.985,397
23.1722354912199, 1.6913,23.2722143935971, 20.1918,5,16.69198,4,10.04261,0.592977,77.9358,397
23.1722354912199, 1.169,23.2722143935971, 4.3977,6,16.67774,4,10.83922,-0.229195,74.0778,397
23.1874037911184, 17.6575,23.2872441937216, 8.9972,7,16.67863,4,9.150987,-0.702967,77.293296,397
23.2040553917177, 16.5116,23.3042130940594, 18.6676,6,16.67848,4,11.5759,-0.570339,74.8936,397
23.2216176916845, 17.2836,23.321319994051, 15.4422,6,16.67904,4,11.68715,-0.319711,74.192096,397
23.2388755925931, 16.7574,23.3374139931984, 17.2932,6,16.67911,4,9.316523,-0.066883,75.464,397
23.2535365927033, 16.0465,23.3546946928836, 16.1133,6,16.67853,4,11.14919,0.657545,73.418496,397
23.2722143935971, 16.076,23.3712213938124, 18.2001,6,16.67798,4,9.834067,-0.612127,76.6296,397
23.2872441937216, 16.8431,23.3882478945889, 15.458,5,16.67813,4,12.54594,0.35255,72.821104,397
23.3042130940594, 16.5133,23.4044286948629, 17.8946,5,16.67798,4,10.54061,-0.440111,70.801504,397
23.321319994051, 17.5146,23.4215396945365, 16.9442,5,16.67874,4,11.94078,-0.491489,73.252,397
23.3374139931984, 15.9721,23.4375140951015, 14.1936,5,16.6781,4,16.35636,-0.472767,71.2532,397
23.3546946928836, 17.2299,23.4548965957947, 18.816,5,16.6786,4,15.65283,0.789946,72.606,397
23.3712213938124, 16.3092,23.4713647966273, 15.0092,5,16.67826,4,6.12855,0.155759,74.6572,397
23.3882478945889, 17.1886,23.4873165958561, 16.0775,5,16.67873,4,5.066311,-0.664628,74.052704,397
23.4044286948629, 15.155,23.50404749671, 18.2309,5,16.67735,4,12.40379,0.962385,74.4482,397
23.4215396945365, 18.3954,23.52162879752, 15.9579,5,16.6789,4,10.80537,-1.317802,74.268096,397
23.4375140951015, 16.5012,23.5375747983344, 17.8692,5,16.67874,4,10.40485,-0.850289,73.443104,397
23.4548965957947, 16.0501,23.5544396978803, 15.4111,5,16.67817,4,10.77934,-0.160776,73.1708,397
23.4713647966273, 16.2425,23.5716959987767, 18.7087,5,16.67778,4,9.400928,-0.035863,74.887904,397
23.4873165958561, 16.5704,23.5874981996603, 15.9833,5,16.67768,4,12.33601,-0.627066,75.949904,397
23.50404749671, 17.205,23.6047091004439, 15.2022,5,16.67816,4,8.884902,0.128431,74.027,397
23.52162879752, 16.7622,23.6202744008042, 17.2523,5,16.67823,4,12.93329,-0.530072,74.8662,397
23.5375747983344, 16.7648,23.6374696013518, 15.4287,5,16.67831,4,10.69778,-0.553687,73.561696,397
23.5544396978803, 17.239,23.6546927005984, 17.258,5,16.67882,4,16.42466,-0.239942,76.638096,397
23.5716959987767, 14.3391,23.6713906009682, 18.388,5,16.67672,4,9.584466,-0.320335,72.7392,397
23.5874981996603, 19.1602,23.6883550011553, 15.1992,5,16.67894,4,12.41517,-0.874321,73.953904,397
23.6047091004439, 16.078,23.6883550011553, 6.5854,5,16.67841,4,9.633272,-0.187706,74.150496,397
23.6202744008042, 17.0058,23.7070006006397, 12.1136,5,16.6787,4,8.550487,0.122748,72.917296,397
23.6374696013518, 16.8818,23.7203551004641, 14.9179,5,16.67888,4,6.226142,-0.375735,75.515696,397
23.6546927005984, 15.183,23.7375329001807, 18.2841,5,16.67754,4,12.05713,0.005204,73.569904,397
23.6713906009682, 16.6786,23.7535984008573, 13.5638,5,16.67754,4,10.97512,0.856492,73.089,397
23.6883550011553, 15.4448,23.7715028016828, 20.3963,5,16.67644,4,11.09901,0.974735,75.0568,397
23.7070006006397, 18.3922,23.7886006007902, 14.5333,4,16.67797,4,12.02965,-0.135849,71.5732,397
23.7203551004641, 15.0038,23.8049006010406, 18.2191,4,16.67648,4,5.486535,-0.676076,73.55,397
23.7375329001807, 17.9128,23.820630801376, 15.5125,4,16.67758,4,10.0532,0.121986,73.059504,397
23.7535984008573, 16.686,23.8384644011967, 15.9848,4,16.67759,4,10.01651,-0.02112,74.8406,397
23.7715028016828, 16.8147,23.855157201644, 18.0864,4,16.67771,4,9.460065,0.045507,76.104304,397
23.7886006007902, 17.2299,23.8716906025074, 15.1843,4,16.6782,4,8.694049,0.082034,72.132096,397
23.8049006010406, 15.1882,23.8885543025099, 18.3987,4,16.67688,4,11.96868,-0.587625,73.462704,397
23.820630801376, 20.3553,23.9048344022594, 16.556,4,16.68014,4,9.692214,-0.930443,73.4266,397
23.8384644011967, 16.8846,23.9214905030094, 14.8552,4,16.68032,4,11.75192,0.015994,73.735,397
23.855157201644, 16.3476,23.938454402145, 18.8091,4,16.68003,4,11.90849,-1.150957,74.9898,397
23.8716906025074, 16.9741,23.955092902761, 14.9639,4,16.68028,4,9.570966,0.381983,72.9252,397
23.8885543025099, 14.8852,23.971319201868, 16.2381,4,16.6787,4,11.76332,0.089874,75.025504,397
23.9048344022594, 16.4009,23.9886344014667, 18.4517,4,16.67846,4,11.42074,-0.245826,72.2748,397
23.9214905030094, 15.5468,24.0047986018471, 14.9419,4,16.67746,4,10.69301,0.037502,73.038496,397
23.938454402145, 17.0346,24.0220957021229, 17.4301,4,16.67777,4,11.83126,-0.755165,75.2766,397
23.955092902761, 16.6489,24.0372792021371, 16.4684,4,16.67775,4,11.87652,0.572912,72.511504,397
23.971319201868, 17.0304,24.055043802131, 16.2054,4,16.67806,4,9.337526,0.429154,72.872496,397
23.9886344014667, 17.0417,24.0717622027732, 16.7688,4,16.67838,4,11.75363,0.263766,74.789104,397
24.0047986018471, 16.4889,24.0883853030391, 18.2062,4,16.67821,4,10.4197,-0.323963,72.8518,397
24.0220957021229, 16.0377,24.1070816037245, 17.0996,4,16.67765,4,11.83617,-0.931465,74.260896,397
24.0372792021371, 17.9964,24.1215866035782, 16.0756,4,16.6788,4,11.16999,-0.789048,71.1908,397
24.055043802131, 16.2042,24.1379496040754, 17.0409,4,16.67839,4,11.26655,-0.475063,73.259904,397
24.0717622027732, 16.6568,24.1553718033247, 15.3517,4,16.67837,4,9.920034,-0.623681,73.7406,397
24.0883853030391, 14.777,24.1718327025883, 17.8541,4,16.67671,4,9.406263,0.075145,72.139,397
24.1070816037245, 18.0668,24.1874517030083, 14.1667,4,16.67792,3,10.84527,-0.38217,73.2572,397
24.1215866035782, 15.542,24.2043335023336, 16.7567,4,16.67693,2,10.55085,0.623854,70.861,397
24.1379496040754, 18.0107,24.22090040287, 18.207,4,16.67809,1,12.53116,0.399356,75.8412,397
24.1553718033247, 17.0138,24.2383001032285, 15.7806,4,16.67839,0,10.63958,-0.609874,72.9722,397
24.1718327025883, 16.1883,24.2553704041056, 18.7864,4,16.67796,4,12.47036,0.821033,7.4527,397
24.1874517030083, 17.3039,24.2724572042935, 15.3579,4,16.6785,6,9.86527,-0.41547,25.4514,397
24.22090040287, 17.7056,24.2881346042268, 17.2242,4,16.6794,6,12.21675,-0.684443,34.4554,397
24.22090040287, 15.7998,24.3055074042641, 17.7671,3,16.67863,6,11.06524,0.47126,46.5765,397
24.2383001032285, 16.8782,24.3208609041758, 13.3946,4,16.6788,6,10.09477,0.420421,63.258,397
24.2553704041056, 16.9471,24.3382654045708, 18.9243,4,16.67904,6,12.42897,-0.385056,77.759104,397
24.2724572042935, 16.9782,24.3560542040505, 16.4869,4,16.6793,5,9.55327,0.581675,98.160304,397
24.2881346042268, 13.8271,24.371615304146, 15.6091,4,16.67683,5,5.815843,0.232016,91.6792,397
24.3055074042641, 18.9583,24.3897241041996, 20.2209,4,16.6788,5,12.39684,-0.780228,90.649904,397
24.3208609041758, 16.5493,24.4045979040675, 12.5768,4,16.67869,5,11.16478,-0.281891,89.898,397
24.3382654045708, 17.6818,24.4217669046484, 19.0185,4,16.67955,5,9.667056,0.463811,90.035904,397
24.3560542040505, 14.8032,24.4384630038403, 14.7602,4,16.67794,5,12.30993,-0.690126,93.5082,397
24.371615304146, 16.2575,24.4549906044267, 16.5661,4,16.67758,5,9.536984,-1.007211,92.003504,397
24.3897241041996, 17.0523,24.471713104751, 18.307,4,16.6779,5,11.70443,-0.076577,89.8742,397
24.4045979040675, 17.1104,24.4883211045526, 15.0451,4,16.67827,5,11.10929,-0.059734,91.986496,397
24.4217669046484, 16.6518,24.5054051051848, 18.7517,4,16.67825,5,12.18929,-0.580218,89.709504,397
24.4384630038403, 18.1754,24.5224673054181, 15.4244,4,16.67953,5,9.715026,-0.927786,89.592304,397
24.4549906044267, 15.3549,24.5384204047732, 16.1189,4,16.6784,5,10.82541,0.182245,93.736,397
24.471713104751, 16.4885,24.5559679041617, 18.7262,4,16.67823,5,12.53628,-0.570645,90.5282,397
24.4883211045526, 17.7496,24.5721318046562, 14.9843,4,16.67915,5,10.33613,-0.789578,91.303696,397
24.5054051051848, 15.7831,24.5884631047957, 16.1441,4,16.67838,5,10.61642,-1.070852,88.2798,397
24.5224673054181, 17.2467,24.606040104758, 19.1628,4,16.67887,5,10.52689,-0.910196,90.355,397
24.5384204047732, 16.0984,24.621788804885, 14.1603,4,16.67838,5,10.52586,-0.036757,87.967904,397
24.5559679041617, 16.6587,24.6385774048977, 18.0685,4,16.67836,5,11.76954,0.327481,89.637104,397
24.5721318046562, 18.2618,24.6550581040792, 15.1905,4,16.67971,5,10.95478,0.223772,92.081296,397
24.5884631047957, 16.0607,24.6719259037636, 18.1299,4,16.67918,5,10.58915,-0.900704,88.1498,397
24.606040104758, 16.875,24.6886337040924, 17.3556,4,16.67935,5,12.8781,-0.899295,88.392704,397
24.621788804885, 16.612,24.7055533039384, 15.0099,4,16.67929,5,11.03886,-0.380778,89.557904,397
24.6385774048977, 16.6841,24.7213870040141, 17.8023,4,16.67929,5,11.73762,-0.97649,88.073904,397
24.6550581040792, 17.0962,24.7379871043377, 14.6994,4,16.67965,5,11.47083,0.911025,89.950704,397
24.6719259037636, 14.4364,24.7553248046897, 19.4173,4,16.67775,5,9.841604,-0.710247,90.425904,397
24.6886337040924, 18.9989,24.7732840045355, 16.1286,4,16.67971,4,12.8004,-0.100503,79.9782,397
24.8219902045093, 133.7507,24.8390857051127, 68.23071,4,16.77876,4,10.92028,0.211611,70.988704,397
24.8390857051127, 2.3558,24.8561609047465, 15.871,0,16.76656,4,11.83389,0.523113,72.5178,397
24.8390857051127, 1.6119,24.8561609047465, 6.093,0,16.75376,4,11.25618,-0.113996,73.5782,397
24.8390857051127, 1.3537,24.8719899053685, 10.3576,1,16.74077,4,10.84355,0.077023,72.356304,397
24.8390857051127, 2.0205,24.8883550050668, 14.1418,2,16.72836,4,11.2669,-0.437788,73.1274,397
24.8390857051127, 1.3447,24.9044681056403, 18.0261,3,16.7154,3,10.11269,-0.271499,72.8714,397
24.8390857051127, 1.5718,24.9224522053264, 16.0724,4,16.70265,2,10.00919,0.04839,75.564096,397
24.8390857051127, 1.61,24.939496404957, 19.0123,5,16.68996,1,9.245596,0.568279,73.509696,397
24.8390857051127, 1.5053,24.939496404957, 4.5118,6,16.6772,0,11.82478,0.435368,76.6108,397
24.8561609047465, 16.8584,24.9561974047683, 10.3702,7,16.67735,7,10.49549,-1.138643,10.9248,397
24.8719899053685, 18.4486,24.9721167045645, 17.4189,6,16.67883,6,12.1651,-0.778554,27.2211,397
24.8883550050668, 16.7369,24.9895963049494, 16.0097,6,16.67888,6,12.06911,0.261735,35.8814,397
24.9044681056403, 16.6376,25.0064824051224, 16.7506,6,16.67885,6,8.817421,-0.307259,51.0255,397
24.9224522053264, 15.8305,25.024143404793, 19.3024,6,16.67814,6,7.162532,-1.068345,69.2466,397
24.939496404957, 16.7325,25.038960004691, 15.2275,6,16.67818,6,15.90514,-0.213921,80.456,397
24.9561974047683, 16.7609,25.0556448050775, 14.6313,5,16.67825,5,17.50805,-0.36266,96.2092,397
24.9721167045645, 17.2724,25.0731344060041, 19.3841,5,16.67875,5,17.16196,0.064475,89.3416,397
24.9895963049494, 15.9587,25.0886685061269, 13.6816,5,16.67815,5,5.373859,-0.454115,91.0278,397
25.0064824051224, 16.9275,25.1055340054445, 16.81,5,16.67836,5,3.996345,-0.108511,89.9946,397
25.024143404793, 15.19,25.1231310046278, 19.3331,5,16.67712,5,10.93202,0.368855,90.883504,397
25.038960004691, 17.9763,25.1395880053751, 14.7688,5,16.6782,5,12.08026,-0.668839,91.588896,397
25.0556448050775, 16.7463,25.1556539046578, 17.5216,5,16.67825,5,10.55653,0.098864,89.4032,397
25.0731344060041, 17.9563,25.1720019052736, 14.932,5,16.67932,5,11.72281,0.121882,90.815504,397
25.0886685061269, 16.2578,25.1891244049184, 18.3321,5,16.67897,5,6.452511,-0.349174,91.273904,397
25.1055340054445, 17.1592,25.2051442055963, 14.778,5,16.67936,5,10.06094,-0.467652,89.7144,397
25.1231310046278, 16.5737,25.2222063052468, 18.237,5,16.67928,5,9.098739,0.899044,90.892304,397
25.1395880053751, 17.0885,25.2409716057591, 19.546,5,16.67962,5,9.814036,-0.536555,89.195696,397
25.1556539046578, 16.4156,25.2554994053207, 12.4697,5,16.6794,5,9.746818,0.27327,89.1232,397
25.1720019052736, 17.1287,25.2727790060453, 17.371,5,16.67977,5,10.26297,-0.198313,91.751296,397
25.1891244049184, 15.9357,25.2883479059674, 17.1015,5,16.67915,5,9.912952,0.052963,88.232096,397
25.2051442055963, 17.1513,25.3055511065759, 15.6668,5,16.67954,5,12.16796,-0.366296,90.7566,397
25.2222063052468, 14.936,25.32236410724, 16.8128,5,16.67811,5,8.628255,-0.052255,90.2574,397
25.2409716057591, 17.1832,25.3383938078769, 17.6574,5,16.67852,5,12.48893,-0.150341,88.443104,397
25.2554994053207, 16.4048,25.3558996082284, 16.0534,5,16.6783,5,11.65401,0.562569,92.107904,397
25.2727790060453, 16.3446,25.3558996082284, 6.2475,5,16.67802,5,10.74964,0.132967,88.560704,397
25.2883479059674, 18.2535,25.3714994085021, 9.2648,5,16.67932,5,11.8163,0.743612,88.889504,397
25.3055511065759, 16.4507,25.3895674091764, 17.9783,5,16.67913,4,10.95146,0.092108,90.534304,397
25.32236410724, 16.5333,25.4057046086527, 17.5937,5,16.67901,3,11.86634,0.102853,90.239904,397
25.3383938078769, 16.253,25.4222834077664, 15.0302,5,16.67866,2,10.28543,0.340239,91.655296,397
25.3558996082284, 16.3827,25.4383091074415, 17.1554,5,16.67842,1,11.32903,0.316377,92.658896,397
25.3714994085021, 16.919,25.4560915068723, 16.6617,4,16.67862,0,10.05429,-0.958527,89.126704,397
25.3895674091764, 16.5264,25.4730568067171, 19.2187,4,16.67849,7,11.18509,0.046658,12.7884,397
25.4057046086527, 16.3667,25.4894624059089, 14.3122,4,16.67824,6,10.16795,-0.448323,24.9207,397
25.4222834077664, 16.8292,25.5076451064087, 19.9299,4,16.67836,6,10.01826,-0.077095,34.7896,397
25.5566132073291, 133.4712,25.5737653081305, 67.7844,4,16.77362,6,11.56852,-0.377933,48.0826,397
25.5566132073291, 0.6989,25.5891785076819, 12.2286,0,16.76052,6,9.955427,-0.827996,62.5616,397
25.5737653081305, 2.3252,25.5891785076819, 7.0897,1,16.74877,6,12.77934,-1.058645,78.869696,397
25.5737653081305, 2.502,25.6076245079748, 11.1617,1,16.73717,5,10.48082,-0.609414,96.926496,397
25.5737653081305, 0.5668,25.623302207794, 15.7106,2,16.72403,5,5.622195,-0.663911,90.707904,397
25.5737653081305, 1.6494,25.641486808192, 19.8702,3,16.71178,5,11.65153,-1.197781,87.6362,397
25.5737653081305, 1.3079,25.6559265083633, 12.5171,4,16.69928,5,10.7099,-0.05663,91.294,397
25.5737653081305, 1.0804,25.6729568089359, 17.1926,5,16.68661,5,12.66905,-1.389447,90.1228,397
25.5737653081305, 6.751,25.6729568089359, 6.3913,6,16.67856,5,11.39741,-1.207036,92.063296,397
25.5891785076819, 16.978,25.6895482088439, 10.1115,7,16.6788,5,12.51141,0.401338,92.3794,397
25.6076245079748, 17.4249,25.7067265096121, 19.1112,6,16.67941,5,10.78228,-0.830985,89.938896,397
25.623302207794, 15.3655,25.7227168097161, 14.3316,6,16.67834,5,10.76903,-0.519549,90.343504,397
25.641486808192, 16.6493,25.7404546099715, 17.5537,6,16.67832,5,11.93675,0.281817,88.913696,397
25.6559265083633, 17.1651,25.7563954102807, 17.8542,6,16.67871,5,11.93754,0.476667,87.6478,397
25.6729568089359, 16.4265,25.7724750111811, 14.2402,6,16.67851,5,13.08686,0.201189,92.3834,397
25.6895482088439, 17.3108,25.7895443118177, 18.7233,5,16.67902,5,9.942885,-1.272041,88.2392,397
25.7067265096121, 16.3927,25.8062758124433, 16.8507,5,16.67879,5,12.51235,0.40127,89.0894,397
25.7227168097161, 16.9117,25.8235026127659, 15.3516,5,16.67898,5,10.32368,1.289821,91.193104,397
25.7404546099715, 16.3704,25.8393551125191, 17.5486,5,16.67873,5,9.631833,-0.572871,90.9476,397
25.7563954102807, 16.7702,25.8561961124651, 15.0732,5,16.6788,5,11.41351,0.887421,91.076304,397
25.7724750111811, 17.3302,25.8734787120484, 17.2578,5,16.67932,5,9.967941,-1.401158,90.3176,397
25.7895443118177, 14.8092,25.8892491119914, 17.4369,5,16.67782,5,11.12203,-0.233784,93.105504,397
25.8062758124433, 18.8753,25.9059044118039, 15.3573,5,16.67958,5,11.53708,-0.210401,91.665104,397
25.8235026127659, 16.5968,25.9237215123139, 19.1194,5,16.67952,5,8.854571,-0.787011,90.211504,397
25.8393551125191, 16.6024,25.939354411792, 16.1036,5,16.67946,5,12.55828,0.198324,91.702496,397
25.8561961124651, 16.8408,25.9564742124639, 15.0259,5,16.67959,5,10.95946,-0.876029,88.915904,397
25.8734787120484, 15.9582,25.9741094126366, 19.623,5,16.67901,5,11.49008,-0.058796,90.543296,397
25.8892491119914, 17.315,25.9897882132791, 13.7681,5,16.67952,5,11.9914,0.74092,92.2798,397
25.9059044118039, 16.6475,26.0067988126539, 16.9755,5,16.67949,4,10.52371,0.051563,79.0698,397
25.9237215123139, 14.3645,26.0226160134189, 16.0096,5,16.67765,4,12.32938,0.533195,74.121904,397
25.939354411792, 17.8226,26.0398467141204, 17.5281,5,16.67856,4,10.16163,-0.073745,75.494096,397
25.9564742124639, 16.2478,26.0558537147008, 17.6629,5,16.67822,4,12.7913,0.470062,77.3416,397
25.9741094126366, 15.2679,26.0724227144383, 16.2705,5,16.6771,4,10.24608,-0.026241,72.801904,397
25.9897882132791, 18.0292,26.0889184153639, 14.4966,5,16.67817,4,9.160337,-0.327165,74.042096,397
26.1227788147517, 134.2196,26.1412399155088, 57.8813,5,16.77146,4,11.81791,-0.044141,75.7254,397
26.1227788147517, 2.456,26.1572783146985, 12.2484,0,16.7601,4,10.08934,-0.481095,75.6046,397
26.1412399155088, 2.4216,26.1572783146985, 4.7598,1,16.74874,4,10.08194,0.382702,72.394,397
26.1412399155088, 1.9935,26.1741569139995, 11.8617,1,16.73706,4,11.44534,-1.171228,75.292096,397
26.1412399155088, 2.3015,26.1908261147328, 15.5946,2,16.72564,4,10.76556,0.067506,73.900304,397
26.1412399155088, 1.8873,26.2074031145312, 16.366,3,16.71391,4,12.09464,-0.147308,72.214704,397
26.1412399155088, 1.2443,26.2235420146026, 17.5532,4,16.70169,4,10.30729,-0.193694,75.4548,397
26.1412399155088, 0.4143,26.2395609137602, 14.6136,5,16.68883,4,10.1068,-0.111478,73.7342,397
26.1412399155088, 2.4434,26.2395609137602, 6.2999,6,16.6776,4,10.55793,0.54695,74.755296,397
26.1572783146985, 17.8217,26.2573676132597, 11.6037,7,16.6785,4,11.24739,-1.184793,73.1404,397
26.1741569139995, 18.9116,26.2734121126123, 15.8402,6,16.68026,4,11.75571,0.029889,71.884304,397
26.1908261147328, 15.2881,26.2907775123604, 18.9444,6,16.67916,4,10.43699,-0.025276,75.062096,397
26.2074031145312, 16.522,26.3076440119185, 15.3519,6,16.67904,4,10.19828,-0.314233,73.425696,397
26.2235420146026, 16.7137,26.3244113125838, 18.6696,6,16.67907,4,12.03055,0.852907,74.6212,397
26.2395609137602, 16.4696,26.3412795127369, 16.7687,6,16.6789,4,9.740593,-0.202301,75.839104,397
26.2573676132597, 16.9671,26.357686013449, 14.5267,5,16.67913,3,13.16931,-1.091769,74.5608,397
26.2734121126123, 17.3843,26.3737111133523, 17.7894,5,16.67968,4,10.62848,0.192502,75.830096,397
26.2907775123604, 16.134,26.3902234141715, 14.7019,5,16.67925,4,9.900933,-0.628858,74.771696,397
26.3076440119185, 17.608,26.4065732141025, 16.3426,5,16.67998,4,12.11729,-0.438286,75.371296,397
26.3244113125838, 14.0382,26.4235280142166, 18.7729,5,16.67792,4,9.192601,0.873658,63.5474,397
26.3412795127369, 18.7528,26.4400079143234, 14.6083,5,16.67954,4,11.95257,-1.272122,73.013504,397
26.357686013449, 16.5973,26.4573609144427, 17.4476,5,16.67947,4,11.4637,0.741614,75.408,397
26.3737111133523, 15.0472,26.4728666148148, 17.1509,5,16.6782,4,9.257258,0.331072,76.171104,397
26.3902234141715, 17.0033,26.4912956147455, 16.7571,5,16.67845,4,11.23999,-0.269244,75.223904,397
26.4065732141025, 16.5303,26.506411714945, 16.6583,5,16.67834,4,10.11874,-0.335113,75.308496,397
26.4235280142166, 17.2473,26.5244994149543, 16.4884,5,16.67878,4,10.91732,0.077177,75.368704,397
26.4400079143234, 16.4021,26.5416955151595, 19.1903,5,16.67856,4,11.50319,-0.198521,74.2712,397
26.4573609144427, 16.2726,26.55651721498, 14.8321,5,16.67825,4,9.197928,-0.537973,73.7662,397
26.4728666148148, 16.5792,26.5734950150363, 15.125,5,16.67817,4,9.991144,0.032457,74.905904,397
26.4912956147455, 17.485,26.5907062157057, 18.9761,5,16.6788,4,9.917513,0.446238,72.739696,397
26.506411714945, 16.5005,26.606334715616, 13.7133,5,16.67866,4,12.12472,-0.316189,75.197696,397
26.5244994149543, 16.8909,26.623264414724, 18.5185,5,16.67883,4,9.768021,1.101069,73.530096,397
26.5416955151595, 14.9413,26.6396555150859, 16.6771,5,16.67748,4,11.97507,-0.704904,74.076896,397
26.55651721498, 18.2118,26.6564350142144, 14.9378,5,16.67867,4,12.50254,-0.51878,74.066896,397
26.5734950150363, 16.1367,26.6564350142144, 6.2001,5,16.67825,4,10.58456,0.172861,72.460496,397
26.5907062157057, 16.6555,26.6743577136658, 11.7074,5,16.67823,4,11.51419,-0.753599,73.672304,397
26.606334715616, 16.5293,26.6906742132269, 17.9022,5,16.67812,4,11.09993,-0.202445,75.631296,397
26.623264414724, 15.3989,26.707518813666, 17.2446,5,16.67713,4,10.7563,0.850231,71.2064,397
26.6396555150859, 18.6346,26.7234300128184, 14.0946,5,16.67864,4,10.79098,-0.00573,73.4192,397
26.6564350142144, 16.0382,26.7406150135212, 17.2785,5,16.67814,4,12.34994,-0.269879,72.9674,397
26.6743577136658, 17.0163,26.7576271141879, 18.6997,4,16.6784,4,10.4438,0.083553,76.269104,397
26.6906742132269, 14.7454,26.7739583137445, 14.6242,4,16.67692,4,12.51105,-0.257302,73.7318,397
26.707518813666, 18.6519,26.7895371136256, 15.4577,4,16.67844,4,10.35037,0.57758,72.1878,397
26.7234300128184, 17.0253,26.8076929138042, 19.9067,4,16.6787,4,10.89463,-0.403673,74.082704,397
26.7406150135212, 16.9146,26.8247816138901, 15.5318,4,16.67888,4,10.85128,-0.361,76.5476,397
26.7576271141879, 16.6969,26.8401183136739, 15.0013,4,16.6789,4,12.16675,-0.469346,75.315504,397
26.7739583137445, 15.7726,26.8575216145255, 19.0125,4,16.6782,3,10.2833,0.244966,79.1288,397
26.7895371136256, 16.935,26.8743331138976, 15.2141,4,16.6784,2,12.05112,-0.482299,75.1488,397
26.8076929138042, 16.9202,26.8907226142474, 17.9412,4,16.67858,1,9.748473,-0.385586,77.5236,397
26.8247816138901, 16.8044,26.9073728141375, 15.1892,4,16.67868,0,10.4582,-1.216281,72.4194,397
26.8401183136739, 16.831,26.9229209139012, 15.5752,4,16.6788,4,12.17015,-0.165478,8.3106,397
26.8575216145255, 15.9851,26.9404852143489, 19.1623,4,16.67827,6,11.02603,-0.560933,22.5352,397
26.8743331138976, 17.0655,26.9574164147489, 15.4288,4,16.67856,6,11.5881,0.023381,33.364,397
26.8907226142474, 17.1083,26.9740330143832, 18.3033,4,16.67889,6,10.82169,-0.316429,46.3347,397
26.9073728141375, 16.9467,26.9907625145279, 18.1649,4,16.67909,6,9.962081,0.501757,63.4311,397
26.9229209139012, 15.6897,27.0083795147948, 14.4109,4,16.67834,6,12.08698,-1.245033,77.305104,397
26.9404852143489, 16.4736,27.0244231144898, 17.7419,4,16.67818,5,10.53113,0.125199,98.920896,397
26.9574164147489, 17.6262,27.040572015103, 16.5681,4,16.67891,5,12.47702,0.001997,90.404896,397
26.9740330143832, 14.81,27.0582679151557, 15.4089,4,16.67749,5,10.55913,-0.221676,90.3566,397
27.0083795147948, 28.5695,27.0735050155781, 16.7454,4,16.6865,5,12.24754,0.523919,90.476896,397
27.0083795147948, 8.314,27.0907975151204, 17.7795,3,16.68016,5,9.736333,-0.408629,90.2518,397
27.0244231144898, 12.3696,27.107476414647, 14.764,4,16.6769,5,13.1642,-0.380238,90.409904,397
27.040572015103, 18.2166,27.1249553146772, 18.9802,4,16.67806,5,11.6775,-0.680057,90.227104,397
27.0582679151557, 16.9038,27.1423256150447, 15.9563,4,16.67823,5,10.65428,0.104975,90.821696,397
27.0735050155781, 15.0546,27.1574280154891, 15.139,4,16.67701,5,10.12478,-0.311234,90.152,397
27.0907975151204, 18.3079,27.1744154156186, 18.3683,4,16.67824,5,9.818729,-0.500698,88.366896,397
27.107476414647, 17.7129,27.1923883152194, 16.6143,4,16.67902,5,10.07344,-0.595292,88.5608,397
27.1249553146772, 15.5636,27.2075147149153, 15.0585,4,16.67818,5,10.77356,-0.212082,90.106,397
27.1423256150447, 17.4985,27.2246829145588, 18.6376,4,16.67879,5,12.49432,-1.127724,88.359296,397
27.1574280154891, 16.625,27.2407403145917, 14.4585,4,16.67875,5,10.07623,-0.902039,90.651904,397
27.1744154156186, 15.056,27.2582376138307, 17.5139,4,16.67753,5,11.8284,-0.032889,90.4892,397
27.1923883152194, 18.4389,27.2738665142097, 16.7712,4,16.67886,5,12.30309,1.264701,88.3636,397
27.2075147149153, 17.649,27.2912975144573, 18.195,4,16.67959,5,10.81258,0.141603,87.861904,397
27.2246829145588, 14.4263,27.3076217141934, 14.4173,4,16.67789,5,11.99432,0.44789,92.528896,397
27.2407403145917, 18.8409,27.3246711143292, 17.2371,4,16.67952,5,11.57674,-0.88107,91.198704,397
27.2582376138307, 16.356,27.3407846135087, 17.5639,4,16.67927,5,12.78449,-1.023183,91.816496,397
27.2738665142097, 14.8662,27.3590642143972, 16.8258,4,16.67792,5,10.3166,0.036845,92.1944,397
27.2912975144573, 18.9978,27.3736818139441, 14.5717,4,16.67965,5,8.259797,1.165839,90.0228,397
27.3076217141934, 16.0232,27.3904938143678, 18.2358,4,16.67916,5,11.41011,0.012908,91.461504,397
27.3246711143292, 15.9743,27.4075338137336, 15.5221,4,16.67863,5,9.79237,-0.759322,90.183696,397
27.3407846135087, 15.2492,27.4246093132533, 18.5512,4,16.67757,5,12.61318,-0.468535,91.144096,397
27.3590642143972, 18.731,27.4422514126636, 16.1928,4,16.6791,5,12.90135,-0.126953,93.490304,397
27.3736818139441, 16.7097,27.4574172128923, 15.1655,4,16.67912,5,10.26846,0.206031,90.224896,397
27.3904938143678, 17.1059,27.4747807127424, 19.0006,4,16.67944,5,10.75169,0.566968,90.968496,397
27.4075338137336, 14.8481,27.4937125132419, 17.326,4,16.67808,5,10.29012,-1.085329,92.0822,397
27.4246093132533, 15.0704,27.5075569129549, 13.8256,4,16.67688,5,12.75054,-0.659455,89.1712,397
27.4422514126636, 18.7313,27.5277687120251, 22.5437,4,16.67841,5,11.07275,-0.303136,92.5526,397
27.4574172128923, 16.6835,27.5424841116183, 12.7034,4,16.67841,5,12.07707,0.636936,88.193,397
27.4747807127424, 14.8524,27.5578754120506, 17.2269,4,16.67706,5,11.06183,-0.172152,91.1888,397
27.4937125132419, 19.4098,27.5741924126633, 14.3051,4,16.67908,5,9.362029,0.225103,90.8,397
27.6242858129553, 134.392,27.6409100121818, 70.2832,4,16.76628,5,12.73075,-0.671442,89.4908,397
27.6409100121818, 3.7952,27.6572449128143, 14.2847,0,16.75668,5,12.13714,-0.820387,88.898704,397
27.6409100121818, 0.6276,27.6572449128143, 4.3604,0,16.74475,4,10.34536,-0.767432,78.400896,397
27.6409100121818, 2.0418,27.6742847128771, 12.8706,1,16.73388,4,11.14355,-0.204877,74.760896,397
27.6409100121818, 1.5556,27.6907086125575, 14.526,2,16.72267,4,10.5751,0.039078,74.7942,397
27.6409100121818, 1.468,27.7076623118483, 18.5645,3,16.71141,4,11.50014,-0.317167,72.612704,397
27.6409100121818, 1.4017,27.7244480117224, 15.2755,4,16.70012,4,10.58199,-0.336412,72.3804,397
27.6409100121818, 0.427,27.7413259125315, 16.9511,5,16.68813,4,12.66393,-0.022086,74.547296,397
27.6409100121818, 1.2311,27.7413259125315, 6.3217,6,16.67675,4,10.77678,-0.403287,76.775904,397
27.6572449128143, 18.5119,27.7576300124638, 9.9969,7,16.6781,4,16.54622,-0.004602,73.7496,397
27.6742847128771, 17.2943,27.7749028126709, 17.2456,6,16.67855,4,16.33607,-0.259961,76.7754,397
27.6907086125575, 17.211,27.7911896123551, 17.3307,6,16.67894,4,16.67171,-0.80333,73.9868,397
27.7076623118483, 16.1508,27.8083233120851, 15.9253,6,16.67855,4,5.720886,0.131343,75.328704,397
27.7244480117224, 17.123,27.8243582113646, 17.2807,6,16.67888,4,5.121887,-0.161184,75.079,397
27.7413259125315, 16.9559,27.8423970113508, 16.7731,6,16.67908,4,11.7599,-0.358911,75.3546,397
27.7576300124638, 16.6715,27.858290811535, 17.2663,5,16.67908,4,11.62896,-0.312838,74.853904,397
27.7749028126709, 17.8702,27.8750880113803, 17.1997,5,16.67995,4,10.98163,-0.259865,74.988,397
27.7911896123551, 15.659,27.8907093112357, 13.8739,5,16.6792,4,12.61366,0.596408,72.847296,397
27.8083233120851, 17.3655,27.9083409109153, 17.5919,5,16.6797,4,11.62418,-1.366319,73.510496,397
27.8243582113646, 16.3281,27.9247296103276, 17.8399,5,16.67945,4,9.582311,-0.079646,75.1018,397
27.8423970113508, 17.0186,27.9411974106915, 15.2726,5,16.6797,4,10.37604,-0.139352,73.1494,397
27.858290811535, 14.7328,27.9582984098233, 17.0242,5,16.67828,4,12.17997,0.640373,73.146096,397
27.8750880113803, 18.0002,27.9744043094106, 17.8373,5,16.67924,4,12.01319,0.65792,74.1286,397
27.8907093112357, 16.6992,27.9906714097597, 14.5731,5,16.67925,4,6.875519,0.061851,74.952704,397
27.9247296103276, 17.8768,28.0082620088942, 17.3749,5,16.68013,4,17.71475,-0.695718,73.190096,397
27.9247296103276, 13.9446,28.0250801094808, 18.6122,4,16.67814,3,8.330752,-1.365887,76.643296,397
27.9411974106915, 17.2026,28.0427267090417, 15.8713,5,16.67852,2,6.034627,0.018044,73.584304,397
27.9582984098233, 15.891,28.0575781087391, 16.5082,5,16.67795,1,11.29378,-0.532225,77.522096,397
27.9744043094106, 16.8896,28.0748438085429, 17.268,5,16.6781,0,9.372549,-0.313194,73.4028,397
27.9906714097597, 17.1791,28.0915066092275, 15.0072,5,16.67846,6,11.77002,-0.127963,12.611,397
28.0082620088942, 17.038,28.1084876093082, 18.4761,5,16.67872,6,10.63029,-0.289532,25.1095,397
28.0250801094808, 16.7015,28.1252772095613, 15.4238,5,16.67874,6,13.11416,-0.417437,33.1362,397
28.0427267090417, 16.687,28.1413580100052, 17.6469,5,16.67875,6,9.724925,-0.449874,50.3864,397
28.0575781087391, 14.2997,28.1576762101613, 16.6465,5,16.67702,6,12.37059,0.368391,65.8388,397
28.0748438085429, 19.1059,28.1751900105737, 15.8395,5,16.67878,6,12.14296,0.956209,79.0856,397
28.0915066092275, 17.0067,28.192832109984, 17.7496,5,16.67902,5,16.47063,-1.064127,95.676096,397
28.1084876093082, 14.7385,28.2076233099215, 15.8526,5,16.67762,5,6.276537,0.870166,88.974896,397
28.1252772095613, 18.9478,28.2251795097254, 16.0359,5,16.67925,5,5.721974,-0.762764,90.000896,397
28.1413580100052, 14.3578,28.2413031100295, 17.7395,5,16.67758,5,12.08391,-0.393744,90.195104,397
28.1576762101613, 18.877,28.2574275094084, 14.5173,5,16.67916,5,11.42519,0.049626,89.5314,397
28.1751900105737, 16.2081,28.2767194095068, 19.2028,5,16.67883,5,8.871627,-0.656854,90.629296,397
28.192832109984, 16.5143,28.2913364092819, 16.1254,5,16.67871,5,12.78763,-0.072495,90.4528,397
28.2076233099215, 17.0749,28.3085699095391, 15.7654,5,16.67899,5,4.867564,-0.136394,91.8636,397
28.2251795097254, 16.5659,28.3244323092513, 15.9737,5,16.67891,5,12.55794,0.268506,92.341904,397
28.2413031100295, 15.0702,28.3416039100848, 18.5788,5,16.67776,5,10.56517,-0.267159,91.338704,397
28.2574275094084, 18.5219,28.3416039100848, 4.5147,5,16.67908,4,11.80715,0.171113,91.640496,397
28.2767194095068, 15.9609,28.3583560097031, 12.3209,5,16.67856,3,11.19199,-0.601835,89.172096,397
28.2913364092819, 17.6933,28.3755762088113, 17.7272,5,16.67929,2,11.75969,0.172663,91.7438,397
28.3085699095391, 16.245,28.3916638079099, 14.0621,5,16.67898,1,10.23529,-0.014879,91.6772,397
28.3244323092513, 16.9926,28.4083246081136, 16.7608,5,16.6792,0,11.45676,-0.787753,90.6078,397
28.3416039100848, 16.6299,28.4256510077976, 18.7965,5,16.67917,6,10.23949,-0.713434,13.4073,397
28.3583560097031, 14.2423,28.4418438072316, 16.4708,4,16.67743,6,9.973935,0.179182,21.141,397
28.3755762088113, 18.7741,28.4595588068478, 15.7477,4,16.67892,6,12.46534,-0.550477,31.2002,397
28.3916638079099, 16.8547,28.4773871074431, 19.8797,4,16.67905,6,10.32338,-0.358111,46.1472,397
28.4083246081136, 16.2666,28.4909940077923, 13.4782,4,16.67876,6,11.99795,0.212777,60.3671,397
28.4256510077976, 14.4144,28.5086327078752, 15.7561,4,16.67715,6,12.59933,-0.669939,77.0138,397
28.4418438072316, 18.6283,28.5252835075371, 18.3789,4,16.67853,5,11.04372,-0.152455,92.8382,397
28.4595588068478, 16.5612,28.5435507069342, 16.8358,4,16.67845,5,11.76698,-1.274298,92.189,397
28.4773871074431, 15.1583,28.5583117068745, 14.6575,4,16.67737,5,10.57191,-0.743003,90.856096,397
28.4909940077923, 18.4041,28.5754029066302, 18.5375,4,16.67859,5,11.84172,-0.196201,90.395696,397
28.5086327078752, 17.0993,28.5919421059079, 14.9579,4,16.67889,5,9.809339,-0.12588,91.3746,397
28.5252835075371, 15.811,28.6084344056435, 16.4746,4,16.67828,5,10.49675,0.079677,89.9002,397
28.5435507069342, 17.2691,28.6260703061707, 18.8667,4,16.6787,5,11.9861,0.333433,88.636496,397
28.5583117068745, 16.4439,28.6418030061759, 14.4846,4,16.67853,5,11.4089,-1.197211,91.106496,397
28.5754029066302, 16.5581,28.6583562069573, 16.5551,4,16.67845,5,12.6618,-0.744684,89.164896,397
28.5919421059079, 16.7336,28.6746624060906, 17.7151,4,16.67849,5,12.08378,-1.370266,91.5366,397
28.6084344056435, 16.7767,28.6914767068811, 17.6006,4,16.67855,5,10.37112,-0.117248,90.3082,397
28.6260703061707, 16.8927,28.708712906111, 15.1296,4,16.67871,5,5.259167,0.092762,91.4928,397
28.6418030061759, 16.2871,28.7263688058592, 19.7409,4,16.67843,5,9.828111,-0.091649,89.291,397
28.6583562069573, 16.5318,28.7417090055533, 13.4725,4,16.67833,5,11.58938,-1.02895,92.2914,397
28.6746624060906, 14.8129,28.7585353055038, 18.7508,4,16.67701,5,9.977766,0.06407,89.6162,397
28.6914767068811, 19.1752,28.7756926049478, 15.0555,4,16.67877,5,13.09825,-1.391169,89.3944,397
28.825728204567, 133.4695,28.8426200044341, 72.6773,4,16.7609,5,9.368038,-0.039989,93.6812,397
28.825728204567, 1.897,28.8587924041785, 11.8922,0,16.75046,5,11.52495,-0.810314,90.118304,397
28.8426200044341, 2.5472,28.8587924041785, 5.049,1,16.74048,5,9.97755,-0.223899,91.176704,397
28.8426200044341, 1.9123,28.8753297035582, 9.9383,1,16.73008,5,11.14573,-0.2542,90.972096,397
28.8426200044341, 1.7775,28.8927701027133, 19.0278,2,16.71959,5,11.84547,0.021344,91.808096,397
28.8426200044341, 0.6952,28.9086061031558, 16.1553,3,16.70836,5,10.43399,-0.043915,92.3154,397
28.8426200044341, 2.1392,28.9257831037976, 15.378,4,16.69816,5,11.93761,-0.520688,89.8,397
28.8426200044341, 1.6489,28.9416023031808, 17.4316,5,16.68763,5,10.214,0.180964,90.3906,397
28.8426200044341, 3.8266,28.9416023031808, 4.6328,6,16.67863,5,10.3374,-0.356594,90.650304,397
28.8587924041785, 17.388,28.9584560026415, 10.6877,7,16.67913,4,12.16496,0.233029,80.3226,397
28.8753297035582, 17.4961,28.9755497020669, 18.5219,6,16.6797,4,10.02792,-1.251882,72.597504,397
28.8927701027133, 14.5623,28.991687302012, 14.756,6,16.67822,4,11.74949,-0.166831,72.949696,397
28.9086061031558, 17.9494,29.009278901387, 17.2853,6,16.67911,4,12.19084,-0.105735,75.8248,397
28.9257831037976, 15.6938,29.0245096017607, 16.7921,6,16.67842,4,10.41529,-0.121324,73.456704,397
28.9416023031808, 16.2833,29.042092601303, 16.1062,6,16.67815,4,12.15617,-0.332794,74.826896,397
28.9584560026415, 17.0717,29.0586306010373, 18.4822,5,16.67842,4,11.40198,-0.357703,72.4552,397
28.9755497020669, 16.3666,29.0755866006948, 16.8446,5,16.6782,4,11.61273,-0.683225,74.8728,397
28.991687302012, 17.0449,29.0932889007963, 16.0424,5,16.67846,4,12.09144,0.112943,74.231,397
29.009278901387, 16.6545,29.1085414006375, 16.956,5,16.67844,4,12.00282,-0.160151,73.181696,397
29.0245096017607, 17.4674,29.1253362013958, 14.9982,5,16.67899,4,10.46939,-1.167037,75.085104,397
29.042092601303, 16.597,29.1426183017902, 19.1681,5,16.67893,4,10.0505,-0.984097,74.436304,397
29.0586306010373, 14.1765,29.1584694026969, 14.1101,5,16.6772,4,10.65372,-1.122901,73.423296,397
29.0755866006948, 18.4023,29.17579720309, 17.3322,5,16.67839,4,10.28386,-0.313196,72.840496,397
29.2094119018875, 135.1012,29.2272395021282, 57.9003,5,16.76035,4,11.62115,0.032972,74.94,397
29.2272395021282, 4.2654,29.2418177020736, 9.2174,0,16.75171,4,10.44404,0.473767,77.485904,397
29.2272395021282, 2.0498,29.2418177020736, 4.8299,0,16.74154,4,12.9584,-0.542771,75.512704,397
29.2272395021282, 2.3065,29.2587112025358, 12.3654,1,16.73158,4,12.8813,0.096233,73.4288,397
29.2272395021282, 1.7932,29.2769724023528, 16.7397,2,16.72127,4,11.351,-1.199798,74.112496,397
29.2272395021282, 0.7401,29.2920395019464, 14.9604,3,16.71025,4,12.25173,-0.456899,75.9842,397
29.2272395021282, 1.8791,29.3092282018624, 18.526,4,16.70002,4,10.13873,0.626411,72.126,397
29.2272395021282, 1.5848,29.3253278019838, 14.8128,5,16.68961,4,11.46737,-0.474243,74.824496,397
29.2272395021282, 1.8785,29.3253278019838, 4.4736,6,16.67942,4,10.91737,0.900619,73.726304,397
29.2418177020736, 15.6763,29.3432764015161, 15.0275,7,16.67873,4,9.824598,-0.886157,71.7606,397
29.2587112025358, 15.0509,29.3583653015085, 13.7178,6,16.67761,4,13.1187,-0.361856,72.573904,397
29.2769724023528, 19.5623,29.376195401419, 19.1109,6,16.67959,4,10.86899,-0.353026,73.261504,397
29.2920395019464, 15.8251,29.392293900717, 16.7948,6,16.67901,4,11.04124,-0.507473,73.5162,397
29.3092282018624, 16.6446,29.4094679006375, 15.17,6,16.67898,4,12.13688,-0.427204,73.576,397
29.3253278019838, 17.3412,29.4255232014693, 16.0769,6,16.67944,4,8.580057,-0.5041,74.9708,397
29.3432764015161, 16.1168,29.4424141016789, 18.5867,5,16.67905,4,12.69536,-0.114334,73.991904,397
29.3583653015085, 16.8877,29.4592148014344, 14.9461,5,16.67919,4,10.35223,0.257816,74.913904,397
29.376195401419, 14.7053,29.4765124008991, 17.0764,5,16.67784,4,12.27497,-0.477368,73.947104,397
29.392293900717, 18.9837,29.4924050015397, 17.7552,5,16.67942,4,12.3891,0.376462,73.618304,397
29.4094679006375, 16.399,29.5097090010531, 17.5832,5,16.67923,4,10.7584,-0.155713,74.7664,397
29.4255232014693, 16.6719,29.5262476005591, 14.4704,5,16.67922,4,12.39393,-1.529471,74.9762,397
29.4424141016789, 15.6268,29.5426563997753, 18.6268,5,16.67851,4,10.31588,0.441323,72.171,397
29.4592148014344, 16.4078,29.5585794993676, 13.7319,5,16.67832,4,11.57697,-0.496557,75.9866,397
29.4765124008991, 17.0764,29.5753144999035, 16.8545,5,16.67859,4,12.13544,-0.366903,74.039504,397
29.4924050015397, 14.7736,29.5931591005065, 19.06,5,16.6773,4,10.08571,-0.592692,73.5678,397
29.5097090010531, 18.3877,29.6092789010145, 14.8247,5,16.67846,4,11.78377,-0.416285,73.6262,397
29.5262476005591, 16.5513,29.6255818014033, 17.6094,5,16.67837,4,12.31898,-0.426532,75.830304,397
29.5426563997753, 16.9357,29.6436008014716, 16.7314,5,16.67855,4,9.833357,-0.140078,75.269,397
29.5585794993676, 16.755,29.659665400628, 17.5907,5,16.6786,4,12.3563,-1.015189,73.74,397
29.5753144999035, 16.4089,29.6764771011658, 16.9153,5,16.67842,4,10.96359,-1.0968,75.006496,397
29.5931591005065, 16.8951,29.6926362016238, 14.3792,5,16.67856,4,12.45629,-0.424411,74.741696,397
29.6092789010145, 17.381,29.7093253009953, 17.9722,5,16.67904,4,11.00443,0.828578,72.2774,397
29.6255818014033, 16.5241,29.727317801211, 16.7832,5,16.67893,4,10.32078,0.315867,73.569104,397
29.6436008014716, 16.527,29.7419668012299, 14.6702,5,16.67883,4,11.99939,-0.501844,76.490496,397
29.659665400628, 14.8636,29.7419668012299, 6.3912,5,16.6776,4,10.8685,-0.506755,76.544896,397
29.6764771011658, 18.6266,29.7592661012895, 10.9014,5,16.67892,4,12.84911,-0.621266,74.414,397
29.6926362016238, 17.0398,29.7753386017866, 17.3994,5,16.67916,4,10.11092,0.308877,75.6016,397
29.7093253009953, 13.8303,29.793275101576, 16.6978,5,16.67724,4,10.66433,-0.610619,74.645296,397
29.727317801211, 18.4051,29.8093929016031, 16.0368,5,16.67841,4,15.96924,-0.856067,72.2534,397
29.7419668012299, 16.5263,29.8261611019261, 17.8958,5,16.6783,4,16.83836,-1.465101,75.288704,397
29.7592661012895, 17.3707,29.8424095013179, 15.0007,4,16.67877,4,16.77437,-0.167584,72.8812,397
29.7753386017866, 14.5912,29.8592186016031, 17.0075,4,16.67737,4,9.206223,0.249768,73.994,397
29.793275101576, 18.7364,29.8753588018008, 18.0941,4,16.67875,4,3.916419,0.28453,72.1742,397
29.8093929016031, 16.4804,29.892715702299, 15.4303,4,16.67862,4,10.23907,-0.539154,73.045904,397
29.8261611019261, 16.5883,29.9097705022432, 18.4916,4,16.67856,4,12.7863,0.306793,73.659504,397
29.8424095013179, 16.9605,29.9258672022261, 16.3112,4,16.67875,4,11.43668,0.490044,72.172,397
29.8592186016031, 16.1148,29.9425930012949, 15.102,4,16.67837,4,12.04713,1.491596,73.520096,397
29.8753588018008, 17.3411,29.9594828006811, 16.7661,4,16.67881,4,5.19257,-0.35526,74.690304,397
29.892715702299, 16.9192,29.9767530006357, 19.0123,4,16.67897,4,11.50935,-0.336477,72.222304,397
29.9097705022432, 13.8766,29.9939242997207, 16.4201,4,16.6771,4,10.76621,0.484825,72.584096,397
29.9258672022261, 19.1694,30.0104987998493, 17.1962,4,16.67876,4,11.44006,-0.706329,72.4112,397
29.9425930012949, 15.8824,30.0259572002105, 13.7983,4,16.67823,4,11.3692,-0.518245,73.9426,397
29.9594828006811, 17.3998,30.0439484003, 18.0837,4,16.67871,4,8.73706,0.401489,74.863696,397
29.9767530006357, 15.1498,30.0595802995376, 17.0213,4,16.67769,4,10.18438,0.137825,75.672704,397
29.9939242997207, 18.6719,30.075903700199, 14.8133,4,16.67902,4,12.24028,-0.470851,72.8092,397
30.0104987998493, 14.5461,30.0928276996128, 17.244,4,16.6776,4,9.531229,-0.759566,77.148304,397
30.0259572002105, 19.0796,30.109632700216, 17.9811,4,16.6792,4,12.53434,-0.338763,74.995696,397
30.0439484003, 17.0482,30.1260405010544, 15.0829,4,16.67945,4,12.40281,-1.039831,72.9458,397
30.0595802995376, 16.0305,30.1428227010183, 16.8435,4,16.67902,4,9.745975,-0.611685,76.353104,397
30.075903700199, 17.4661,30.1594108003192, 18.153,4,16.67954,4,11.66245,1.429072,73.5332,397
30.0928276996128, 16.227,30.175591900479, 16.4817,4,16.67924,4,10.81567,-0.706834,77.681904,397
30.109632700216, 15.3938,30.1928990012966, 15.4526,4,16.67838,4,12.56846,-0.046256,75.418896,397
30.1260405010544, 16.8317,30.2093849009834, 18.2263,4,16.67849,4,10.91393,-1.181853,72.197904,397
30.1428227010183, 16.7952,30.2253178018145, 15.8173,4,16.67856,4,12.81868,-0.617875,75.5816,397
30.1594108003192, 15.5113,30.2436696025543, 16.4324,4,16.67779,4,11.24063,-0.515892,73.565,397
30.175591900479, 18.0081,30.2592914025299, 17.0404,4,16.67867,4,8.385834,-1.131721,75.364,397
30.1928990012966, 17.0656,30.2774105030112, 16.7371,4,16.67893,4,12.60506,-0.353731,75.258896,397
30.2093849009834, 14.476,30.2929007033817, 15.6244,4,16.67747,4,11.91185,-1.403091,71.7626,397
30.2253178018145, 18.042,30.3097929037176, 18.2512,4,16.67837,4,11.48378,0.002691,75.4228,397
30.2436696025543, 17.3569,30.3256645030342, 14.5509,4,16.67882,4,12.50109,-0.575024,74.3532,397
30.2592914025299, 15.118,30.3430118034594, 18.9339,4,16.67779,4,12.36802,-0.762214,73.418896,397
30.2774105030112, 18.6462,30.3595972037874, 16.6983,4,16.67909,4,11.38823,-1.32005,74.772704,397
30.2929007033817, 16.7544,30.3775601047091, 16.2827,4,16.67914,4,5.758791,-0.256909,74.003904,397
30.3097929037176, 16.3824,30.3940010047518, 16.4404,4,16.67894,4,13.18161,0.011732,74.082896,397
30.3256645030342, 16.273,30.4105485039763, 18.4788,4,16.67868,4,11.88252,-0.240727,74.2774,397
30.3430118034594, 15.3176,30.4273815038614, 14.7545,4,16.67778,4,10.96021,1.245014,74.968496,397
30.3595972037874, 18.3836,30.4442988033406, 16.8532,4,16.6789,4,12.61725,0.413155,72.7358,397
30.3775601047091, 16.3877,30.4602879039012, 17.6541,4,16.67871,4,12.13891,-0.979804,74.316704,397
30.3940010047518, 16.7157,30.476634403225, 16.451,4,16.67874,3,12.14847,0.177037,72.318496,397
30.4105485039763, 16.8034,30.49272330245, 14.346,4,16.67882,2,9.608427,-0.393022,76.396496,397
30.4273815038614, 16.8462,30.5093509028666, 18.1307,4,16.67893,1,11.97639,-0.581433,73.5152,397
30.4442988033406, 15.9142,30.5277092023753, 18.835,4,16.67843,0,8.724845,1.189808,72.1346,397
30.4602879039012, 14.7174,30.5441813017242, 14.7717,4,16.67714,7,15.8714,0.193406,10.7601,397
30.476634403225, 18.2748,30.5604846025817, 16.144,4,16.67819,6,17.27746,1.6866,24.5138,397
30.49272330245, 17.4838,30.5773795018904, 18.6713,4,16.67871,6,16.11282,-0.521843,34.0729,397
30.5093509028666, 14.7666,30.5930525022559, 13.8104,4,16.67746,6,7.668533,-0.226863,49.1837,397
30.5277092023753, 18.9461,30.6096396031789, 16.5527,4,16.67895,6,5.025292,-0.318276,63.7369,397
30.5441813017242, 16.8995,30.6282707038336, 19.9346,4,16.67909,6,10.55119,0.241315,80.5884,397
30.5604846025817, 16.3747,30.6434694039635, 13.9672,4,16.67889,5,11.5224,-0.496304,99.56,397
30.5773795018904, 16.8336,30.6602771035396, 17.9471,4,16.67899,5,8.319143,0.558008,91.160896,397
30.5930525022559, 16.9105,30.6764093036763, 15.0897,4,16.67914,5,12.49316,-0.162968,91.2038,397
30.6096396031789, 16.3903,30.6937282043509, 17.2621,4,16.67896,5,5.575276,-0.754896,90.8392,397
30.6282707038336, 17.3054,30.710136604961, 17.9183,4,16.67936,5,12.15699,-0.438597,91.660304,397
30.6434694039635, 17.0963,30.7273091054522, 15.6087,4,16.67963,5,9.718204,-0.363021,93.9384,397
30.6602771035396, 15.9671,30.7431198055856, 17.3149,4,16.67917,5,12.07269,0.232155,91.1252,397
30.6764093036763, 17.0536,30.7606911058538, 18.2239,4,16.67941,5,11.19947,-0.66163,90.214,397
30.6937282043509, 16.1877,30.7765955063514, 13.7191,4,16.67909,5,10.0195,-0.445049,91.8944,397
30.710136604961, 17.0771,30.7940004072152, 17.4388,4,16.67935,5,12.4641,0.157194,90.574704,397
30.7273091054522, 16.9432,30.8095360067673, 16.7698,4,16.67952,5,10.41432,-0.756692,93.610096,397
30.7431198055856, 15.0829,30.8274526060559, 16.6152,4,16.67849,5,10.24234,-1.272802,92.306304,397
30.7606911058538, 14.7832,30.8431723066606, 15.7034,4,16.67726,5,11.57653,0.401081,89.365104,397
30.7765955063514, 18.8893,30.8606695071794, 19.7092,4,16.67869,5,10.70285,-0.702411,91.980304,397
30.7940004072152, 16.4002,30.8763298080303, 13.5253,4,16.67851,5,12.30781,-0.279558,91.802704,397
30.8095360067673, 14.6566,30.8933951077051, 18.9959,4,16.67721,5,11.73699,0.706583,89.006704,397
30.8274526060559, 19.0086,30.910390006844, 16.8546,4,16.67871,5,10.9769,-0.271833,92.814896,397
30.8431723066606, 16.6813,30.9265709077008, 14.6316,4,16.67871,5,12.30162,0.053972,91.4738,397
30.8606695071794, 15.7456,30.9442591075785, 19.152,4,16.67811,5,9.827611,-0.774297,89.916304,397
30.8763298080303, 17.3575,30.9604357075877, 14.5376,4,16.67855,5,10.43216,-0.294066,90.776,397
30.8933951077051, 15.0215,30.9783149068244, 19.1701,4,16.67748,5,12.09142,-0.936135,91.115904,397
30.910390006844, 18.5183,30.9940449059941, 16.2556,4,16.67867,5,9.141133,-1.050804,90.491104,397
30.9265709077008, 17.4853,31.0102118053474, 14.2635,4,16.67919,5,12.05673,-1.233873,90.303,397
30.9442591075785, 15.9547,31.027841205243, 19.3388,4,16.67872,5,11.7594,0.669858,90.802,397
30.9604357075877, 16.7355,31.0442371056415, 14.7201,4,16.67876,5,12.41187,-0.707411,91.643104,397
30.9783149068244, 14.6967,31.0607720059343, 16.4943,4,16.67749,4,11.57753,1.01992,81.269504,397
30.9940449059941, 18.7096,31.077770805452, 18.6049,4,16.67879,4,10.5902,0.430286,74.7954,397
31.0102118053474, 16.8395,31.0926354057156, 13.3412,4,16.67889,4,10.98417,0.582586,74.2496,397
31.027841205243, 15.009,31.1112990058027, 18.6694,4,16.67782,3,13.18084,0.549385,73.5288,397
31.0442371056415, 18.459,31.1273240051232, 17.3895,4,16.67896,2,15.67161,0.467925,72.337696,397
31.0607720059343, 16.78,31.1443889043294, 15.8453,4,16.67903,1,17.08408,-0.063739,73.941296,397
31.077770805452, 14.8812,31.1607206049375, 16.2346,4,16.67788,0,5.341814,-0.74168,73.104304,397
31.0926354057156, 19.0267,31.1776370047592, 18.2568,4,16.67938,4,5.012914,0.424752,9.9775,397
31.1112990058027, 15.6155,31.1948553039692, 15.6944,4,16.6787,6,9.836415,-0.221952,24.1325,397
31.1273240051232, 17.0374,31.2105273040943, 17.2323,4,16.67893,6,10.92507,0.449018,34.063,397
31.1443889043294, 17.2701,31.2280755038373, 17.9606,4,16.6793,6,11.23904,0.554236,47.2196,397
31.1607206049375, 15.6769,31.2435174039565, 13.444,4,16.67867,6,10.36258,0.724081,61.2195,397
31.1776370047592, 17.1995,31.2606184030883, 18.7803,4,16.679,6,6.124948,0.926499,76.5592,397
31.1948553039692, 16.6995,31.2768737035803, 14.7015,4,16.67901,5,11.20745,0.600383,97.549104,397
31.2105273040943, 14.9546,31.293984703254, 19.0331,4,16.67791,5,12.04678,-0.013254,90.7858,397
31.2280755038373, 18.9008,31.3118201023899, 16.0186,4,16.67933,5,9.778464,-0.141027,92.021696,397
31.2435174039565, 16.1395,31.3265910022892, 14.7586,4,16.67898,5,11.11282,-0.507427,89.532704,397
31.3779779006727, 133.8853,31.3950280011632, 72.5097,4,16.7534,5,9.114801,-0.27598,90.8656,397
31.3779779006727, 1.904,31.4106328007765, 13.2974,0,16.74398,5,9.027317,-0.408018,89.9224,397
31.3950280011632, 2.0034,31.4106328007765, 4.3636,1,16.73463,5,11.18085,0.235702,89.600704,397
31.3950280011632, 2.1003,31.4273815010674, 11.6586,1,16.72536,5,10.07093,-0.928063,93.9106,397
31.3950280011632, 1.1869,31.4449100014754, 16.298,2,16.71552,5,12.05463,0.857187,91.6426,397
31.3950280011632, 1.1141,31.460687101353, 15.673,3,16.70564,5,12.39118,-0.699486,90.049,397
31.3950280011632, 1.6676,31.4774670009501, 18.5117,4,16.69613,5,10.29432,0.656715,92.051696,397
31.3950280011632, 0.5325,31.4957552016713, 16.6455,5,16.68591,5,12.3697,1.189354,90.761904,397
31.3950280011632, 3.4686,31.4957552016713, 6.3263,6,16.67756,5,11.60206,-0.661671,89.425,397
31.4106328007765, 18.9857,31.5105954012834, 10.5871,7,16.67902,5,11.12551,-0.365851,90.3324,397
31.4273815010674, 14.9237,31.5274747009389, 14.9665,6,16.67791,5,11.05039,0.195382,89.515504,397
31.4449100014754, 17.7704,31.5447937003337, 17.4056,6,16.6786,5,11.06948,-0.890366,88.8232,397
31.460687101353, 16.8634,31.5608848999254, 17.684,6,16.67872,5,11.26265,-0.642196,91.864304,397
31.4774670009501, 15.2258,31.5779359000735, 17.5046,6,16.6778,5,8.746071,-0.927712,87.0124,397
31.4957552016713, 16.5908,31.5939365993254, 13.7768,6,16.67775,5,10.59255,-0.798841,91.7536,397
31.5105954012834, 18.6976,31.6104593998753, 17.7853,5,16.67902,5,12.15172,0.423922,90.3824,397
31.5274747009389, 16.2868,31.6295900992118, 17.9675,5,16.67877,5,9.847866,0.054978,89.7856,397
31.5447937003337, 16.5958,31.6449906989001, 15.2756,5,16.67872,5,12.8184,0.203674,92.058096,397
31.5608848999254, 14.7385,31.661586498376, 17.7746,5,16.6775,5,10.97701,-0.610445,93.274,397
31.5779359000735, 18.4081,31.6775694987737, 17.103,5,16.67859,5,10.97644,-0.085481,89.7378,397
31.5939365993254, 16.9658,31.6939513995312, 14.0247,5,16.67877,5,6.512678,0.307017,92.149296,397
31.6104593998753, 15.5979,31.7106362986378, 18.2128,5,16.67809,4,11.49252,-0.091566,78.977904,397
31.6295900992118, 18.0036,31.7279513995163, 17.8259,5,16.67892,4,10.26373,-1.159862,75.762496,397
31.6449906989001, 16.8358,31.7439151997678, 14.0394,5,16.67902,4,9.695745,0.322936,74.1646,397
31.661586498376, 14.7538,31.7609181995504, 18.5627,5,16.67782,4,12.28608,0.653737,73.982304,397
31.6775694987737, 18.3394,31.7794462996535, 16.9972,5,16.67885,4,11.68808,-0.611847,74.855,397
31.6939513995312, 16.9826,31.7948400997557, 15.4246,5,16.67904,4,9.662666,0.116073,73.5558,397
31.7106362986378, 14.7097,31.8104970999993, 15.5698,5,16.67781,4,11.71786,0.174777,72.3576,397
31.7279513995163, 18.4844,31.8276163008995, 18.8242,5,16.67894,4,12.94506,-0.05479,74.455104,397
31.7439151997678, 17.2725,31.8459792011417, 16.6468,5,16.67931,4,9.710163,-0.118152,74.0878,397
31.7609181995504, 14.7798,31.8604474007152, 14.5922,5,16.67813,4,10.85845,-1.277442,74.3164,397
31.7794462996535, 18.705,31.8783575999551, 19.203,5,16.67939,4,12.56163,-0.355835,73.6626,397
31.7948400997557, 16.395,31.8947986005805, 17.2359,5,16.67921,4,10.22312,-0.103876,75.8202,397
31.8104970999993, 15.3651,31.9109271015041, 13.9137,5,16.6784,4,11.69389,-0.113961,74.878,397
31.8276163008995, 15.2554,31.9109271015041, 6.3337,5,16.67751,4,10.42845,-0.097866,74.691904,397
31.8459792011417, 18.2006,31.9282778012566, 11.7204,5,16.67846,4,11.92264,0.831847,74.412704,397
31.8604474007152, 17.4982,31.9455560012721, 16.9518,5,16.67897,4,13.02833,0.17636,75.342304,397
31.8783575999551, 15.2866,31.960508201737, 14.5662,5,16.6781,4,10.53838,-0.3834,74.749296,397
31.8947986005805, 18.3567,31.9774090019055, 17.1653,5,16.67914,4,11.79436,0.694603,74.66,397
31.9109271015041, 18.1407,31.995227501262, 19.7917,5,16.68005,4,10.16597,-0.839659,75.529696,397
31.9282778012566, 15.2393,32.0113436006941, 14.3541,4,16.67916,4,8.671353,-0.220892,75.563,397
32.0615902007557, 134.8889,32.0784140010364, 71.7611,4,16.75231,4,10.94494,-0.151598,75.165,397
32.0784140010364, 3.9134,32.0962063004263, 14.5282,0,16.74437,4,9.881,0.572965,76.029504,397
32.0784140010364, 0.8223,32.0962063004263, 4.3613,0,16.73453,4,10.0186,1.305048,76.139696,397
32.0784140010364, 2.3469,32.112867299933, 12.2912,1,16.72564,3,11.29406,-0.234429,74.9356,397
32.0784140010364, 2.0464,32.1277843001299, 15.1893,2,16.71658,2,11.22619,0.028776,74.490496,397
32.0784140010364, 1.9124,32.145669800695, 15.9232,3,16.70745,1,10.112,-0.489678,73.8096,397
32.0784140010364, 0.5514,32.1616477998905, 15.8797,4,16.69748,0,12.03973,-0.222112,73.568096,397
32.0784140010364, 1.433,32.1786759006791, 18.8724,5,16.68808,5,9.736152,0.290331,9.2039,397
32.0784140010364, 1.2167,32.1786759006791, 4.7675,6,16.67855,6,10.46893,-0.347655,23.0239,397
32.0962063004263, 17.7213,32.1946688010357, 10.9573,7,16.6792,6,12.01032,0.43095,33.3385,397
32.112867299933, 13.4705,32.211122400593, 14.7065,6,16.67722,6,10.31498,-0.608667,50.1355,397
32.1277843001299, 19.1387,32.2276465012692, 16.6493,6,16.67873,6,10.38301,0.125459,64.5011,397
32.145669800695, 16.6829,32.2443567006849, 18.0154,6,16.67874,6,12.00537,-0.200158,82.0924,397
32.1616477998905, 16.5823,32.2614268003963, 15.6391,6,16.67868,5,10.04286,0.17429,97.060096,397
32.1786759006791, 16.8983,32.2777016996406, 16.5765,6,16.67881,5,12.26815,-0.378672,91.230304,397
32.1946688010357, 14.7041,32.2951562996022, 19.0137,5,16.6776,5,11.43507,-0.657407,92.5282,397
32.211122400593, 17.9543,32.312480899971, 15.6867,5,16.67838,5,11.34324,-0.865176,89.634496,397
32.2276465012692, 17.6627,32.3284850991331, 16.0681,5,16.67899,5,9.820058,-0.675176,86.065104,397
32.2443567006849, 16.2888,32.3448805990629, 18.2916,5,16.67875,5,12.09141,-0.336299,91.518304,397
32.2614268003963, 18.006,32.3636812991463, 16.7329,5,16.67956,5,11.53457,0.066461,89.887104,397
32.2777016996406, 16.0818,32.3784960987978, 14.7274,5,16.67919,5,10.64231,0.966283,90.5182,397
32.2951562996022, 17.3344,32.3946441984735, 18.2419,5,16.67959,5,10.49628,-0.5242,89.447,397
32.312480899971, 16.4188,32.41229949845, 15.6013,5,16.67944,5,12.60908,0.193391,92.201,397
32.3284850991331, 16.1317,32.427499298472, 15.4395,5,16.6791,4,11.0503,0.356278,90.457696,397
32.3448805990629, 15.4879,32.4445749991573, 18.5285,5,16.67838,3,12.21064,-0.39518,95.0152,397
32.3636812991463, 19.3833,32.4606931996532, 14.5378,5,16.68002,2,10.33342,1.368336,90.0364,397
32.3784960987978, 14.3961,32.4786264994182, 19.1299,5,16.67863,1,10.8208,1.115952,93.871504,397
32.3946441984735, 16.1928,32.4946942985989, 14.8211,5,16.67834,0,12.33621,-0.175732,93.312304,397
32.41229949845, 17.4251,32.5115424976684, 16.8289,5,16.67879,6,10.00882,-0.540616,9.0879,397
32.427499298472, 16.6056,32.5285477978177, 18.8856,5,16.67875,6,9.36398,-0.7443,24.8095,397
32.4445749991573, 16.5899,32.5462941979058, 17.7975,5,16.67869,6,12.22016,0.594016,35.8636,397
32.4606931996532, 17.0958,32.561454297509, 13.5588,5,16.67895,6,6.353648,-0.486468,49.7643,397
32.4786264994182, 14.521,32.5784771977924, 16.9409,5,16.67764,6,10.32373,-0.493452,66.3954,397
32.4946942985989, 18.5727,32.5945608983748, 17.2451,5,16.67879,6,9.777616,-0.872923,81.3462,397
32.5115424976684, 16.4088,32.5945608983748, 4.5559,5,16.67862,5,12.1515,-0.511871,98.942896,397
32.5285477978177, 14.6663,32.6119231986813, 11.4508,5,16.6774,5,17.01028,-0.78897,93.738704,397
32.5462941979058, 19.1607,32.6277514989488, 17.5626,5,16.67891,5,15.71687,-0.530422,91.687,397
32.561454297509, 16.3101,32.6456263992004, 16.1273,5,16.67868,5,16.77465,-0.428065,90.0808,397
32.5784771977924, 16.5865,32.6616106997244, 17.459,5,16.67863,5,8.612423,-0.17412,93.149904,397
32.5945608983748, 17.2222,32.6772927003913, 15.9227,5,16.67896,5,6.667071,-0.586401,87.957,397
32.6119231986813, 16.6103,32.6943708001636, 15.4125,4,16.67891,5,10.47527,0.003915,90.915504,397
32.6277514989488, 16.4768,32.7130360002629, 18.5736,4,16.67879,5,12.63592,-0.366264,87.4176,397
32.6456263992004, 17.4464,32.7284173001535, 17.0789,4,16.67925,5,10.73936,0.070185,90.840704,397
32.6616106997244, 14.1482,32.7444897000678, 14.3771,4,16.67773,5,12.14912,-0.672619,93.103,397
32.6772927003913, 19.104,32.7629648004659, 18.4491,4,16.67919,5,5.553001,0.743676,88.399,397
32.6943708001636, 16.1741,32.7793521010317, 18.3322,4,16.67889,5,12.24419,0.012027,91.8356,397
32.7130360002629, 16.2905,32.7965463013388, 15.3482,4,16.67865,4,11.67786,0.046631,90.141904,397
32.7284173001535, 15.3169,32.811445300933, 15.1304,4,16.67783,3,11.02452,-0.888445,92.773904,397
32.7444897000678, 18.14,32.8283657017164, 17.8602,4,16.67871,2,11.78182,0.012015,91.7734,397
32.7629648004659, 17.0908,32.8476760010235, 18.021,4,16.67896,1,11.17922,-1.359239,90.299904,397
32.7793521010317, 14.7451,32.8617446008138, 14.1515,4,16.6778,0,11.08817,-0.544365,91.682896,397
32.7965463013388, 18.0704,32.8782767015509, 17.9805,4,16.67863,7,10.49737,-0.032301,10.8674,397
32.811445300933, 16.052,32.8967002010904, 16.9213,4,16.67826,6,9.972545,-0.648718,30.0091,397
32.8283657017164, 14.7635,32.9115644008853, 14.7963,4,16.67711,6,12.78668,-1.045664,36.0618,397
32.8476760010235, 19.342,32.9286401015706, 18.952,4,16.67871,6,11.87454,-0.174963,51.1703,397
32.8617446008138, 15.7155,32.9461607025005, 16.5713,4,16.67813,6,10.70986,0.026875,67.155104,397
32.8782767015509, 15.3053,32.962545002345, 15.415,4,16.67731,6,12.1208,0.936852,81.840096,397
32.8967002010904, 19.1139,32.978307202924, 17.9095,4,16.67877,6,11.77472,-0.855087,98.560096,397
32.9115644008853, 16.5079,32.9947225027718, 16.0633,4,16.67867,5,10.61136,-0.328132,93.617104,397
32.9286401015706, 17.0082,33.0124490023591, 16.3272,4,16.67886,5,12.72236,-0.336057,90.545696,397
32.9461607025005, 16.7917,33.0292305019684, 16.5488,4,16.67893,5,12.02713,0.004663,93.091296,397
33.0782801010646, 134.0508,33.0965713006444, 69.6862,4,16.74892,5,10.08765,0.080546,91.836304,397
33.0782801010646, 2.1796,33.1117341010831, 13.9431,0,16.74023,5,10.90139,-0.493371,93.6974,397
33.0965713006444, 2.4984,33.1117341010831, 4.5533,1,16.73175,5,11.07023,-0.874325,93.3584,397
33.0965713006444, 1.8861,33.1283142003231, 12.2006,1,16.72292,5,10.47886,-0.064306,91.2586,397
33.0965713006444, 1.9205,33.1463199998252, 18.7177,2,16.71411,5,12.15724,0.911529,90.631104,397
33.0965713006444, 0.5263,33.163224299904, 14.8912,3,16.70449,5,10.35685,-0.937897,92.794304,397
33.0965713006444, 1.7891,33.1807337994687, 19.3804,4,16.69562,5,11.61537,-0.089204,89.643696,397
33.0965713006444, 1.3216,33.1959399995394, 15.0439,5,16.68649,5,10.64312,-0.648796,93.0396,397
33.0965713006444, 3.2826,33.1959399995394, 4.5265,6,16.67854,5,10.64671,-1.156007,94.8042,397
33.1117341010831, 17.5733,33.2125499998219, 11.7448,7,16.67907,5,11.52037,1.479436,90.4564,397
33.1283142003231, 15.3299,33.2285954006948, 16.6278,6,16.67827,5,10.4492,-0.598643,90.568304,397
33.1463199998252, 18.4426,33.2462145001628, 15.5476,6,16.67932,5,11.2772,-0.072507,88.9228,397
33.163224299904, 19.4529,33.2620301009156, 15.8833,6,16.68096,5,11.923,-0.945898,90.467296,397
33.1807337994687, 12.2556,33.2783660017885, 17.7175,6,16.67834,5,10.86191,-0.406078,93.690096,397
33.1959399995394, 18.0825,33.2960113012232, 16.442,6,16.67917,5,13.02496,-0.333982,90.2826,397
33.2125499998219, 15.1528,33.3119632010348, 15.7835,5,16.67827,5,10.50034,0.220549,90.909696,397
33.2285954006948, 18.6804,33.3282769010402, 17.6091,5,16.67945,5,11.05281,-0.426181,91.600096,397
33.2462145001628, 15.0583,33.345409300644, 17.812,5,16.67849,5,11.9699,-0.359806,91.165696,397
33.2620301009156, 17.01,33.3626672015525, 15.266,5,16.67869,5,12.67628,0.289644,95.848496,397
33.2783660017885, 16.1351,33.3810387016274, 20.6929,5,16.67837,4,6.254082,-0.285413,91.6354,397
33.2960113012232, 17.1351,33.3955452018417, 12.1565,5,16.67864,3,10.61515,0.795742,93.2692,397
33.3119632010348, 16.4475,33.4139172011055, 20.2813,5,16.6785,2,9.556181,1.989609,93.128304,397
33.3282769010402, 14.871,33.4301827014424, 14.3129,5,16.67744,1,12.18941,-1.17284,91.179504,397
33.4625675012358, 136.2544,33.4794674017467, 52.024,5,16.74778,0,12.10856,-0.12171,94.370304,397
33.4625675012358, 1.7714,33.4954233025201, 13.2477,0,16.73897,6,9.985913,-0.200705,11.2372,397
33.4794674017467, 2.204,33.4954233025201, 6.447,1,16.73043,6,10.18916,1.347301,27.0355,397
33.4794674017467, 1.3974,33.5123329018243, 12.4515,1,16.72143,6,11.12949,-0.501777,36.9291,397
33.4794674017467, 1.3571,33.529494701419, 15.257,2,16.71241,6,7.91794,-0.093874,50.8555,397
33.4794674017467, 0.5575,33.5454881009646, 17.1888,3,16.70294,6,11.12101,-0.289305,66.3888,397
33.4794674017467, 1.6692,33.5633663018234, 16.6204,4,16.69412,6,12.0518,-0.441951,82.7984,397
33.4794674017467, 1.0553,33.5792879019864, 15.8945,5,16.68496,5,10.3487,0.488164,97.920304,397
33.4794674017467, 3.5777,33.5792879019864, 6.3337,6,16.67729,5,10.18558,-0.42739,95.0574,397
33.4954233025201, 17.0447,33.5974447024055, 11.8419,7,16.67751,5,12.21617,-0.554595,92.5082,397
33.5123329018243, 18.5328,33.6139304027893, 16.4812,6,16.67859,5,10.3539,-0.889124,91.581504,397
33.529494701419, 17.6241,33.628546402324, 16.017,6,16.67914,5,12.07375,-0.78505,92.9714,397
33.5454881009646, 15.4747,33.648581801448, 18.5436,6,16.67844,5,12.28364,-0.239562,95.2814,397
33.5633663018234, 18.9924,33.6624324019067, 13.7988,6,16.67979,5,10.09269,0.706568,93.2712,397
33.5792879019864, 14.7818,33.6785011026077, 17.7406,6,16.67868,5,12.2907,-0.616402,91.3156,397
33.5974447024055, 19.1269,33.6956680021249, 15.6281,5,16.68011,5,12.41332,-0.459872,90.814096,397
33.6139304027893, 15.5216,33.7126628025435, 18.944,5,16.67944,5,11.37655,0.013358,92.436896,397
33.628546402324, 15.6554,33.7302834033035, 17.9182,5,16.67884,5,10.44676,-1.003412,92.2994,397
33.648581801448, 18.1269,33.7458054036833, 13.4223,5,16.67968,5,12.00573,-0.172982,92.2032,397
33.6624324019067, 14.7985,33.7623783037998, 18.2352,5,16.67859,5,8.935802,0.042048,92.536304,397
33.6785011026077, 16.58,33.7788052042015, 14.8859,5,16.67853,5,12.14977,0.241678,93.4276,397
33.6956680021249, 16.5042,33.7961400044151, 19.1353,5,16.67843,5,10.07544,-0.281249,90.598704,397
33.7126628025435, 15.2349,33.8124172040261, 14.2346,5,16.67759,5,11.70361,-0.489182,92.0662,397
33.7302834033035, 18.6839,33.8297012043186, 17.2101,5,16.67875,5,17.33948,0.298989,92.697696,397
33.7458054036833, 16.5576,33.8457285040058, 17.9405,5,16.67868,5,16.52095,-0.52511,93.1768,397
33.8799799033441, 133.6233,33.8970977035351, 52.8071,5,16.74648,5,16.33062,0.011368,93.859104,397
33.8799799033441, 0.7129,33.9155455031432, 17.6062,0,16.73719,5,5.745549,-0.82454,93.336704,397
33.8799799033441, 2.1932,33.9155455031432, 4.4645,1,16.72877,5,5.481382,-0.693562,94.764704,397
33.8970977035351, 2.7051,33.9295845027082, 8.7326,2,16.72065,5,12.23121,-0.243508,92.7938,397
33.8970977035351, 0.4746,33.9467449034564, 15.5969,2,16.71125,5,9.88021,-0.848328,96.326496,397
33.8970977035351, 1.3776,33.9625805034302, 17.348,3,16.70239,5,10.40413,0.137869,93.629296,397
33.8970977035351, 1.1184,33.9782977025025, 15.8097,4,16.69339,5,11.70984,-1.352489,91.6874,397
33.8970977035351, 1.291,33.9977496019565, 18.0042,5,16.6845,4,6.316262,-0.449331,81.572896,397
33.8970977035351, 4.8754,34.0125766019337, 14.5961,6,16.67768,4,12.31431,-0.60402,76.8228,397
33.9295845027082, 20.8012,34.0125766019337, 6.1378,7,16.68006,4,10.46533,-0.325852,78.3728,397
33.9295845027082, 14.0639,34.0294907013886, 10.9928,6,16.67855,4,12.39183,0.66995,74.469,397
33.9467449034564, 17.1857,34.0476960013621, 19.7444,6,16.67884,4,11.78809,-0.742243,76.3462,397
33.9625805034302, 14.1638,34.0623275008984, 12.8955,6,16.6774,4,11.67123,-0.621436,76.0134,397
33.9782977025025, 17.3085,34.0797298015095, 19.1686,6,16.67776,4,12.25312,-0.014529,75.504096,397
33.9977496019565, 18.2777,34.0976418019272, 17.9384,6,16.67868,4,10.44295,-0.840322,74.4654,397
34.0125766019337, 17.2824,34.1145427026786, 15.1822,6,16.67903,4,10.27795,-0.192315,75.995296,397
34.0294907013886, 15.6419,34.1295999023132, 15.0224,5,16.67843,4,10.91934,-1.199608,78.7682,397
34.0476960013621, 16.6962,34.1466945013963, 18.8511,5,16.67844,4,10.63944,0.096099,75.658496,397
34.0623275008984, 17.5059,34.162803301122, 14.3551,5,16.67892,4,12.32473,-0.144994,75.512096,397
34.0797298015095, 14.5041,34.1793095017783, 17.9006,5,16.67767,4,9.828422,-0.954418,75.9466,397
34.0976418019272, 16.64,34.1968909013085, 18.403,5,16.67765,4,12.39771,-0.703238,76.696896,397
34.1145427026786, 18.5952,34.2134900013916, 14.247,5,16.67875,4,11.74871,-0.932568,78.088704,397
34.1295999023132, 17.4128,34.2294665011577, 17.5247,5,16.67916,4,17.5183,-0.75268,76.325696,397
34.1466945013963, 16.309,34.245621600654, 14.6631,5,16.67895,4,16.28289,-0.158773,77.865104,397
34.162803301122, 17.2113,34.2626549000852, 18.7556,5,16.67926,4,3.884218,-0.813879,75.3456,397
34.1793095017783, 14.5199,34.280279900413, 17.7476,5,16.67802,4,6.533938,0.520138,77.585504,397
34.1968909013085, 19.0124,34.2975157010369, 15.5995,5,16.67936,4,10.84857,-1.101399,80.0712,397
34.2134900013916, 16.1672,34.3127739005722, 16.7937,5,16.67907,4,10.78888,-0.00095,73.971696,397
34.2294665011577, 16.7056,34.3317521014251, 17.3966,5,16.67908,4,12.51217,-0.544244,76.6724,397
34.245621600654, 16.004,34.3473651013337, 15.5686,5,16.6787,4,10.66088,-0.063388,76.801296,397
34.2626549000852, 15.1627,34.3656763019972, 19.8459,5,16.67783,4,8.052962,-0.671908,77.412896,397
34.280279900413, 18.0358,34.3811146016233, 13.8221,5,16.6786,4,9.705099,-0.491537,74.630704,397
34.2975157010369, 17.2054,34.3980995020829, 18.8383,5,16.67891,4,12.67065,-0.365061,76.547904,397
34.3127739005722, 15.3973,34.4152399017476, 15.2572,5,16.67817,4,10.23744,0.237233,76.311696,397
34.3317521014251, 17.483,34.430719402153, 15.5327,5,16.67863,4,10.11889,-0.515588,74.7172,397
34.3473651013337, 17.5476,34.449340401683, 20.7377,5,16.67913,4,11.63431,0.12142,76.864096,397
34.482185900677, 134.3552,34.4986296002753, 51.2217,5,16.74595,4,12.23574,-0.064476,75.084096,397
34.482185900677, 0.7041,34.5147919007577, 12.1416,0,16.73685,4,10.32436,-0.294335,75.1842,397
34.482185900677, 1.8373,34.5147919007577, 6.1955,1,16.7284,4,12.06247,-1.048508,76.704,397
34.4986296002753, 3.1576,34.5317452014424, 13.0579,2,16.7207,4,11.66589,-0.958055,78.325104,397
34.4986296002753, 0.7278,34.5486332015134, 14.6473,2,16.71164,4,10.58568,0.204646,75.862,397
34.4986296002753, 1.6307,34.5658069015481, 17.1639,3,16.7031,4,9.679676,-0.39457,77.4176,397
34.4986296002753, 1.5403,34.5818507024087, 17.949,4,16.69452,4,11.89384,-0.724733,77.657104,397
34.4986296002753, 1.7602,34.5986346029676, 14.6147,5,16.68607,4,9.939708,0.580828,76.846896,397
34.4986296002753, 2.1592,34.5986346029676, 4.4258,6,16.67786,4,12.89326,-0.098506,77.6264,397
34.5147919007577, 17.1099,34.6154422038235, 14.2484,7,16.6781,4,12.71695,0.099662,79.034496,397
34.5317452014424, 17.0509,34.6317345038988, 14.5015,6,16.67831,4,10.33037,-0.423142,77.2626,397
34.5486332015134, 17.9196,34.6487518032081, 16.9924,6,16.67902,4,12.19153,-0.464363,76.639104,397
34.5658069015481, 17.2994,34.665766003076, 18.6883,6,16.67937,4,11.25787,0.847572,74.9204,397
34.5818507024087, 14.5033,34.6823232029565, 16.8142,6,16.67814,4,11.20701,-1.10247,76.111696,397
34.5986346029676, 18.8906,34.6987742022611, 16.8797,6,16.67938,4,10.29444,-0.521578,76.55,397
34.6154422038235, 16.1537,34.715118501801, 14.1978,5,16.67909,4,10.05644,-1.082183,77.525696,397
34.6317345038988, 17.1056,34.731761301402, 16.6039,5,16.67933,4,12.36076,0.083846,76.125104,397
34.6487518032081, 16.5174,34.7482988019474, 18.1406,5,16.67924,4,11.06763,-0.39972,76.498496,397
34.665766003076, 15.0077,34.7648362019099, 14.8697,5,16.6783,4,10.96507,-0.387171,76.247504,397
34.6823232029565, 16.7454,34.7814187020995, 16.6482,5,16.67834,4,6.574478,-0.798989,75.6826,397
34.6987742022611, 18.3862,34.7987059024163, 18.7188,5,16.67929,4,12.35898,-0.605746,74.002096,397
34.715118501801, 16.4371,34.815362802241, 17.3286,5,16.67916,4,11.63665,-1.184692,77.802896,397
34.731761301402, 17.0283,34.8318034023978, 14.1988,5,16.67936,4,11.62032,-0.55466,79.320704,397
34.7482988019474, 16.1619,34.8494245023467, 17.6295,5,16.67907,4,12.26277,-0.175672,75.453296,397
34.7648362019099, 17.4536,34.8658780031838, 18.0848,5,16.6795,4,11.04349,-0.708745,77.269504,397
34.7814187020995, 16.5538,34.8845520024188, 17.0325,5,16.67943,4,12.72745,-0.655543,76.7072,397
34.7987059024163, 13.1673,34.8983961022459, 13.8497,5,16.67746,4,12.39679,-0.402608,75.816096,397
34.815362802241, 19.297,34.9154300014488, 18.7738,5,16.67893,4,10.95316,0.13016,74.8306,397
34.8318034023978, 16.2556,34.9323811023496, 17.6826,5,16.67869,4,12.23277,-0.869054,77.357504,397
34.8494245023467, 17.0455,34.9496494024061, 15.0763,5,16.6789,4,10.41724,0.558552,79.2476,397
34.8658780031838, 14.3732,34.9657219029032, 17.9038,5,16.67761,4,10.78504,-0.654972,76.1042,397
34.8845520024188, 18.691,34.9820629036985, 15.9931,5,16.67873,3,12.36811,0.652026,77.115904,397
34.8983961022459, 16.9584,34.9988440028392, 15.0158,5,16.67889,2,12.27994,-0.421576,74.763,397
34.9154300014488, 14.2468,35.0153992022388, 18.3804,5,16.67753,1,9.941554,-0.789324,79.674096,397
34.9323811023496, 18.6979,35.0153992022388, 4.4488,5,16.67866,0,10.20265,-0.56584,76.922896,397
34.9496494024061, 16.4817,35.0333675029688, 11.7313,5,16.67855,7,9.683672,-0.38608,12.2609,397
34.9657219029032, 15.2592,35.0485889031552, 16.8094,5,16.67776,6,12.56607,-0.687719,29.6289,397
34.9820629036985, 18.1951,35.0644233035855, 14.2913,5,16.6786,6,11.16168,-0.608104,38.8714,397
34.9988440028392, 17.169,35.0833403035067, 19.0455,5,16.67888,6,10.81812,-0.630391,53.1346,397
35.0153992022388, 17.0827,35.0986309037544, 16.7496,5,16.6791,6,12.68734,-1.177856,69.1012,397
35.0333675029688, 17.1048,35.1165809039958, 16.5951,4,16.67934,6,12.12298,-0.669447,84.287296,397
35.0485889031552, 15.8912,35.1316537042148, 14.8517,4,16.6789,5,10.81332,-0.759319,99.302,397
35.0644233035855, 17.6006,35.1490976051427, 19.1308,4,16.67941,5,12.4177,-1.538347,96.007,397
35.0833403035067, 16.3286,35.1676579047926, 19.1011,4,16.67922,5,12.25409,0.168682,93.238096,397
35.0986309037544, 14.8678,35.1817800044082, 11.7578,4,16.67821,5,10.77436,-0.915091,93.7848,397
35.1165809039958, 19.0056,35.1986602037214, 18.8603,4,16.6795,5,10.97225,0.536788,94.264096,397
35.1316537042148, 16.5247,35.2153686038218, 16.9572,4,16.67941,5,12.20172,-0.623503,95.878496,397
35.1490976051427, 14.5889,35.2326709046029, 15.3391,4,16.67826,5,10.65125,-0.424192,92.621104,397
35.1676579047926, 16.9494,35.249254105147, 18.3409,4,16.67841,5,11.51292,-1.195831,94.233,397
35.1817800044082, 16.9152,35.2643569051288, 15.1531,4,16.67854,5,11.76369,-0.530475,94.810704,397
35.1986602037214, 15.0414,35.2827217052691, 16.5788,4,16.67764,5,11.40211,-0.662451,94.085504,397
35.2153686038218, 18.6722,35.2987864050083, 16.1523,4,16.67874,5,11.3464,0.609268,93.195696,397
35.2326709046029, 17.1128,35.3163166041486, 19.3524,4,16.67898,5,12.40079,0.438666,95.111696,397
35.249254105147, 14.8538,35.333730304148, 17.3398,4,16.67797,5,10.82763,0.262755,94.7126,397
35.2643569051288, 18.7924,35.3483239044435, 12.6926,4,16.67913,5,12.95837,0.39412,92.880096,397
35.2827217052691, 16.2692,35.3655569036491, 18.969,4,16.67891,5,10.69865,0.636203,91.5292,397
35.2987864050083, 16.7496,35.3843363043852, 16.8787,4,16.67895,5,10.67753,-0.025924,94.9052,397
35.3163166041486, 14.5968,35.399603204336, 15.2079,4,16.6778,5,11.07423,-0.35055,94.557104,397
35.333730304148, 18.8017,35.4156371052377, 16.0192,4,16.67897,5,11.31794,-0.950991,94.3596,397
35.3483239044435, 17.2142,35.4324206053279, 19.1309,4,16.67926,5,9.51338,-0.980378,93.4546,397
35.3655569036491, 14.326,35.4485759059899, 14.0906,4,16.67797,5,11.444,0.639608,92.843,397
35.3843363043852, 18.7662,35.465862905141, 17.1709,4,16.67912,5,11.27072,0.420844,94.478896,397
35.399603204336, 16.527,35.4824929046445, 18.673,4,16.67904,5,10.29025,0.122398,92.580096,397
35.4156371052377, 17.077,35.4996158047579, 15.2972,4,16.67925,5,10.51779,0.328908,93.653296,397
35.4324206053279, 16.1476,35.5157739049755, 16.2469,4,16.67896,5,12.85628,-0.715583,94.902096,397
35.4485759059899, 16.6431,35.5323543041013, 18.1633,4,16.67894,5,11.40319,-0.796075,92.257104,397
35.465862905141, 16.0722,35.5517279035412, 17.6931,4,16.67861,4,9.238956,1.156382,80.4942,397
35.4824929046445, 16.3818,35.5658374032937, 13.918,4,16.67845,4,11.1546,-0.368773,77.9764,397
35.4996158047579, 17.2507,35.5827403026633, 18.8056,4,16.67876,4,11.69239,-0.192136,74.6056,397
35.5157739049755, 16.7431,35.5994968018495, 16.9834,4,16.6788,4,9.695083,-0.76817,78.648304,397
35.5323543041013, 14.8017,35.615684801247, 13.9909,4,16.67777,4,12.56907,-0.160041,76.172096,397
35.5517279035412, 18.7426,35.6329934014939, 19.5234,4,16.6789,4,12.69592,-0.462155,75.8134,397
35.5658374032937, 16.3087,35.6502766008489, 17.7146,4,16.6787,4,9.435773,0.10375,74.980896,397
35.5827403026633, 14.6709,35.6657642009668, 12.8984,4,16.6776,4,12.15454,-0.787703,77.181104,397
35.5994968018495, 19.2728,35.6826525009237, 18.6624,4,16.67901,4,10.88387,0.039773,79.513904,397
35.615684801247, 16.8202,35.6995610012673, 15.0879,4,16.67909,4,12.47604,-0.716917,75.504,397
35.6329934014939, 14.6735,35.7154211006127, 15.8806,4,16.678,4,11.89515,0.09352,76.026496,397
35.6502766008489, 19.2457,35.7332409000956, 19.6683,4,16.6794,4,10.65465,-1.090674,75.998896,397
35.6657642009668, 16.0713,35.752049499657, 17.0461,4,16.67907,4,11.7285,0.075912,75.783904,397
35.6826525009237, 15.148,35.7655209996738, 13.7471,4,16.67823,4,11.11193,-0.806296,76.426096,397
35.6995610012673, 18.6608,35.782934800256, 19.0342,4,16.67931,4,9.566717,0.042191,77.3132,397
35.7154211006127, 16.6279,35.7988183000125, 16.3762,4,16.67928,4,12.53528,-1.029323,77.074496,397
35.7332409000956, 14.7441,35.8155530993827, 14.179,4,16.67823,4,11.77607,-0.644436,75.497904,397
35.752049499657, 18.6799,35.8324942984618, 16.9996,4,16.67932,4,11.68249,-0.307987,77.0828,397
35.7655209996738, 15.1497,35.8495938987471, 18.9493,4,16.67849,4,11.7487,-0.772571,77.708896,397
35.782934800256, 14.8544,35.8677703985013, 16.3722,4,16.6775,4,12.72631,0.136561,77.4274,397
35.7988183000125, 18.3843,35.8823102987371, 14.517,4,16.67843,4,9.688223,-0.347626,75.551,397
35.8155530993827, 17.047,35.8995138979517, 18.8628,4,16.67863,4,12.84904,0.893553,76.458496,397
35.8324942984618, 17.1438,35.9160180981271, 16.5811,4,16.67888,4,10.51259,-0.091705,77.678096,397
35.8495938987471, 16.2599,35.9332548989914, 15.3682,4,16.67865,4,10.35047,-0.572491,75.0046,397
35.8677703985013, 17.4766,35.9496380998753, 16.4918,4,16.67908,4,12.40334,0.28022,76.467904,397
35.8823102987371, 16.2677,35.966444300022, 18.7945,4,16.67886,4,9.927726,0.107728,77.692896,397
35.8995138979517, 14.4408,35.9827597006224, 16.3302,4,16.67765,4,12.07505,-0.050094,77.449904,397
35.9160180981271, 19.1699,36.0002204007469, 16.0263,4,16.679,4,9.580005,0.256143,76.419696,397
35.9332548989914, 16.0362,36.015705501195, 17.0474,4,16.67865,4,9.998991,-1.509884,76.701504,397
35.9496380998753, 17.0272,36.0325314006768, 14.6735,4,16.67884,4,12.41848,0.378838,77.227,397
35.966444300022, 13.9438,36.0496840006672, 18.8552,4,16.67736,4,9.758972,-0.184841,74.8344,397
35.9827597006224, 18.4889,36.0672116014175, 15.7368,4,16.67834,4,11.72219,0.15466,77.238896,397
36.1171597004868, 133.9476,36.1331686009653, 69.28529,4,16.74142,4,11.90726,-0.154368,78.4028,397
36.1171597004868, 1.8916,36.149452500511, 12.9484,0,16.73344,4,9.972484,0.107127,75.422896,397
36.1171597004868, 0.4429,36.149452500511, 6.7526,1,16.72468,4,13.31966,0.526261,76.633696,397
36.1171597004868, 2.1336,36.1656324998476, 11.3759,2,16.71685,4,11.32924,-0.460437,74.42,397
36.1331686009653, 1.8132,36.1836023000069, 16.0767,3,16.70885,4,10.61544,0.406352,76.518,397
36.1331686009653, 1.5556,36.1994067993946, 17.5219,3,16.70072,4,11.45337,-0.782562,76.3602,397
36.1331686009653, 1.4082,36.2158189998008, 16.5941,4,16.69252,4,11.89777,-0.352289,76.539104,397
36.1331686009653, 1.656,36.2323881001212, 16.7828,5,16.68446,4,10.31524,-0.832573,75.766096,397
36.1331686009653, 4.7113,36.2323881001212, 4.5982,6,16.67805,4,11.30694,-0.383557,74.074896,397
36.149452500511, 17.2175,36.2512401998974, 13.9232,7,16.67834,4,10.74465,0.771859,77.7236,397
36.1656324998476, 17.5919,36.2658576997928, 14.8223,6,16.67883,4,9.465362,-1.149025,76.921696,397
36.1836023000069, 16.1449,36.2846086989157, 16.6914,6,16.67854,4,12.70909,0.664691,72.471104,397
36.1994067993946, 14.5849,36.2995649990626, 15.0644,6,16.67742,4,10.60347,-0.772393,75.0212,397
36.2158189998008, 17.6459,36.3172775995918, 19.2592,6,16.67794,4,12.57836,0.192223,77.539296,397
36.2323881001212, 18.6958,36.3342734002508, 15.438,6,16.67901,4,10.21374,0.601539,76.530704,397
36.2512401998974, 14.0134,36.3499643993564, 15.6252,5,16.67759,4,10.87893,-0.454675,74.715504,397
36.2658576997928, 16.698,36.3672034000047, 17.2757,5,16.6776,4,12.80701,-0.384539,76.508896,397
36.2846086989157, 18.8868,36.3832628005184, 18.1611,5,16.67878,4,15.63159,0.42044,77.776,397
36.2995649990626, 16.9162,36.3995922007598, 16.0262,5,16.67891,4,17.06288,-0.452874,73.589104,397
36.3172775995918, 14.1614,36.4173588012345, 16.0774,5,16.67757,4,16.08786,-0.312377,76.6668,397
36.3342734002508, 19.0517,36.434240300674, 18.6524,5,16.67883,4,7.025875,-0.813396,77.639696,397
36.3499643993564, 17.2671,36.4497906002216, 15.434,5,16.67914,4,6.042139,-0.6162,77.5448,397
36.3672034000047, 16.324,36.4664470008574, 14.9722,5,16.67896,4,11.06846,-0.393849,74.875904,397
36.3832628005184, 13.8184,36.4835488009267, 17.1943,5,16.67743,4,11.45317,0.239131,76.677904,397
36.3995922007598, 18.2613,36.4996478999965, 17.9131,5,16.67828,4,12.45998,-0.316742,79.790304,397
36.4173588012345, 17.7865,36.5173707003705, 17.5884,5,16.67886,4,10.6214,-0.010063,74.0472,397
36.434240300674, 14.7826,36.5329532003962, 13.8773,5,16.67786,4,4.3248,-0.649266,74.8984,397
36.4497906002216, 18.7171,36.5496617997997, 18.1055,5,16.67894,4,10.41545,-0.799455,76.198304,397
36.4664470008574, 16.7991,36.5676112989895, 18.435,5,16.679,4,12.13607,-0.278124,78.2778,397
36.4835488009267, 16.3911,36.5842126994394, 14.4923,5,16.67885,4,11.41174,0.416584,76.475904,397
36.4996478999965, 15.3687,36.6005409001373, 16.4416,5,16.67816,4,10.40226,0.234462,75.528896,397
36.5173707003705, 18.4895,36.6180577999912, 19.7374,5,16.67912,4,9.573066,-0.444758,75.957,397
36.5329532003962, 17.1786,36.6328717996366, 14.5329,5,16.67938,4,12.48236,-0.667774,76.545696,397
36.5496617997997, 14.6854,36.6496349000372, 14.6556,5,16.67833,4,11.37732,-0.701728,75.4228,397
36.5676112989895, 18.3328,36.6496349000372, 6.5981,5,16.6792,4,10.08562,-0.096872,74.899,397
36.5842126994394, 15.6317,36.6670807995833, 13.1145,5,16.67865,4,11.49334,-0.828687,75.665104,397
36.6005409001373, 17.5857,36.6833024998195, 14.2147,5,16.67912,4,10.39686,-0.459229,77.7108,397
36.6180577999912, 14.8631,36.7004517992027, 18.9081,5,16.67817,4,9.966474,-0.434141,77.4526,397
36.6328717996366, 18.2689,36.7160504995845, 15.7903,5,16.67901,4,12.62963,0.106631,74.861296,397
36.6496349000372, 14.9253,36.7325916993432, 14.5658,5,16.67808,4,11.09447,-0.891459,76.209296,397
36.6670807995833, 18.9298,36.7506937994622, 18.1094,4,16.67927,4,9.939987,-0.483472,76.428496,397
36.6833024998195, 16.5202,36.7675833995454, 18.7078,4,16.67918,4,12.59003,-0.943368,79.7992,397
36.7004517992027, 14.7433,36.784568300005, 17.0758,4,16.67817,4,10.70344,-1.01928,75.727104,397
36.7160504995845, 19.1284,36.8015829003416, 15.1181,4,16.67945,4,10.38047,0.224862,74.180096,397
36.7325916993432, 15.8841,36.8163276002742, 16.4054,4,16.67904,4,11.64326,-0.049805,75.3202,397
36.7506937994622, 17.0064,36.8351319995709, 16.9786,4,16.67921,4,12.75477,-0.519108,77.4114,397
36.7675833995454, 14.8964,36.8498711991124, 14.7058,4,16.67827,4,10.60197,-0.029952,75.3008,397
36.784568300005, 17.7911,36.8664734992199, 18.4159,4,16.67886,4,10.63778,0.722899,73.65,397
36.8015829003416, 16.8644,36.8836304000579, 17.7435,4,16.67895,4,12.72844,-1.129058,75.429904,397
36.8163276002742, 14.744,36.9003795008175, 14.5059,4,16.67794,4,10.19991,-0.807815,78.5082,397
36.8351319995709, 18.7161,36.9175506005995, 17.1385,4,16.67901,3,9.639508,0.281628,73.81,397
36.8498711991124, 16.8241,36.9341501998715, 18.4094,4,16.67908,2,6.066952,-0.275729,76.389,397
36.8664734992199, 15.3985,36.9500492992811, 16.0248,4,16.67841,1,11.0277,-0.932386,75.6488,397
36.8836304000579, 18.1124,36.9698856989853, 17.8301,4,16.67916,0,10.76036,0.686857,77.682496,397
36.9003795008175, 16.472,36.9844659990631, 14.5948,4,16.67905,7,12.87652,-0.0189,11.6798,397
36.9175506005995, 16.9633,37.0002801991068, 17.8723,4,16.6792,6,12.39007,0.103643,27.4574,397
36.9341501998715, 14.7613,37.0173865999095, 15.9796,4,16.6782,6,9.270029,1.127365,34.4688,397
36.9500492992811, 16.7088,37.0323971998878, 14.0345,4,16.67822,6,11.60219,1.184912,52.2012,397
36.9698856989853, 17.6274,37.049813399557, 19.0898,4,16.67871,6,17.20674,-0.606783,67.183904,397
36.9844659990631, 16.7675,37.0694410991855, 17.9924,4,16.67876,6,15.6289,0.631296,80.172096,397
37.0002801991068, 14.8183,37.0838801995851, 14.5755,4,16.67779,5,16.37046,-0.097538,99.3636,397
37.0173865999095, 18.3238,37.0997033999301, 17.2925,4,16.67865,5,6.592935,0.233825,90.244704,397
37.0323971998878, 17.4541,37.1170537997968, 17.7364,4,16.67905,5,4.383388,-0.433852,92.7684,397
37.049813399557, 14.7139,37.1342110992409, 15.2399,4,16.67803,5,8.772883,-0.640164,95.592704,397
37.0694410991855, 18.4024,37.1503344983794, 16.0087,4,16.67892,5,10.2632,-0.754565,93.9822,397
37.0838801995851, 16.9526,37.167612597812, 19.3576,4,16.67907,5,11.02164,-0.743749,93.0832,397
37.0997033999301, 14.7131,37.1834172983654, 15.8762,4,16.67805,5,11.82187,-0.368436,94.070496,397
37.1170537997968, 18.3471,37.2007100977935, 15.3662,4,16.67891,5,4.853952,-0.855484,92.7956,397
37.1342110992409, 17.1432,37.2174522974528, 18.354,4,16.67915,5,10.58096,0.035056,93.704096,397
37.1503344983794, 16.6719,37.2336399969645, 14.4571,4,16.67915,5,12.55546,0.663162,93.935904,397
37.167612597812, 14.4412,37.2502841972746, 16.5394,4,16.67799,5,12.58505,-0.010032,93.212096,397
37.1834172983654, 19.1635,37.2675259974785, 19.005,4,16.67928,5,11.24544,-0.365767,93.6568,397
37.2007100977935, 16.9448,37.2843749974854, 17.1235,4,16.67941,5,12.29028,-0.366268,93.8802,397
37.2174522974528, 14.6482,37.3001051978208, 13.8756,4,16.67836,5,12.39324,-0.044143,89.191,397
37.2336399969645, 18.9811,37.3175103985704, 17.2892,4,16.67955,5,10.05254,-0.628266,90.1306,397
37.2502841972746, 16.1842,37.3353556976654, 19.8326,4,16.6793,5,11.02743,0.349902,92.863504,397
37.2675259974785, 15.4698,37.3500248980708, 14.6678,4,16.67867,5,11.65837,-1.135134,92.5634,397
37.2843749974854, 18.5384,37.3663036976941, 14.1841,4,16.67963,5,10.04517,-0.698125,92.852304,397
37.3001051978208, 16.5054,37.3835017983802, 18.9579,4,16.67954,5,9.996343,-1.279271,92.816,397
37.3175103985704, 15.7718,37.4013995979913, 18.2901,4,16.67908,5,11.95217,-0.017663,93.070704,397
37.3353556976654, 15.1416,37.4175012973137, 14.1326,4,16.67828,5,10.3833,-0.578708,91.281696,397
37.3500248980708, 18.7615,37.4345020973124, 16.9456,4,16.67936,5,11.46683,-0.456844,93.9958,397
37.3663036976941, 16.8159,37.4513209969737, 18.6092,4,16.67943,5,12.70642,-0.135729,93.556496,397
37.3835017983802, 14.6856,37.4671697975136, 15.9532,4,16.6784,5,10.85237,0.922649,92.4194,397
37.4013995979913, 19.1767,37.4840089981444, 14.9886,4,16.67969,5,12.99916,-0.598854,91.402304,397
37.4175012973137, 15.7842,37.5009022974409, 18.8615,4,16.67923,5,10.54001,-0.19976,81.546304,397
37.4345020973124, 16.6677,37.5185447973199, 17.6405,4,16.67922,4,12.40504,-0.874843,73.808096,397
37.4513209969737, 14.7527,37.5351298977621, 14.6578,4,16.67823,4,12.25543,-0.19207,78.557296,397
37.4671697975136, 17.8488,37.5504148979671, 15.1787,4,16.67883,4,10.04325,-1.084525,77.305104,397
37.4840089981444, 17.2897,37.567607997451, 19.0917,4,16.67914,4,8.923254,0.185361,76.2206,397
37.5009022974409, 14.5038,37.5851509966888, 17.6159,4,16.67803,4,12.04876,-0.501531,77.675,397
37.5185447973199, 19.2308,37.6005866969936, 13.4871,4,16.67934,4,11.78644,-1.511386,77.679296,397
37.5351298977621, 16.8056,37.6182296979241, 17.6565,4,16.6794,4,6.65997,-1.059515,77.512,397
37.5504148979671, 15.8752,37.6337196980603, 17.1753,4,16.67899,4,11.88953,0.933494,76.358,397
37.567607997451, 15.2902,37.6506762974896, 17.3697,4,16.67828,4,11.00954,-0.411493,77.217296,397
37.5851509966888, 18.4144,37.6693712980486, 16.6204,4,16.67917,4,11.56503,-1.023446,77.585296,397
37.6005866969936, 16.8271,37.6853273981251, 15.8708,4,16.67924,4,10.78309,0.77842,78.1238,397
37.6182296979241, 16.4105,37.7020547972061, 16.8386,4,16.67911,4,11.53862,0.535707,77.6976,397
37.6337196980603, 15.2957,37.7163294968195, 15.8843,4,16.6784,4,12.80721,-1.078354,76.9466,397
37.6506762974896, 16.7847,37.7338034962304, 15.6614,4,16.67845,4,10.91099,-0.776954,77.905104,397
37.6693712980486, 17.1981,37.7504522954114, 16.6738,4,16.67872,4,10.50735,-0.498689,74.3654,397
37.6853273981251, 16.5643,37.7677645948716, 17.3295,4,16.67866,4,12.80788,-0.054448,76.334896,397
37.7020547972061, 16.5695,37.7844548956491, 18.6158,4,16.6786,4,11.04479,-0.55706,79.0312,397
37.7163294968195, 16.6521,37.8007534951903, 16.3935,4,16.67859,4,9.384354,-0.658668,75.982896,397
37.7338034962304, 17.2875,37.8174221948721, 14.6952,4,16.6789,4,10.71865,-0.9385,74.218496,397
37.7504522954114, 16.0865,37.8348491941579, 17.4337,4,16.6786,4,12.26119,-0.74011,75.6298,397
37.7677645948716, 17.3604,37.8507422939874, 17.5794,4,16.67895,4,11.08285,-0.309577,76.7836,397
37.7844548956491, 14.9464,37.8685594932176, 18.3169,4,16.67806,4,9.74296,0.244658,73.336496,397
37.8007534951903, 18.5422,37.8850972936489, 14.4702,4,16.67901,4,12.26937,0.177296,75.241904,397
37.8174221948721, 17.046,37.9006700939499, 15.4979,4,16.6792,4,10.9625,-0.704333,77.462304,397
37.8348491941579, 17.3425,37.9174690931104, 18.4933,4,16.67954,4,10.72531,-0.941862,76.266704,397
37.8507422939874, 14.8337,37.9342319923453, 16.9144,4,16.6786,4,12.60808,0.089309,76.4052,397
37.8685594932176, 17.9578,37.9518272927962, 15.8462,4,16.67925,4,10.32984,0.16398,77.987,397
37.8850972936489, 17.0221,37.9674422931857, 15.3708,4,16.67942,4,10.4394,-1.162649,79.226096,397
37.9006700939499, 16.65,37.9839786929078, 18.4297,4,16.67941,4,11.70823,-0.596878,74.097904,397
37.9174690931104, 14.5403,38.0012069926597, 17.6182,4,16.67832,4,10.47396,-0.765007,76.890704,397
37.9342319923453, 19.1577,38.0177762922831, 14.4593,4,16.67958,4,11.09159,-0.075936,77.756304,397
37.9518272927962, 16.8301,38.0353427925147, 19.409,4,16.67966,4,11.44402,-0.780223,80.269104,397
37.9674422931857, 14.8011,38.0512474928983, 14.0599,4,16.6787,4,11.57475,-0.827363,77.495296,397
37.9839786929078, 14.8962,38.0678947926499, 16.9301,4,16.6778,4,17.51698,0.480566,78.946304,397
38.1176449921913, 136.4746,38.1357009918429, 70.4951,4,16.73834,4,16.95591,0.687495,79.8556,397
38.1176449921913, 2.214,38.1517989919521, 15.232,0,16.731,4,17.17664,-0.014721,75.6396,397
38.1176449921913, 1.7992,38.1517989919521, 4.5545,1,16.72346,4,8.629123,0.058421,79.6504,397
38.1357009918429, 1.9004,38.1673356923275, 8.8904,2,16.71598,4,6.810163,-0.002819,77.917296,397
38.1357009918429, 1.4257,38.1846630922519, 19.1572,2,16.70827,4,11.29263,-0.636189,76.3514,397
38.1357009918429, 1.7806,38.2014197926037, 16.7639,3,16.70075,4,9.251205,0.251743,76.632704,397
38.1357009918429, 1.1511,38.21743309265, 14.1376,4,16.69292,4,11.04432,-0.574508,77.452704,397
38.1357009918429, 0.5097,38.2348648919724, 17.6387,5,16.68477,4,8.341479,-0.861202,77.184,397
38.1357009918429, 4.2892,38.2348648919724, 6.351,6,16.67853,4,5.449219,0.013309,74.346704,397
38.1517989919521, 18.8731,38.2512090927921, 9.7551,7,16.67963,4,10.38749,-0.70206,76.9682,397
38.1673356923275, 14.8236,38.2685545920394, 17.347,6,16.6787,4,10.43646,-1.018798,77.440304,397
38.1846630922519, 15.1806,38.2847957923077, 18.0051,6,16.67795,4,11.57221,-0.6027,77.7442,397
38.2014197926037, 18.7609,38.3012972916476, 17.1498,6,16.67899,4,12.37,-0.015138,78.706496,397
38.21743309265, 17.0012,38.3178710914217, 16.1012,6,16.67916,4,11.32599,0.089224,75.21,397
38.2348648919724, 15.5161,38.3362707919441, 16.5037,6,16.67857,4,11.56606,-0.532114,73.869904,397
38.2512090927921, 17.3911,38.3509730915539, 16.1162,5,16.67893,4,12.4648,1.175848,78.040896,397
38.2685545920394, 16.8904,38.3683721921407, 17.7986,5,16.67904,4,11.5349,0.72221,77.641696,397
38.2847957923077, 14.8745,38.3852745923214, 15.1064,5,16.67813,4,10.39804,0.717072,75.7146,397
38.3012972916476, 17.0883,38.401495791506, 16.3642,5,16.67834,4,11.81428,-0.224766,74.006,397
38.3178710914217, 18.2619,38.418464391958, 18.706,5,16.67913,4,7.793714,-0.628704,74.3774,397
38.3362707919441, 16.4726,38.4347349922173, 16.6955,5,16.67903,4,12.30595,-0.682929,76.766096,397
38.3509730915539, 18.4979,38.4507128926925, 13.8085,5,16.67994,4,8.66529,-0.507419,74.9024,397
38.3683721921407, 15.6844,38.4673219933175, 16.6298,5,16.67944,4,11.06963,0.006176,74.4922,397
38.3852745923214, 16.3722,38.4852060931735, 19.0985,5,16.67929,4,15.57387,-0.703414,74.120896,397
38.401495791506, 17.0431,38.5032216939144, 16.7424,5,16.67947,4,16.5069,0.518244,75.183296,397
38.418464391958, 15.016,38.5186671935953, 15.3051,5,16.67864,4,9.100129,-0.232295,74.6966,397
38.4347349922173, 17.2186,38.5358306937851, 17.1816,5,16.67891,4,6.082419,1.180215,77.544096,397
38.4507128926925, 17.926,38.5520439934917, 18.1807,5,16.67953,4,10.30592,0.983333,75.5518,397
38.4673219933175, 17.0116,38.5692557939328, 15.2221,5,16.67969,4,11.73761,-1.002677,76.271296,397
38.4852060931735, 13.9592,38.5859892931767, 16.6729,5,16.67834,4,11.22706,0.114088,75.529104,397
38.5032216939144, 18.7737,38.6023301933892, 18.3354,5,16.67938,4,11.2887,-0.45445,77.1444,397
38.5186671935953, 17.3198,38.6182698928751, 16.1811,5,16.6797,4,5.733685,-1.103131,77.5042,397
38.5358306937851, 16.4373,38.6357294921763, 15.4196,5,16.67958,4,10.57827,-0.578018,75.341504,397
38.5520439934917, 14.7927,38.651376592461, 15.5341,5,16.67864,4,10.77808,-0.356347,74.458896,397
38.5692557939328, 18.1983,38.651376592461, 7.6006,5,16.6794,4,11.43271,0.612725,76.2248,397
38.5859892931767, 17.2784,38.6682685916312, 9.5395,5,16.67969,4,9.57635,-0.507865,78.4794,397
38.6023301933892, 14.2292,38.6855334923603, 18.9783,5,16.67848,4,12.45863,-0.603819,75.016,397
38.6182698928751, 17.1982,38.7034027916379, 15.9457,5,16.67874,4,11.39212,-0.909103,75.760096,397
38.6357294921763, 16.4662,38.7187590920366, 15.3812,5,16.67863,4,12.44595,-0.257887,78.0836,397
38.651376592461, 16.3403,38.7348072924651, 17.8103,5,16.67846,4,10.17657,-0.649071,78.486704,397
38.6682685916312, 17.2913,38.7515996922739, 17.2795,4,16.67877,4,8.932465,-0.061855,76.523104,397
38.6855334923603, 14.6108,38.7684028916992, 14.4433,4,16.67774,4,12.20032,-0.710839,74.088704,397
38.7034027916379, 18.4672,38.7856647917069, 17.3125,4,16.67863,4,10.6377,0.011777,75.1018,397
38.7187590920366, 16.6978,38.8013491914608, 17.5564,4,16.67864,4,12.42979,0.178593,81.112704,397
38.7348072924651, 14.9147,38.8183263917454, 15.2829,4,16.67776,4,9.972871,0.655809,77.2962,397
38.7515996922739, 16.4692,38.8354793922044, 17.0072,4,16.67766,4,12.41916,0.749313,74.9816,397
38.7684028916992, 18.5892,38.8520989925601, 18.1625,4,16.67861,4,11.88964,-0.167169,75.702096,397
38.7856647917069, 17.7288,38.8684556917287, 16.9784,4,16.67912,4,10.62762,0.250471,76.5018,397
38.8013491914608, 16.0887,38.8874142919667, 17.0461,4,16.67883,4,16.27711,-0.570881,78.4304,397
38.8183263917454, 17.5985,38.9015807923861, 14.0586,4,16.67929,4,16.11149,-1.508425,76.0236,397
38.8354793922044, 16.738,38.9186559920199, 18.7068,4,16.67932,4,7.869887,-0.978221,78.017104,397
38.8520989925601, 14.7441,38.9359765914269, 17.4404,4,16.67836,4,2.477269,-0.66418,76.493504,397
38.8684556917287, 16.9235,38.9516648915596, 13.8746,4,16.67848,4,10.42723,-0.400459,79.7354,397
38.8874142919667, 18.3354,38.9684269917198, 16.5714,4,16.6793,4,11.51288,1.106515,74.258896,397
38.9015807923861, 17.8763,38.985665992368, 19.2872,4,16.67989,4,10.84103,-0.896216,74.7788,397
38.9186559920199, 14.4569,39.0014879931696, 15.6104,4,16.67879,4,11.71082,-0.160157,78.334,397
38.9359765914269, 18.4787,39.0184405934997, 15.0312,4,16.67968,4,10.38338,1.016527,76.8756,397
38.9516648915596, 16.0703,39.0346554932185, 17.9746,4,16.67938,4,6.325459,-0.907242,74.9666,397
38.9684269917198, 17.0328,39.0532807935961, 19.2534,4,16.67955,4,12.01668,-0.400389,75.209904,397
38.985665992368, 14.242,39.0684967939742, 13.0469,4,16.67836,4,8.948416,0.046966,76.985904,397
39.0014879931696, 17.2613,39.085628893692, 17.3992,4,16.67864,4,12.73626,-0.474899,77.5184,397
39.0184405934997, 16.7245,39.1022511930205, 18.3082,4,16.67867,4,10.24277,-0.742753,77.682304,397
39.0346554932185, 14.7082,39.1184293930419, 15.9449,4,16.6777,4,8.980042,0.189089,76.225,397
39.0532807935961, 20.6018,39.1357659925707, 15.4734,4,16.67962,4,10.48289,0.103765,75.5714,397
39.0684967939742, 14.8851,39.1516272933222, 17.677,4,16.67874,4,12.14143,-0.531192,78.5508,397
39.085628893692, 16.5193,39.1688601938076, 17.3846,4,16.67867,4,9.965299,-1.102157,76.2772,397
39.1022511930205, 14.7291,39.1863258932717, 17.2416,4,16.67771,4,12.29325,-0.737637,72.9264,397
39.1184293930419, 17.8305,39.2013784931041, 15.0565,4,16.67827,4,11.07031,0.152668,76.647104,397
39.1357659925707, 17.285,39.2197277923115, 18.7384,4,16.67857,4,9.341335,0.703137,75.751,397
39.1516272933222, 14.5911,39.237390991766, 15.4973,4,16.67755,4,11.78339,-0.706768,76.407504,397
39.1688601938076, 17.1421,39.2522472920828, 14.9129,4,16.67778,4,10.93316,-0.220673,73.528096,397
39.1863258932717, 16.5002,39.268952192273, 18.4991,4,16.67769,4,12.95994,-1.314348,77.5956,397
39.2013784931041, 16.641,39.285669292789, 14.9073,4,16.67767,4,10.87963,0.355919,78.8376,397
39.2197277923115, 18.6212,39.3026293921284, 17.0542,4,16.67862,4,9.807463,-0.930208,80.749104,397
39.237390991766, 16.6073,39.3196730925702, 16.8886,4,16.67859,4,10.89277,-0.608335,75.568496,397
39.2522472920828, 17.3758,39.3358027930371, 18.1964,4,16.67893,4,10.77497,-0.162362,76.9904,397
39.268952192273, 16.2491,39.3515403936617, 15.9791,4,16.67872,4,11.90115,-1.353289,77.872096,397
39.285669292789, 17.6989,39.3685156940483, 14.8606,4,16.67921,4,13.00508,0.552284,79.416896,397
39.3026293921284, 15.1661,39.3864105935208, 17.788,4,16.67848,4,9.835808,-0.056043,80.4142,397
39.3196730925702, 17.6857,39.4029458942823, 18.157,4,16.67897,4,12.69613,0.07543,75.8998,397
39.3358027930371, 15.5174,39.4187243948691, 15.8206,4,16.6784,4,10.53676,-0.100197,74.4526,397
39.3515403936617, 18.0309,39.4373107957654, 19.0002,4,16.67906,4,11.95989,-0.636017,74.870096,397
39.3685156940483, 17.0571,39.453025195282, 13.5524,4,16.67924,4,13.10702,-0.437778,79.378496,397
39.3864105935208, 16.8503,39.4684471949004, 15.5095,4,16.67933,4,9.043543,-0.171883,78.341,397
39.4029458942823, 14.6877,39.4855510941707, 18.8587,4,16.67836,4,16.33667,0.282702,75.746896,397
39.4187243948691, 16.493,39.5017212941311, 16.093,4,16.67827,4,16.2107,-0.352314,75.6668,397
39.4373107957654, 18.2828,39.5198984942399, 16.3554,4,16.67905,3,7.857417,-0.22238,66.1286,397
39.453025195282, 17.2711,39.5354086938314, 15.5622,4,16.67933,3,6.225078,-0.087719,60.6581,397
39.4684471949004, 16.5107,39.5521524935029, 16.8816,4,16.67925,3,9.844183,-0.474304,57.6732,397
39.4855510941707, 15.6415,39.5687476932071, 18.0298,4,16.67875,3,11.8838,-0.098093,57.846,397
39.5017212941311, 17.8459,39.586321992334, 15.9815,4,16.67932,3,11.36961,0.200378,61.1043,397
39.5198984942399, 16.5119,39.6024346924387, 16.1014,4,16.67923,3,10.12378,0.03484,60.5965,397
39.5354086938314, 16.2737,39.6183453924023, 15.9018,4,16.67904,3,7.765519,-0.186159,59.2695,397
39.5521524935029, 17.4067,39.6366118933074, 18.4687,4,16.67939,3,10.1972,-0.492096,58.4968,397
39.5687476932071, 16.3284,39.6524433935992, 15.8415,4,16.67922,3,12.37969,-0.490591,59.8187,397
39.586321992334, 15.9127,39.6695498931222, 18.7591,4,16.67885,3,12.06602,-0.683751,61.7407,397
39.6024346924387, 16.4456,39.6856048922054, 14.453,4,16.67874,3,10.05336,-0.855206,60.668,397
39.6183453924023, 16.1019,39.702590291854, 16.8216,4,16.67846,3,9.914259,-0.954771,60.4738,397
39.6366118933074, 17.7994,39.7197835925035, 17.0561,4,16.679,3,9.714196,-0.31677,58.4053,397
39.6524433935992, 16.3157,39.735680393409, 17.9307,4,16.67883,3,12.20299,-0.383799,60.6218,397
39.6695498931222, 16.6688,39.7528334925883, 17.0285,4,16.67882,3,12.27945,-0.569762,61.5044,397
39.6856048922054, 17.0944,39.7695594928227, 14.9332,4,16.67902,3,10.81161,0.349209,60.8597,397
39.702590291854, 16.9581,39.7857049922459, 16.073,4,16.67915,3,12.62877,0.187417,58.4428,397
39.7197835925035, 16.7653,39.8023554920219, 18.5316,4,16.6792,3,12.65917,0.36412,58.5391,397
39.735680393409, 14.8881,39.8193836915307, 17.1432,4,16.67834,3,10.6176,-0.689989,57.7634,397
39.7528334925883, 18.271,39.8361317920499, 14.8054,4,16.6791,3,9.966562,-0.332522,59.7272,397
39.7695594928227, 16.7568,39.8535865913145, 17.5002,4,16.67914,3,12.45519,-0.113411,58.0148,397
39.7857049922459, 16.192,39.8700112919323, 18.5155,4,16.6789,3,11.49838,0.516956,55.807,397
39.8023554920219, 15.3608,39.8855308922939, 15.7625,4,16.67827,3,10.09358,-0.080403,57.0844,397
39.8193836915307, 19.0292,39.9048907919787, 17.0665,4,16.6794,3,9.744689,-0.415752,61.1409,397
39.8361317920499, 16.2923,39.9182788920589, 13.8569,4,16.67921,3,12.57342,-0.335711,61.438,397
39.8535865913145, 15.6642,39.9354580924846, 16.6774,4,16.67873,3,10.47411,-0.428614,57.7234,397
39.8700112919323, 14.6391,39.9539579921402, 20.6497,4,16.67775,3,9.466244,0.84921,58.4093,397
39.8855308922939, 16.6366,39.9688655924983, 12.8204,4,16.67773,3,11.0745,-0.61549,56.7266,397
39.9048907919787, 19.1562,39.9858962916769, 16.8399,4,16.67892,3,9.845452,-1.466627,60.3738,397
39.9182788920589, 16.8213,40.0034228921868, 17.5419,4,16.67898,3,10.53371,0.762674,59.9831,397
39.9354580924846, 16.6848,40.0189121919684, 17.4837,4,16.67899,3,12.19791,-0.610836,61.2565,397
39.9539579921402, 15.4689,40.036441592034, 17.3974,4,16.67841,3,6.04309,-1.188052,58.2515,397
39.9688655924983, 18.1459,40.0539079918526, 15.7404,4,16.67911,3,10.99839,-0.973364,59.4614,397
39.9858962916769, 16.0045,40.0700748912059, 17.9953,4,16.67879,3,10.86293,-0.162065,63.451,397
40.0034228921868, 16.9136,40.0855452916585, 15.3906,4,16.6789,3,13.25503,1.74302,60.8044,397
40.0189121919684, 14.7606,40.103164892178, 18.0102,4,16.67799,3,10.89024,-0.885539,60.8935,397
40.036441592034, 18.383,40.118415792007, 12.8975,4,16.6788,3,10.81695,-0.659348,57.712,397
40.0539079918526, 16.7649,40.1355721917935, 17.2847,4,16.67884,3,10.90276,-0.645488,61.7727,397
40.0700748912059, 15.1511,40.1524541922845, 18.7059,4,16.67811,3,12.73386,-0.039524,62.5886,397
40.0855452916585, 17.2389,40.1698610917665, 15.7802,4,16.67838,3,10.27698,-0.082861,60.6748,397
40.103164892178, 17.9169,40.1860287920572, 16.0072,4,16.67897,3,7.852439,-1.700137,57.22,397
40.118415792007, 16.7008,40.2029578913935, 16.9439,4,16.67898,3,12.76235,0.000993,58.1124,397
40.1355721917935, 17.1472,40.2199835912324, 18.9216,4,16.6792,3,10.59379,-0.606042,58.0426,397
40.1524541922845, 15.7352,40.2359988917597, 16.2675,4,16.67875,3,10.31482,0.245949,59.3624,397
40.1698610917665, 16.4973,40.2548425910063, 16.6609,4,16.67867,3,11.65886,0.960101,58.8665,397
40.1860287920572, 16.9103,40.2702248911373, 15.453,4,16.67878,3,9.992937,-1.165702,59.3168,397
40.2029578913935, 16.4492,40.2860589916818, 15.7948,4,16.67867,3,11.51811,-0.551372,57.7007,397
40.2199835912324, 15.3972,40.3028730913065, 18.3767,4,16.67806,3,11.62324,-0.219936,58.7239,397
40.2359988917597, 17.9973,40.3202544911765, 15.7238,4,16.67868,3,12.14905,0.131692,60.7003,397
40.2548425910063, 18.3902,40.3353272913955, 15.0385,4,16.67949,3,9.471299,-0.478326,61.4538,397
40.2702248911373, 16.8952,40.3541678912006, 20.6162,4,16.6796,3,8.810802,-0.485761,57.6406,397
40.2860589916818, 17.3645,40.370086691808, 16.4671,4,16.67992,3,12.80327,-0.944514,58.1772,397
40.3028730913065, 15.8471,40.3859776924364, 16.5045,4,16.67953,3,10.50824,-0.325176,60.4601,397
40.3202544911765, 16.8552,40.402770192828, 13.9782,4,16.67961,3,10.31431,-0.385418,60.6807,397
40.3353272913955, 14.7157,40.4195625926368, 18.7798,4,16.67868,3,11.78613,0.079572,59.7342,397
40.3541678912006, 15.1905,40.4362572929822, 16.4316,4,16.67798,3,12.44636,-0.413976,61.1219,397
40.370086691808, 16.6998,40.4547692923807, 18.6117,4,16.67799,3,9.984714,-0.550336,57.9987,397
40.3859776924364, 18.9202,40.4702862924896, 13.7383,4,16.67905,3,12.58308,0.317368,61.7951,397
40.402770192828, 15.7751,40.4876730921678, 17.1964,4,16.67862,3,12.09172,-0.442602,62.2759,397
40.4195625926368, 15.1837,40.5036827917211, 16.0661,4,16.67792,3,10.08973,-0.221999,57.792,397
40.4362572929822, 16.29,40.5198645922355, 17.8334,4,16.67773,3,11.47838,-0.156195,57.5086,397
40.4547692923807, 17.1359,40.5376393920742, 18.1335,4,16.67795,3,11.90924,-0.667796,60.8646,397
40.4702862924896, 18.5722,40.5535840927623, 14.0568,4,16.67884,3,10.42273,-0.019811,61.0433,397
40.4876730921678, 17.1592,40.5693892925046, 15.7119,4,16.67907,2,9.412102,0.544097,59.1588,397
40.5036827917211, 16.1813,40.585981992539, 16.5987,4,16.67883,1,12.1751,-0.617403,61.0452,397
40.5198645922355, 14.5386,40.6032916917466, 19.0476,4,16.67783,0,10.04399,-0.4018,58.1059,397
40.5376393920742, 18.704,40.6208002916537, 17.6653,4,16.67878,7,9.739496,-0.132466,12.9452,397
40.5535840927623, 17.2632,40.6373210917227, 14.6686,4,16.67905,6,12.43151,-0.98,28.8713,397
40.5693892925046, 16.8749,40.6540695908479, 16.7941,4,16.67915,6,9.581603,0.164089,35.9738,397
40.585981992539, 16.6397,40.6693855910562, 15.1954,4,16.67913,6,8.539903,0.430106,51.182,397
40.6032916917466, 14.8672,40.6693855910562, 6.7733,4,16.67828,6,12.3326,-0.925627,65.8772,397
40.6208002916537, 18.7199,40.687586191576, 13.2484,4,16.67923,6,10.34777,-0.221446,82.235504,397
40.6373210917227, 16.6651,40.7030869913287, 13.679,4,16.67923,5,11.9398,-1.140136,98.293296,397
40.6540695908479, 16.6638,40.7199327913113, 16.8365,4,16.67922,5,12.74001,-0.893738,91.4872,397
40.6693855910562, 15.1056,40.7364357919432, 18.3645,4,16.67848,5,9.746094,-0.653364,92.831504,397
40.687586191576, 19.0729,40.7547644921578, 18.5645,3,16.6796,5,9.358927,-0.225289,94.0908,397
40.7030869913287, 16.5701,40.7697629923932, 15.2424,3,16.67955,5,12.31655,1.277234,93.112096,397
40.7199327913113, 15.1099,40.7864267933182, 14.3368,3,16.67882,5,9.958236,-0.859216,93.655,397
40.7364357919432, 15.6435,40.8032074938528, 16.9659,3,16.67834,5,10.26044,-0.335297,94.575296,397
40.7547644921578, 16.9357,40.8203877932392, 18.8572,3,16.67846,5,12.76466,-0.504756,95.8844,397
40.7697629923932, 18.6217,40.8377311932854, 17.5482,3,16.67936,5,12.44299,0.090093,94.642896,397
40.7864267933182, 16.4287,40.8537072925828, 16.2342,3,16.67924,5,10.16747,-0.272503,92.46,397
40.8032074938528, 16.6338,40.8705617929809, 14.5647,3,16.67922,5,10.47922,-0.146652,93.179104,397
40.8203877932392, 14.8312,40.8875919929706, 17.0469,3,16.67836,5,12.643,-0.514489,94.426,397
40.8377311932854, 17.2376,40.9038179921918, 18.1206,3,16.67862,5,10.45366,0.258447,96.1452,397
40.8537072925828, 16.9179,40.9201173926704, 16.2723,3,16.67874,5,10.55181,-0.977892,96.703,397
40.8705617929809, 17.126,40.9367001927458, 14.7079,3,16.67894,5,11.8685,-0.796831,94.1622,397
40.8875919929706, 17.3473,40.9542056932114, 17.4441,3,16.67925,5,12.07905,-0.29897,92.3818,397
40.9038179921918, 15.9895,40.9694933933206, 15.2259,3,16.67893,5,9.959189,0.532391,91.6556,397
40.9201173926704, 18.9182,40.9886471931823, 20.8689,3,16.67997,5,10.30665,-0.933348,96.316096,397
40.9367001927458, 16.4941,41.0031710932963, 14.7811,3,16.67989,5,10.95789,-0.414087,95.073504,397
40.9542056932114, 17.0312,41.0197524926625, 14.8229,3,16.68005,5,10.58953,0.476474,95.6164,397
40.9694933933206, 16.4752,41.0375644932501, 17.7526,3,16.67995,5,12.59937,-0.271865,90.8762,397
40.9886471931823, 13.9152,41.0552491932176, 17.9717,3,16.67867,5,10.41951,-0.611725,91.649904,397
41.0031710932963, 18.2762,41.0722512933426, 18.5726,3,16.67941,5,11.36475,-1.127072,92.516304,397
41.0197524926625, 16.9598,41.0874398932792, 13.2445,3,16.67954,5,17.28099,0.183092,94.483504,397
41.0375644932501, 16.2517,41.1039403923787, 16.9377,3,16.67934,5,16.77763,-0.691933,95.346496,397
41.0552491932176, 17.0206,41.1195706916042, 15.3369,3,16.6795,4,15.90427,-0.963972,79.9684,397
41.0722512933426, 16.4376,41.1378293917514, 20.0852,3,16.67939,4,8.800225,-1.080792,77.226496,397
41.0874398932792, 17.1783,41.1543719922192, 16.786,3,16.67962,4,5.774172,1.02917,77.6768,397
41.1039403923787, 16.0802,41.1719910916872, 17.3642,3,16.67934,4,11.07931,-0.963045,77.16,397
41.1195706916042, 16.6547,41.1875318917446, 13.6392,3,16.67933,4,11.68593,-0.527138,75.562704,397
41.1378293917514, 15.1925,41.2036652914248, 16.402,3,16.67865,4,10.83867,-0.613641,76.815,397
41.1543719922192, 16.6575,41.2223300910555, 20.6473,3,16.67864,4,10.92019,0.453578,76.675,397
41.1719910916872, 17.9454,41.2378662913106, 15.2987,3,16.67922,4,6.21713,-1.08583,78.7956,397
41.1875318917446, 16.1479,41.2537434916012, 16.2366,3,16.67898,4,8.976145,-0.249397,77.0114,397
41.2036652914248, 16.3431,41.2693162919022, 13.1608,3,16.67882,4,10.82874,0.306872,75.649696,397
41.2223300910555, 14.4299,41.2876394917257, 18.4892,3,16.67779,4,10.82214,-0.318671,74.3722,397
41.2378662913106, 17.3134,41.3042044923641, 18.1298,3,16.67808,4,12.40472,-0.660126,76.8954,397
41.2537434916012, 18.9757,41.321075192187, 17.0687,3,16.67914,4,9.85153,0.420639,79.2186,397
41.2693162919022, 16.9099,41.3363223918714, 13.4469,3,16.67924,4,11.0978,0.627363,78.116704,397
41.2876394917257, 16.8413,41.3542480920441, 17.7332,3,16.67932,4,12.14903,-0.495701,73.993104,397
41.3042044923641, 15.2056,41.3693947917782, 15.1364,3,16.67864,4,11.55217,-0.519159,76.395,397
41.321075192187, 18.1426,41.3873147922568, 19.4615,3,16.67931,4,10.06203,-0.061098,76.0306,397
41.3363223918714, 17.5981,41.4035897920839, 17.1024,3,16.67973,4,10.72056,-0.685401,81.0758,397
41.3542480920441, 16.3112,41.4225389915518, 16.7611,3,16.67957,4,11.32294,0.354448,77.4254,397
41.3693947917782, 16.6048,41.4376248917542, 15.0192,3,16.67953,4,9.346601,-0.880709,76.0934,397
41.3873147922568, 14.9916,41.4534398908727, 15.9826,3,16.67876,4,10.59186,-0.708624,78.196,397
41.4035897920839, 16.8035,41.4704132913612, 18.7801,3,16.67881,4,12.2998,0.513897,75.4494,397
41.4225389915518, 16.5833,41.4875326915644, 17.3366,3,16.67877,4,11.7836,0.452271,77.3694,397
41.4376248917542, 17.4062,41.5034054922871, 13.5911,3,16.6791,4,10.54665,0.080271,78.525296,397
41.4534398908727, 16.5988,41.5203575915657, 17.1348,3,16.67907,4,9.639509,0.872725,78.3534,397
41.4704132913612, 15.1147,41.5376767921261, 17.3966,3,16.67835,4,12.44332,-0.9324,76.858704,397
41.4875326915644, 18.2975,41.5541683915071, 18.5182,3,16.67909,4,11.0159,-0.779467,75.3896,397
41.5034054922871, 17.162,41.5705118919723, 16.2143,3,16.67931,4,9.257129,-0.082873,75.700096,397
41.5203575915657, 15.7947,41.587620691862, 17.1821,3,16.67891,4,11.45143,-0.514355,79.6512,397
41.5376767921261, 17.342,41.6038181926124, 14.2184,3,16.67921,4,11.68437,-0.060223,79.2752,397
41.5541683915071, 14.3389,41.6204500920139, 18.1354,3,16.67814,4,8.6252,-1.145207,77.647104,397
41.5705118919723, 17.0599,41.6376577927731, 17.5409,3,16.67832,4,10.77187,-1.282673,77.4524,397
41.587620691862, 18.4768,41.6534302919172, 13.9916,3,16.67914,4,6.197473,0.161373,76.324496,397
41.6038181926124, 17.3606,41.6707355915569, 17.0941,3,16.67945,4,9.760955,0.411237,77.3708,397
41.6204500920139, 14.3584,41.6883380911313, 17.697,3,16.67839,4,12.23132,0.524729,77.528,397
41.6376577927731, 17.7772,41.7045333902352, 17.9558,3,16.67889,4,9.999307,0.983857,78.785104,397
41.6534302919172, 16.1878,41.7206776901148, 14.3028,3,16.67867,4,10.88677,-0.896099,77.771104,397
41.6707355915569, 17.1215,41.7377389906906, 19.008,3,16.67887,4,13.00893,-0.742952,75.469104,397
41.6883380911313, 16.9047,41.753533791285, 13.965,3,16.67897,4,11.57606,-0.729591,76.2362,397
41.8206389914267, 134.0987,41.8375529921614, 88.93729,3,16.73232,4,9.546571,-0.829098,79.784496,397
41.8206389914267, 0.7974,41.8549178927206, 14.487,0,16.72508,4,9.149443,-0.366081,78.3252,397
41.8206389914267, 2.2928,41.8549178927206, 4.5464,1,16.71853,4,10.711,-0.264393,75.858496,397
41.8375529921614, 2.3118,41.8710071924143, 9.3957,2,16.71199,4,10.98685,0.211445,75.9566,397
41.8375529921614, 1.9319,41.8881927928887, 17.1395,2,16.70529,4,10.69259,0.129791,76.236496,397
41.8375529921614, 2.1557,41.903389992658, 16.8496,3,16.6987,4,12.6667,-0.676312,77.644096,397
41.8375529921614, 2.0921,41.9213617932983, 18.4632,4,16.69208,4,10.92458,0.229187,79.8276,397
41.8375529921614, 0.8705,41.9374029939063, 14.074,5,16.68491,4,9.857193,0.45487,75.594096,397
41.8375529921614, 3.73,41.9374029939063, 6.5699,6,16.67905,4,12.03796,-0.445142,75.362704,397
41.8549178927206, 18.7072,41.9541219943203, 11.902,7,16.67997,4,11.57841,-0.095301,75.0324,397
41.8710071924143, 15.709,41.9712639939971, 17.0533,6,16.67953,4,9.843612,-1.70039,79.294496,397
41.8881927928887, 16.3886,41.9884689939208, 17.6473,6,16.6794,4,10.49591,-0.979836,77.3858,397
41.903389992658, 14.7429,42.0044508934952, 13.7639,6,16.67852,4,9.35113,0.144314,78.361696,397
41.9213617932983, 16.7217,42.0215437938459, 17.2658,6,16.67854,4,11.43504,-0.240514,76.2722,397
41.9374029939063, 16.8807,42.03758279467, 17.7993,6,16.67863,4,10.237,-1.107938,77.094704,397
41.9541219943203, 16.2722,42.0549592939205, 17.581,5,16.67845,4,10.93409,-0.464905,78.653696,397
41.9712639939971, 16.8199,42.070502793882, 15.5772,5,16.67851,4,13.58674,0.00145,77.647104,397
41.9884689939208, 18.0705,42.088277193252, 15.8876,5,16.67914,4,11.17179,-0.555862,75.979,397
42.0044508934952, 15.8428,42.1051697940566, 16.57,5,16.67876,4,9.859214,0.039185,76.0634,397
42.0215437938459, 16.6658,42.1213138946332, 17.9034,5,16.67876,4,11.96674,-0.855364,79.445296,397
42.03758279467, 14.8588,42.1374608953483, 16.5769,5,16.67794,4,11.35001,-0.201753,78.6966,397
42.0549592939205, 16.6876,42.1544953961857, 17.2456,5,16.67794,4,10.29075,-0.11063,78.387696,397
42.070502793882, 18.8453,42.1714051966555, 16.3034,5,16.67892,4,11.72976,-0.646344,76.6324,397
42.088277193252, 16.8053,42.1882508960553, 15.0253,5,16.67897,4,12.45051,-0.667407,75.468304,397
42.1051697940566, 17.1341,42.2046252959408, 16.407,5,16.67918,4,9.765864,-0.123661,80.687504,397
42.1213138946332, 14.7246,42.2223230958916, 19.3856,5,16.6783,4,10.56545,0.018241,79.286896,397
42.1374608953483, 16.8917,42.2375562959351, 15.6479,5,16.67839,4,11.88573,-0.895632,78.4674,397
42.1544953961857, 16.7316,42.2551292967983, 17.2758,5,16.67842,4,10.20764,-0.168366,76.284896,397
42.1714051966555, 18.2424,42.2704811966978, 13.5007,5,16.67912,4,12.43381,0.99989,74.689104,397
42.1882508960553, 17.0352,42.2882464970462, 17.8082,5,16.67928,4,12.57456,-1.052985,78.7638,397
42.2046252959408, 16.0947,42.3036379967816, 16.9606,5,16.67902,4,10.24416,-1.442967,78.8084,397
42.2223230958916, 16.1378,42.3212261968292, 18.1053,5,16.67878,4,9.798532,-0.910823,76.6932,397
42.2375562959351, 15.2341,42.3376825959422, 16.1009,5,16.67813,4,12.60487,0.282051,75.314304,397
42.2551292967983, 17.931,42.354581295047, 15.0206,5,16.67869,4,12.00201,-0.283449,74.9344,397
42.2704811966978, 16.9675,42.354581295047, 4.4943,5,16.67882,4,8.844485,0.095865,77.437504,397
42.2882464970462, 16.7364,42.3713491954841, 14.0221,5,16.67884,4,10.85317,0.16844,77.905696,397
42.3036379967816, 14.9739,42.3883945946582, 15.3961,5,16.67808,4,13.35722,-0.685779,77.1772,397
42.3212261968292, 16.6384,42.4043547944166, 16.1213,5,16.67806,4,11.05445,-0.464908,73.686896,397
42.3376825959422, 18.572,42.4214179948904, 16.9751,5,16.67891,4,9.459249,-0.302138,74.310896,397
42.354581295047, 16.6937,42.4394445945509, 17.9447,5,16.67892,4,12.01643,0.647018,79.787,397
42.3713491954841, 16.7471,42.4544405941851, 16.6064,4,16.67895,4,11.74936,0.56249,77.7698,397
42.3883945946582, 14.2552,42.4707269934006, 16.3751,4,16.67787,4,9.817979,-0.801747,76.420496,397
42.4043547944166, 19.5178,42.4882628940977, 17.7335,4,16.67913,4,10.53961,-0.277548,74.8908,397
42.4214179948904, 16.5307,42.5052166939713, 15.1691,4,16.67907,4,12.23064,0.556962,75.2014,397
42.4394445945509, 18.1506,42.5220945947804, 16.879,4,16.67972,4,10.04958,-0.668216,78.927696,397
42.4544405941851, 12.8578,42.537331294734, 15.3739,4,16.67802,4,9.08721,0.326217,80.485696,397
42.4707269934006, 17.1273,42.5550951943733, 19.4503,4,16.67822,4,11.10955,-0.876226,78.3558,397
42.4882628940977, 16.1957,42.5704305940308, 15.1025,4,16.67801,4,12.61525,-0.637531,75.5198,397
42.5052166939713, 19.2897,42.5874107931741, 15.157,4,16.67917,4,10.20054,-0.480029,75.3274,397
42.5220945947804, 15.0304,42.6046383925714, 17.4394,4,16.67843,3,9.261216,0.641918,78.385,397
42.537331294734, 17.2016,42.6215143934824, 16.8293,4,16.67867,2,12.43928,0.703,78.703296,397
42.5550951943733, 14.5544,42.6395002943464, 19.6076,4,16.67772,1,11.48223,-1.655159,77.9712,397
42.5704305940308, 18.8496,42.6545029939152, 15.1904,4,16.67869,0,10.98313,-0.847763,77.531904,397
42.5874107931741, 17.3677,42.6706317947246, 16.0351,4,16.67899,7,10.28573,-0.904753,11.5298,397
42.6046383925714, 16.5016,42.6888324939646, 18.6046,4,16.67891,6,10.35478,-0.281253,27.9406,397
42.6215143934824, 16.7991,42.7050863937475, 14.0524,4,16.67897,6,11.1631,-0.258552,36.9573,397
42.6395002943464, 15.2997,42.7221982930787, 17.2188,4,16.67836,6,10.99916,-0.619998,52.5071,397
42.6545029939152, 16.7799,42.7384476927109, 17.9362,4,16.6784,6,11.79506,-0.654663,68.0734,397
42.6706317947246, 16.4648,42.7546417922713, 16.293,4,16.67831,6,12.81895,0.057325,83.5732,397
42.6888324939646, 18.7573,42.7716776919551, 17.2608,4,16.67923,5,12.82455,-0.701574,97.641104,397
42.7050863937475, 16.2824,42.7886559912004, 14.8132,4,16.67905,5,12.17445,0.38019,94.7044,397
42.7221982930787, 16.0793,42.8048595921136, 16.3895,4,16.67879,5,10.2256,0.269791,94.809504,397
42.7384476927109, 14.7654,42.8217679918744, 18.7161,4,16.67794,5,10.51676,-0.784557,93.8952,397
42.7546417922713, 16.8165,42.8383446917869, 16.4406,4,16.678,5,12.48067,-0.706879,94.4012,397
42.7716776919551, 18.1459,42.8546585910954, 16.5173,4,16.67865,5,11.75217,-0.649486,93.6752,397
42.7886559912004, 17.0135,42.8716365904547, 16.8178,4,16.6788,5,10.84791,0.260991,91.024,397
42.8048595921136, 16.9326,42.8893303913064, 15.8049,4,16.67891,5,9.207709,-0.770387,95.8708,397
42.8217679918744, 15.1523,42.9054851909168, 16.1982,4,16.67824,5,11.44066,-0.913442,95.3278,397
42.8383446917869, 16.9459,42.9213117905892, 17.1029,4,16.67835,5,12.62148,-0.413346,94.542,397
42.8546585910954, 16.6685,42.9386442904361, 17.9252,4,16.67835,5,10.80209,-0.524249,91.5228,397
42.8716365904547, 18.3536,42.9555644900538, 17.3397,4,16.67909,5,10.56451,0.359748,91.5216,397
42.8893303913064, 16.1937,42.9717860897072, 13.8911,4,16.67887,5,11.40029,-0.373455,90.870304,397
42.9054851909168, 16.2695,42.9885973897763, 17.0371,4,16.67869,5,12.71664,-0.439158,93.386496,397
42.9213117905892, 14.8266,43.0051901903935, 18.374,4,16.67788,5,10.95955,-0.830161,95.472704,397
42.9386442904361, 16.856,43.0223521911539, 15.3967,4,16.67796,5,10.01895,-0.177264,93.897104,397
42.9555644900538, 18.4345,43.0383266904391, 15.9671,4,16.67873,5,12.23915,-0.730467,93.4792,397
42.9717860897072, 17.2783,43.0558297899552, 17.3764,4,16.67899,5,9.507155,-0.14527,91.118704,397
42.9885973897763, 16.3973,43.0725311902352, 16.6762,4,16.67887,5,12.13346,0.083162,91.37,397
43.0051901903935, 16.643,43.0886529893614, 18.05,4,16.67885,5,11.87316,-1.040468,93.1864,397
43.0223521911539, 15.0255,43.1057872888632, 17.2093,4,16.67813,5,17.11686,-0.416502,95.607904,397
43.0383266904391, 18.0526,43.1216142890044, 13.8177,4,16.67873,5,16.48167,-0.351003,95.4906,397
43.0558297899552, 16.9756,43.1383598898537, 16.7435,4,16.67886,5,17.01497,-0.938351,90.7906,397
43.0725311902352, 16.737,43.1546423905529, 16.4071,4,16.67889,5,8.105738,-0.187545,91.3424,397
43.0886529893614, 14.2612,43.1713502914645, 18.5342,4,16.67783,5,4.996268,-0.511701,94.1278,397
43.1057872888632, 19.0161,43.1884814915247, 17.0964,4,16.67885,4,12.7899,0.139527,84.1494,397
43.1216142890044, 14.8558,43.2062047910877, 15.8309,4,16.67805,4,10.3086,-0.299803,75.8938,397
43.1383598898537, 18.4901,43.2223952920176, 16.3994,4,16.67885,4,10.22175,-0.515839,75.1518,397
43.1546423905529, 16.667,43.2384490915574, 17.489,4,16.67884,4,12.76175,-0.633171,76.993696,397
43.1713502914645, 15.2554,43.254902091343, 16.8151,4,16.67822,4,5.453901,1.071792,80.261904,397
43.1884814915247, 18.2227,43.2718516909517, 17.2157,4,16.67889,4,12.38097,-0.844838,73.2864,397
43.2062047910877, 16.8724,43.2892999914475, 15.2096,4,16.67898,4,11.7149,-0.170364,75.430496,397
43.2223952920176, 16.3122,43.3057079915889, 16.3905,4,16.67882,4,10.38414,0.0596,79.204304,397
43.2384490915574, 14.5456,43.3217972912826, 17.926,4,16.67789,4,9.912371,-0.409138,78.561,397
43.254902091343, 17.3035,43.338386090938, 16.5555,4,16.67816,4,10.49051,-0.089623,74.633104,397
43.2718516909517, 17.5529,43.3553358917125, 17.2424,4,16.67854,4,10.66674,-0.530589,75.7306,397
43.2892999914475, 16.8751,43.3726301924326, 15.1286,4,16.67863,4,11.23196,-1.252925,75.2948,397
43.3057079915889, 17.2592,43.3887174916454, 16.086,4,16.67888,4,10.114,-1.288431,79.8566,397
43.3217972912826, 14.3233,43.4062064909376, 19.5418,4,16.67785,4,11.68434,-0.144458,78.458096,397
43.338386090938, 17.1815,43.4221289907582, 15.7806,4,16.67807,4,12.00632,-0.528851,77.110704,397
43.3553358917125, 17.8256,43.4389515914954, 17.0377,4,16.67857,4,9.975989,-0.018989,76.874304,397
43.3726301924326, 17.0996,43.4558345922269, 14.8838,4,16.67876,4,9.959825,0.47873,75.390496,397
43.3887174916454, 16.9196,43.4713339922018, 15.3235,4,16.67886,4,12.83413,-0.001669,76.902,397
43.4062064909376, 15.1049,43.488728791941, 19.1801,4,16.67818,4,12.88586,-1.326748,78.490096,397
43.4221289907582, 16.8309,43.5053954911418, 16.8751,4,16.67824,4,10.46565,0.614311,79.4852,397
43.4389515914954, 18.5664,43.5217006918974, 16.4506,4,16.67906,4,10.40849,0.310215,74.4526,397
43.4558345922269, 16.1079,43.538564291317, 14.7277,4,16.67882,4,11.78807,-0.461078,75.489104,397
43.4713339922018, 17.1682,43.5553529919125, 16.7884,4,16.67903,4,11.29167,0.303145,76.177,397
43.488728791941, 15.747,43.5719313924201, 18.2506,4,16.67862,4,9.786448,-0.71339,77.527296,397
43.5053954911418, 16.6107,43.5888397921808, 17.0779,4,16.67859,4,11.24679,-0.472552,76.201,397
43.5217006918974, 18.2206,43.6057719928212, 17.4914,4,16.67926,4,11.25449,0.072186,78.823504,397
43.538564291317, 16.8757,43.6214664936997, 13.3852,4,16.67935,4,9.593478,-0.61188,73.9252,397
43.5553529919125, 17.3977,43.6395593942143, 18.0212,4,16.67966,4,10.09326,-0.120722,75.726496,397
43.5719313924201, 14.0028,43.6573127941228, 19.4793,4,16.6785,4,11.35689,-0.774749,80.316,397
43.5888397921808, 16.7571,43.6717811939307, 14.7389,4,16.67853,4,4.896752,-0.589586,80.013504,397
43.6057719928212, 18.4897,43.6885910932906, 17.1404,4,16.67932,4,12.03921,-0.462151,77.274496,397
43.6214664936997, 16.8461,43.7061698925681, 15.3157,4,16.67939,4,9.73528,0.138287,76.1438,397
43.6395593942143, 15.2015,43.7217282927595, 15.511,4,16.67875,4,10.47252,-0.874919,75.5974,397
43.6573127941228, 14.6593,43.7399252927862, 18.3851,4,16.67788,4,11.77155,-0.566743,79.0464,397
43.6717811939307, 17.05,43.7568350932561, 18.6086,4,16.67804,4,10.63439,-0.074376,79.8026,397
43.6885910932906, 18.5512,43.7733570928685, 16.4206,4,16.67885,4,10.03355,-0.149762,76.7734,397
43.7061698925681, 16.4794,43.7887253924273, 13.6429,4,16.67876,4,12.25841,-0.479777,77.734,397
43.7217282927595, 16.9785,43.8055113921873, 16.7854,4,16.67889,4,11.63932,-0.025739,75.599104,397
43.7399252927862, 16.8253,43.8234029929154, 19.883,4,16.67895,4,10.75794,-0.696622,76.766896,397
43.7568350932561, 14.5437,43.8401674921624, 14.862,4,16.67803,4,12.15908,-0.32832,80.4048,397
43.7733570928685, 17.9625,43.8575450922363, 17.2302,4,16.67859,4,11.83036,0.284693,79.3338,397
43.7887253924273, 18.3676,43.8732555913739, 17.9348,4,16.67931,4,10.34258,-0.727601,77.8084,397
43.9231319907121, 133.7932,43.9404522902332, 67.7835,4,16.72964,4,10.03804,-0.580879,75.925904,397
43.9231319907121, 0.5772,43.955599390436, 14.2785,0,16.7227,4,9.673522,-0.030558,74.056704,397
43.9231319907121, 1.829,43.955599390436, 4.5351,1,16.71631,4,12.29882,-0.892911,78.777,397
43.9231319907121, 1.7262,43.9727982901968, 10.7523,2,16.70987,4,10.27061,-0.621268,79.496896,397
43.9404522902332, 1.767,43.9885696903802, 17.3075,3,16.70346,4,9.509101,-1.07911,76.303904,397
43.9404522902332, 1.4476,44.0070328903385, 17.0143,3,16.69692,4,12.32048,0.833125,75.247504,397
43.9404522902332, 1.8201,44.0225826906972, 17.3194,4,16.69054,4,12.42796,-0.641875,74.2496,397
43.9404522902332, 0.5248,44.0398590913974, 15.3894,5,16.68362,3,9.817711,-0.157596,77.690096,397
43.9404522902332, 5.3769,44.0398590913974, 4.5783,6,16.67878,2,10.88427,-0.248839,75.704896,397
43.955599390436, 18.1371,44.0577256917022, 15.2002,7,16.6794,1,12.53851,-0.682804,77.380704,397
43.9727982901968, 15.2386,44.0730883921497, 15.3436,6,16.67878,0,11.23678,-0.037415,77.275104,397
43.9885696903802, 16.5922,44.08861739235, 15.6777,6,16.67875,7,8.660275,-0.82229,15.6316,397
44.0070328903385, 17.1475,44.1064038914628, 17.6534,6,16.67895,6,12.2994,-0.297761,29.0343,397
44.0225826906972, 14.4132,44.1219964916818, 13.6874,6,16.67798,6,11.56834,0.493687,36.5302,397
44.0398590913974, 19.0668,44.1383081912063, 16.4142,6,16.679,6,9.946104,-1.139392,50.5694,397
44.0577256917022, 14.6493,44.1564222904854, 19.4742,5,16.67813,6,10.68102,0.545716,67.117696,397
44.0730883921497, 16.9075,44.1726170904003, 16.3645,5,16.67823,6,11.88849,1.507642,83.396496,397
44.08861739235, 17.2175,44.1885964903049, 16.4307,5,16.67846,5,10.88666,-0.255979,99.0366,397
44.1064038914628, 18.4357,44.2058817907237, 15.4164,5,16.67921,5,10.17611,-0.277266,88.9008,397
44.1219964916818, 16.9685,44.2229494913481, 16.967,5,16.67933,5,9.619292,-0.303392,95.435296,397
44.1383081912063, 16.2706,44.2386331907474, 15.6182,5,16.67916,5,11.23948,-0.028509,94.0558,397
44.1564222904854, 14.7644,44.2559796902351, 17.281,5,16.67834,5,9.178658,0.397978,94.231104,397
44.1726170904003, 16.8716,44.2732279910706, 18.9564,5,16.67843,5,10.36608,-0.167,95.6686,397
44.1885964903049, 18.7808,44.2899811915122, 17.2054,5,16.67932,5,12.10527,-1.087167,91.8516,397
44.2058817907237, 16.2219,44.3059854912572, 15.8032,5,16.67913,5,10.28139,-0.82347,92.396704,397
44.2229494913481, 16.8707,44.3224927908741, 14.5103,5,16.67921,5,12.05761,0.423371,95.0672,397
44.2386331907474, 16.7942,44.3394879917614, 17.0452,5,16.67926,5,11.68342,0.248728,97.034496,397
44.2559796902351, 16.8971,44.35651869094, 18.7126,5,16.67935,5,11.4483,-0.615298,94.732896,397
44.2732279910706, 14.3698,44.3731500911526, 16.7915,5,16.67837,5,9.951867,1.283542,93.262304,397
44.2899811915122, 16.9748,44.3896571914665, 16.8579,5,16.67849,5,10.65047,0.269971,92.259504,397
44.3059854912572, 18.6937,44.4058564915322, 13.9922,5,16.67935,5,12.47063,-0.907177,95.8986,397
44.3224927908741, 16.41,44.4227350908332, 16.9615,5,16.67924,5,11.36477,-0.514311,95.026896,397
44.3394879917614, 15.8672,44.4396729911678, 18.6527,5,16.67889,5,9.884698,-1.027664,95.8896,397
44.35651869094, 14.645,44.4569678916596, 17.4627,5,16.67803,5,10.74226,0.449985,92.4708,397
44.3731500911526, 17.2275,44.4569678916596, 4.4296,5,16.67826,5,8.421129,-0.73733,93.8704,397
44.3896571914665, 18.7039,44.4737964919768, 10.4477,5,16.67912,5,11.55188,-0.673864,92.1574,397
44.4058564915322, 18.3193,44.4896955913864, 17.5769,5,16.67981,5,12.72211,-0.715902,94.440896,397
44.4227350908332, 17.0805,44.5080328914337, 18.9216,5,16.67998,5,10.53896,0.199109,94.938896,397
44.4396729911678, 12.084,44.5236809919588, 15.3531,5,16.67804,5,11.12611,-0.391011,93.5696,397
44.4569678916596, 20.8542,44.5396605911665, 13.8775,5,16.67981,5,11.45313,-1.156461,91.8282,397
44.4737964919768, 14.6246,44.5562968919985, 16.7688,4,16.67894,5,12.57076,0.431501,92.159904,397
44.4896955913864, 14.4796,44.5724950912409, 18.2533,4,16.67801,5,12.3677,-0.478759,91.9732,397
44.5080328914337, 17.251,44.5892961914651, 16.6073,4,16.67825,4,11.01579,-0.002159,83.466704,397
44.5236809919588, 18.1878,44.6053830920719, 14.2592,4,16.67889,4,11.71721,-0.669184,76.223296,397
44.5396605911665, 17.1698,44.6235288917087, 18.2673,4,16.67909,4,12.29526,-0.306804,76.040304,397
44.5562968919985, 16.323,44.6395426909439, 15.8862,4,16.67894,4,13.0719,0.185076,75.759296,397
44.5724950912409, 15.0068,44.6574717904441, 19.5679,4,16.67824,4,11.28096,-0.588878,75.311504,397
44.5892961914651, 16.8732,44.6727521908469, 15.4749,4,16.67832,4,12.12076,-0.128473,78.067696,397
44.6053830920719, 18.2629,44.6896751900204, 16.9386,4,16.67899,4,10.03748,-0.070709,77.325,397
44.6235288917087, 16.327,44.7072357893921, 16.0654,4,16.67884,4,12.2662,-0.609609,76.439296,397
44.6395426909439, 17.7338,44.7234756895341, 16.2503,4,16.67928,4,12.12562,-0.643546,74.2604,397
44.6574717904441, 14.3412,44.7396202892996, 15.8528,4,16.6783,4,11.74868,-0.31635,74.081504,397
44.6727521908469, 17.3234,44.7567089893855, 18.9264,4,16.67857,4,10.49367,-0.210122,78.474704,397
44.6896751900204, 16.3126,44.7738646888174, 17.2924,4,16.67842,4,10.14631,0.51428,77.056496,397
44.7072357893921, 18.6513,44.7894026883878, 13.6173,4,16.67925,4,11.89531,0.254467,74.4154,397
44.7234756895341, 16.9432,44.8073168885894, 17.9794,4,16.67936,4,12.50245,-0.89006,74.469696,397
44.7396202892996, 16.9108,44.8250916884281, 17.594,4,16.67945,4,10.64375,-0.041712,74.9986,397
44.7567089893855, 14.7091,44.8396065882407, 16.0589,4,16.67863,4,10.17842,-1.477844,79.342096,397
44.7738646888174, 18.4748,44.8564198887907, 17.1486,4,16.67938,4,12.05982,-0.93046,79.3194,397
44.7894026883878, 16.3504,44.8771800897084, 18.9718,4,16.67924,4,11.23983,0.774156,76.1632,397
44.8073168885894, 17.0249,44.8894532895647, 12.1271,4,16.67939,4,9.39466,-0.965331,75.678704,397
44.8250916884281, 16.5238,44.907625389751, 18.3406,4,16.67932,4,10.31021,-0.53204,74.9162,397
44.8396065882407, 13.6149,44.9243603902869, 18.1883,4,16.67804,4,9.929044,0.260451,78.967504,397
44.8564198887907, 16.7158,44.9404683909379, 16.4128,4,16.67806,4,12.74826,-0.908437,79.593904,397
44.8771800897084, 19.0262,44.9572098902427, 16.2863,4,16.67904,4,12.75274,-0.107737,77.100704,397
44.8894532895647, 16.3826,44.9736929903738, 15.2516,4,16.67891,4,8.776831,0.660377,77.024096,397
44.907625389751, 16.9189,44.9902846901678, 16.3726,4,16.67901,4,12.62244,0.170179,73.2886,397
44.9243603902869, 14.6208,45.0066291908734, 18.0778,4,16.67816,4,12.48395,-1.01516,76.387504,397
44.9404683909379, 17.9463,45.023908990901, 18.6938,4,16.67868,4,11.59714,-0.089372,76.997904,397
44.9572098902427, 17.7192,45.0397694907151, 14.6885,4,16.67912,4,10.81244,-1.445051,78.197904,397
44.9736929903738, 17.0234,45.0597689910792, 17.984,4,16.67926,4,10.08972,-1.005418,79.537,397
44.9902846901678, 16.1072,45.0736445910297, 13.9727,4,16.67902,4,11.03942,-0.812195,75.217696,397
45.0066291908734, 14.3648,45.0892400913872, 15.5327,4,16.67806,4,9.71426,-0.109995,75.2702,397
45.023908990901, 16.7305,45.1076325909235, 20.3678,4,16.67808,4,11.00497,-0.705447,79.465,397
45.0397694907151, 16.9393,45.1236533918418, 15.8683,4,16.67819,4,9.671651,-0.392813,79.9052,397
45.0597689910792, 18.5266,45.1404557921924, 17.0004,4,16.67896,4,13.46342,-0.042689,77.163904,397
45.0736445910297, 16.6186,45.1571232923307, 14.7356,4,16.67893,4,12.8526,-0.707756,76.232,397
45.0892400913872, 16.984,45.1722725923173, 15.1146,4,16.67906,4,10.823,-0.440716,74.490096,397
45.1076325909235, 14.3901,45.1913463915698, 19.1103,4,16.67811,4,11.71625,0.1957,78.520096,397
45.1236533918418, 17.1041,45.2073051924817, 17.823,4,16.67829,4,12.39451,-0.680494,80.1426,397
45.1404557921924, 18.9613,45.2230431917123, 15.7837,4,16.67924,4,12.12869,-0.54809,77.970096,397
45.1571232923307, 16.5267,45.2404697923921, 15.4545,4,16.67917,4,9.886956,0.22819,74.6092,397
45.1722725923173, 18.0991,45.2576058930717, 17.1005,4,16.67976,4,10.29742,-1.407636,75.035904,397
45.1913463915698, 15.1598,45.2739867935888, 18.6004,4,16.67913,4,10.3213,0.670555,75.9964,397
45.2073051924817, 15.3516,45.2895055939443, 13.3657,4,16.67858,4,11.54819,-0.090127,78.748096,397
45.2230431917123, 16.3565,45.3075097934343, 18.0326,4,16.67845,4,12.43509,-0.865107,76.559296,397
45.2404697923921, 18.6117,45.3238197942264, 18.5045,4,16.67925,4,10.73611,-0.714698,77.7742,397
45.374002691824, 131.6997,45.390289592091, 70.0561,4,16.72689,4,11.69714,-0.675845,75.642,397
45.374002691824, 2.5037,45.4076324929483, 13.5817,0,16.721,4,13.36005,-0.582867,75.986896,397
45.374002691824, 2.2543,45.4076324929483, 4.5768,1,16.71502,4,9.417627,1.220015,76.7904,397
45.390289592091, 2.4556,45.4243163936771, 9.952,2,16.70912,4,9.628107,0.08868,80.339904,397
45.390289592091, 2.4199,45.4406267930754, 16.458,2,16.70321,4,9.801398,0.792129,77.9884,397
45.390289592091, 1.8523,45.457316793967, 18.4002,3,16.69707,4,12.50994,0.158488,77.2234,397
45.390289592091, 0.5956,45.4739493937232, 16.8743,4,16.69041,4,10.40177,-0.377279,77.758896,397
45.390289592091, 2.4308,45.4897117936052, 15.5257,5,16.68452,4,10.65038,0.695088,75.3252,397
45.390289592091, 1.8672,45.4897117936052, 4.4109,6,16.67841,4,8.71692,-0.02154,79.054896,397
45.4076324929483, 20.4731,45.5062512927689, 10.3373,7,16.67997,4,11.66287,-0.881519,78.437104,397
45.4243163936771, 14.0073,45.5247989934869, 20.5415,6,16.67887,4,11.14691,-0.982072,77.272704,397
45.4406267930754, 16.7825,45.5404578936286, 15.4036,6,16.67891,4,11.75978,-0.342717,80.5582,397
45.457316793967, 14.9642,45.5574339930899, 15.1391,6,16.67821,4,10.60051,0.431056,77.397104,397
45.4739493937232, 16.3894,45.5751841929741, 17.8265,6,16.67809,4,9.14224,0.323178,78.1846,397
45.4897117936052, 19.1205,45.5904810926877, 15.3025,6,16.67909,4,11.77292,0.343444,76.213104,397
45.5062512927689, 16.654,45.6076615932398, 17.1984,5,16.67908,4,12.73857,-0.955883,75.6048,397
45.5247989934869, 14.5281,45.6233959938399, 17.1983,5,16.6782,4,12.79702,0.504497,78.913696,397
45.5404578936286, 16.3076,45.6413750941865, 18.2751,5,16.67805,4,10.44704,-0.636387,78.144896,397
45.5574339930899, 18.7258,45.6575908935629, 16.4231,5,16.67889,4,9.457422,-0.47269,77.087296,397
45.5751841929741, 16.1597,45.6742936926894, 14.6887,5,16.67867,4,11.47536,-0.640542,75.785696,397
45.5904810926877, 17.284,45.6905287927948, 16.2812,5,16.67892,4,11.35608,0.959639,75.201296,397
45.6076615932398, 16.5313,45.7082687928341, 20.1703,5,16.67886,4,6.066403,-0.702197,79.037,397
45.6233959938399, 15.322,45.7234118930064, 14.4497,5,16.6783,4,9.496987,-0.662153,78.995904,397
45.6413750941865, 16.5042,45.7403296935372, 17.3657,5,16.67823,4,12.50499,-0.622315,78.172,397
45.6575908935629, 18.2927,45.7574969935231, 14.8745,5,16.6789,4,12.34714,-0.09896,76.015904,397
45.6742936926894, 16.3128,45.7750499933027, 17.7116,5,16.67875,4,10.65706,0.527916,75.818496,397
45.6905287927948, 17.6707,45.7911248928867, 15.9574,5,16.67915,4,8.764297,-0.173948,78.581504,397
45.7082687928341, 14.827,45.8063981928863, 17.1094,5,16.67839,4,10.20755,0.039028,79.5596,397
45.7234118930064, 16.671,45.8236604933627, 17.1685,5,16.67839,4,12.55422,0.317193,76.4702,397
45.7403296935372, 18.5558,45.8405600939877, 17.1864,5,16.67916,4,12.26736,-0.05425,76.0336,397
45.7574969935231, 16.6151,45.8575264946558, 14.8818,5,16.67913,4,10.08818,-0.486704,74.731904,397
45.7750499933027, 16.935,45.8746701949276, 17.258,5,16.67924,4,9.215248,-0.527537,78.9018,397
45.7911248928867, 15.901,45.8904670947231, 15.7145,5,16.67892,4,9.662272,0.28949,79.955504,397
45.8063981928863, 15.7499,45.9074881938286, 17.0936,5,16.67854,4,11.78261,-1.078897,75.2836,397
45.8236604933627, 16.0992,45.9074881938286, 6.2555,5,16.6783,4,11.41415,1.364753,76.930304,397
45.8405600939877, 18.5851,45.9251044937409, 11.3404,5,16.67908,4,9.962604,-0.831402,75.199296,397
45.8575264946558, 16.4652,45.9412628938444, 16.283,5,16.67899,4,10.37594,-0.879776,80.223696,397
45.8746701949276, 17.263,45.9582858947106, 16.9732,5,16.67923,4,12.35501,0.21181,79.633104,397
45.8904670947231, 16.3877,45.9742357940413, 15.9397,5,16.67911,4,11.5913,1.239767,75.036704,397
45.9074881938286, 15.6482,45.9909743932076, 18.4041,5,16.67869,4,13.02265,1.575722,73.838704,397
45.9251044937409, 18.382,46.0085439928807, 17.6382,4,16.67939,4,8.852102,0.050319,75.5796,397
45.9412628938444, 16.1821,46.0256458935328, 15.3047,4,16.67919,4,10.74648,-0.119172,78.310496,397
45.9582858947106, 16.7279,46.0403187931515, 14.5405,4,16.6792,4,12.61159,-1.178594,78.3048,397
45.9742357940413, 16.4906,46.0564928934909, 16.3378,4,16.67913,4,11.54013,0.290061,75.5946,397
45.9909743932076, 15.3202,46.0744336941279, 19.6858,4,16.67858,4,10.24518,0.231427,75.4874,397
46.0085439928807, 18.4428,46.0914023933001, 17.0307,4,16.67929,4,8.348681,1.173579,74.553504,397
46.0256458935328, 16.4451,46.1071042926051, 13.7969,4,16.6792,4,11.80727,0.070141,77.9294,397
46.0403187931515, 16.4498,46.1235323925503, 16.5043,4,16.6791,3,11.52409,-0.499181,77.7128,397
46.0564928934909, 16.0946,46.1402457919903, 16.622,4,16.67887,2,12.88984,1.470742,75.869904,397
46.0744336941279, 14.4692,46.1573066920973, 18.8128,4,16.67797,1,9.479973,0.32602,77.2424,397
46.0914023933001, 17.1279,46.1738942922093, 17.1048,4,16.67815,0,9.372721,-0.457167,74.6848,397
46.1071042926051, 18.2991,46.1912739914842, 15.1423,4,16.67881,7,8.687759,-1.576346,11.7774,397
46.1235323925503, 17.5785,46.2075885911472, 17.0946,4,16.67917,6,11.73458,0.139418,28.8505,397
46.1402457919903, 16.7991,46.2243857909925, 16.0359,4,16.67922,6,12.00666,-0.004024,37.7938,397
46.1573066920973, 14.6891,46.2414555908181, 18.7402,4,16.67842,6,8.03138,0.132159,52.6017,397
46.1738942922093, 16.6356,46.2585589908995, 17.2621,4,16.6784,6,9.418067,-1.263581,68.2254,397
46.1912739914842, 18.7456,46.2747569908388, 16.2514,4,16.67924,6,9.856846,-0.080593,84.7202,397
46.2075885911472, 16.5741,46.2911320910789, 16.4971,4,16.67919,5,13.38958,-1.560427,99.502896,397
46.2243857909925, 17.9656,46.3073673904873, 14.2293,4,16.67971,5,11.57612,-0.323992,93.521104,397
46.2414555908181, 14.3042,46.3247128897347, 17.4026,4,16.67875,5,10.12254,-0.756422,95.1238,397
46.2585589908995, 16.7939,46.3404783890583, 17.4041,4,16.6788,5,9.733781,-0.315879,93.543696,397
46.2747569908388, 16.0298,46.3575086896308, 17.2289,4,16.67854,5,12.96889,0.001307,93.509104,397
46.2911320910789, 17.1466,46.3755863890983, 18.4852,4,16.67873,5,11.91713,-0.870963,92.5888,397
46.3073673904873, 16.8513,46.390469588805, 12.5323,4,16.6788,5,13.46569,-0.616966,95.131104,397
46.3247128897347, 17.0181,46.4074921892025, 17.0702,4,16.67893,5,10.68042,-0.164132,94.586304,397
46.3404783890583, 14.9212,46.4249699884094, 19.116,4,16.67822,5,10.25438,-0.987883,96.323104,397
46.3575086896308, 16.6359,46.4418606893159, 17.0753,4,16.67821,5,10.17949,-0.681574,94.386496,397
46.3755863890983, 18.7449,46.4575368897058, 16.0029,4,16.67904,5,11.83706,-0.052686,92.5752,397
46.390469588805, 16.5062,46.4752091900446, 15.5739,4,16.67897,5,12.53347,-0.260894,94.444704,397
46.4074921892025, 17.6019,46.4912582901306, 15.8592,4,16.67934,5,10.43023,-0.628004,96.659,397
46.4249699884094, 13.8385,46.507401289884, 17.8684,4,16.6782,5,9.770483,-0.176247,94.348704,397
46.4418606893159, 17.1244,46.5256690890528, 18.7469,4,16.67838,5,12.86487,-0.642864,91.6558,397
46.4575368897058, 18.2807,46.5416193888523, 16.1078,4,16.67902,5,12.40949,-0.749701,92.473104,397
46.4752091900446, 17.0476,46.5573605881073, 13.6857,4,16.67917,5,11.69049,-0.163948,91.311,397
46.4912582901306, 17.1141,46.5749124889262, 17.5722,4,16.67935,5,9.845904,-1.062138,96.0022,397
46.507401289884, 14.2346,46.5902610891499, 15.1718,4,16.67836,5,10.30325,-0.447828,96.075696,397
46.5256690890528, 16.9095,46.6082360898145, 19.6527,4,16.67846,4,9.808264,0.475305,92.649,397
46.5416193888523, 18.6926,46.6246353895403, 16.5022,4,16.67926,3,12.2746,-0.021063,91.477296,397
46.5573605881073, 15.6942,46.6413066894747, 16.9089,4,16.67887,2,10.81345,-0.549734,93.1778,397
46.5749124889262, 17.2746,46.6584985894151, 15.1425,4,16.67911,1,9.951338,-0.161905,91.3768,397
46.5902610891499, 16.3117,46.675139289815, 16.6565,4,16.67896,0,12.64493,-1.043776,95.3952,397
46.6082360898145, 15.3161,46.6912052896805, 16.1192,4,16.67842,7,12.20959,-0.527147,15.292,397
46.6246353895403, 16.5636,46.7095031891949, 20.1125,4,16.67837,6,11.19076,-0.547718,31.5222,397
46.6413066894747, 18.1461,46.7252461896278, 15.7942,4,16.67896,6,9.930034,-1.212989,38.2326,397
46.6584985894151, 16.4614,46.7406879891641, 15.6955,4,16.67887,6,12.3124,-0.62696,53.0033,397
46.675139289815, 17.2616,46.7585304887034, 17.7964,4,16.6791,6,9.978576,-0.417131,66.5904,397
46.6912052896805, 17.1259,46.7753436886705, 14.6933,4,16.67928,6,12.69845,0.274257,81.840304,397
46.7095031891949, 14.3834,46.7934282892384, 18.1125,4,16.67836,5,16.87492,-0.346591,100.374704,397
46.7252461896278, 15.9509,46.808776889462, 15.3331,4,16.67807,5,16.89709,0.184543,93.240496,397
46.7406879891641, 17.2663,46.8247816902585, 16.101,4,16.67831,5,17.58956,-1.340683,95.735504,397
46.7585304887034, 16.2721,46.8424614896066, 19.557,4,16.67815,5,16.99913,-0.023678,96.471904,397
46.7753436886705, 19.0959,46.8585297898389, 15.9344,4,16.67911,5,7.159743,-0.657098,95.2854,397
46.7934282892384, 16.54,46.8774905898608, 17.3267,4,16.67906,5,4.803291,-0.618337,93.4496,397
46.808776889462, 16.8343,46.8924327897839, 14.8625,4,16.67912,5,12.09446,-0.151168,91.852,397
46.8247816902585, 16.8141,46.9086203905754, 16.2054,4,16.67917,5,11.63588,0.387885,94.688304,397
46.8424614896066, 14.9932,46.9253948903643, 18.3024,4,16.6785,5,11.46148,-0.372726,95.713104,397
46.8585297898389, 17.6893,46.9420550907962, 16.9194,4,16.6789,5,9.677798,0.072235,94.248096,397
46.8774905898608, 16.7297,46.9596531908028, 15.672,4,16.67892,5,5.704737,-0.575927,97.5436,397
46.8924327897839, 16.5592,46.9749444904737, 15.2567,4,16.67887,5,10.48817,0.134717,95.268896,397
46.9086203905754, 16.953,46.9914067904465, 16.3687,4,16.67898,5,10.11302,-1.003119,94.494896,397
46.9253948903643, 14.8826,47.0082991900854, 18.7182,4,16.67827,5,9.144426,0.12514,94.3218,397
46.9420550907962, 16.5561,47.0244889906608, 16.5142,4,16.67822,5,12.06557,0.289424,96.267696,397
46.9596531908028, 18.7386,47.0444102897309, 17.9145,4,16.67904,5,11.47803,-0.242449,94.113904,397
46.9749444904737, 16.2027,47.0585138895549, 14.0534,4,16.67885,5,10.35508,-0.815126,94.213696,397
46.9914067904465, 17.3625,47.0755825904198, 17.157,4,16.67912,5,9.452519,-0.424525,94.033696,397
47.0082991900854, 14.6812,47.0912483897991, 17.4587,4,16.67833,5,10.55316,-0.17902,94.031504,397
47.0244889906608, 16.4088,47.1086019896902, 17.3716,4,16.67822,5,11.34748,-0.003839,96.664,397
47.0444102897309, 18.4209,47.1257009902038, 15.3303,4,16.67891,5,11.45805,-0.297959,94.634096,397
47.0585138895549, 16.7836,47.1421144907363, 16.3556,4,16.67896,5,10.23203,0.762961,93.216,397
47.0755825904198, 16.8138,47.1575175910257, 15.5024,4,16.67901,5,10.32872,-0.733257,92.252096,397
47.0912483897991, 14.458,47.1746675907634, 18.6287,4,16.67813,5,9.76272,0.150067,91.357104,397
47.1086019896902, 16.9594,47.1923318910412, 18.0133,4,16.67824,5,10.13914,-1.172062,93.464496,397
47.1257009902038, 17.9602,47.2076428909786, 13.2866,4,16.67875,4,11.79636,-0.032151,83.2936,397
47.1421144907363, 17.209,47.2264392902143, 18.8561,4,16.67896,4,12.07024,-1.41777,81.4828,397
47.1575175910257, 16.9028,47.2415177901275, 15.1708,4,16.67904,4,9.360257,-0.463114,78.870704,397
47.1746675907634, 14.8036,47.2596391909756, 19.8285,4,16.6783,4,10.39113,-0.669896,76.1866,397
47.1923318910412, 16.551,47.275516691152, 15.9601,4,16.67825,4,9.795162,-0.46886,76.0434,397
47.2076428909786, 18.3757,47.2912841909565, 13.7786,4,16.67892,4,12.97255,-0.36877,79.120704,397
47.2264392902143, 17.512,47.3075609900989, 16.3129,4,16.67925,4,11.84767,0.003413,79.186704,397
47.2415177901275, 16.3888,47.3255620901473, 18.1304,4,16.67914,4,11.56351,-0.721934,77.907904,397
47.2596391909756, 14.7766,47.3414029893465, 17.506,4,16.67839,4,10.1377,-0.3487,75.511104,397
47.275516691152, 16.609,47.3576161884703, 16.6043,4,16.67836,4,10.71586,0.999268,74.8402,397
47.2912841909565, 18.6122,47.375642687548, 15.9004,4,16.67912,4,7.87977,-0.683598,79.2302,397
47.3075609900989, 16.3234,47.3918531876989, 16.2162,4,16.67898,4,10.53069,-1.07542,78.002304,397
47.3255620901473, 17.3519,47.4083173875697, 16.4173,4,16.67925,4,11.82433,-0.21754,75.484496,397
47.3414029893465, 14.8887,47.4250736874528, 18.2646,4,16.67854,4,12.3792,0.05744,75.394304,397
47.3576161884703, 16.5655,47.4428880871274, 16.3481,4,16.6785,4,12.08383,0.244435,73.7186,397
47.375642687548, 18.2236,47.4593125865795, 16.3796,4,16.67911,4,10.817,-1.247332,78.403696,397
47.3918531876989, 16.9903,47.4757403866388, 18.3626,4,16.67923,4,10.88792,-0.104666,80.680496,397
47.4083173875697, 17.2226,47.4922654875554, 14.6651,4,16.67944,4,11.19334,-1.448032,76.6584,397
47.5423902864568, 133.0998,47.5596987861209, 70.1918,4,16.7252,4,10.13716,-1.142655,76.075296,397
47.5423902864568, 0.5574,47.5755924857222, 13.085,0,16.71885,4,11.64847,-0.590942,76.804,397
47.5423902864568, 2.1946,47.5755924857222, 6.7381,1,16.71315,4,11.44903,-0.403935,80.2944,397
47.5423902864568, 1.5765,47.5927940863185, 10.5188,2,16.7072,4,12.75377,0.902451,78.4072,397
47.5596987861209, 1.6587,47.609225386288, 16.4668,3,16.7013,4,9.981432,-0.769316,77.095104,397
47.5596987861209, 2.0221,47.6253626863472, 17.6464,3,16.69554,4,11.55846,-1.324772,73.8906,397
47.5596987861209, 1.4142,47.6429879865609, 17.9272,4,16.68955,4,13.08554,0.188227,74.1376,397
47.5596987861209, 0.4317,47.6585641861893, 13.6481,5,16.68317,4,12.32333,-0.22498,76.947904,397
47.5596987861209, 4.7237,47.6585641861893, 6.2692,6,16.67849,4,12.17465,0.214893,80.459296,397
47.5755924857222, 19.646,47.6765537862666, 13.6646,7,16.67965,4,9.241216,-0.217458,77.692304,397
47.5927940863185, 14.4787,47.692700386513, 16.0814,6,16.67879,4,10.72857,-0.696044,75.7496,397
47.609225386288, 18.7887,47.7117810868658, 17.2073,6,16.67961,4,11.37407,-0.342084,74.8702,397
47.6253626863472, 14.5247,47.7262787870131, 14.4913,6,16.67877,4,9.44798,-0.077386,78.099504,397
47.6429879865609, 16.3574,47.7417323873378, 15.4369,6,16.67864,4,12.08011,-0.520736,77.183104,397
47.6585641861893, 16.9962,47.7595110875554, 19.5367,6,16.67877,4,11.54006,-0.298833,76.334,397
47.6765537862666, 16.6318,47.7753377878107, 16.0872,5,16.67875,4,10.27784,-0.394342,74.1806,397
47.692700386513, 15.3296,47.7944106874056, 17.0672,5,16.67822,4,10.66428,-0.767078,75.642,397
47.7117810868658, 17.4629,47.8095740876161, 15.528,5,16.67853,4,10.08189,-0.476532,79.8208,397
47.7262787870131, 17.7017,47.8256221874617, 15.882,5,16.67893,4,11.95224,0.556618,79.964304,397
47.7417323873378, 16.6963,47.8426518882625, 18.5654,5,16.67894,4,12.24243,0.02973,77.414704,397
47.7595110875554, 14.6707,47.8593924879096, 16.8856,5,16.67815,4,10.20084,-0.887444,76.3494,397
47.7753377878107, 16.4644,47.8752649887465, 14.1538,5,16.67807,4,10.43988,-0.213938,74.2648,397
47.7944106874056, 19.6474,47.8923231880181, 16.9529,5,16.67923,4,10.59993,0.012183,76.8304,397
47.8095740876161, 16.4426,47.9094059872441, 17.2597,5,16.67913,4,10.46128,-0.404875,78.4048,397
47.8256221874617, 17.4412,47.9256544872187, 16.2777,5,16.67943,4,11.34117,-0.293404,77.6694,397
47.8426518882625, 14.4682,47.9432175881229, 19.1598,5,16.67857,4,11.82174,-0.399497,77.089504,397
47.8593924879096, 16.8834,47.9596472880803, 16.956,5,16.67865,4,11.39444,0.096334,73.901904,397
47.8752649887465, 18.0269,47.9764272882603, 14.6002,5,16.67917,4,10.14512,-0.571419,75.3818,397
47.8923231880181, 17.3848,47.9928706879728, 16.2134,5,16.67945,4,9.483475,0.185253,75.874704,397
47.9094059872441, 16.2786,48.0085245887749, 17.9795,5,16.67929,4,12.28,0.238222,75.8336,397
47.9256544872187, 16.7619,48.0257572880946, 14.968,5,16.67933,4,11.8886,-0.344439,77.240496,397
47.9432175881229, 14.9339,48.0426864880137, 18.9436,5,16.67865,4,10.21987,0.124175,77.9088,397
48.0754448878579, 132.7522,48.094047987368, 52.6484,5,16.72371,4,11.51082,-0.738653,77.1756,397
48.0754448878579, 2.544,48.1098379879259, 12.5969,0,16.7182,4,12.22195,-0.586004,74.851104,397
48.0754448878579, 2.3076,48.1098379879259, 8.4822,1,16.71261,4,11.52148,-1.067558,75.856304,397
48.0754448878579, 2.4502,48.1253899880685, 9.1611,2,16.70708,4,11.52244,-0.989004,77.192304,397
48.094047987368, 2.1816,48.1425449871458, 16.9528,3,16.70145,4,10.15283,-0.536145,77.702896,397
48.094047987368, 1.6326,48.159627287183, 15.2363,3,16.69562,4,9.622753,0.477436,77.3602,397
48.094047987368, 0.7493,48.1754204877652, 15.9818,4,16.68944,4,12.4902,0.027643,78.0804,397
48.094047987368, 1.7,48.1930446871556, 17.431,5,16.68364,4,12.42406,-0.607535,77.3962,397
48.094047987368, 3.7003,48.1930446871556, 6.5016,6,16.67861,4,12.6957,-0.865253,76.862896,397
48.1098379879259, 20.0909,48.2105077863671, 12.9575,7,16.67993,4,10.83624,-0.60224,74.2334,397
48.1253899880685, 13.0049,48.2261834857054, 15.4995,6,16.67851,4,10.41876,0.1666,77.294496,397
48.1425449871458, 16.3302,48.2445440855809, 17.0668,6,16.67838,4,11.27396,-0.147341,78.9214,397
48.159627287183, 18.7848,48.2603367851116, 17.5965,6,16.67919,4,11.55204,-0.698268,77.640096,397
48.1754204877652, 16.5639,48.2755073853768, 14.7285,6,16.67915,4,10.74005,-0.764948,77.6444,397
48.1930446871556, 16.4145,48.2923681852408, 14.8164,6,16.67904,4,10.60154,-0.528603,76.347904,397
48.2105077863671, 14.2278,48.3092565857805, 17.0637,5,16.6781,4,10.0671,0.125523,77.757104,397
48.2261834857054, 16.9535,48.3274013851769, 17.9786,5,16.67821,4,11.53134,-0.43055,78.090304,397
48.2445440855809, 16.7325,48.3425727854483, 15.2663,5,16.67823,4,11.82967,0.296794,75.698304,397
48.2603367851116, 16.5377,48.3604642855935, 19.8336,5,16.67817,4,10.57755,-0.460466,75.98,397
48.2755073853768, 19.2387,48.3773079863749, 16.9632,5,16.67916,4,10.7008,-0.304743,76.955296,397
48.2923681852408, 15.7873,48.3924048864283, 15.0131,5,16.67882,4,10.13788,-0.059386,77.0572,397
48.3092565857805, 17.4266,48.4118400872685, 17.2534,5,16.6791,4,11.67535,-1.288748,76.517904,397
48.3274013851769, 16.0798,48.4271793873049, 18.0245,5,16.67887,4,12.28701,-0.518863,74.4568,397
48.3425727854483, 17.1093,48.4425528873689, 14.9557,5,16.67904,4,9.412866,-0.57049,77.9436,397
48.3604642855935, 14.682,48.4595732879825, 14.7818,5,16.67827,4,10.31544,-0.913313,78.253,397
48.3773079863749, 16.9149,48.4762885873206, 16.7338,5,16.67836,4,9.957686,-0.714106,77.456304,397
48.3924048864283, 17.1958,48.4934308868833, 17.1941,5,16.67856,4,11.75955,-0.676367,75.7366,397
48.4118400872685, 15.7948,48.5101116863079, 18.4256,5,16.67822,4,13.11786,-0.729013,74.9886,397
48.4271793873049, 17.4535,48.525317186024, 15.4237,5,16.67852,4,10.61119,-0.52887,76.073,397
48.4425528873689, 18.5249,48.5423898859881, 17.1066,5,16.67923,4,10.41271,-0.269569,76.3744,397
48.4595732879825, 16.7459,48.5601536869071, 15.7808,5,16.67925,4,10.64271,-1.201402,77.369,397
48.4762885873206, 17.0415,48.5763128860854, 16.1461,5,16.67939,4,12.57897,0.185182,77.366304,397
48.4934308868833, 15.8447,48.5943254861049, 17.9528,5,16.67907,4,12.49241,1.230694,80.416704,397
48.5101116863079, 13.909,48.6088597862981, 14.4418,5,16.67801,4,10.91727,-0.982556,78.387904,397
48.525317186024, 17.0023,48.6088597862981, 6.2974,5,16.67813,4,10.51147,-0.856335,75.3304,397
48.5423898859881, 16.2011,48.626140687149, 14.3984,5,16.67795,4,9.704702,0.087526,74.7988,397
48.5601536869071, 18.9622,48.6437069880776, 16.3485,5,16.67883,4,12.96882,-1.030921,78.147,397
48.5763128860854, 17.0771,48.6603078874759, 14.3854,5,16.67898,4,11.65861,0.446918,76.920704,397
48.5943254861049, 16.4285,48.676519788336, 16.2846,5,16.67888,4,8.858756,0.664928,77.7156,397
48.6088597862981, 15.4253,48.6933168875985, 18.5022,5,16.6784,4,10.79683,0.516175,78.8766,397
48.626140687149, 16.7265,48.7099940883927, 16.7931,4,16.67842,4,10.33447,-0.764759,78.4138,397
48.6437069880776, 18.0912,48.7286142888479, 16.8109,4,16.67896,4,11.70472,-0.771745,77.6692,397
48.6603078874759, 16.5122,48.7427397887222, 14.1158,4,16.6789,4,12.84538,0.518042,75.324,397
48.676519788336, 17.5587,48.7596168885939, 16.8879,4,16.67923,4,11.16157,0.582729,75.006096,397
48.6933168875985, 14.985,48.7771689887159, 19.3751,4,16.67859,4,9.232625,1.282816,77.2878,397
48.7099940883927, 16.5319,48.7925636884756, 15.3028,4,16.67853,4,9.490259,0.312403,77.400096,397
48.7286142888479, 18.778,48.8105198876001, 16.26,4,16.67933,4,12.53244,0.19339,77.415104,397
48.7427397887222, 16.821,48.8272384875454, 16.7303,4,16.67938,4,12.42696,-0.138223,78.831904,397
48.7596168885939, 16.9531,48.8425668873824, 15.2775,4,16.67949,4,9.219171,0.172064,75.919504,397
48.7771689887159, 14.6197,48.8601906881668, 19.3049,4,16.67871,4,11.03718,0.165951,75.151,397
48.7925636884756, 16.1608,48.8782884874381, 18.436,4,16.67851,4,10.4882,-0.649768,75.5912,397
48.8105198876001, 18.2668,48.8945757881738, 14.2443,4,16.67911,4,9.22591,-0.170844,77.9778,397
48.8272384875454, 15.6501,48.9096403880976, 15.0665,4,16.67872,4,16.08542,-1.084945,78.786704,397
48.8425668873824, 16.9704,48.9272488872521, 17.6994,4,16.67883,4,16.43204,0.610171,77.179696,397
48.8601906881668, 14.9382,48.9439657866023, 18.4277,4,16.67817,4,16.11505,-0.456676,77.472704,397
48.8782884874381, 17.4346,48.9594477866776, 15.5566,4,16.67846,4,8.177168,0.121576,73.3864,397
48.8945757881738, 18.0675,48.9781149872579, 16.7464,4,16.67899,4,6.041444,1.370497,75.585104,397
48.9096403880976, 17.4721,48.9924131869338, 14.2673,4,16.67929,4,11.97445,-0.017403,78.444896,397
48.9272488872521, 16.813,49.0094566862099, 17.0594,4,16.67934,4,11.34213,-1.128636,78.312896,397
48.9439657866023, 14.5072,49.0254613864236, 17.3173,4,16.67851,4,11.00618,-0.050767,77.8566,397
48.9594477866776, 15.9506,49.0443763858639, 19.4618,4,16.67824,4,10.36112,-1.123328,74.977104,397
48.9781149872579, 19.0723,49.0622778865509, 16.3047,4,16.67914,4,7.076403,-1.457138,75.409504,397
48.9924131869338, 16.9714,49.0774021861143, 15.0289,4,16.67925,4,8.556803,-0.000572,77.943104,397
49.0094566862099, 17.3218,49.0937882852741, 16.4413,4,16.6795,4,9.889236,-0.490432,77.231696,397
49.0254613864236, 14.1595,49.1094060852192, 17.3894,4,16.67854,4,10.88537,-1.219376,77.518,397
49.0443763858639, 17.0854,49.1256433851086, 16.1769,4,16.6787,4,9.916628,-0.656402,77.365296,397
49.0622778865509, 19.1398,49.1436414844356, 18.2812,4,16.67963,4,12.91204,-0.270023,75.277104,397
49.0774021861143, 15.8305,49.1594271841459, 13.6776,4,16.67931,4,13.15897,-1.240449,74.876704,397
49.0937882852741, 15.5811,49.176519583445, 17.0412,4,16.67889,4,10.36173,-0.536357,76.587504,397
49.1094060852192, 14.5922,49.1940750828944, 18.7706,4,16.6781,4,10.67768,-0.001014,77.854096,397
49.1256433851086, 16.8023,49.2104874826036, 16.9461,4,16.67815,4,10.922,0.010237,76.7988,397
49.1436414844356, 19.1387,49.2265421818011, 16.5881,4,16.67908,3,12.18452,-0.616132,65.8921,397
49.1594271841459, 17.5863,49.2434096815996, 16.521,4,16.67942,3,11.89695,-0.732326,60.683,397
49.176519583445, 16.9581,49.2602777811699, 14.8726,4,16.67953,3,12.96146,-0.428175,60.3198,397
49.1940750828944, 14.7529,49.2774141817354, 17.3187,4,16.6788,3,12.36141,-0.05741,62.3937,397
49.2104874826036, 16.86,49.2941612820141, 18.4345,4,16.67887,3,10.08156,-0.178001,56.4781,397
49.2265421818011, 17.2754,49.3101621824317, 16.5392,4,16.67909,3,9.554632,-0.37913,58.5316,397
49.2434096815996, 17.6376,49.3275639819913, 17.0584,4,16.67946,3,10.43063,-0.798692,59.5456,397
49.2602777811699, 16.9872,49.3432244821452, 13.8009,4,16.67957,3,12.60277,-0.599411,60.8034,397
49.2774141817354, 16.1327,49.3608714821748, 17.6099,4,16.67937,3,12.23781,-0.339825,60.6555,397
49.2941612820141, 15.6971,49.3771227817051, 16.1892,4,16.679,3,10.2021,0.245192,61.012,397
49.3101621824317, 15.7753,49.3929821825586, 15.7344,4,16.67866,3,10.08773,0.438452,62.439,397
49.3275639819913, 17.2676,49.4095719824545, 18.6734,4,16.67888,3,9.908492,-0.354453,59.6185,397
49.3432244821452, 17.0216,49.4272754820995, 17.6889,4,16.67901,3,12.58121,1.120111,60.4665,397
49.3608714821748, 16.4719,49.4450156814419, 15.7391,4,16.67893,3,12.32082,0.223403,62.8761,397
49.3771227817051, 16.9981,49.4596759811975, 14.6732,4,16.67905,3,10.34371,-0.442047,61.5909,397
49.3929821825586, 16.8087,49.4774575815536, 17.8133,4,16.6791,3,5.129548,-0.490434,61.1974,397
49.4095719824545, 14.6149,49.4934429810382, 15.9647,4,16.67832,3,11.36755,-0.983228,60.1314,397
49.4272754820995, 16.8171,49.5106236808933, 17.3125,4,16.67837,3,10.46579,-0.869171,62.0096,397
49.4450156814419, 18.5349,49.5274038803764, 18.1924,4,16.67907,3,8.222197,-1.42051,59.5362,397
49.4596759811975, 16.2877,49.5440741800703, 17.0071,4,16.67892,3,9.548547,0.006669,60.4418,397
49.4774575815536, 16.9814,49.5598810804076, 16.2965,4,16.67904,3,12.35623,-0.677619,62.8578,397
49.4934429810382, 16.5554,49.5764530808665, 16.0218,4,16.67899,3,12.26633,0.603641,59.6429,397
49.5106236808933, 17.7393,49.5933845811523, 15.1102,4,16.67939,3,10.68787,-0.818943,59.3754,397
49.5274038803764, 14.0198,49.6104864818044, 17.0803,4,16.67839,3,10.76001,-0.572144,59.6486,397
49.5440741800703, 16.7029,49.6286602825858, 18.3299,4,16.6784,3,13.18403,0.343884,61.7237,397
49.5598810804076, 16.5726,49.6441202829592, 15.3024,4,16.67836,3,11.59142,-0.136634,62.9856,397
49.5764530808665, 18.2007,49.6605873829685, 18.1926,4,16.67893,3,12.38436,-0.649481,62.0178,397
49.5933845811523, 17.1106,49.6763105834834, 15.814,4,16.67909,3,9.497843,-0.216838,61.3726,397
49.6104864818044, 16.3519,49.6937367836945, 17.7598,4,16.67897,3,10.69884,0.240408,62.4828,397
49.6286602825858, 16.6596,49.7109590838663, 16.9929,4,16.67896,3,10.44022,-0.85172,59.1838,397
49.6441202829592, 18.3219,49.7265656837262, 15.9295,4,16.67958,3,11.05713,0.381399,61.5694,397
49.6605873829685, 14.323,49.7434365828522, 14.605,4,16.6787,3,11.43918,1.423756,61.6349,397
49.6763105834834, 16.3678,49.760612082202, 17.3431,4,16.67858,3,12.31574,-0.679932,60.4755,397
49.6937367836945, 16.8764,49.777476482559, 16.9771,4,16.67866,3,10.06609,-0.610155,60.1978,397
49.7109590838663, 16.6345,49.7938095820136, 16.0949,4,16.67864,3,9.44852,1.263805,59.315,397
49.7265656837262, 18.6023,49.8102453821339, 16.5397,4,16.67936,3,12.5172,-0.917151,61.2262,397
49.7434365828522, 14.4345,49.8264155820943, 17.9224,4,16.67852,3,11.21424,0.529411,60.6387,397
49.760612082202, 18.4272,49.8447767817415, 18.7352,4,16.67917,3,10.29943,0.617397,61.8707,397
49.777476482559, 16.6181,49.8609273810871, 15.8205,4,16.67915,3,10.91706,-0.012317,59.1459,397
49.7938095820136, 17.8231,49.8789795809425, 16.1057,4,16.67957,3,10.44769,0.097428,59.389,397
49.8102453821339, 16.1545,49.8943388811313, 15.4044,4,16.67938,3,8.157851,-0.073056,60.6324,397
49.8264155820943, 14.7962,49.9102399810217, 15.8798,4,16.67868,3,12.70959,-0.161974,60.6919,397
49.8447767817415, 16.4006,49.9267782806419, 16.7029,4,16.67857,3,11.047,-0.498436,60.8754,397
49.8609273810871, 15.6568,49.9435438807122, 16.6503,4,16.67819,3,9.536117,0.088141,61.6229,397
49.8789795809425, 18.5829,49.960414880421, 18.5796,4,16.6789,3,9.802772,-0.769518,61.3418,397
49.8943388811313, 14.6332,49.9778378806077, 17.6839,4,16.67814,3,10.19436,0.335401,61.4083,397
49.9102399810217, 18.9948,49.9945852807723, 16.9645,4,16.679,3,11.62597,-0.176488,58.3535,397
49.9267782806419, 16.6902,50.0104377805255, 13.6327,4,16.67901,3,11.89654,-1.275547,61.5836,397
49.9435438807122, 17.5925,50.0272658797912, 17.0611,4,16.67934,3,10.53406,0.438019,59.878,397
49.960414880421, 14.1561,50.0449059805833, 17.5042,4,16.67841,3,8.514718,-0.249242,58.8799,397
49.9778378806077, 16.8147,50.0604766807519, 15.5878,4,16.67846,3,10.507,-0.116751,63.0407,397
49.9945852807723, 16.692,50.0780245806091, 17.4873,4,16.67846,3,9.204688,-0.101237,59.5455,397
50.0104377805255, 18.0229,50.094975580927, 19.1828,4,16.67896,3,11.91235,-1.620572,61.9001,397
50.0272658797912, 17.2401,50.1120946812443, 16.7767,4,16.67917,3,13.04288,0.749757,59.0206,397
50.0449059805833, 16.4113,50.1296040820889, 15.6665,4,16.67907,3,9.367042,-0.006204,61.4801,397
50.0604766807519, 17.2562,50.1445769821294, 14.9112,4,16.67929,3,10.17615,-0.938034,60.6686,397
50.0780245806091, 16.3972,50.1606348813511, 16.0878,4,16.67918,3,9.853537,-0.217813,59.8514,397
50.094975580927, 15.5121,50.1784805809148, 17.7989,4,16.67875,3,11.80017,0.229841,59.2056,397
50.1120946812443, 16.5838,50.1952268802561, 16.6813,4,16.67871,3,13.34854,-0.085506,61.1648,397
50.1296040820889, 18.3292,50.2115706806071, 18.3436,4,16.67932,3,10.9358,-1.229053,60.0487,397
50.1445769821294, 14.9769,50.2280630809255, 16.3935,4,16.6787,3,9.787934,0.0657,60.3137,397
50.1606348813511, 18.7699,50.2434361805208, 15.8566,4,16.67947,3,10.68541,-0.285547,59.3947,397
50.1784805809148, 16.2762,50.2612028797157, 15.5074,4,16.67932,3,11.95836,-1.066794,59.0784,397
50.1952268802561, 15.7918,50.2773795803078, 16.2309,4,16.67899,3,11.53611,-0.081041,60.816,397
50.2115706806071, 14.9877,50.2944008805789, 17.3765,4,16.67837,3,9.607953,-0.093488,61.7204,397
50.2280630809255, 17.0313,50.3111750804819, 17.8375,4,16.6785,3,12.9305,-0.545035,61.8771,397
50.2434361805208, 18.239,50.3275278811343, 16.6313,4,16.67907,3,11.57575,0.14774,62.2104,397
50.2612028797157, 16.9349,50.3443469819613, 17.2271,4,16.67917,3,9.749994,0.156833,62.0776,397
50.2773795803078, 18.1284,50.3605757826008, 14.043,4,16.6797,3,17.40554,-0.22124,58.4409,397
50.2944008805789, 14.5146,50.3774513830431, 16.7127,4,16.6789,3,16.43439,-0.212211,60.9656,397
50.3111750804819, 15.0338,50.3936655824073, 17.8928,4,16.6783,3,16.48133,-0.248724,63.0519,397
50.3275278811343, 17.0966,50.4102924824692, 16.964,4,16.67845,3,6.40136,-1.179831,60.3577,397
50.3443469819613, 19.1532,50.4285476827063, 18.6968,4,16.67936,3,4.936967,-1.305419,61.4866,397
50.3605757826008, 16.2691,50.4443530836143, 13.3886,4,16.67921,3,11.66584,0.527987,59.0129,397
50.3774513830431, 17.0811,50.461672083009, 17.514,4,16.67936,3,11.89271,-0.477096,59.6689,397
50.3936655824073, 13.8532,50.4782233838923, 16.3863,4,16.67832,3,10.16562,-0.171494,61.8061,397
50.4102924824692, 17.494,50.4933123835362, 16.7826,4,16.67862,3,9.969631,0.90656,61.0504,397
50.4285476827063, 17.82,50.5110546839423, 18.1045,4,16.67904,3,6.709719,-0.480028,60.3061,397
50.4443530836143, 16.7634,50.527434783522, 16.6112,4,16.67907,3,13.05671,-0.001102,60.0974,397
50.461672083009, 17.2317,50.544766983483, 15.143,4,16.67927,3,9.191196,-0.991125,61.5762,397
50.4782233838923, 16.0111,50.5603118832223, 15.6099,4,16.67903,3,10.46509,0.374913,60.199,397
50.4933123835362, 15.2776,50.5773409823887, 16.9894,4,16.67851,3,12.01034,-0.106792,60.5476,397
50.5110546839423, 16.4645,50.5951030827127, 17.7306,4,16.67844,3,10.86363,-0.108926,62.1471,397
50.527434783522, 18.3558,50.6105741825886, 17.2996,4,16.67905,3,12.239,-0.506922,59.5315,397
50.544766983483, 16.796,50.6279845819809, 17.8011,4,16.67909,3,11.71883,0.539132,59.7017,397
50.5603118832223, 16.357,50.6279845819809, 4.4436,4,16.67897,3,11.19729,-0.98762,57.3982,397
50.5773409823887, 16.7224,50.6460956824012, 11.5131,4,16.67899,3,9.601892,-0.748914,61.6757,397
50.5951030827127, 15.8015,50.6615821826272, 15.4384,4,16.67867,3,9.856026,-0.260505,60.2423,397
50.6105741825886, 15.4289,50.6773182819597, 17.5022,4,16.67821,3,11.84732,0.552536,60.2307,397
50.6279845819809, 20.583,50.693738581147, 14.6752,4,16.67964,3,12.24357,0.013303,61.3551,397
50.6460956824012, 14.4866,50.7103463816456, 16.545,3,16.67884,3,8.75402,-1.465135,61.895,397
50.6615821826272, 16.9455,50.7283765817992, 17.9449,3,16.67894,3,10.98441,-0.810054,58.8484,397
50.6773182819597, 14.51,50.7440952821635, 15.7686,3,16.67814,3,10.2969,-0.590994,61.249,397
50.693738581147, 19.0238,50.7613020814024, 18.8748,3,16.679,3,12.10636,-0.310297,60.183,397
50.7103463816456, 16.3702,50.7776037822478, 16.7268,3,16.67889,3,11.0753,0.102921,58.2305,397
50.7283765817992, 16.6083,50.7975289816968, 18.0348,3,16.67886,3,11.79673,-0.721273,60.8131,397
50.7440952821635, 17.6611,50.8124186820351, 14.8394,3,16.67922,3,11.36335,-0.384006,60.4869,397
50.7613020814024, 14.2426,50.827628382016, 15.0909,3,16.67833,3,10.87409,-1.25512,60.5569,397
50.7776037822478, 16.8171,50.8451661826111, 19.2267,3,16.67838,3,10.3656,0.029186,58.7647,397
50.7975289816968, 18.4185,50.8619416826405, 17.1318,3,16.67902,3,12.16618,0.373598,61.8131,397
50.8124186820351, 16.8527,50.8785762828775, 16.4587,3,16.67908,3,11.58867,-0.354287,60.4176,397
50.827628382016, 17.1393,50.894329783041, 16.0743,3,16.67925,3,12.55451,-0.298392,59.0371,397
50.8451661826111, 14.6506,50.912993483711, 16.5279,3,16.67851,3,5.87822,0.58248,63.8704,397
50.8619416826405, 16.761,50.9274609838612, 14.2871,3,16.67854,3,11.22141,1.018205,59.8717,397
50.8785762828775, 16.1823,50.9445255831815, 17.1024,3,16.67836,3,11.618,-1.040388,59.8686,397
50.894329783041, 17.2032,50.96226958232, 19.604,3,16.67855,3,11.32449,-1.480086,60.3701,397
50.912993483711, 18.8405,50.9775247820653, 15.6247,3,16.67933,3,12.06479,-0.20119,60.5495,397
50.9274609838612, 17.4045,50.9949034829624, 17.1378,3,16.6796,3,10.33712,0.041043,60.8485,397
50.9445255831815, 16.0407,51.0112636820413, 16.3137,3,16.67937,3,9.378995,-0.899927,59.6709,397
50.96226958232, 14.777,51.0299489819445, 16.8513,3,16.67868,3,10.75659,-1.185079,59.7049,397
50.9775247820653, 16.8606,51.0466174823232, 18.1218,3,16.67874,3,12.89579,-1.109589,58.3226,397
50.9949034829624, 16.8859,51.0619601826183, 15.9185,3,16.67882,3,13.23789,-0.764964,60.3399,397
51.0112636820413, 16.4752,51.0780128831975, 15.8293,3,16.67874,3,10.22886,-0.853387,59.9476,397
51.0299489819445, 16.4696,51.0952113824897, 17.5789,3,16.67867,3,9.876627,-0.155204,60.3792,397
51.0466174823232, 18.2542,51.1123090828769, 14.9542,3,16.67924,3,12.76198,-0.565004,61.625,397
51.0619601826183, 13.7343,51.1285967822187, 16.1198,3,16.67817,3,12.93349,-0.433541,59.6223,397
51.0780128831975, 16.5735,51.1451146821491, 16.639,3,16.67813,3,12.99246,0.020765,60.5165,397
51.0952113824897, 16.6046,51.1606832821853, 15.445,3,16.67811,3,10.85859,0.365051,58.7424,397
51.1123090828769, 18.8896,51.179308781866, 18.6104,3,16.67891,3,10.4308,-0.135203,58.535,397
51.1285967822187, 16.8385,51.1951883812435, 15.9559,3,16.67896,3,11.9725,-0.385203,61.0984,397
51.1451146821491, 16.7201,51.2118347813375, 18.6303,3,16.67898,3,11.54584,-0.834641,58.3405,397
51.1606832821853, 17.0342,51.2285029818304, 16.4465,3,16.67911,3,12.17373,-0.214168,62.241,397
51.179308781866, 16.2386,51.2453495827504, 17.4702,3,16.67895,3,10.13695,-1.087665,61.2678,397
51.1951883812435, 17.3057,51.2622713823803, 14.5806,3,16.67917,3,9.551903,-0.776799,64.0333,397
51.2118347813375, 14.8161,51.2772401827388, 15.0596,3,16.6785,3,9.979703,0.606876,61.7229,397
51.2285029818304, 16.6216,51.2947779833339, 17.8645,3,16.67848,3,10.16494,-1.119332,63.1598,397
51.2453495827504, 16.3904,51.311351783108, 16.4489,3,16.67838,3,12.61657,-0.796873,62.4511,397
51.2622713823803, 18.1622,51.3294560830109, 18.345,3,16.67891,3,11.89097,-0.024444,61.0393,397
51.2772401827388, 16.4382,51.3450050833635, 17.1875,3,16.67883,3,11.1677,0.181913,59.8443,397
51.2947779833339, 16.7724,51.3617798830383, 16.5061,3,16.67886,3,10.60962,-0.830486,60.0686,397
51.311351783108, 16.5659,51.3783949832432, 16.6208,3,16.67882,3,8.809932,0.168435,58.8741,397
51.3294560830109, 17.2699,51.3946821833961, 14.2098,3,16.67903,3,12.96427,-0.379088,61.2238,397
51.3450050833635, 14.3516,51.4121922827326, 17.5815,3,16.6782,3,12.57004,-0.939859,61.211,397
51.3617798830383, 16.7842,51.4273761822842, 15.0769,3,16.67823,3,10.13249,0.586895,60.4378,397
51.3783949832432, 19.0742,51.4454278829508, 18.0768,3,16.67909,3,9.734486,-0.137969,60.0146,397
51.3946821833961, 14.6785,51.4621111820452, 18.8389,3,16.67838,3,10.41156,-1.046326,60.7944,397
51.4121922827326, 18.9288,51.4774157819338, 15.4326,3,16.67918,3,11.51609,-0.204191,60.6373,397
51.4273761822842, 16.2837,51.4954067827202, 18.6389,3,16.67904,3,12.34286,-1.461761,59.8117,397
51.4454278829508, 16.4156,51.5115908836015, 13.5533,3,16.67895,3,11.14991,-0.17637,59.0003,397
51.4621111820452, 14.6494,51.5286559839733, 17.0975,3,16.67822,3,9.079669,-0.522632,59.9022,397
51.4774157819338, 17.2127,51.5449933842756, 16.4026,3,16.67841,3,9.651826,-0.515847,58.7481,397
51.4954067827202, 18.0935,51.5621666838415, 17.2677,3,16.67892,3,12.64939,0.015484,59.7308,397
51.5115908836015, 16.5124,51.5784782846458, 15.8664,3,16.67886,3,11.75166,-0.007173,62.4783,397
51.5286559839733, 17.2616,51.5975971841253, 19.2202,3,16.67907,3,13.26567,-0.626743,60.1419,397
51.5449933842756, 16.7864,51.6113988845609, 15.6699,3,16.67911,3,10.28873,0.966254,59.4871,397
51.5621666838415, 16.2612,51.6299069854431, 16.5257,3,16.67896,3,10.46335,0.019572,61.4638,397
51.5784782846458, 16.4566,51.6454194854014, 15.5383,3,16.67888,3,10.23412,-1.227792,60.2837,397
51.5975971841253, 17.0445,51.6621088846587, 16.7268,3,16.67901,3,11.77807,-0.024565,59.6568,397
51.6113988845609, 14.8686,51.6783552854322, 16.6065,3,16.67836,3,11.80064,0.071427,61.6839,397
51.6299069854431, 15.9489,51.6954327854328, 16.853,3,16.6781,3,12.35915,1.474281,60.7721,397
51.6454194854014, 19.4768,51.7132854848169, 19.6322,3,16.6791,3,8.921728,0.18017,61.6728,397
51.6621088846587, 15.7206,51.7292987848632, 16.0544,3,16.67876,3,9.806092,-0.522186,60.5749,397
51.6783552854322, 17.0845,51.7456671851687, 16.9504,3,16.6789,3,10.79027,0.480296,61.1125,397
51.6954327854328, 17.1415,51.7615515845828, 13.5051,3,16.67907,3,9.671673,-0.161676,62.3316,397
51.7132854848169, 14.5349,51.7784595838748, 17.0589,3,16.6783,3,11.65932,0.065124,60.5753,397
51.7292987848632, 16.4633,51.7956038839184, 18.5493,3,16.67822,3,10.22433,0.422322,59.5886,397
51.7456671851687, 18.9171,51.8117397832684, 16.2225,3,16.67902,3,11.57209,-0.088201,61.7612,397
51.7615515845828, 16.2776,51.8287589824758, 17.4137,3,16.67888,3,12.1455,0.038324,61.9165,397
51.7784595838748, 17.4535,51.8459764826111, 14.9717,3,16.67916,3,9.273476,-0.00226,59.377,397
51.7956038839184, 15.1313,51.8616845826618, 15.7868,3,16.6786,3,10.01768,-1.205729,61.7112,397
51.8117397832684, 16.2513,51.8783163833432, 18.3961,3,16.67845,3,9.367978,-0.44015,62.0301,397
51.8287589824758, 18.2552,51.8957825838588, 17.4907,3,16.67901,3,11.188,-0.63099,60.9719,397
51.8459764826111, 18.1379,51.9128613839857, 17.394,3,16.67953,3,11.66088,-0.46514,63.5824,397
51.8616845826618, 16.6623,51.9297260842286, 16.4533,3,16.67953,3,10.04086,-0.982162,60.6166,397
51.8783163833432, 12.8383,51.9458288843744, 14.3156,3,16.67816,3,9.799229,0.089509,60.1647,397
51.8957825838588, 18.0442,51.9624509843998, 16.6668,3,16.67865,3,10.81115,-0.272613,60.1273,397
51.9128613839857, 17.3096,51.9800325850956, 17.657,3,16.67887,3,12.23329,0.115874,61.9841,397
51.9297260842286, 17.3176,51.9972479841672, 18.9167,3,16.6791,3,12.54404,-0.857781,59.8799,397
51.9458288843744, 17.1808,52.0113710840233, 14.5659,3,16.67928,3,10.50166,-0.261489,60.851,397
51.9624509843998, 16.5043,52.0283376839943, 16.6916,3,16.67921,3,10.65909,0.203783,61.5025,397
51.9800325850956, 16.8185,52.0447484836914, 14.4967,3,16.67926,3,9.405013,-0.063557,58.4572,397
51.9972479841672, 13.5509,52.0625779838301, 17.8278,3,16.67815,3,12.05733,-1.352204,56.7726,397
52.0113710840233, 17.2395,52.0783515837975, 15.8061,3,16.67835,3,11.57698,-0.872261,60.4252,397
52.0283376839943, 17.8812,52.0944952839054, 17.8686,3,16.67878,3,10.79929,0.061894,58.0169,397
52.0447484836914, 17.3729,52.1125903842039, 18.4983,3,16.67903,3,10.10052,-1.29141,62.2641,397
52.0625779838301, 16.0216,52.1295872838236, 16.5601,3,16.67879,3,11.45526,0.822336,60.6323,397
52.0783515837975, 17.124,52.1453322847374, 14.0774,3,16.67895,3,11.78,-0.781988,60.4126,397
52.0944952839054, 14.5431,52.1623228848912, 16.9429,3,16.67819,3,12.95706,0.698859,59.4451,397
52.1125903842039, 17.192,52.1784941856749, 16.1254,3,16.67838,3,11.00681,-0.13928,59.4122,397
52.1295872838236, 18.7608,52.1952641853131, 16.8076,3,16.67911,3,9.67021,-1.029668,60.4333,397
52.1453322847374, 16.6769,52.2123199854977, 19.2607,3,16.67911,3,13.06956,-1.383028,59.8659,397
52.1623228848912, 17.1124,52.2294868850149, 16.7846,3,16.67926,3,10.88689,-0.145051,57.9993,397
52.1784941856749, 16.0748,52.247284584213, 16.1442,3,16.67905,3,12.39964,-0.935634,58.8726,397
52.1952641853131, 16.7415,52.2623013840057, 14.9486,3,16.67907,3,9.24708,-1.437782,62.7362,397
52.2123199854977, 14.294,52.2796125845052, 17.3431,3,16.67823,3,9.967868,-0.028025,61.4447,397
52.2294868850149, 17.3102,52.2955618840642, 15.9139,3,16.67845,3,12.87083,-0.530623,60.3056,397
52.247284584213, 18.1371,52.3124687843956, 16.7961,3,16.67897,3,13.23765,-0.756229,58.7416,397
52.2623013840057, 14.9269,52.3298581843264, 19.7198,3,16.67835,3,11.78163,-0.665858,60.7499,397
52.2796125845052, 19.1684,52.3455080841668, 15.1696,3,16.67923,2,10.95598,0.4071,61.0468,397
52.2955618840642, 16.5192,52.361680584494, 16.5149,3,16.67917,1,11.03102,0.173458,59.5311,397
52.3124687843956, 16.7704,52.3792886850424, 17.2716,3,16.6792,0,11.81592,-0.075684,59.6756,397
52.3298581843264, 14.2814,52.3955665850081, 14.4615,3,16.67836,7,12.27883,-0.242026,10.4978,397
52.3455080841668, 17.0587,52.4128398844041, 17.3569,3,16.67849,6,12.54116,-1.805568,26.9451,397
52.361680584494, 16.6603,52.4284351845272, 15.4825,3,16.67849,6,10.9505,0.14189,36.6623,397
52.3792886850424, 18.8003,52.4472101838328, 18.8333,3,16.67923,6,11.28084,-0.157352,53.2581,397
52.3955665850081, 16.4256,52.4622766836546, 15.0432,3,16.67915,6,11.58208,0.005506,68.774704,397
52.4128398844041, 16.747,52.4793228837661, 18.7636,3,16.67917,6,9.899026,-0.257568,81.446,397
52.4284351845272, 17.0251,52.4957765839063, 16.6404,3,16.67929,5,11.91427,0.220044,98.749104,397
52.4472101838328, 16.4177,52.5124243847094, 16.8431,3,16.6792,5,18.09701,-0.057206,96.294304,397
52.4622766836546, 16.2475,52.5301705854945, 17.4989,3,16.67905,5,16.14225,-0.515094,95.3686,397
52.4793228837661, 15.5704,52.5456082853489, 13.5598,3,16.67866,5,16.44369,0.351092,96.0222,397
52.4957765839063, 16.5879,52.5631405855529, 17.4824,3,16.67863,5,8.451768,-0.698279,94.087504,397
52.5124243847094, 16.9572,52.5783603857271, 15.1828,3,16.67872,5,5.305356,0.571976,94.833,397
52.5301705854945, 18.5402,52.5965559850447, 18.3322,3,16.67938,5,11.47061,-0.005293,94.7708,397
52.5456082853489, 15.9097,52.6132238856517, 18.4725,3,16.67911,5,11.67849,0.251956,96.943696,397
52.5631405855529, 17.0319,52.6292397859506, 14.2736,3,16.67923,5,10.71421,0.247232,94.388704,397
52.5783603857271, 16.4458,52.6476018852554, 20.3459,3,16.67915,5,9.465379,-0.971498,92.81,397
52.5965559850447, 16.7786,52.6630154852755, 15.8056,3,16.67918,5,6.226924,0.205772,93.932496,397
52.6132238856517, 14.2749,52.6802843851037, 17.0397,3,16.67834,5,9.241093,-0.724865,93.7904,397
52.6292397859506, 18.4756,52.6968648848124, 16.1652,3,16.67897,5,9.840444,-0.481218,93.7154,397
52.6476018852554, 14.591,52.7125702840276, 16.027,3,16.67824,5,9.318468,0.193712,91.446704,397
52.6630154852755, 17.8732,52.7318724845536, 17.1643,3,16.67866,5,11.4944,-0.431415,90.702704,397
52.6802843851037, 16.9723,52.7474153847434, 15.5598,3,16.67876,5,12.74833,-0.13185,92.418096,397
52.6968648848124, 16.4165,52.7627190849744, 15.2218,3,16.67867,5,9.886265,-0.064882,93.4572,397
52.7125702840276, 16.2926,52.7792279846035, 16.5161,3,16.67853,5,10.47572,-0.837853,92.241504,397
52.7318724845536, 17.7833,52.7957649840973, 16.5882,3,16.67892,5,10.08989,-0.458204,92.976704,397
52.7474153847434, 16.8659,52.8129276833497, 19.2167,3,16.67899,5,11.23882,-0.061679,94.1432,397
52.7627190849744, 16.972,52.830089983996, 16.9579,3,16.67909,5,12.02235,-0.491128,93.151,397
52.7792279846035, 16.7688,52.8459740835242, 15.9953,3,16.67912,5,10.14928,0.392478,94.0222,397
52.7957649840973, 17.3967,52.8626924841665, 16.9737,3,16.67937,5,9.942653,0.133152,93.725,397
52.8129276833497, 13.8465,52.8795245843939, 14.6252,3,16.67838,5,12.4717,0.210804,94.275696,397
52.830089983996, 18.1375,52.8974277838133, 17.981,3,16.67889,5,12.19818,-0.066544,92.551104,397
52.8459740835242, 16.565,52.9132539830171, 15.7384,3,16.67885,4,11.61763,-1.118592,82.706496,397
52.8626924841665, 18.6469,52.9293715837412, 17.8346,3,16.67954,4,12.02032,-0.48784,79.980704,397
52.8795245843939, 16.1991,52.9458856838755, 17.1016,3,16.67937,4,9.535148,-0.227188,79.9078,397
52.8974277838133, 17.6995,52.9628956834786, 16.5439,3,16.67972,4,9.260596,-0.641636,78.5904,397
52.9132539830171, 16.1045,52.9799336842261, 17.0868,3,16.67952,4,11.30314,-0.827984,77.7946,397
52.9293715837412, 14.6736,52.9971448848955, 17.4213,3,16.67883,4,11.77619,0.215468,74.865104,397
52.9458856838755, 16.7153,53.0135668846779, 14.3783,3,16.67884,4,10.50494,0.21193,77.809104,397
52.9628956834786, 16.7349,53.0297563853674, 16.0795,3,16.67886,4,12.21929,-0.936183,77.4714,397
52.9799336842261, 15.4943,53.0470394860022, 17.4706,3,16.67845,4,9.951336,-0.456716,77.855296,397
52.9971448848955, 16.5856,53.0625748862512, 15.4052,3,16.67841,4,16.97358,-0.045128,77.001104,397
53.0135668846779, 17.9003,53.0797981866635, 17.2731,3,16.67884,4,17.16383,-0.922705,78.353296,397
53.0297563853674, 17.0728,53.0971254860051, 19.1002,3,16.67897,4,7.34487,0.033604,77.129296,397
53.0470394860022, 16.8277,53.1129794851877, 15.9149,3,16.67903,4,2.942383,0.806457,78.3404,397
53.0625748862512, 16.6946,53.1302238856442, 17.5951,3,16.67903,4,10.45242,-0.241988,77.845,397
53.0797981866635, 17.3489,53.1467991848476, 16.2504,3,16.67926,4,10.18993,-0.678686,76.302704,397
53.0971254860051, 14.8471,53.1640369840898, 15.3847,3,16.67863,4,11.6348,-0.974391,79.216704,397
53.1129794851877, 15.8095,53.1805024840869, 17.0273,3,16.67833,4,12.3315,-0.950117,79.473904,397
53.1302238856442, 16.9671,53.19628828438, 15.2106,3,16.67843,4,5.075743,-0.699089,76.763696,397
53.1467991848476, 17.752,53.2129992847331, 16.7647,3,16.6788,4,8.798288,-0.521647,76.684,397
53.1640369840898, 17.3388,53.2306411848404, 19.5108,3,16.67903,4,9.978686,0.931538,77.060704,397
53.1805024840869, 16.0456,53.2488080845214, 16.2012,3,16.67881,4,9.588591,-0.563465,77.9738,397
53.19628828438, 16.9089,53.2631654846482, 14.3687,3,16.67889,4,8.673617,0.677563,76.8124,397
53.2129992847331, 17.2095,53.2816108851694, 19.5436,3,16.67907,4,10.62299,0.791125,76.9134,397
53.2306411848404, 14.8676,53.2962780850939, 15.1867,3,16.67845,4,12.48705,-0.792044,77.734304,397
53.2488080845214, 17.984,53.3128416850232, 16.9251,3,16.6789,4,12.10146,0.222596,77.7434,397
53.2631654846482, 14.9787,53.3301732852124, 17.5891,3,16.67831,4,10.80186,-0.815963,75.9902,397
53.2816108851694, 19.6767,53.347441484686, 16.7101,3,16.67934,4,12.21604,-0.806383,76.862896,397
53.2962780850939, 13.9075,53.3625487848185, 13.4559,3,16.67839,4,9.058975,-0.316701,76.830896,397
53.3128416850232, 17.0538,53.3795453845523, 17.0166,3,16.67852,4,8.774144,-0.316027,76.771504,397
53.3301732852124, 16.5666,53.3978749844246, 18.4216,3,16.67848,4,10.4391,0.168021,78.2506,397
53.347441484686, 17.9346,53.4138317848556, 15.8296,3,16.67891,4,9.862663,0.17463,76.654,397
53.3625487848185, 17.1043,53.4303532852791, 18.075,3,16.67906,4,8.522383,-1.313341,76.287696,397
53.3795453845523, 16.9005,53.4493263862096, 17.5619,3,16.67913,4,10.2439,-0.91755,75.663504,397
53.3978749844246, 17.3993,53.463881786447, 14.3444,3,16.67938,4,12.14273,0.193817,77.5518,397
53.4138317848556, 17.3363,53.4795043864287, 15.6508,3,16.67961,4,12.08988,-0.335834,77.373504,397
53.4303532852791, 14.6013,53.4977133856155, 18.254,3,16.67889,4,11.57557,1.002741,78.5666,397
53.4493263862096, 18.2656,53.5136184864677, 15.856,3,16.67944,4,9.825941,-1.109037,77.702896,397
53.463881786447, 15.1271,53.5312086869963, 19.3741,3,16.67891,4,11.08075,-0.547219,76.079904,397
53.4795043864287, 18.0177,53.5475425873883, 16.3847,3,16.67937,4,10.65398,0.337579,76.075296,397
53.4977133856155, 17.4548,53.5643348866142, 17.2358,3,16.67963,4,11.55393,0.262058,77.2436,397
53.5136184864677, 17.0459,53.5807923865505, 16.0782,3,16.67976,4,12.08606,-0.245503,77.1412,397
53.5312086869963, 14.7227,53.5973932859488, 14.6898,3,16.67909,4,10.81404,-0.0984,77.4212,397
53.5475425873883, 15.9871,53.6142681860365, 17.0077,3,16.67885,4,6.747119,-0.086533,76.3598,397
53.5643348866142, 16.9563,53.6306709856726, 16.3881,3,16.67894,4,9.021321,-0.230919,78.682,397
53.5807923865505, 18.478,53.6473373849876, 16.6159,3,16.67956,3,9.358042,-0.676049,76.611296,397
53.5973932859488, 15.4572,53.6637638849206, 16.3252,3,16.67914,2,11.6588,-0.50998,77.526704,397
53.6142681860365, 15.9631,53.6815563854761, 19.8347,3,16.6789,1,12.0539,0.392935,81.3136,397
53.6306709856726, 17.2217,53.6994198863395, 15.9215,3,16.67908,0,10.22603,-0.920954,77.476,397
53.6473373849876, 16.7911,53.714889486786, 15.6511,3,16.67912,7,10.11212,0.368241,12.0984,397
53.6637638849206, 16.0545,53.7296426868998, 14.4898,3,16.67891,6,9.985949,0.393334,29.3835,397
53.6815563854761, 15.1318,53.7466179872863, 17.141,3,16.67838,5,12.54978,-0.922378,37.2649,397
53.6994198863395, 18.5081,53.7636530878954, 18.804,3,16.679,4,12.34177,-0.068798,53.526,397
53.714889486786, 16.8753,53.780825087335, 15.3589,3,16.67907,3,9.639854,1.396371,66.1949,397
53.7296426868998, 16.828,53.7978103882633, 16.9719,3,16.67912,2,11.01696,-1.072298,84.003904,397
53.8630058881827, 135.0046,53.8802443877794, 85.8263,3,16.7196,1,11.44037,-0.656555,98.827296,397
53.8630058881827, 1.8702,53.8964026873, 12.6981,0,16.71452,0,11.38908,0.36676,109.701,397
53.8802443877794, 0.7129,53.8964026873, 6.3301,1,16.70905,7,12.7674,0.369474,11.4317,397
53.8802443877794, 3.1616,53.913834687788, 12.8805,1,16.70442,6,10.16313,-0.830763,27.7853,397
53.8802443877794, 0.6444,53.9309707884677, 17.2384,2,16.69894,6,8.404498,-0.864175,37.4451,397
53.8802443877794, 1.5398,53.9477377892472, 17.0559,3,16.69376,6,10.84336,-1.223111,53.6297,397
53.8802443877794, 1.3411,53.9639467899688, 14.0113,4,16.68852,6,12.45724,-0.872055,70.5662,397
53.8802443877794, 0.5821,53.9810159900226, 17.1985,5,16.68302,6,11.43823,-1.53821,86.141904,397
53.8802443877794, 3.8162,53.9810159900226, 4.5018,6,16.67863,5,9.683463,0.693392,97.842896,397
53.8964026873, 16.7268,53.9982832898386, 14.2722,7,16.67865,5,10.80678,-0.106752,92.094896,397
53.913834687788, 16.8814,54.0139319901355, 15.9558,6,16.67872,5,10.74301,0.36685,94.1624,397
53.9309707884677, 16.9056,54.0311728906818, 17.5591,6,16.67879,5,13.15775,0.074021,96.233696,397
53.9477377892472, 17.9766,54.0475770910271, 16.0417,6,16.67924,5,12.77711,-0.997287,96.9928,397
53.9639467899688, 16.1568,54.0644437917508, 16.9009,6,16.67906,5,12.13511,-1.43208,92.742,397
53.9810159900226, 17.0343,54.0811767918058, 16.972,6,16.67918,5,9.352852,-0.112684,93.296896,397
53.9982832898386, 14.939,54.0986331910826, 17.1125,5,16.67859,5,9.72535,-1.014535,91.7738,397
54.0139319901355, 17.5874,54.1154027902521, 15.032,5,16.6789,5,11.37358,-0.598915,94.062896,397
54.0311728906818, 16.6573,54.1304313899018, 15.0791,5,16.67889,5,11.61699,0.214362,92.8544,397
54.0475770910271, 16.7314,54.1484035891481, 17.8527,5,16.67891,5,10.90798,0.012834,91.945696,397
54.0644437917508, 16.7913,54.1650077891536, 16.6489,5,16.67895,5,11.40728,-0.614067,93.448704,397
54.0811767918058, 16.5208,54.1815857891925, 16.4457,5,16.67889,5,9.803935,-0.411836,93.012704,397
54.0986331910826, 18.4522,54.1976881888695, 16.1825,5,16.67949,5,12.81102,-0.22253,96.594304,397
54.1154027902521, 17.2639,54.2140937880613, 16.5187,5,16.67969,5,12.45094,0.191314,94.4812,397
54.1304313899018, 16.1337,54.2303320881911, 17.8497,5,16.67951,5,10.35737,0.273942,93.8628,397
54.1484035891481, 16.6988,54.2479731873609, 17.7365,5,16.67951,5,10.09027,-0.406124,94.848096,397
54.1650077891536, 16.9804,54.26365678804, 15.7666,5,16.67962,5,10.18074,0.29308,95.2468,397
54.1815857891925, 16.4464,54.2804791876115, 17.1795,5,16.67954,5,10.33833,-0.659076,95.193504,397
54.1976881888695, 16.6556,54.2983121876605, 17.8215,5,16.67953,5,12.14869,0.224947,93.807104,397
54.2140937880613, 17.088,54.3146308870055, 16.0951,5,16.67967,5,11.50796,-0.186659,95.906304,397
54.2303320881911, 14.6662,54.3304825876839, 15.5388,5,16.67898,5,9.750724,-0.941587,94.5972,397
54.2479731873609, 16.9676,54.3465501875617, 16.6691,5,16.67908,5,9.88942,-1.041135,94.343,397
54.26365678804, 16.2296,54.3655738872476, 16.7798,5,16.67893,5,9.510176,-0.090132,94.2478,397
54.2804791876115, 16.5048,54.3803851869889, 14.7785,5,16.67887,5,12.39225,-0.887654,94.770704,397
54.2983121876605, 14.9216,54.3975147870369, 17.2174,5,16.67828,4,11.45936,-1.058028,82.5898,397
54.3146308870055, 16.9381,54.3975147870369, 4.7975,5,16.67836,4,11.94869,0.056901,76.5424,397
54.3304825876839, 16.6409,54.414398687426, 13.9146,5,16.67835,4,12.89923,-0.600723,75.6728,397
54.3465501875617, 17.327,54.4316693865694, 17.3234,5,16.67857,4,10.90223,-0.12276,75.2628,397
54.3655738872476, 17.6541,54.4476209864952, 16.2657,5,16.6789,4,9.889254,-0.002851,78.4972,397
54.3803851869889, 17.4573,54.4664088864811, 16.6618,5,16.67916,4,10.83433,-0.033239,77.435296,397
54.3975147870369, 16.9971,54.4806685862131, 14.0908,5,16.67927,4,12.8369,-0.912031,77.673696,397
54.414398687426, 14.6465,54.4982262854464, 17.5664,4,16.67858,4,11.70842,-1.022232,77.9424,397
54.4316693865694, 17.2454,54.5151443858631, 16.9075,4,16.67878,4,12.42426,-0.811894,77.622704,397
54.4476209864952, 15.4679,54.5310496860184, 15.8735,4,16.67837,4,11.79065,-0.306325,80.4694,397
54.4664088864811, 18.3392,54.5483735860325, 17.4616,4,16.67893,4,10.26884,1.051082,79.477696,397
54.4806685862131, 16.6631,54.564373085741, 18.0153,4,16.67892,4,9.945331,-0.043188,75.364,397
54.4982262854464, 17.7638,54.581133286003, 16.5411,4,16.67929,4,10.32793,-0.256951,77.175504,397
54.5151443858631, 16.1295,54.5981829860248, 17.3391,4,16.6791,4,10.98589,-1.240228,76.1708,397
54.5310496860184, 17.2073,54.6151990857907, 16.7118,4,16.67928,4,12.55612,-0.510025,77.645696,397
54.5483735860325, 17.011,54.6307601858862, 15.4675,4,16.67939,4,12.16052,0.050194,75.4288,397
54.564373085741, 14.2655,54.6474101864733, 17.1791,4,16.67858,4,10.50439,-1.043361,74.697104,397
54.581133286003, 16.6651,54.6665163864382, 16.9234,4,16.67858,4,11.88495,-0.848499,77.9514,397
54.5981829860248, 16.5313,54.6805910863914, 13.8205,4,16.67853,4,10.37103,-0.352954,78.055504,397
54.6151990857907, 16.9788,54.6974005871452, 16.8983,4,16.67863,4,11.23493,-0.121673,76.4392,397
54.6307601858862, 16.724,54.7143711862154, 17.0996,4,16.67864,4,10.15611,-0.472643,76.8858,397
54.6474101864733, 16.9555,54.732332686428, 17.8693,4,16.67874,4,9.840661,-0.70869,78.0328,397
54.6665163864382, 18.3535,54.7476278864779, 17.1916,4,16.6793,4,10.5918,-1.233763,80.188704,397
54.6805910863914, 16.8055,54.7645000857301, 16.908,4,16.67934,4,12.67575,0.398259,78.0784,397
54.6974005871452, 16.6418,54.78160038637, 17.4599,4,16.67933,4,12.00437,-0.105418,78.798,397
54.7143711862154, 16.2522,54.7983775869943, 16.2615,4,16.67918,4,11.70854,-0.579492,77.270304,397
54.732332686428, 17.7805,54.8142201867886, 16.0271,4,16.67955,4,12.29789,-0.018186,77.2236,397
54.7476278864779, 14.6064,54.8316208873875, 15.479,4,16.67886,4,12.43796,-0.826088,77.151104,397
54.7645000857301, 16.5957,54.8481726874597, 16.5631,4,16.67883,4,11.19054,-0.99003,76.754,397
54.78160038637, 16.4956,54.8642832883634, 16.4352,4,16.67877,4,9.134218,-0.852532,77.6548,397
54.7983775869943, 15.5844,54.8816230879165, 17.0625,4,16.6784,4,9.993592,-0.663738,77.3024,397
54.8142201867886, 17.6132,54.8976250872947, 16.0155,4,16.67871,4,10.57419,0.051017,76.305904,397
54.8316208873875, 17.5415,54.9148920872249, 17.175,4,16.679,4,11.84909,0.099708,76.676,397
54.8481726874597, 16.0001,54.9304181872867, 15.3833,4,16.67878,4,12.64953,-0.680852,80.3864,397
54.8642832883634, 16.9976,54.9493435877375, 18.878,4,16.67888,4,12.62033,-0.503417,78.622,397
54.8816230879165, 16.6643,54.9636075873859, 16.4862,4,16.67888,4,12.65514,0.37892,77.3046,397
54.8976250872947, 16.9445,54.9819116876461, 18.1372,4,16.67897,4,10.74938,-0.676651,76.401,397
54.9148920872249, 16.6938,54.9974723872729, 15.8299,4,16.67897,4,9.743192,0.055577,78.2662,397
54.9304181872867, 16.4992,55.0145257865079, 14.8752,4,16.67891,4,9.459652,0.409592,77.6214,397
54.9493435877375, 17.2925,55.0318800867535, 17.2899,4,16.67912,4,12.51002,0.861411,75.3612,397
54.9636075873859, 15.1334,55.0482180868275, 16.2993,4,16.6786,4,12.12578,-0.182838,76.0288,397
54.9819116876461, 16.5653,55.0646041859873, 16.5178,4,16.67856,4,11.30285,-0.028652,76.7066,397
54.9974723872729, 18.7456,55.0817641862668, 18.969,4,16.67925,4,12.39432,-0.606876,78.6754,397
55.0145257865079, 17.0149,55.0973863867112, 15.9532,4,16.67937,4,11.58521,0.530229,76.027,397
55.0318800867535, 15.2066,55.1153525863774, 17.5297,4,16.67887,4,9.081489,0.625162,77.551,397
55.0482180868275, 16.2699,55.1313641858287, 14.2071,4,16.67874,4,8.984038,0.265443,77.941504,397
55.0646041859873, 16.8276,55.1491558854468, 17.7388,4,16.67879,4,10.00215,0.042352,78.9768,397
55.0817641862668, 15.2817,55.1659965855069, 19.0626,4,16.67832,4,11.77068,-1.239915,77.7764,397
55.0973863867112, 16.4718,55.1808647853322, 12.6343,4,16.67825,4,12.36327,-0.091512,75.721904,397
55.2315546856262, 136.2472,55.2491342858411, 70.8682,4,16.71804,4,11.23954,-0.650285,77.365504,397
55.2315546856262, 0.6242,55.2650858857669, 13.4573,0,16.71269,4,11.24226,-0.244452,77.909296,397
55.2315546856262, 2.2702,55.2650858857669, 6.7201,1,16.70789,4,9.573548,-0.185753,75.7886,397
55.2315546856262, 2.1016,55.281869685743, 9.9909,2,16.70303,4,9.858415,-0.510656,75.567296,397
55.2491342858411, 1.84,55.2974566859193, 18.0933,3,16.69809,4,10.68151,-0.407354,75.462096,397
55.2491342858411, 1.806,55.3142884862609, 14.4747,3,16.69314,4,11.85909,-0.852706,79.072896,397
55.2491342858411, 0.6542,55.3327251863666, 18.4624,4,16.68782,4,12.30815,-0.636068,77.1442,397
55.2491342858411, 1.5221,55.3472619862296, 16.3446,5,16.68278,4,11.58695,-1.056279,77.3894,397
55.2491342858411, 4.491,55.3644726858474, 15.3651,6,16.67874,4,10.44736,-1.191938,76.448896,397
55.381760685239, 134.4226,55.398528885562, 36.1536,7,16.7178,4,10.49605,0.400741,75.1836,397
55.381760685239, 0.8276,55.4152130861767, 14.5167,0,16.71253,4,9.946706,-0.442979,76.431696,397
55.381760685239, 1.8398,55.4152130861767, 4.5014,1,16.7076,4,12.58547,0.165082,78.182096,397
55.381760685239, 1.8182,55.4313432858326, 11.5267,2,16.70266,4,12.55558,0.098812,77.442304,397
55.398528885562, 1.7286,55.4475275860168, 17.8638,3,16.6977,4,11.33994,-1.490261,76.056896,397
55.398528885562, 1.536,55.4651338853873, 18.4734,3,16.69268,4,11.05276,-0.493689,78.5638,397
55.398528885562, 0.4196,55.4813852855004, 15.9949,4,16.68729,4,9.035179,-0.804703,78.2994,397
55.398528885562, 1.4926,55.4983567860909, 14.8403,5,16.68226,4,12.32982,-0.149239,77.8066,397
55.398528885562, 6.144,55.4983567860909, 4.4954,6,16.67878,4,11.49269,-1.254189,77.522304,397
55.4152130861767, 17.4157,55.5145392869599, 11.6679,7,16.67902,4,11.78906,-0.897982,77.878096,397
55.4313432858326, 16.9962,55.5317952861078, 19.0633,6,16.67912,4,11.68319,0.138143,79.336896,397
55.4475275860168, 14.5241,55.5485862852074, 16.5958,6,16.67841,4,10.2541,-1.059348,81.8326,397
55.4651338853873, 16.6154,55.5655410853215, 17.3746,6,16.67839,4,10.32334,-0.381018,80.7652,397
55.4813852855004, 18.0656,55.5814204853959, 13.8135,6,16.67885,4,11.86609,1.102669,80.1356,397
55.4983567860909, 17.0031,55.5991045855917, 17.558,6,16.67896,4,12.93568,-0.091771,80.017696,397
55.5145392869599, 17.2734,55.6148592852987, 15.7558,5,16.67915,4,12.62616,-1.01131,81.078704,397
55.5317952861078, 15.0223,55.6320820846595, 17.3139,5,16.6786,4,11.56905,-1.278046,79.2042,397
55.5485862852074, 16.4232,55.647301285062, 15.2068,5,16.67852,4,10.94892,-1.34739,79.207296,397
55.5655410853215, 18.291,55.6646420848556, 17.3806,5,16.67905,4,5.382931,0.047909,76.625104,397
55.5814204853959, 15.9024,55.6820733849891, 17.4049,5,16.6788,4,10.54917,-0.972479,77.805104,397
55.5991045855917, 17.0037,55.6987016857602, 16.5685,5,16.6789,4,11.79051,-0.406241,78.9864,397
55.6148592852987, 16.5379,55.7165616848506, 20.1257,5,16.67886,4,10.96275,-0.838861,76.9244,397
55.6320820846595, 16.8043,55.731725085061, 14.6827,5,16.6789,4,12.97209,0.285607,76.5608,397
55.647301285062, 17.5293,55.7482533841394, 16.9117,5,16.67918,4,13.11279,0.667324,77.4636,397
55.6646420848556, 16.323,55.7657169844024, 17.3071,5,16.67906,4,11.84728,-0.780693,75.4594,397
55.6820733849891, 16.8567,55.7825346845202, 17.2545,5,16.67912,4,12.75874,0.021027,77.924704,397
55.6987016857602, 17.0478,55.7999309836887, 16.9948,5,16.67924,4,10.55836,0.11318,79.406,397
55.7165616848506, 15.0631,55.8151796837337, 13.6762,5,16.67871,4,10.50919,0.072971,80.004704,397
55.731725085061, 14.9014,55.8325200830586, 17.0004,5,16.67813,4,9.155976,-0.865368,76.995904,397
55.7482533841394, 17.2165,55.8484914829023, 15.9072,5,16.6783,4,10.99689,1.128473,75.003696,397
55.7657169844024, 17.179,55.8655146830715, 16.9234,5,16.67847,4,12.58707,-1.051077,77.261296,397
55.7825346845202, 16.8968,55.8823226825334, 16.802,5,16.67854,4,10.03242,-0.621812,77.8968,397
55.7999309836887, 17.5822,55.8985685822554, 18.1048,5,16.67883,4,9.580929,0.39599,76.615296,397
55.8151796837337, 17.6617,55.914685182739, 16.6404,5,16.67916,4,9.803068,-1.052576,74.788304,397
55.8325200830586, 15.7757,55.914685182739, 4.6138,5,16.67886,4,10.40813,-0.358652,75.073,397
55.8484914829023, 17.1503,55.9326672819443, 11.1031,5,16.67902,4,10.55318,-0.663494,76.7174,397
55.8655146830715, 16.4436,55.9483101819642, 15.5748,5,16.67894,4,12.95551,-0.582411,75.917,397
55.8823226825334, 16.6779,55.9645479810424, 16.2665,5,16.67894,4,12.53571,-0.833454,76.954304,397
55.8985685822554, 14.8972,55.9824884817936, 18.131,5,16.67835,4,9.606276,0.042578,77.1526,397
55.914685182739, 20.0335,55.9995818813331, 18.971,5,16.67945,4,10.65965,-0.63596,79.152304,397
55.9326672819443, 14.7369,56.0164037817158, 14.9754,4,16.67882,4,10.20069,-0.106232,80.793904,397
55.9483101819642, 17.3591,56.0324529823847, 17.6293,4,16.67904,4,10.56651,0.268834,78.712304,397
55.9645479810424, 16.7173,56.0488164820708, 16.3953,4,16.67905,4,10.39755,-0.059373,78.0708,397
55.9824884817936, 16.502,56.0677479826845, 19.3482,4,16.679,4,8.954422,-0.23918,78.2178,397
55.9995818813331, 15.0575,56.0820689829998, 14.065,4,16.67846,4,9.71126,-1.347345,77.314896,397
56.0164037817158, 19.2863,56.0992518826388, 15.1724,4,16.67932,4,10.56373,0.606475,75.6624,397
56.0324529823847, 14.7438,56.1158353830688, 16.5552,4,16.67868,4,9.663166,-0.222433,74.614496,397
56.0488164820708, 16.5965,56.1314494828694, 15.5913,4,16.67866,4,11.39127,-0.238282,74.1066,397
56.0677479826845, 16.6021,56.1495509832166, 18.0757,4,16.67863,4,11.94518,-0.252357,76.9906,397
56.0820689829998, 18.3263,56.1655330839567, 16.11,4,16.67917,4,11.99074,-0.10086,77.4888,397
56.0992518826388, 17.6326,56.1825412842445, 16.8993,4,16.67948,4,13.21982,0.158858,77.7188,397
56.1158353830688, 16.0431,56.1997792846523, 19.2984,4,16.67927,4,11.29363,-1.513421,77.1964,397
56.1314494828694, 16.3906,56.2159007838927, 16.4941,4,16.67918,4,12.01688,-0.690934,78.491904,397
56.1495509832166, 17.6845,56.232330783736, 16.0678,4,16.67951,4,10.06546,-0.820961,80.139296,397
56.1655330839567, 15.7222,56.2485412838869, 16.1678,4,16.6792,4,10.29686,0.625179,79.7964,397
56.1825412842445, 16.55,56.2662490843795, 17.6962,4,16.67915,4,9.503842,-0.498841,78.4544,397
56.1997792846523, 14.2341,56.2822013846599, 16.3907,4,16.67836,4,11.60452,-0.436574,78.9296,397
56.2159007838927, 16.2315,56.2984328842722, 14.1206,4,16.67821,4,13.22543,-0.471969,78.1378,397
56.232330783736, 16.757,56.3160378835164, 17.4759,4,16.67824,4,12.00176,-0.902202,77.485904,397
56.2485412838869, 17.0778,56.3316616839729, 15.5496,4,16.67837,4,12.26632,-0.057897,76.3634,397
56.2662490843795, 16.8303,56.3486308841966, 16.7832,4,16.67842,4,10.60144,-1.526773,74.809104,397
56.2822013846599, 18.1003,56.3663907847367, 18.0273,4,16.67888,4,10.09237,-0.135957,77.669,397
56.2984328842722, 16.5556,56.3826663843356, 16.1573,4,16.67884,4,10.26597,-0.105599,77.975296,397
56.3160378835164, 15.4068,56.3988279844634, 16.3177,4,16.67843,3,10.3252,-1.638247,66.5775,397
56.3316616839729, 18.4957,56.4157302840613, 18.1328,4,16.67902,3,12.7964,-0.231566,60.8149,397
56.3486308841966, 16.1899,56.4322684849612, 15.1998,4,16.67886,3,11.89567,-0.756977,61.2555,397
56.3663907847367, 17.4211,56.448457585182, 17.783,4,16.6791,3,13.50176,-0.341295,61.0077,397
56.3826663843356, 16.2507,56.4678669846617, 19.9721,4,16.67896,3,12.104,-0.657254,56.9907,397
56.3988279844634, 16.3423,56.4826718843542, 14.5654,4,16.67885,3,9.937547,-0.174822,61.3392,397
56.4157302840613, 16.1766,56.4994067843072, 14.8593,4,16.67869,3,11.18467,-0.655228,60.9622,397
56.4322684849612, 17.7991,56.5162894851528, 16.8951,4,16.67905,3,9.222777,1.856916,61.3489,397
56.448457585182, 14.8674,56.5330174858682, 16.7326,4,16.67846,3,12.3363,-0.936861,59.9431,397
56.4678669846617, 17.1826,56.5496298852377, 16.5359,4,16.67863,3,11.93625,-1.011769,62.5007,397
56.4826718843542, 18.2989,56.5656089852564, 16.0384,4,16.67915,2,12.21342,-0.317729,61.124,397
56.4994067843072, 16.5352,56.5828498858027, 17.2028,4,16.67911,1,11.62453,-0.315028,61.2418,397
56.5162894851528, 17.2595,56.5990882865153, 17.9361,4,16.67929,0,12.43908,-0.743928,64.7451,397
56.5330174858682, 16.555,56.6175252865069, 18.5245,4,16.67925,7,9.899361,-0.341485,13.4004,397
56.5496298852377, 16.6677,56.6333357873373, 14.0183,4,16.67925,6,10.90087,0.821713,30.0809,397
56.5656089852564, 16.0823,56.6492997868918, 17.6061,4,16.67906,6,11.05973,0.175646,38.8582,397
56.5828498858027, 16.4949,56.6659525870346, 16.8858,4,16.679,6,12.19953,-0.165856,52.3692,397
56.5990882865153, 15.2875,56.6824343870394, 16.3226,4,16.67855,6,12.15333,-0.936981,71.946496,397
56.6175252865069, 16.3863,56.6994374874048, 15.1847,4,16.67845,6,12.21848,-0.711105,85.075,397
56.6333357873373, 19.3018,56.7165781869553, 17.2463,4,16.6793,5,12.00079,-0.259586,99.481504,397
56.6492997868918, 14.4521,56.7327382876538, 16.0965,4,16.67858,5,9.091354,-0.779543,89.8498,397
56.6659525870346, 16.0502,56.749376387801, 16.5932,4,16.67838,5,9.717956,-0.449548,91.651296,397
56.6824343870394, 18.7344,56.7658937885426, 16.6127,4,16.67904,5,9.446381,0.086399,92.378496,397
56.6994374874048, 16.831,56.7825130890124, 16.6097,4,16.67909,5,12.6251,-0.885315,93.140096,397
56.7165781869553, 17.1326,56.7995327892713, 17.0272,4,16.67924,5,12.24079,-0.959149,94.6338,397
56.7327382876538, 16.8514,56.8179111885838, 20.4629,4,16.67929,5,10.37034,-0.147277,91.213296,397
56.749376387801, 17.5758,56.8338742884807, 15.6446,4,16.67958,5,10.82255,0.272862,94.1708,397
56.7658937885426, 16.3727,56.8500495883636, 16.6182,4,16.67948,5,10.0925,0.442315,91.776096,397
56.7825130890124, 16.8189,56.8662633891217, 15.8777,4,16.67953,5,11.80422,-0.130856,94.4258,397
56.7995327892713, 16.3858,56.8833912885748, 15.1195,4,16.67943,5,12.69905,-0.188454,94.497,397
56.8179111885838, 15.3301,56.8999101887457, 16.5792,4,16.679,5,10.97598,0.71087,93.2574,397
56.8338742884807, 14.3481,56.9160248893313, 16.0966,4,16.67825,5,10.16454,1.202156,93.754096,397
56.8500495883636, 17.283,56.9326167884283, 16.5446,4,16.67844,5,9.449685,-1.325808,90.840304,397
56.8662633891217, 18.3594,56.9495935882442, 16.9721,4,16.67898,5,9.675856,-1.058062,92.2756,397
56.8833912885748, 16.1754,56.9665369889699, 18.6826,4,16.67882,5,12.04105,-1.346915,93.933296,397
56.8999101887457, 17.2687,56.9833012889139, 17.0036,4,16.67901,5,12.05493,-0.205794,93.363,397
56.9160248893313, 16.2431,56.9988358891569, 15.7505,4,16.67887,5,11.07514,-1.045919,93.36,397
56.9326167884283, 17.4859,57.0161616890691, 17.2017,4,16.67913,5,8.837908,-1.582811,92.0774,397
56.9495935882442, 16.6437,57.0332597899251, 16.9981,4,16.67912,5,10.95346,-0.175861,91.929904,397
56.9665369889699, 15.0307,57.0497326902114, 16.4886,4,16.67859,5,10.93841,0.151345,92.059696,397
56.9833012889139, 16.2019,57.0676953899674, 18.6968,4,16.67844,5,13.12439,-0.790731,93.418496,397
56.9988358891569, 16.4665,57.0839164904319, 15.4,4,16.67837,5,11.97802,-0.466943,93.734896,397
57.0161616890691, 16.5458,57.0998215912841, 15.9155,4,16.67833,5,12.85191,-1.018055,95.120304,397
57.0332597899251, 16.8032,57.1165314908139, 16.6843,4,16.67837,5,11.65816,-0.89602,95.243296,397
57.0497326902114, 16.9377,57.1343264910392, 17.9994,4,16.67845,4,9.837555,-0.523371,82.182704,397
57.0676953899674, 16.8748,57.1496982914396, 14.999,4,16.67851,4,9.957231,-0.035344,79.0112,397
57.0839164904319, 16.2609,57.1675472916104, 16.2639,4,16.67838,4,12.56304,-0.588075,76.434496,397
57.0998215912841, 17.5457,57.1825554915704, 14.9731,4,16.67866,4,12.29655,-0.574829,79.4208,397
57.1165314908139, 15.677,57.1995028913952, 16.8467,4,16.67834,4,12.85502,0.054002,77.851696,397
57.1343264910392, 16.1426,57.2166640912183, 17.3229,4,16.67816,4,12.72577,-0.712649,76.502704,397
57.1496982914396, 18.741,57.2332696919329, 16.6783,4,16.67882,4,10.13874,-0.520878,76.627696,397
57.1675472916104, 17.2288,57.2501532924362, 16.8654,4,16.679,4,10.03228,0.206349,75.548896,397
57.1825554915704, 16.6492,57.267662292812, 17.5589,4,16.67899,4,10.55343,-0.779956,76.059904,397
57.1995028913952, 16.609,57.2823786926456, 14.5971,4,16.67897,4,12.3028,-1.279916,78.881104,397
57.2166640912183, 16.914,57.3002755925991, 19.3784,4,16.67904,4,11.63815,-0.32771,76.623104,397
57.2332696919329, 16.1325,57.3176068929024, 17.6126,4,16.67887,4,12.40228,-0.770097,77.521696,397
57.2501532924362, 17.0988,57.3349969931878, 17.6975,4,16.679,4,12.28365,-0.149731,76.435104,397
57.267662292812, 16.8163,57.3493424928747, 13.8073,4,16.67905,4,9.241056,-1.236376,74.697104,397
57.2823786926456, 17.4373,57.3664168934338, 15.4451,4,16.67929,4,10.75292,0.858455,78.720304,397
57.3002755925991, 14.5826,57.3833927935921, 16.8407,4,16.67862,4,10.91711,-0.750035,79.2498,397
57.3176068929024, 16.4304,57.4004584937356, 17.0661,4,16.67854,4,10.3244,-0.352834,77.9958,397
57.3349969931878, 16.7941,57.4157492932864, 15.5104,4,16.67858,4,12.54723,-0.619781,79.1798,397
57.3493424928747, 18.6865,57.4326698933728, 16.8599,4,16.67922,4,11.86908,-0.664938,79.0478,397
57.3664168934338, 17.2941,57.4500814941712, 17.5797,4,16.67941,4,13.06724,0.369436,78.715696,397
57.3833927935921, 16.0915,57.4661645949818, 17.7337,4,16.67923,4,10.91263,-0.827887,79.8272,397
57.4004584937356, 17.3632,57.4823041954078, 16.563,4,16.67944,4,12.54983,0.007537,78.214496,397
57.4157492932864, 16.4298,57.4999553957023, 17.4657,4,16.67936,4,10.45968,-1.43517,78.652096,397
57.4326698933728, 16.3568,57.5165085964836, 16.5673,4,16.67926,4,10.49914,0.0317,78.067904,397
57.4500814941712, 15.3905,57.5342176971026, 17.3774,4,16.67885,4,10.33606,0.068452,77.3562,397
57.4661645949818, 15.3135,57.550537396688, 16.9547,4,16.67842,4,9.514687,-0.645531,76.079296,397
57.4823041954078, 16.6529,57.567343196366, 14.5718,4,16.67841,4,12.63476,1.059528,76.165,397
57.4999553957023, 17.0301,57.5840287958272, 16.3879,4,16.67852,4,11.83787,-0.213642,78.850896,397
57.5165085964836, 16.2036,57.600351496134, 16.349,4,16.67837,4,13.3354,0.361418,76.3204,397
57.5342176971026, 17.0358,57.6163057968952, 16.1321,4,16.67848,4,11.67815,0.26816,75.588,397
57.550537396688, 19.0219,57.6337731969543, 17.3687,4,16.67923,4,9.886531,-0.7188,77.700096,397
57.567343196366, 16.8863,57.64964619698, 15.8377,4,16.67929,4,12.29047,0.045031,78.277696,397
57.5840287958272, 17.15,57.6662853960879, 16.6433,4,16.67944,4,8.622142,0.821597,78.951504,397
57.600351496134, 16.4423,57.6837872960605, 19.3253,4,16.67937,4,9.496582,-0.556623,76.9924,397
57.6163057968952, 16.7945,57.7006630958058, 17.2917,4,16.6794,4,9.13484,-0.696708,78.903504,397
57.6337731969543, 15.2343,57.7162570958026, 15.4649,4,16.67895,4,9.6505,-0.868195,79.055104,397
57.64964619698, 16.6875,57.732554896269, 16.1645,4,16.67895,4,10.30387,-0.346714,80.7798,397
57.6662853960879, 17.3825,57.7513492968865, 18.6785,4,16.67917,4,9.825903,0.045917,78.165104,397
57.6837872960605, 15.1117,57.7675913968123, 16.7578,4,16.67867,4,10.94182,-0.748064,78.170496,397
57.7006630958058, 16.6947,57.7843694970943, 16.3515,4,16.67868,4,12.40191,-0.697154,76.769696,397
57.7162570958026, 15.3468,57.8003298980184, 14.0046,4,16.67826,4,12.5652,-0.471504,76.7846,397
57.732554896269, 17.0605,57.8176690977998, 17.5359,4,16.67838,4,12.65581,0.71516,75.5174,397
57.7513492968865, 16.6857,57.8337464970537, 15.8944,4,16.67838,4,10.11408,-0.149908,75.804,397
57.7675913968123, 17.2902,57.8504314967431, 16.6367,4,16.67858,4,9.832764,-0.696732,75.839296,397
57.7843694970943, 18.4516,57.8675392963924, 17.3281,4,16.67913,4,10.51805,-0.900055,76.450096,397
57.8003298980184, 17.1149,57.8832971961237, 15.5605,4,16.67927,4,10.2243,-0.57338,76.1382,397
57.8176690977998, 16.4177,57.900710996706, 19.2775,4,16.67919,4,12.28024,-0.244218,75.262,397
57.8337464970537, 16.8771,57.9173252959736, 17.1833,4,16.67925,4,10.98361,0.321024,76.7596,397
57.8504314967431, 16.5543,57.9343298957683, 16.5535,4,16.67921,4,11.92473,0.063578,78.3562,397
57.8675392963924, 15.8897,57.9343298957683, 4.4909,4,16.67896,4,10.76575,-0.414436,79.0026,397
57.8832971961237, 16.3812,57.9510951959528, 10.6188,4,16.67887,4,10.34188,0.043326,74.8378,397
57.900710996706, 15.7016,57.9672085964121, 16.1411,4,16.67856,4,10.47802,-0.975549,77.409104,397
57.9173252959736, 16.7251,57.9838744965382, 16.4774,4,16.67858,4,10.07248,-0.384675,77.079104,397
57.9343298957683, 20.3951,58.0003618956544, 16.3774,4,16.67975,4,9.329922,0.192493,76.355104,397
57.9510951959528, 15.2988,58.0181670957245, 19.647,3,16.67931,4,11.62984,-0.653071,76.5392,397
57.9672085964121, 15.6048,58.0333448960446, 15.2277,3,16.67897,4,12.23697,-0.0821,75.6416,397
57.9838744965382, 16.6173,58.0499054952525, 17.0038,3,16.67896,4,11.46515,-0.179928,75.439904,397
58.0003618956544, 17.7215,58.0664927954786, 16.3152,3,16.67928,4,12.74257,0.376144,79.5394,397
58.0181670957245, 14.3531,58.0836992948316, 16.9099,3,16.67855,4,12.14941,0.207044,75.805296,397
58.0333448960446, 16.5254,58.1005832939409, 15.149,3,16.6785,4,9.724071,-0.726084,77.545696,397
58.0499054952525, 16.971,58.1176184932701, 17.0884,3,16.67859,4,10.4889,-0.651693,77.7212,397
58.0664927954786, 17.3128,58.1360002937727, 20.8152,3,16.67879,4,9.574528,0.249219,77.9676,397
58.2008047946729, 133.1286,58.2178122946061, 81.783,3,16.71538,4,10.00386,-0.326253,79.484496,397
58.2008047946729, 2.5993,58.2351242941804, 16.8435,0,16.71095,4,11.29846,-0.545899,74.0316,397
58.2008047946729, 1.9943,58.2351242941804, 4.4285,1,16.70633,,10.95808,-0.493696,,397
58.2008047946729, 0.4645,58.2508492940105, 9.2424,2,16.70123,,12.42069,-0.764805,,397
58.2178122946061, 3.0623,58.2674794946797, 16.5941,3,16.69695,,12.34128,-0.96355,,397
58.2178122946061, 0.7451,58.2856608950533, 20.3002,3,16.69194,,9.504553,-0.293138,,397
58.2178122946061, 1.5689,58.3006384954788, 14.7165,4,16.6872,,9.986399,0.329944,,397
58.2178122946061, 1.2608,58.3174451948144, 16.7751,5,16.68237,,12.2964,-1.187035,,397
58.2178122946061, 5.748,58.3174451948144, 4.6207,6,16.67894,,9.436405,-0.966647,,397
58.2351242941804, 19.8198,58.3340744939633, 10.1885,7,16.67992,,10.92575,0.706994,,397
58.2508492940105, 15.5948,58.3513255943544, 17.396,6,16.67958,,10.67554,0.011459,,397
58.2674794946797, 16.0827,58.368275294546, 16.81,6,16.6794,,9.767956,-0.102224,,397
58.2856608950533, 15.5311,58.3839129940607, 16.2928,6,16.67904,,9.738035,0.228566,,397
58.3006384954788, 15.3251,58.4012443949468, 16.8177,6,16.67861,,12.96445,-0.015828,,397
58.3174451948144, 19.5036,58.4173680958338, 16.0816,6,16.6795,,12.62201,-1.043768,,397
58.3340744939633, 15.8463,58.4358290960081, 18.8042,5,16.67924,,10.88004,0.489626,,397
58.3513255943544, 16.7985,58.4504028963856, 14.404,5,16.67927,,11.73442,-0.289641,,397
58.368275294546, 16.6053,58.4682818963192, 19.2544,5,16.67925,,10.33803,0.662026,,397
58.3839129940607, 16.9461,58.4852345972322, 17.0175,5,16.67933,,9.457128,0.259367,,397
58.4012443949468, 16.5371,58.5005445969291, 15.2973,5,16.67929,,11.79417,0.35648,,397
58.4173680958338, 16.5622,58.5172793962993, 17.0578,5,16.67925,,12.82257,0.153331,,397
58.4358290960081, 17.1296,58.5335074965842, 14.2146,5,16.67939,,11.24844,0.090587,,397
58.4504028963856, 16.3184,58.5512571972795, 17.7532,5,16.67928,,12.07117,0.273725,,397
58.4682818963192, 14.6369,58.5673789964058, 16.2944,5,16.67864,,9.375733,-0.039517,,397
58.4852345972322, 17.6517,58.5845657964237, 17.0808,5,16.67895,,9.66872,0.001186,,397
58.5005445969291, 15.725,58.6003414955921, 15.7231,5,16.67865,,9.114269,-0.309297,,397
58.5172793962993, 18.6028,58.617575396318, 17.3188,5,16.67925,,9.714013,0.810082,,397
58.5335074965842, 16.8459,58.6343258959241, 16.6982,5,16.6793,,11.70798,0.135775,,397
58.5512571972795, 17.1229,58.6515844953246, 17.2519,5,16.67944,,11.37942,0.779998,,397
58.5673789964058, 14.628,58.6675965958275, 15.9862,5,16.6788,,11.66731,-1.098206,,397
58.5845657964237, 16.5242,58.6844419953413, 16.8399,5,16.67875,,11.7332,-0.831777,,397
58.6003414955921, 17.257,58.7014243961312, 18.6423,5,16.67893,,12.08972,-0.505399,,397
58.617575396318, 16.895,58.7181990952231, 17.0184,5,16.679,,8.930125,0.006979,,397
58.6343258959241, 16.5888,58.7335901954211, 13.525,5,16.67897,,9.692402,0.295457,,397
58.6515844953246, 16.5416,58.7335901954211, 6.5504,5,16.67893,,10.71371,0.415835,,397
58.6675965958275, 16.6528,58.751895094756, 13.476,5,16.67892,,12.91158,-0.593887,,397
58.6844419953413, 16.6284,58.7676219944842, 14.0494,5,16.67891,,12.4451,0.313191,,397
58.7014243961312, 15.4026,58.7860224940814, 18.3879,5,16.67851,,10.32162,-1.206331,,397
58.7181990952231, 16.9857,58.8013350940309, 15.4174,5,16.6786,,11.63714,-0.614653,,397
58.7335901954211, 17.4103,58.8173336940818, 16.0601,5,16.67883,,11.34916,-1.121974,,397
58.751895094756, 17.7214,58.8353062937967, 17.8463,4,16.67916,,15.87009,-0.451905,,397
58.7676219944842, 17.4641,58.8517885929905, 16.3832,4,16.6794,,16.89561,0.015448,,397
58.7860224940814, 15.6491,58.8679566937499, 16.1596,4,16.67908,,15.97293,0.099931,,397
58.8013350940309, 17.319,58.8863164945506, 20.1404,4,16.67928,,17.51025,-0.360563,,397
58.8173336940818, 16.9762,58.9006532947533, 14.7181,4,16.67937,,8.930474,0.018601,,397
58.8353062937967, 16.3864,58.9174347943626, 17.2849,4,16.67928,,6.578005,0.661343,,397
58.8517885929905, 16.8132,58.9340527947061, 15.726,4,16.67932,,10.37515,-0.426736,,397
58.8679566937499, 18.6906,58.9508952940814, 16.953,4,16.67994,,9.820469,0.136677,,397
58.8863164945506, 12.9424,58.9678694936447, 16.965,4,16.67879,,9.443763,-0.138519,,397
58.9006532947533, 16.6965,58.9848465933464, 17.2257,4,16.67879,,12.1172,0.046892,,397
58.9174347943626, 16.5143,59.0005109938793, 15.2597,4,16.67874,,7.093357,0.096486,,397
58.9340527947061, 17.1457,59.0184831931256, 18.33,4,16.67888,,9.497236,0.878441,,397
58.9508952940814, 16.6015,59.0352586931549, 16.4694,4,16.67886,,10.21642,0.97415,,397
58.9678694936447, 16.4353,59.050922493916, 16.1024,4,16.67879,,9.342619,-0.666743,,397
58.9848465933464, 15.5561,59.0678117941134, 16.6673,4,16.67844,,9.976508,0.648865,,397
59.0005109938793, 16.202,59.084398094099, 14.5884,4,16.67829,,9.759414,0.529959,,397
59.0184831931256, 16.7494,59.1014754935168, 17.187,4,16.67831,,9.467259,0.497546,,397
59.0352586931549, 17.297,59.1183062936179, 16.712,4,16.6785,,9.03565,-0.124169,,397
59.050922493916, 16.3491,59.1338851940818, 15.637,4,16.6784,,10.68434,-0.422605,,397
59.0678117941134, 18.0197,59.1505954940803, 16.7433,4,16.67882,,12.28133,-0.779533,,397
59.084398094099, 17.8439,59.1684702937491, 17.9274,4,16.67918,,11.11564,0.030401,,397
59.1014754935168, 14.496,59.1856232942082, 17.1956,4,16.6785,,11.14485,-0.897283,,397
59.1183062936179, 18.453,59.2016801950522, 15.9074,4,16.67905,,11.38247,-0.761665,,397
59.1338851940818, 17.2527,59.2181407944299, 16.5214,4,16.67923,,11.88031,0.396205,,397
59.1505954940803, 17.5192,59.2360307951458, 19.6318,4,16.67949,,12.03753,0.055734,,397
59.1684702937491, 15.9774,59.2525600944646, 16.5529,4,16.67927,,10.8689,-0.762542,,397
59.1856232942082, 16.7447,59.2695814953186, 17.4193,4,16.67929,,9.811083,-1.382706,,397
59.2016801950522, 16.6021,59.2845499948598, 14.6548,4,16.67927,,10.72357,-0.936958,,397
59.2181407944299, 16.4961,59.3031298951246, 18.3937,4,16.67921,,10.22289,-0.853029,,397
59.2360307951458, 14.5205,59.3177536954172, 14.6719,4,16.67855,,9.084966,-0.400429,,397
59.2525600944646, 16.5129,59.3355955951847, 18.2376,4,16.6785,,9.666042,-0.250892,,397
59.2695814953186, 16.5501,59.3517399956472, 13.935,4,16.67846,,10.80781,0.335637,,397
59.2845499948598, 16.6575,59.3682975959964, 16.6626,4,16.67845,,10.81446,-0.362747,,397
59.3031298951246, 17.4454,59.3844189965166, 16.0461,4,16.67868,,10.71553,-0.207523,,397
59.3177536954172, 16.8939,59.4013087959029, 16.9068,4,16.67875,,12.60243,-0.68949,,397
59.3355955951847, 18.3965,59.4184922953136, 17.136,4,16.67928,,7.281192,0.177483,,397
59.3517399956472, 16.7594,59.4354524952359, 17.054,4,16.6793,,10.04446,0.383061,,397
59.3682975959964, 16.9062,59.4517073952593, 16.925,4,16.67937,,9.401447,-0.334426,,397
59.3844189965166, 16.4202,59.4682935946621, 17.0306,4,16.67929,,9.813423,0.289572,,397
59.4013087959029, 16.7281,59.4857036941685, 16.4148,4,16.67931,,9.83349,-0.358808,,397
59.4184922953136, 17.4671,59.5012863944285, 16.5911,4,16.67955,,12.40462,-0.3236,,397
59.4354524952359, 16.4865,59.5185591946356, 17.9839,4,16.67949,,11.53584,0.06822,,397
59.4517073952593, 16.0018,59.5360106951557, 17.5977,4,16.67928,,11.31003,0.397245,,397
59.4682935946621, 14.6787,59.5533597948961, 15.3258,4,16.67867,,12.11593,-0.726881,,397
59.4857036941685, 19.2591,59.5684161945246, 15.0934,4,16.67946,,11.33341,-0.779507,,397
59.5012863944285, 14.987,59.5857752948068, 17.5586,4,16.67894,,9.9909,-0.175549,,397
59.5185591946356, 16.5223,59.6021368945949, 16.2035,4,16.67889,,10.12988,-0.947284,,397
59.5360106951557, 16.2836,59.6177054946311, 15.5476,4,16.67877,,9.469755,-0.781981,,397
59.5533597948961, 18.2401,59.6359872953035, 18.4222,4,16.67925,,9.432081,-0.46492,,397
59.5684161945246, 17.6565,59.6527801961638, 16.7583,4,16.67955,,10.64991,0.772853,,397
59.5857752948068, 14.8344,59.6674026963301, 14.6326,4,16.67899,,10.14955,-0.685431,,397
59.6021368945949, 16.2568,59.6862526969053, 20.3565,4,16.67886,,9.907684,-0.417984,,397
59.6177054946311, 17.6566,59.7017593965866, 13.9217,4,16.67915,,12.76928,-0.005542,,397
59.6359872953035, 16.3548,59.7183134970255, 18.0955,4,16.67905,,12.54952,0.097628,,397
59.6527801961638, 16.5666,59.7348029972054, 16.7409,4,16.67902,,12.12915,-0.740341,,397
59.6674026963301, 16.6078,59.7516186968423, 16.8541,4,16.679,,10.93963,0.002657,,397
59.6862526969053, 15.6746,59.7686928962357, 17.1935,4,16.67869,,10.42628,-0.120058,,397
59.7017593965866, 19.0626,59.7843365953304, 13.6067,4,16.67942,,10.19634,-0.691862,,397
59.7183134970255, 14.783,,4,16.67884,,9.415772,-0.047039,,397
59.7348029972054, 17.0273,,4,16.67895,,9.834541,-0.747522,,397
59.7516186968423, 16.9838,,4,16.67904,,10.48524,-0.2543,,397
59.7686928962357, 17.9263,,4,16.67942,,11.68016,-1.322267,,397
59.7843365953304, 16.9862,,4,16.67951,,11.80406,0.964661,,397
59.7843365953304, 17.3361,,4,16.67971,,12.04404,-1.437251,,397
59.7843365953304, 15.6078,,5,16.67939,,11.66252,0.149132,,397
,,6,,,12.3272,-1.001669,,397
,,,,,11.83217,-0.620432,,397
,,,,,13.12864,0.105715,,397
,,,,,10.93355,-0.20795,,397
,,,,,11.11877,-0.538924,,397
,,,,,9.661569,-0.056361,,397
,,,,,10.51023,-1.117648,,397
,,,,,12.31649,0.18513,,397
,,,,,11.71065,-0.492323,,397
,,,,,12.09102,0.627824,,397
,,,,,12.25076,-0.813729,,397
,,,,,9.957948,-1.018582,,397
,,,,,10.68137,-1.307535,,397
,,,,,9.831623,-0.828488,,397
,,,,,12.30118,-0.353641,,397
,,,,,11.24573,-0.604294,,397
,,,,,8.862582,-0.201375,,397
,,,,,12.90683,-0.10611,,397
,,,,,17.66149,-1.176945,,397
,,,,,17.18034,-1.03918,,397
,,,,,16.72839,0.698685,,397
,,,,,8.746875,-1.42985,,397
,,,,,5.25571,-0.893685,,397
,,,,,11.94804,-0.27102,,397
,,,,,10.52778,-0.213655,,397
,,,,,12.73872,-0.201617,,397
,,,,,10.95595,-0.814792,,397
,,,,,11.28598,-1.301211,,397
,,,,,12.60242,-0.306235,,397
,,,,,16.62206,-0.744746,,397
,,,,,9.809517,-0.458036,,397
,,,,,7.469492,-0.948785,,397
,,,,,12.62461,-0.387241,,397
,,,,,11.43993,-0.259393,,397
,,,,,9.645846,0.013202,,397
,,,,,10.33084,-0.793819,,397
,,,,,7.673485,0.221728,,397
,,,,,12.68424,-0.665269,,397
,,,,,10.29869,-0.157673,,397
,,,,,10.3852,-1.62213,,397
,,,,,9.687119,-0.974729,,397
,,,,,12.55367,-0.225008,,397
,,,,,11.67637,-0.266469,,397
,,,,,12.59977,0.918011,,397
,,,,,11.96543,-0.59623,,397
,,,,,13.43633,-0.75294,,397
,,,,,12.73381,-0.010965,,397
,,,,,12.00767,0.135033,,397
,,,,,12.12019,0.861166,,397
,,,,,8.66813,-0.534472,,397
,,,,,10.66844,0.081693,,397
,,,,,10.43367,-0.616465,,397
,,,,,9.804867,-0.263226,,397
,,,,,9.231434,-0.118742,,397
,,,,,8.914872,-0.557181,,397
,,,,,11.91641,-1.167019,,397
,,,,,11.59737,0.192326,,397
,,,,,12.36963,-0.852628,,397
,,,,,12.13124,-1.288546,,397
,,,,,12.00688,-0.078986,,397
,,,,,10.57872,0.377561,,397
,,,,,6.001174,0.479366,,397
,,,,,11.58023,-0.108299,,397
,,,,,12.69065,-0.449116,,397
,,,,,13.09829,1.795799,,397
,,,,,11.64284,-0.588659,,397
,,,,,9.346134,-0.035992,,397
,,,,,11.0558,-0.144763,,397
,,,,,10.10832,-1.154645,,397
,,,,,10.3913,0.226181,,397
,,,,,7.722259,-0.459899,,397
,,,,,10.33639,-0.155407,,397
,,,,,11.84726,0.388997,,397
,,,,,11.96994,-0.179457,,397
,,,,,13.06312,-0.384114,,397
,,,,,11.6678,-0.883326,,397
,,,,,12.23591,0.133437,,397
,,,,,12.0178,-0.60033,,397
,,,,,9.390257,-1.017447,,397
,,,,,9.574614,-0.128426,,397
,,,,,10.18623,-1.169465,,397
,,,,,10.69736,-0.843891,,397
,,,,,9.68003,0.199193,,397
,,,,,9.969047,-0.180164,,397
,,,,,12.53003,-0.920862,,397
,,,,,11.73106,-0.452621,,397
,,,,,12.86519,-0.650971,,397
,,,,,12.76441,-1.150658,,397
,,,,,11.40796,0.102592,,397
,,,,,11.93476,-0.232871,,397
,,,,,12.29302,-0.196097,,397
,,,,,10.83757,0.011052,,397
,,,,,12.31836,0.017747,,397
,,,,,11.21311,-0.046046,,397
,,,,,7.926771,-0.799798,,397
,,,,,10.0366,-0.193247,,397
,,,,,11.85825,-0.630103,,397
,,,,,11.64075,1.136401,,397
,,,,,11.58955,0.261055,,397
,,,,,11.7315,-0.455797,,397
,,,,,12.37575,-0.479496,,397
,,,,,11.8498,-0.683676,,397
,,,,,10.5947,-0.325153,,397
,,,,,8.749545,0.133006,,397
,,,,,11.4108,-0.382684,,397
,,,,,10.4865,-0.47242,,397
,,,,,10.27848,-0.585111,,397
,,,,,10.63525,-0.638391,,397
,,,,,12.13709,-0.266473,,397
,,,,,11.56798,1.291701,,397
,,,,,12.15102,0.604269,,397
,,,,,12.24021,-0.126229,,397
,,,,,12.30589,-0.338877,,397
,,,,,12.37687,0.156481,,397
,,,,,12.0278,-0.053302,,397
,,,,,8.239131,-0.585923,,397
,,,,,9.276429,-0.675733,,397
,,,,,9.336877,-0.408703,,397
,,,,,10.13812,-0.078832,,397
,,,,,11.7053,-0.06555,,397
,,,,,11.81232,-1.198639,,397
,,,,,12.40173,-0.560375,,397
,,,,,12.5381,-0.139243,,397
,,,,,12.24383,-0.345769,,397
,,,,,10.23775,0.831665,,397
,,,,,9.907339,0.456516,,397
,,,,,10.83887,-0.304496,,397
,,,,,10.31584,-0.279674,,397
,,,,,9.995669,0.81867,,397
,,,,,10.18643,-0.466265,,397
,,,,,8.170584,0.738371,,397
,,,,,9.449896,-0.984352,,397
,,,,,10.21407,-0.663551,,397
,,,,,10.20823,-0.233241,,397
,,,,,8.888365,-0.302408,,397
,,,,,10.56753,-0.10405,,397
,,,,,10.98635,0.725082,,397
,,,,,12.69185,-1.19072,,397
,,,,,12.52634,0.020234,,397
,,,,,11.87971,0.651246,,397
,,,,,11.88035,1.346727,,397
,,,,,11.69332,-0.933213,,397
,,,,,10.80882,-0.55169,,397
,,,,,12.90307,-0.296706,,397
,,,,,10.19975,0.171182,,397
,,,,,9.266473,-1.290743,,397
,,,,,8.248713,-1.033986,,397
,,,,,11.12229,-0.327449,,397
,,,,,12.35921,-0.90951,,397
,,,,,12.19652,-1.442961,,397
,,,,,11.81564,-0.471678,,397
,,,,,12.98189,-0.592387,,397
,,,,,12.79875,0.430793,,397
,,,,,11.86511,0.028123,,397
,,,,,10.84286,0.15544,,397
,,,,,10.95788,0.220313,,397
,,,,,10.16989,-0.15588,,397
,,,,,10.27821,-0.850422,,397
,,,,,9.585277,-0.050689,,397
,,,,,9.30536,-0.874192,,397
,,,,,11.42009,-0.877637,,397
,,,,,11.71188,-0.101285,,397
,,,,,12.04282,0.111944,,397
,,,,,12.59199,-0.999631,,397
,,,,,11.90349,-1.361811,,397
,,,,,12.74394,0.738831,,397
,,,,,12.78059,0.226152,,397
,,,,,10.12986,0.363071,,397
,,,,,9.519131,-0.357504,,397
,,,,,10.73091,0.269261,,397
,,,,,11.24437,-0.260912,,397
,,,,,9.215448,-0.264302,,397
,,,,,9.166929,0.166445,,397
,,,,,9.494104,-0.756368,,397
,,,,,12.17304,-0.007932,,397
,,,,,11.31561,-0.083902,,397
,,,,,12.1016,0.225436,,397
,,,,,12.14546,0.300659,,397
,,,,,11.49757,-0.272489,,397
,,,,,12.61683,-0.254602,,397
,,,,,10.0131,-0.506276,,397
,,,,,9.506664,0.625769,,397
,,,,,5.140841,-0.819914,,397
,,,,,11.20739,-0.951565,,397
,,,,,11.7473,-1.041368,,397
,,,,,11.94888,-0.527463,,397
,,,,,12.25293,-0.308857,,397
,,,,,9.281914,0.034749,,397
,,,,,10.73227,0.192355,,397
,,,,,10.40767,-0.447539,,397
,,,,,10.77036,-0.240033,,397
,,,,,10.54046,-0.708727,,397
,,,,,12.07615,-0.184121,,397
,,,,,11.63284,-0.516815,,397
,,,,,7.528839,0.814019,,397
,,,,,16.77083,-0.14192,,397
,,,,,16.58213,-0.193543,,397
,,,,,17.07272,1.295774,,397
,,,,,16.50521,-0.398323,,397
,,,,,9.144481,-0.27476,,397
,,,,,4.55132,-0.318874,,397
,,,,,11.99254,0.255429,,397
,,,,,12.07983,0.524392,,397
,,,,,8.454323,-0.526082,,397
,,,,,10.41806,0.121567,,397
,,,,,5.698574,-0.392367,,397
,,,,,12.19467,1.300143,,397
,,,,,11.47911,-0.73491,,397
,,,,,11.34858,0.442196,,397
,,,,,11.72903,0.725215,,397
,,,,,11.59557,-0.652229,,397
,,,,,12.19446,-0.604977,,397
,,,,,10.06431,-1.039827,,397
,,,,,12.3427,0.013223,,397
,,,,,9.768985,-0.533579,,397
,,,,,9.429529,-0.022919,,397
,,,,,10.80948,-0.94092,,397
,,,,,10.42833,-0.386273,,397
,,,,,12.90378,-0.361606,,397
,,,,,11.82968,0.171594,,397
,,,,,12.21182,-0.413178,,397
,,,,,11.81282,-0.225907,,397
,,,,,12.76817,0.073672,,397
,,,,,12.12741,0.188966,,397
,,,,,12.11061,-1.114643,,397
,,,,,11.53898,0.512252,,397
,,,,,12.23041,-0.48738,,397
,,,,,12.06803,1.258665,,397
,,,,,10.10323,-0.093834,,397
,,,,,9.762743,-0.838413,,397
,,,,,6.250948,0.526609,,397
,,,,,9.56888,0.311239,,397
,,,,,12.20234,-0.22594,,397
,,,,,10.49403,1.48374,,397
,,,,,11.75391,-0.993303,,397
,,,,,12.36639,-0.900889,,397
,,,,,11.20856,-0.868581,,397
,,,,,11.50484,-0.699822,,397
,,,,,12.02596,-0.437807,,397
,,,,,8.563703,-0.110568,,397
,,,,,10.52479,-1.135254,,397
,,,,,9.919881,0.143807,,397
,,,,,10.87082,0.247415,,397
,,,,,10.59801,-0.752499,,397
,,,,,10.31197,-0.552804,,397
,,,,,9.766754,-0.565207,,397
,,,,,11.18689,-0.175724,,397
,,,,,9.536285,-0.0501,,397
,,,,,9.746599,-1.136703,,397
,,,,,10.3224,-1.150153,,397
,,,,,10.33511,0.03622,,397
,,,,,12.43152,0.500734,,397
,,,,,11.9223,-0.070735,,397
,,,,,11.8907,-0.267624,,397
,,,,,12.93045,0.88391,,397
,,,,,12.86268,0.733201,,397
,,,,,11.61507,1.061155,,397
,,,,,11.09953,-0.64244,,397
,,,,,11.87512,1.252705,,397
,,,,,12.03279,-0.786044,,397
,,,,,9.078299,0.363572,,397
,,,,,9.204445,-0.087878,,397
,,,,,8.46544,-0.265056,,397
,,,,,10.4888,-0.780858,,397
,,,,,8.775544,-0.56683,,397
,,,,,10.78133,-0.110722,,397
,,,,,9.218578,0.135071,,397
,,,,,11.97076,-0.281378,,397
,,,,,11.98826,-0.333668,,397
,,,,,12.62183,0.29975,,397
,,,,,12.39572,-0.740419,,397
,,,,,11.93863,-0.156478,,397
,,,,,11.56238,0.616081,,397
,,,,,11.31627,-0.431113,,397
,,,,,10.96615,-0.294586,,397
,,,,,11.23002,0.334664,,397
,,,,,11.32248,0.019515,,397
,,,,,10.01482,-1.10087,,397
,,,,,9.097413,0.487274,,397
,,,,,10.45359,0.62042,,397
,,,,,12.04224,-1.484735,,397
,,,,,11.16249,0.784844,,397
,,,,,11.63687,-0.444355,,397
,,,,,12.76943,-0.523648,,397
,,,,,11.02678,-0.760468,,397
,,,,,10.94734,-0.64141,,397
,,,,,13.00026,-0.216458,,397
,,,,,9.319655,-1.222599,,397
,,,,,12.07225,-0.99062,,397
,,,,,10.66287,,,397
,,,,,10.59891,,,397
,,,,,10.42496,,,397
,,,,,9.910099,,,397
,,,,,12.98782,,,397
