2.01895529730245, 15.281,,1,15.281,,7.809467,2.574533
2.03611619723961, 17.789,,2,16.535,,-25.48117,-0.186967
2.051411496941, 15.2541,,3,16.10803,,16.38897,-0.307434
2.06825959729031, 17.8181,,4,16.53555,,16.41263,-0.842701
2.08407069789246, 16.0397,,5,16.43638,,16.6284,-0.356568
2.10122509719804, 16.5083,,6,16.44837,,17.12557,-0.842135
2.11649659695104, 18.4089,,7,16.72844,,16.66813,1.648198
2.13432979630306, 16.1876,,8,16.66084,,17.2037,-0.919269
2.15018619643524, 16.9071,,9,16.6882,,14.70037,0.097464
2.16629179613665, 17.8934,,10,16.80872,,17.26714,0.115197
2.18428109632805, 15.3765,,11,16.67852,,15.4941,-0.40327
2.20034899609163, 16.7213,,12,16.68208,,16.24987,-0.939037
2.21681599551812, 16.4509,,13,16.6643,,16.76614,0.594096
2.23448149533942, 15.5388,,14,16.58391,,16.9462,-0.868467
2.25295709492639, 16.3474,,15,16.56814,,-56.39573,-0.678134
2.26832129480317, 17.4512,,16,16.62333,,6.977867,0.062399
2.28499169507995, 17.2477,,17,16.66006,,10.65723,-0.075168
2.30211269529536, 16.7124,,18,16.66297,,10.4182,-0.074035
2.31890389556065, 16.1366,,19,16.63526,,9.380768,-0.750002
2.3350330949761, 15.4077,,20,16.57388,,10.00484,0.343531
2.35260369488969, 16.7688,,21,16.58317,,9.996402,0.218564
2.36776659497991, 18.55,,22,16.67257,,12.10417,0.171297
2.38538019405678, 16.8032,,23,16.67825,,9.391236,-0.85687
2.45114109339193, 55.5228,,24,18.29677,,9.119803,0.137363
2.45114109339193, 1.8596,,25,17.63928,,9.32737,-0.420404
2.45114109339193, 1.5912,,26,17.02205,,10.41194,0.658929
2.45114109339193, 5.979,,27,16.61305,,9.873304,0.349562
2.4688490931876, 18.7513,,28,16.68941,,10.24267,-0.061705
2.48542139353231, 16.375,,29,16.67857,,10.05114,0.354128
2.5024696928449, 16.319,,30,16.66659,,9.417505,0.098861
2.51792149292305, 16.8421,,31,16.67225,,9.192272,-0.339806
2.53556509362534, 15.364,,32,16.63136,,9.134739,-0.202373
2.55223199399188, 16.3481,,33,16.62278,,9.699806,0.16756
2.56834639469162, 18.7908,,34,16.68655,,11.76577,-0.531507
2.58536679530516, 16.9216,,35,16.69326,,9.62004,-0.607574
2.60210989462212, 16.2327,,36,16.68047,,10.82541,0.209059
2.61828639404848, 15.2808,,37,16.64264,,10.44247,-0.991608
2.63440099405125, 17.9824,,38,16.6779,,10.35684,0.706825
2.65158039378002, 16.6241,,39,16.67652,,9.644608,-0.538942
2.66825269395486, 17.4521,,40,16.69591,,11.07088,0.465691
2.68511319393292, 15.1623,,41,16.6585,,10.92964,-0.180176
2.70257499301806, 18.6461,,42,16.70583,,10.43831,0.488657
2.71829059394076, 15.5988,,43,16.68008,,11.12068,-0.25471
2.73435399355367, 15.5081,,44,16.65344,,10.18324,-0.134377
2.75224699312821, 17.8762,,45,16.68062,,9.13231,0.123656
2.76843949267641, 17.5274,,46,16.69903,,10.16238,-0.412711
2.7852992922999, 14.136,,47,16.64449,,9.379444,-1.109478
2.80212589213625, 16.7382,,48,16.64644,,9.576111,-0.654445
2.82014659279957, 18.4125,,49,16.68249,,9.886578,-0.363412
2.83481449307874, 16.7754,,50,16.68435,,12.47085,-0.404379
2.8513890937902, 16.6687,,51,16.68404,,10.54901,0.364554
2.86851809406653, 14.248,,52,16.63719,,10.18928,-0.555513
2.88483769493178, 18.911,,53,16.68009,,10.39125,-1.12068
2.90112739475444, 15.8504,,54,16.66473,,10.81571,0.262653
2.92059759469703, 16.0208,,55,16.65302,,10.52548,-0.386614
2.93483549496159, 18.2011,,56,16.68067,,12.71185,0.080619
2.95108559494838, 14.8408,,57,16.64839,,9.704514,0.129952
2.97015499463305, 19.0786,,58,16.69029,,10.00408,0.495885
2.98515349486843, 16.5749,,59,16.68833,,9.631148,0.274718
3.00224239425734, 17.5333,,60,16.70242,,9.300415,0.169151
3.01890259468928, 13.8325,,61,16.65537,,9.125282,-0.282116
3.03615319402888, 19.0606,,62,16.69416,,11.23135,-0.234183
3.05151849379763, 16.2163,,63,16.68658,,9.608016,0.26945
3.06912099337205, 14.3513,,64,16.65009,,9.921883,-1.342517
3.08546199416742, 18.833,,65,16.68367,,10.06465,0.126816
3.10212389333174, 16.5472,,66,16.6816,,9.670517,-0.041351
3.11859369417652, 14.9983,,67,16.65648,,11.12318,-0.385018
3.13590569375083, 18.9194,,68,16.68976,,11.23365,-0.376685
3.15156789449975, 15.6101,,69,16.67411,,10.00432,-0.545652
3.16925899451599, 16.175,,70,16.66698,,9.854585,1.449381
3.1855726945214, 17.8717,,71,16.68395,,11.66775,-0.079986
3.20306769525632, 16.7544,,72,16.68493,,10.44192,0.110047
3.22025159513578, 14.9791,,73,16.66156,,8.156986,-0.14862
3.23568619554862, 18.0896,,74,16.68086,,10.16445,-0.796787
3.25239379471168, 14.7948,,75,16.65571,,9.83452,-0.885554
3.2688445947133, 16.8357,,76,16.65808,,11.88689,-0.524521
3.28523219516501, 18.3344,,77,16.67985,,10.85415,-0.106088
3.30137549480423, 16.9092,,78,16.68279,,12.59552,0.135545
3.31851489422843, 15.3077,,79,16.66538,,10.67609,-1.394122
3.33499749330804, 18.316,,80,16.68601,,11.64905,-0.836189
3.35154849244282, 16.1523,,81,16.67942,,9.898522,-0.782656
3.36865139333531, 15.8967,,82,16.66988,,11.21619,-0.776023
3.3849278925918, 18.0574,,83,16.6866,,10.92436,-0.04379
3.40267819305882, 17.465,,84,16.69586,,10.57602,0.583243
3.41920209256932, 14.5877,,85,16.67106,,12.12999,0.175576
3.43563899165019, 18.4238,,86,16.69144,,10.11846,0.794409
3.45264659216627, 14.4996,,87,16.66625,,11.04472,-0.825658
3.46895579202101, 16.7654,,88,16.66738,,9.985691,-0.484625
3.4872065926902, 18.2103,,89,16.68471,,8.986458,-0.172692
3.5013752928935, 14.3694,,90,16.65899,,12.44092,-1.566759
3.51841309247538, 18.8569,,91,16.68314,,10.59499,-0.011526
3.53625869331881, 16.7208,,92,16.68355,,9.890959,-0.359193
3.5521864942275, 15.0228,,93,16.66569,,13.08053,0.30274
3.56878769351169, 18.4827,,94,16.68502,,9.520393,-1.094727
3.58525049267337, 14.8832,,95,16.66605,,9.40376,-0.998094
3.60314049338922, 19.2785,,96,16.69327,,4.633827,-0.592561
3.61832449352369, 15.8185,,97,16.68425,,12.40439,0.087672
3.63549789367244, 15.0407,,98,16.66748,,9.927661,-0.760695
3.65274309320375, 18.2247,,99,16.68321,,10.72903,0.192238
3.66913359379396, 14.1903,,100,16.65828,,11.6305,-0.012329
3.68548029428348, 18.9604,,101,16.68107,,11.36146,-0.197696
3.70150829432532, 15.9505,,102,16.67391,,9.572829,0.110537
3.71869409410283, 15.9471,,103,16.66685,,11.5489,0.02487
3.73521679406986, 20.2136,,104,16.70096,,10.47146,0.280103
3.75205229362473, 13.4686,,105,16.67017,,9.80273,-0.810064
3.76880149310455, 18.8746,,106,16.69097,,10.084,-0.183631
3.78562939306721, 14.1308,,107,16.66704,,9.296164,0.066102
3.8022425933741, 17.8655,,108,16.67814,,12.42843,0.073535
3.8183151925914, 15.5483,,109,16.66777,,10.031,0.027768
3.83556209271774, 18.2484,,110,16.68214,,9.799365,0.020001
3.85232669254765, 15.3838,,111,16.67044,,11.35613,0.060034
3.86883269203827, 15.6867,,112,16.66166,,10.0965,-1.051633
3.88566959230229, 18.2406,,113,16.67563,,11.59417,-0.432
3.90167229203507, 15.4941,,114,16.66527,,9.758933,-0.837867
3.91929639270529, 17.8798,,115,16.67583,,10.6152,-0.894734
3.93579799262807, 15.0266,,116,16.66161,,10.48897,-0.412501
3.9518217924051, 16.9032,,117,16.66368,,16.99273,-0.442201
3.96940989186987, 16.7651,,118,16.66454,,17.233,-0.086201
3.9854399911128, 18.125,,119,16.67681,,15.3555,-0.327034
4.00146929128096, 15.6164,,120,16.66797,,16.6164,0.287616
4.03580519137904, 32.4672,,121,16.79855,,15.87733,-0.943264
4.0523342913948, 14.4068,,122,16.77894,,16.60628,0.43787
4.06957849068567, 8.4596,,123,16.71131,,15.87956,-0.409472
4.06957849068567, 13.3035,,124,16.68382,,17.06013,-0.965509
4.08569708978757, 15.2087,,125,16.67202,,15.95637,0.369491
4.10209489008412, 18.051,,126,16.68297,,16.76641,-0.372029
4.11989328963682, 15.3285,,127,16.6723,,17.34671,-0.627847
4.13614609045908, 17.7754,,128,16.68092,,16.17223,0.38917
4.15229549026117, 15.1904,,129,16.66936,,16.78485,0.59077
4.16992318956181, 17.8916,,130,16.67877,,17.00683,-0.655137
4.18580118892714, 15.6039,,131,16.67056,,16.00123,-0.535677
4.20242408802733, 18.4438,,132,16.68399,,15.70054,-0.040108
4.21895468747243, 15.6299,,133,16.67607,,16.89868,0.099734
4.28612088738009, 57.3036,,134,16.97926,,16.85991,-0.409132
4.28612088738009, 1.7422,,135,16.86639,,16.39077,0.328505
4.28612088738009, 0.5116,,136,16.74614,,16.27773,-0.93698
4.28612088738009, 5.6376,,137,16.66505,,16.7795,0.075954
4.30249698786065, 16.7636,,138,16.66577,,15.76748,0.314586
4.3190347882919, 18.94,,139,16.68213,,17.20005,0.089739
4.33637168770656, 15.2558,,140,16.67194,,16.26251,0.333892
4.35346378711984, 16.4389,,141,16.67029,,16.07216,-0.774355
4.37015738664195, 17.3197,,142,16.67486,,16.32941,0.172298
4.38632988696918, 16.9368,,143,16.67669,,15.94995,0.13565
4.40245898766443, 18.0024,,144,16.6859,,17.2337,0.496836
4.42034958815202, 15.2083,,145,16.67571,,16.12085,-0.719236
4.43591278837994, 16.4927,,146,16.67446,,16.23856,0.231978
4.45251108752564, 17.6777,,147,16.68128,,15.87264,0.24533
4.46958578797057, 15.1925,,148,16.67122,,17.09362,-0.259335
4.48590988712385, 17.0794,,149,16.67396,,16.11827,0.169884
4.50399668747559, 19.0251,,150,16.68963,,16.08554,0.158137
4.5197194875218, 14.3767,,151,16.67432,,16.59622,-0.313425
4.53580968687311, 15.6028,,152,16.66727,,16.26296,-0.929294
4.55333068640903, 16.599,,153,16.66682,,16.22442,-0.404834
4.56983618671075, 17.252,,154,16.67062,,16.73649,-0.369531
4.58604078600183, 16.5401,,155,16.66978,,17.24583,-0.182748
4.60254598641768, 18.5886,,156,16.68208,,16.75053,-0.647755
4.61961258621886, 14.7436,,157,16.66973,,16.75835,-0.341857
4.63578528584912, 18.5603,,158,16.6817,,16.59706,-1.051483
4.6537920855917, 14.9603,,159,16.67087,,15.74346,0.204736
4.66966018499807, 18.1812,,160,16.68031,,16.79968,-0.233509
4.68637448409572, 15.1794,,161,16.67099,,17.40996,-0.104826
4.70330148423091, 17.4957,,162,16.67608,,16.16671,0.006148
4.71944188373163, 17.3542,,163,16.68024,,16.65973,1.334255
4.73566488409415, 17.3473,,164,16.68431,,16.50065,-0.62239
4.80335858510807, 53.3237,,165,16.90636,,16.30664,-0.719377
4.80335858510807, 2.0674,,166,16.81697,,14.92599,-0.266523
4.80335858510807, 0.5839,,167,16.71977,,16.95688,-0.660262
4.80335858510807, 10.4379,,168,16.68238,,17.06162,-0.976354
4.8197651845403, 14.767,,169,16.67104,,16.61846,1.726652
4.83599848533049, 17.5916,,170,16.67646,,16.92765,-0.651977
4.85529858479276, 18.3209,,171,16.68607,,17.32865,-1.008998
4.86967028444633, 14.1137,,172,16.67112,,14.49008,1.328736
4.88581478362903, 20.2119,,173,16.69159,,16.9373,-0.284951
4.90350928297266, 14.0606,,174,16.67646,,17.37476,0.147362
4.91964138252661, 17.2841,,175,16.67994,,14.94195,0.11923
4.93592218263075, 15.0839,,176,16.67087,,16.64764,0.617915
4.95383758237585, 19.2322,,177,16.68534,,16.23757,-0.671452
4.97033168328926, 15.0041,,178,16.67589,,16.29209,0.235287
4.98715368239209, 18.1678,,179,16.68423,,15.68295,-0.129489
5.00413198163733, 13.674,,180,16.66751,,17.02551,-0.069976
5.02116348175332, 16.8147,,181,16.66832,,16.10849,-0.313246
5.03653368214145, 17.5335,,182,16.67307,,16.39278,-0.942349
5.05320188263431, 16.8835,,183,16.67422,,16.44215,-0.690328
5.07114648306742, 19.2434,,184,16.68818,,16.66115,0.364915
5.0873228837736, 13.6989,,185,16.67203,,15.83813,-0.072095
5.10380258457735, 18.4726,,186,16.68171,,17.03078,0.706825
5.11989648500457, 14.3266,,187,16.66911,,16.01609,1.277678
5.13597778463736, 17.8597,,188,16.67545,,16.34287,-0.003448
5.1536270850338, 16.3057,,189,16.67349,,15.54452,0.116594
5.16975758457556, 17.6442,,190,16.6786,,15.06075,-0.178162
5.18656978430226, 15.1908,,191,16.67081,,16.27951,-0.449171
5.20371618354693, 16.3643,,192,16.66921,,16.26326,-0.900248
5.23678378434852, 34.1842,,193,16.75996,,16.46037,-0.449896
5.25315028475598, 10.0563,,194,16.72541,,16.72685,-0.715084
5.25315028475598, 10.6483,,195,16.69424,,17.2765,-0.756566
5.27152098389342, 12.5496,,196,16.6731,,16.81638,-0.358981
5.28695608349517, 16.4674,,197,16.67205,,16.99407,-0.813706
5.30305078299716, 16.1877,,198,16.66961,,17.14108,0.297014
5.32180158281699, 17.2083,,199,16.67232,,16.71451,0.134517
5.33688238309696, 17.9791,,200,16.67885,,17.08029,-0.215647
5.37056568311527, 30.853,,201,16.74937,,16.04278,0.200691
5.3866312825121, 13.7683,,202,16.73461,,16.22945,-0.128052
5.3866312825121, 6.8691,,203,16.68601,,16.45521,1.382599
5.40380408288911, 13.7162,,204,16.67145,,16.14655,-1.054577
5.42028048308566, 15.9582,,205,16.66797,,16.4932,-0.760989
5.43705228390172, 17.2216,,206,16.67066,,14.90978,0.475525
5.45398338371888, 17.6395,,207,16.67534,,17.43809,-0.340714
5.47146188328043, 15.5028,,208,16.6697,,17.05328,-0.415862
5.48679778305814, 17.9742,,209,16.67595,,15.89851,-0.617653
5.50324538303539, 16.0756,,210,16.67309,,16.65366,-0.869874
5.52177548361942, 16.6979,,211,16.6732,,16.70895,-0.843228
5.53780788322911, 18.0663,,212,16.67978,,16.93567,-0.471395
5.55316988332197, 14.174,,213,16.66801,,15.62483,0.176256
5.57164988247678, 16.723,,214,16.66827,,17.2364,-0.086222
5.58694878267124, 18.3953,,215,16.6763,,16.74644,-0.51123
5.60404408210889, 15.3567,,216,16.67019,,16.16762,-1.061409
5.62164198281243, 17.0601,,217,16.67199,,16.46353,-0.643481
5.63903188193217, 19.3138,,218,16.68411,,16.76161,-0.77459
5.65360538149253, 14.639,,219,16.67477,,17.42488,-0.614743
5.66966478200629, 18.3852,,220,16.68254,,16.88439,-0.530699
5.68760758126155, 14.1181,,221,16.67094,,16.99824,-0.424571
5.70402418123558, 16.4612,,222,16.66999,,16.9105,-0.439039
5.72191728139296, 18.4596,,223,16.67802,,16.84807,-1.033081
5.73759118141606, 14.7893,,224,16.66959,,16.65854,-0.481419
5.75391108216718, 17.2801,,225,16.6723,,16.77338,-0.321792
5.77058048220351, 18.5488,,226,16.6806,,17.37282,-0.545734
5.78696458274499, 14.6206,,227,16.67153,,16.79259,-0.380479
5.80381448240951, 19.7696,,228,16.68512,,16.71923,-0.998541
5.82034458266571, 14.746,,229,16.67665,,16.88188,-0.068676
5.83639358216897, 16.4896,,230,16.67584,,16.70744,-0.257747
5.85381108196452, 17.4192,,231,16.67905,,17.38718,-0.899479
5.86986108170822, 14.921,,232,16.67148,,16.43095,0.038107
5.88735828222707, 16.5047,,233,16.67076,,16.58038,-0.575272
5.9041140829213, 16.7765,,234,16.67121,,17.22219,-1.23181
5.92030038358644, 16.601,,235,16.67091,,16.31227,-0.281521
5.93750678421929, 17.9249,,236,16.67623,,16.93801,-0.269696
5.95353448437527, 15.5138,,237,16.67132,,17.60072,-0.374471
5.9706705850549, 17.6187,,238,16.6753,,16.6509,0.028482
5.98769848467782, 17.2644,,239,16.67777,,16.59847,-0.56916
6.0044657853432, 16.3679,,240,16.67648,,16.86972,-0.915083
6.02151258522645, 15.8856,,241,16.6732,,16.39476,0.208695
6.03717758553103, 17.0829,,242,16.67489,,16.97548,-0.258771
6.05346008623019, 16.3003,,243,16.67335,,17.2395,-0.744172
6.07126018637791, 18.5695,,244,16.68112,,16.14407,0.060809
6.08813858637586, 14.4658,,245,16.67208,,16.55107,-0.635756
6.10364768607542, 16.8294,,246,16.67272,,17.09499,-0.683622
6.12119538662955, 18.2867,,247,16.67925,,16.12206,-0.852083
6.13755498593673, 14.9631,,248,16.67233,,16.93942,-0.123178
6.15385578526184, 16.359,,249,16.67107,,16.97488,-0.753447
6.17049798509106, 18.7731,,250,16.67948,,17.14588,-0.084816
6.1875241859816, 15.1885,,251,16.67354,,16.42905,-0.372285
6.20429468667135, 16.8706,,252,16.67432,,17.03112,-0.651254
6.22137278644368, 17.7323,,253,16.6785,,16.38878,-0.769807
6.23780148616061, 15.727,,254,16.67476,,16.67685,-0.135774
6.25446638604626, 16.3239,,255,16.67338,,16.97641,0.284798
6.27145128650591, 18.4891,,256,16.68047,,17.10757,0.274658
6.28851818619296, 15.7925,,257,16.67702,,16.4517,-0.239229
6.30439188657328, 17.789,,258,16.68133,,16.02134,-0.79009
6.32122518634424, 14.7543,,259,16.67389,,15.97883,0.470117
6.33751018671319, 17.1455,,260,16.6757,,16.51159,-0.646282
6.35366458585486, 17.5499,,261,16.67905,,17.05858,-0.74479
6.37115978589281, 15.2919,,262,16.67376,,15.86898,-0.329145
6.38733938662335, 16.5966,,263,16.67346,,16.98489,-0.712625
6.40427668718621, 17.0131,,264,16.67475,,17.04904,0.708055
6.42144528729841, 17.9226,,265,16.67946,,16.66592,-0.174605
6.43789088679478, 18.3573,,266,16.68577,,17.00474,-0.806539
6.45419738767669, 14.7889,,267,16.67866,,15.59451,-0.005156
6.47119958838448, 15.5783,,268,16.67456,,16.57574,-0.088423
6.48824978759512, 17.8047,,269,16.67876,,17.15606,-0.636144
6.50456468714401, 15.7256,,270,16.67523,,16.29542,-0.802265
6.52140458626673, 16.6987,,271,16.67532,,16.46584,-0.389144
6.53829558705911, 17.9781,,272,16.6801,,16.92306,-0.885023
6.55511068692431, 14.4518,,273,16.67194,,17.08144,0.467445
6.57135678781196, 17.1477,,274,16.67368,,16.72082,-0.392753
6.58809038763866, 16.7002,,275,16.67377,,17.21556,-0.278524
6.60513688763604, 16.4091,,276,16.67282,,15.89295,-0.113335
6.62107438733801, 17.0474,,277,16.67417,,16.67032,-0.628023
6.63833348779008, 16.5087,,278,16.67357,,16.66384,-1.066102
6.65525968698785, 16.7338,,279,16.67379,,16.39792,0.007759
6.67025838652626, 17.9463,,280,16.67833,,16.9495,-0.035048
6.6880506859161, 15.2011,,281,16.67308,,17.39104,-0.321655
6.70435718679801, 16.3832,,282,16.67205,,16.34295,-0.128362
6.72128758626059, 18.7677,,283,16.67945,,16.31556,-0.372369
6.73830078588799, 15.6053,,284,16.67567,,16.62396,-0.876545
6.75536538520828, 16.3635,,285,16.67458,,16.42327,1.757512
6.7714559850283, 18.6558,,286,16.6815,,16.72935,-0.535246
6.78807218419388, 14.5337,,287,16.67402,,17.15289,-1.17152
6.80465058470145, 17.9616,,288,16.67849,,14.53585,-0.073539
6.82133498461917, 16.5745,,289,16.67813,,16.86252,-0.636125
6.83831488387659, 15.2119,,290,16.67307,,17.35124,-0.96069
6.85627948353067, 16.9632,,291,16.67407,,16.38103,0.203073
6.87045588390902, 17.73,,292,16.67769,,16.92739,0.094904
6.88829778367653, 15.6236,,293,16.67409,,17.33523,0.165964
6.90436178306118, 17.087,,294,16.6755,,16.0648,0.45307
6.92030478315428, 18.3857,,295,16.68129,,16.28014,0.821641
6.93799138301983, 14.1252,,296,16.67266,,16.10063,-0.444765
6.95497538382187, 17.0395,,297,16.67389,,15.84386,-0.484884
6.97147568361834, 17.2831,,298,16.67594,,15.47686,-0.555357
6.98755678394809, 18.3962,,299,16.68169,,16.79038,0.368721
7.00562338391319, 14.2905,,300,16.67372,,16.77336,0.114136
7.02096138382331, 16.6906,,301,16.67377,,15.42668,-0.462591
7.03813828388229, 17.7734,,302,16.67742,,16.03516,-1.103599
7.05501968460158, 15.3754,,303,16.67312,,16.21979,-0.077712
7.07151118526235, 16.5494,,304,16.67271,,16.8214,-0.647958
7.08833868475631, 18.4232,,305,16.67845,,17.39401,-0.537448
7.10523168416694, 15.8806,,306,16.67584,,16.42156,-0.065047
7.12128328392282, 16.5572,,307,16.67546,,16.97445,-0.224856
7.13740738341585, 15.76,,308,16.67249,,16.83995,-0.345469
7.15553178312257, 16.853,,309,16.67307,,16.35986,-0.611882
7.17064278339967, 16.6691,,310,16.67306,,16.51547,1.024854
7.18858518404886, 16.5289,,311,16.67259,,16.63718,-0.229291
7.20533508388326, 18.4213,,312,16.6782,,17.04195,-0.860289
7.22252188390121, 15.9579,,313,16.6759,,15.36299,1.189057
7.23834198480472, 15.9723,,314,16.67366,,16.61149,-0.399951
7.25449418416247, 18.1523,,315,16.67835,,17.18174,-0.726066
7.27116848481819, 15.0263,,316,16.67312,,15.08795,-0.083715
7.28927298402414, 16.8378,,317,16.67364,,16.68567,-0.670364
7.30467408383265, 18.3994,,318,16.67907,,17.07492,-0.257831
7.32116098375991, 15.6807,,319,16.67594,,16.36286,-0.405342
7.33900818461552, 16.6358,,320,16.67581,,17.03493,-0.366695
7.35446698451415, 16.2314,,321,16.67443,,16.56284,-0.156969
7.37166618416086, 17.1768,,322,16.67599,,16.7694,0.74367
7.38808478461578, 16.3593,,323,16.67501,,16.65927,-0.643572
7.40435058483854, 16.252,,324,16.6737,,16.37493,-0.790376
7.42144478531554, 19.2078,,325,16.6815,,15.60647,0.977178
7.43767178477719, 15.1114,,326,16.67668,,16.93018,0.339091
7.45469518424943, 16.2327,,327,16.67533,,17.15932,-0.887614
7.47169298352674, 18.6497,,328,16.68135,,15.29621,0.83941
7.48868318321183, 15.1935,,329,16.67682,,15.94871,-0.529602
7.50467298412696, 16.7121,,330,16.67693,,17.27269,-0.082771
7.52173188375309, 17.3843,,331,16.67907,,15.4523,0.811528
7.53869778336957, 14.5759,,332,16.67273,,16.82377,0.151336
7.55480258399621, 16.8733,,333,16.67333,,16.41657,-0.527453
7.57104188436642, 17.3002,,334,16.67521,,15.47716,-1.18906
7.58845448354259, 18.8008,,335,16.68156,,14.73475,0.063071
7.60446518333629, 14.6437,,336,16.67549,,16.88166,-0.193873
7.62243028404191, 16.0578,,337,16.67366,,17.49063,0.983587
7.6377543839626, 18.6325,,338,16.67945,,16.24057,0.016192
7.6554127833806, 15.2738,,339,16.67531,,16.48751,-0.335728
7.67190778395161, 16.6596,,340,16.67526,,15.26351,-0.345616
7.68801188422367, 16.4555,,341,16.67462,,16.26483,-0.653018
7.70536098396406, 16.904,,342,16.67529,,16.62112,-0.465123
7.72182148462161, 16.2119,,343,16.67394,,16.61662,-0.607953
7.73806768422946, 17.4632,,344,16.67623,,16.93432,-1.231271
7.75525178341195, 16.3174,,345,16.67519,,16.74935,-0.517521
7.77177648385987, 17.0373,,346,16.67624,,16.91577,-1.089558
7.78787348372862, 17.9158,,347,16.67981,,17.52112,-0.308313
7.80563568463549, 17.0026,,348,16.68074,,16.78406,-0.17079
7.82212558528408, 14.9162,,349,16.67568,,17.43421,-0.656151
7.83935168525204, 16.744,,350,16.67588,,16.55909,-0.119864
7.855312386062, 16.8863,,351,16.67648,,16.53575,-0.745878
7.87337808636948, 17.4792,,352,16.67876,,17.02756,-0.297706
7.88888198649511, 15.3234,,353,16.67492,,16.49708,0.041971
7.90489878645167, 16.6488,,354,16.67484,,17.14131,0.117667
7.92144568590447, 16.5825,,355,16.67458,,16.67403,0.502598
7.94009648589417, 18.7008,,356,16.68027,,16.32073,-0.497879
7.95633078506216, 14.7652,,357,16.67491,,16.2333,-0.963675
7.9718129853718, 17.1612,,358,16.67627,,15.87428,0.221836
7.9887973847799, 18.5764,,359,16.68156,,16.88308,0.429289
8.00531758507714, 14.9331,,360,16.6767,,17.27026,-0.770529
8.0224342844449, 16.3309,,361,16.67575,,16.14751,0.132395
8.03931968426332, 17.0903,,362,16.67689,,15.94373,-0.238121
8.05472558410838, 18.2609,,363,16.68126,,17.1064,-0.563971
8.0723659847863, 15.0086,,364,16.67666,,16.22452,-0.593901
8.08833718532696, 17.0178,,365,16.6776,,16.56507,-0.215773
8.10468398453668, 17.0101,,366,16.6785,,16.934,-0.170553
8.12233078526333, 15.8289,,367,16.67619,,16.95697,0.294407
8.13842508615926, 16.8246,,368,16.67659,,16.60625,0.018385
8.15487778605893, 17.5657,,369,16.679,,16.51689,-0.004118
8.17255588667467, 17.8241,,370,16.6821,,16.11231,0.288625
8.18864468717948, 13.987,,371,16.67483,,16.36102,0.689744
8.20561458775774, 17.2512,,372,16.67638,,16.37028,-0.10363
8.22249688813463, 17.0287,,373,16.67733,,16.06596,0.044151
8.23940588766709, 16.541,,374,16.67696,,15.67893,-0.423878
8.25592528702691, 15.8978,,375,16.67488,,16.48615,-0.871567
8.27273388626054, 16.5297,,376,16.6745,,16.33238,-0.03067
8.28939908603206, 18.4296,,377,16.67915,,16.73247,-0.562822
8.30545138614252, 15.3441,,378,16.67562,,17.24707,-0.25858
8.32155598560348, 16.7265,,379,16.67575,,16.43152,0.205756
8.33957118587568, 16.6146,,380,16.67559,,16.92658,-0.048895
8.35474318591878, 18.352,,381,16.67999,,16.66254,-0.464955
8.38922158582136, 29.7364,,382,16.71417,,16.17159,-0.081022
8.40563418669626, 11.662,,383,16.70098,,16.40816,0.275115
8.40563418669626, 10.4229,,384,16.68463,,16.78432,-0.084942
8.42225298611447, 13.069,,385,16.67524,,16.45598,0.1012
8.43959158612415, 16.3928,,386,16.67451,,16.08744,0.298872
8.45562398573384, 16.5009,,387,16.67406,,16.4509,0.459357
8.47194708650932, 18.5306,,388,16.67885,,16.28393,0.003753
8.49031048594043, 14.8976,,389,16.67427,,16.07804,0.070011
8.50557648623362, 17.1706,,390,16.67554,,15.93645,0.478133
8.52257478656247, 17.4193,,391,16.67744,,16.36769,-0.240642
8.53911698656157, 17.9695,,392,16.68074,,16.29527,0.132042
8.55540008703247, 15.2977,,393,16.67722,,15.92674,0.540674
8.57148878695443, 16.5684,,394,16.67694,,16.66366,-1.118999
8.58877938659862, 17.2891,,395,16.67849,,16.05753,-0.005388
8.60527128586546, 18.4139,,396,16.68287,,15.8309,-0.394321
8.62256628507748, 13.6503,,397,16.67524,,17.49859,-0.125797
8.63898218469694, 20.0977,,398,16.68383,,16.38522,0.216955
8.65549278492108, 13.3255,,399,16.67542,,16.7471,0.598701
8.67345238523558, 16.3728,,400,16.67466,,16.50504,0.02753
8.68884838512167, 16.3278,,401,16.6738,,16.1749,-0.026246
8.70561448438093, 17.4228,,402,16.67566,,15.77527,-0.140049
8.72197648463771, 17.6501,,403,16.67808,,16.37125,-0.174069
8.73973938403651, 15.3545,,404,16.6748,,16.42835,0.143241
8.75611128425226, 16.3889,,405,16.6741,,16.53107,1.40991
8.77272068476304, 17.2,,406,16.67539,,16.50186,-1.090265
8.78899068525061, 19.717,,407,16.68286,,16.22369,0.103063
8.80580848595127, 13.1798,,408,16.67428,,14.93027,-0.489125
8.82191268680617, 17.1625,,409,16.67547,,17.43384,-1.222915
8.83909588633105, 16.6347,,410,16.67537,,16.26673,-0.21251
8.85594158573076, 19.0231,,411,16.68109,,16.87412,0.053198
8.87278208648786, 14.9914,,412,16.67698,,17.61381,-0.100259
8.8891698862426, 17.0237,,413,16.67782,,16.6034,-0.678651
8.90573438582942, 16.2778,,414,16.67686,,16.30146,0.669313
8.92250618664548, 18.4035,,415,16.68102,,16.47375,-0.633176
8.93908258667216, 15.0296,,416,16.67705,,17.06929,-0.136895
8.9565145871602, 16.7906,,417,16.67732,,15.67188,0.11293
8.97262478759512, 17.0598,,418,16.67823,,17.0235,-0.185486
8.98943288763985, 16.7774,,419,16.67847,,16.52467,0.044895
9.00628738803789, 16.1824,,420,16.67729,,16.31629,0.242783
9.02244548825547, 16.5717,,421,16.67704,,16.4959,-0.375568
9.03953148750588, 16.8353,,422,16.67742,,16.34412,-0.915612
9.05559318838641, 16.9613,,423,16.67809,,16.12677,0.517031
9.07344168750569, 16.3642,,424,16.67735,,16.74241,-1.022054
9.08913328824565, 17.2398,,425,16.67867,,17.31447,0.234177
9.10594258783385, 16.5999,,426,16.67848,,15.85695,0.30852
9.1228919881396, 16.378,,427,16.67778,,17.42262,0.793327
9.13990188902244, 18.3976,,428,16.6818,,16.15128,-0.061871
9.15673488890752, 13.5701,,429,16.67455,,16.07677,-0.568268
9.17367628915235, 17.2704,,430,16.67593,,15.55587,-0.600724
9.18889858899638, 17.0374,,431,16.67677,,16.42207,0.840426
9.20662668859586, 17.9707,,432,16.67977,,16.94062,-0.435396
9.22351208841428, 16.182,,433,16.67862,,16.94487,-0.693237
9.24058848759159, 15.8597,,434,16.67673,,15.5215,0.504895
9.25599658722058, 17.6893,,435,16.67906,,16.79284,-0.757044
9.27242918731645, 15.3,,436,16.67589,,16.9852,-0.207957
9.34014178672805, 56.5887,,437,16.76723,,15.78194,-0.454786
9.34014178672805, 0.8233,,438,16.73083,,17.01196,-0.881675
9.34014178672805, 2.0061,,439,16.69728,,16.48729,-0.450383
9.34014178672805, 7.6706,,440,16.67677,,16.72977,-0.837086
9.35683828638867, 15.7152,,441,16.67459,,17.15788,-0.555886
9.37386298598722, 17.4077,,442,16.67625,,16.74079,-0.19817
9.38960688607767, 18.2311,,443,16.67976,,17.20739,0.040304
9.4065190856345, 14.7755,,444,16.67547,,16.84687,-0.609042
9.42276058578864, 16.1695,,445,16.67433,,16.5272,-0.233265
9.43918518582359, 17.2314,,446,16.67558,,16.23084,0.095305
9.45657718600705, 17.8619,,447,16.67823,,16.90796,-0.498462
9.4736690861173, 15.3058,,448,16.67517,,16.52749,-0.960394
9.48981658602133, 16.6005,,449,16.675,,16.25776,-0.212529
9.50590778561309, 17.141,,450,16.67604,,16.82079,-0.88454
9.52378658624366, 18.2639,,451,16.67956,,17.24473,0.408003
9.53921868605539, 15.5998,,452,16.67717,,16.50134,-0.945988
9.55670608533546, 16.7529,,453,16.67734,,17.1959,0.107453
9.5734828854911, 16.7318,,454,16.67746,,15.90199,-0.165001
9.58997848583385, 18.1059,,455,16.6806,,17.25345,-0.774408
9.60665248660371, 14.88,,456,16.67665,,16.2807,0.024631
9.62272538570687, 16.8912,,457,16.67712,,16.44631,-0.284286
9.64005138492212, 16.72,,458,16.67721,,17.00537,-0.693074
9.65640028519556, 16.6243,,459,16.6771,,16.34999,-0.155911
9.67392908548936, 17.5496,,460,16.67899,,16.54467,-0.383042
9.69140768563375, 17.4738,,461,16.68072,,16.98301,-0.934733
9.70749668544158, 14.9441,,462,16.67696,,16.48914,0.15193
9.72376608615741, 16.3225,,463,16.67619,,16.62533,0.03132
9.74072778550908, 16.9435,,464,16.67677,,17.20857,0.521083
9.75648868596181, 17.0925,,465,16.67766,,16.14078,-0.196898
9.77274208655581, 16.3958,,466,16.67706,,16.34102,-0.204074
9.78997318586335, 17.7314,,467,16.67932,,15.7713,0.07745
9.8067378862761, 14.4604,,468,16.67458,,16.50827,-0.617806
9.82403058698401, 18.6901,,469,16.67887,,15.02585,-0.790223
9.83933428721502, 14.7844,,470,16.67484,,16.30071,-0.176566
9.85669078724459, 17.2753,,471,16.67612,,16.95722,0.763051
9.87280858727172, 16.7905,,472,16.67636,,17.07407,-0.456424
9.89129788661376, 18.3624,,473,16.67992,,15.06045,-0.138834
9.90686278650537, 15.3816,,474,16.67719,,15.57832,-0.236102
9.92295988695696, 16.2429,,475,16.67627,,16.72973,0.120837
9.94035028712824, 16.9411,,476,16.67683,,16.4375,0.351632
9.95730798738077, 16.2338,,477,16.6759,,16.60606,-0.939915
9.97459558816627, 18.7334,,478,16.6802,,16.15907,0.034193
9.99114658730105, 17.8454,,479,16.68263,,15.94121,-0.615462
10.006842287723, 13.6615,,480,16.67634,,17.22001,-0.992422
10.0236995876767, 16.728,,481,16.67645,,16.27866,0.010783
10.0406277873553, 16.3926,,482,16.67586,,16.99752,-0.59322
10.0566940871067, 18.6663,,483,16.67998,,17.31402,-0.830308
10.0730809872039, 15.1392,,484,16.6768,,16.35222,0.163
10.0911221862771, 17.3429,,485,16.67817,,16.93391,-0.364301
10.1063449862413, 15.6075,,486,16.67597,,17.1464,-0.116797
10.1236625867896, 16.857,,487,16.67634,,16.1479,0.060771
10.1398360873573, 18.0307,,488,16.67911,,16.7531,0.32579
10.1571703865193, 15.2867,,489,16.67627,,16.45453,0.094264
10.1735981865786, 16.4748,,490,16.67586,,16.24231,0.249503
10.1897013871931, 16.2121,,491,16.67491,,16.01764,0.22902
10.2072640876286, 18.9477,,492,16.67953,,16.1706,-0.388477
10.2238494879566, 15.0185,,493,16.67616,,16.02298,-0.92653
10.2399554881267, 16.5326,,494,16.67587,,16.04948,0.329949
10.25650338782, 17.7443,,495,16.67803,,16.68883,-1.141606
10.2736210874282, 15.1524,,496,16.67495,,17.25985,-0.0471
10.2904548882507, 18.6993,,497,16.67903,,15.92051,0.003206
10.3071125890128, 14.862,,498,16.67538,,17.42,-0.262188
10.3236743896268, 16.869,,499,16.67577,,16.42549,-0.338861
10.3401112887077, 17.0972,,500,16.67661,,16.30359,0.275006
10.3566340892576, 17.8905,,501,16.67903,,16.59486,-0.354636
10.3740457887761, 15.358,,502,16.6764,,16.68019,-0.733546
10.3904348886572, 16.5784,,503,16.6762,,16.01154,1.003293
10.4074743888341, 16.8511,,504,16.67655,,16.63785,-0.440853
10.4243994890712, 16.3182,,505,16.67584,,17.00291,-0.10612
10.4402792896144, 18.6639,,506,16.67977,,15.33325,-0.24886
10.4569713897072, 15.6219,,507,16.67768,,16.73022,-0.619702
10.4742513890378, 16.4535,,508,16.67724,,16.40956,-1.25314
10.4910791884176, 15.9801,,509,16.67587,,16.535,-0.622159
10.5074609885924, 18.5721,,510,16.67959,,16.95554,-0.943502
10.524196788203, 15.0621,,511,16.67643,,17.53276,-0.167494
10.5413865889423, 17.2022,,512,16.67745,,16.9246,-0.443769
10.5573909892701, 16.1854,,513,16.67649,,17.10469,-0.577605
10.5741349901073, 17.0815,,514,16.67728,,16.51977,-0.97644
10.5903915907256, 18.0636,,515,16.67997,,16.7827,-0.642158
10.6068789898418, 14.735,,516,16.6762,,16.96414,-0.55192
10.6234325892292, 16.2129,,517,16.67531,,15.66396,-0.849317
10.6416501901112, 17.3666,,518,16.67664,,16.94202,0.257523
10.6566824899055, 17.7989,,519,16.67881,,16.85412,-0.054855
10.6742265899666, 14.9665,,520,16.67551,,17.16358,-0.160057
10.6912222900428, 16.7229,,521,16.6756,,16.09706,-0.590153
10.7073351894505, 16.9022,,522,16.67604,,16.39536,-0.348644
10.7243024897762, 17.1421,,523,16.67693,,16.45105,-0.968008
10.7404293906875, 17.68,,524,16.67884,,16.84834,-0.462386
10.7574280914851, 15.0561,,525,16.67575,,16.72731,-0.331458
10.7734980923124, 17.3121,,526,16.67696,,17.32009,-0.090531
10.7912777927704, 18.0291,,527,16.67953,,16.80546,-0.452716
10.8080735919066, 16.366,,528,16.67893,,16.62003,-0.5813
10.8234055922367, 15.9531,,529,16.67756,,16.47592,-0.453123
10.8405696921982, 15.7586,,530,16.67583,,16.7378,-0.54368
10.8575410922058, 17.7633,,531,16.67788,,16.86682,0.169702
10.8746457924135, 16.1069,,532,16.6768,,16.77528,-0.387946
10.8912075930275, 18.1794,,533,16.67962,,16.8776,-0.276266
10.9083387930878, 14.7035,,534,16.67592,,16.12445,-0.093201
10.9233785928227, 17.2968,,535,16.67708,,16.69577,-0.622973
10.9404954933561, 17.2153,,536,16.67809,,16.568,-0.218164
10.9569086940028, 15.6901,,537,16.67625,,16.40477,-0.841704
10.9743508943357, 17.052,,538,16.67694,,16.91466,0.331081
10.9913279940374, 16.5912,,539,16.67679,,16.5121,-0.658205
11.0074663949199, 17.2314,,540,16.67781,,17.09192,-0.516751
11.0240689949133, 15.3911,,541,16.67543,,15.96591,-0.21842
11.0406507947482, 18.471,,542,16.67875,,16.94635,0.086396
11.0574481938966, 15.6707,,543,16.67689,,16.81832,0.277015
11.0735465944745, 17.1505,,544,16.67776,,16.5563,0.518216
11.0912219942547, 15.6466,,545,16.67587,,16.22158,-0.957829
11.1074697938748, 16.8347,,546,16.67616,,16.06698,0.09934
11.1235101935454, 17.8532,,547,16.67831,,15.80863,0.30807
11.1409247932024, 15.3352,,548,16.67586,,17.24166,0.685105
11.1573889930733, 16.1435,,549,16.67489,,16.20373,-0.58821
11.1734279938973, 17.3407,,550,16.6761,,16.0129,-0.758339
11.1905315932818, 17.5326,,551,16.67766,,15.60641,-0.367295
11.2083414928056, 18.1653,,552,16.68035,,16.87894,-0.624488
11.2234602929093, 14.896,,553,16.67713,,17.1319,-0.955581
11.2410223935731, 16.6844,,554,16.67714,,16.65449,0.166826
11.2573076938279, 16.3291,,555,16.67651,,16.90868,0.185433
11.2740065944381, 18.0988,,556,16.67907,,17.19707,0.532064
11.2914070938714, 15.7641,,557,16.67743,,16.11877,-0.394224
11.307537893299, 16.3053,,558,16.67676,,16.10774,-0.117471
11.3244872936048, 16.8208,,559,16.67702,,15.75302,-0.575528
11.3409985941835, 16.177,,560,16.67612,,16.70227,-0.807496
11.3579531949945, 18.0375,,561,16.67855,,16.47163,-0.126827
11.3748098951764, 15.4813,,562,16.67642,,16.899,0.326593
11.3917884943075, 16.4228,,563,16.67597,,17.15943,-0.231941
11.4071081946604, 17.3791,,564,16.67722,,16.42831,-0.829311
11.4249807945453, 16.9375,,565,16.67768,,16.02904,0.352585
11.4424009951763, 17.9927,,566,16.68,,16.54231,-0.852855
11.4577023950405, 14.7663,,567,16.67662,,17.13022,-0.083515
11.4741533943452, 17.0311,,568,16.67725,,15.92925,0.020014
11.4910753951408, 15.767,,569,16.67565,,17.19272,-0.149425
11.5080632944591, 17.7732,,570,16.67757,,16.36819,-0.135984
11.5247199949808, 18.5898,,571,16.68092,,16.26833,-0.783982
11.5411517941393, 14.5577,,572,16.67721,,16.44168,-0.091931
11.5575353936292, 16.4076,,573,16.67674,,16.47268,-0.45335
11.5737123941071, 16.9436,,574,16.67721,,17.06923,-1.018962
11.5916262944229, 16.7315,,575,16.6773,,16.42965,-0.086559
11.6085748937912, 17.7721,,576,16.6792,,16.75446,0.628747
11.6243519936688, 15.3301,,577,16.67686,,15.84296,0.189329
11.6415580944158, 16.6651,,578,16.67684,,15.07105,0.47177
11.6577378944494, 16.6982,,579,16.67688,,15.70977,-0.416523
11.6737973936833, 17.0322,,580,16.67749,,16.10463,-0.860393
11.6927209929563, 18.5444,,581,16.68071,,15.81582,-0.319657
11.707537193317, 14.7678,,582,16.67742,,16.75099,-0.227016
11.7255944930948, 16.5997,,583,16.67729,,17.16476,0.381068
11.7416064930148, 16.4901,,584,16.67697,,16.61012,-0.923207
11.7578355935402, 16.618,,585,16.67686,,16.51743,-0.31698
11.7744264942594, 18.7071,,586,16.68033,,15.91221,-0.856222
11.7912886948325, 14.8194,,587,16.67716,,17.30218,0.996761
11.8081814949401, 17.3296,,588,16.67827,,16.60732,-0.121098
11.8244450953789, 15.9136,,589,16.67697,,17.17634,-0.692522
11.8416695953347, 16.4792,,590,16.67664,,15.3778,-0.006107
11.8579213959165, 17.2414,,591,16.67759,,16.48812,0.255423
11.8746289950795, 17.8841,,592,16.67963,,17.06691,-0.369204
11.8914744951762, 14.8116,,593,16.67648,,16.35678,-0.380702
11.9078947943635, 17.4224,,594,16.67773,,16.0795,-0.192104
11.9247331940569, 16.5927,,595,16.67759,,15.4095,-0.070939
11.9418772947975, 17.7327,,596,16.67936,,15.5309,0.19962
11.9583256957121, 14.9913,,597,16.67653,,16.58624,-0.403528
11.9748117965646, 17.0968,,598,16.67724,,16.40658,-0.648487
11.9917748966254, 16.487,,599,16.67692,,16.14523,0.686233
12.0084336963482, 17.091,,600,16.67761,,16.74939,-0.787264
12.0248556961305, 18.1335,,601,16.68003,,17.05477,-0.169034
12.0413154964335, 15.2651,,602,16.67768,,15.69906,-0.670201
12.0576476962306, 16.0372,,603,16.67662,,17.15443,0.02826
12.0749113955535, 17.2997,,604,16.67765,,16.512,-0.246354
12.0912074954249, 16.4688,,605,16.67731,,17.02744,-0.820021
12.1088470951654, 16.9019,,606,16.67768,,16.36215,0.070323
12.124948494602, 18.1661,,607,16.68013,,16.61062,-0.114688
12.1414661952294, 15.3357,,608,16.67792,,17.19318,-0.591519
12.1581727960147, 16.4558,,609,16.67755,,16.30319,-0.74088
12.1747985952534, 17.2478,,610,16.67849,,16.38922,-0.299451
12.1911889952607, 16.376,,611,16.67799,,16.97488,-0.12288
12.2090654955246, 18.1644,,612,16.68042,,17.09135,-0.156333
12.226190794725, 14.8917,,613,16.6775,,16.65388,-0.282259
12.2419772953726, 16.4351,,614,16.67711,,16.50473,-0.571637
12.259143395815, 17.3406,,615,16.67819,,16.52056,-0.662903
12.2745778956451, 18.0452,,616,16.68041,,16.63984,0.098388
12.2918294952251, 17.4863,,617,16.68171,,16.8782,-0.201044
12.3084024959244, 16.2636,,618,16.68104,,17.03601,0.144256
12.3253198959865, 15.6223,,619,16.67933,,16.29824,0.332651
12.3416823954321, 16.6482,,620,16.67928,,16.59204,-0.421701
12.3580060959794, 16.9333,,621,16.67968,,16.22925,-0.462844
12.374460995663, 18.3967,,622,16.68245,,15.929,0.185284
12.3916089949198, 14.4098,,623,16.6788,,16.77614,0.394699
12.4080291953869, 16.8365,,624,16.67905,,16.72492,0.037655
12.4258860950358, 17.2165,,625,16.67991,,16.1614,0.130881
12.4416716941632, 16.6209,,626,16.67982,,16.01615,0.630389
12.4577791937627, 16.6101,,627,16.6797,,16.31232,-0.049038
12.4750234936364, 16.8887,,628,16.68004,,16.25181,0.027408
12.491814293433, 16.2879,,629,16.67941,,15.74304,-0.413687
12.507884894032, 16.8854,,630,16.67974,,16.42079,-0.57947
12.5256619942375, 16.603,,631,16.67962,,16.35059,-0.689544
12.5418863934465, 17.4923,,632,16.6809,,16.76887,0.830451
12.5587920942344, 18.0456,,633,16.68306,,16.95914,-0.786958
12.5753125944175, 14.8631,,634,16.68019,,17.08905,0.064798
12.5920603950508, 16.2326,,635,16.67949,,15.54616,0.363992
12.6089142956771, 16.3354,,636,16.67894,,17.1971,-0.184521
12.6252055955119, 16.9574,,637,16.67938,,16.32511,0.091175
12.6416425951757, 18.411,,638,16.68209,,16.00272,-0.438163
12.6596354958601, 15.179,,639,16.67974,,16.56893,-0.120492
12.6746281958185, 17.6424,,640,16.68125,,16.26856,-0.743135
12.7087065964006, 23.9683,,641,16.69262,,16.83249,0.379213
12.724756996613, 12.2642,,642,16.68572,,16.51423,0.494151
12.724756996613, 13.819,,643,16.68126,,17.11249,-0.823777
12.7417570962571, 14.0425,,644,16.67716,,16.01545,-0.359111
12.7588187954389, 17.0652,,645,16.67776,,15.89838,-0.083373
12.7748610950075, 16.6518,,646,16.67772,,17.23941,0.349799
12.8244766942225, 39.9939,,647,16.71376,,16.76767,0.241923
12.8244766942225, 6.0438,,648,16.69729,,16.4741,0.57932
12.8415036941878, 8.9185,,649,16.68531,,16.04208,-0.976802
12.8415036941878, 11.6276,,650,16.67753,,16.16098,-0.524223
12.876749293413, 24.0349,,651,16.68883,,15.7024,-0.790305
12.876749293413, 11.8679,,652,16.68143,,17.33342,-0.028291
12.9091340932064, 21.8709,,653,16.68938,,16.9036,0.281463
12.9261760930531, 14.414,,654,16.6859,,17.17309,-0.251982
12.9442551932298, 18.6338,,655,16.68888,,16.40454,-0.333368
12.9592587933876, 22.8167,,656,16.69822,,16.10848,-0.424381
12.9592587933876, 5.9786,,657,16.6819,,16.63947,-0.372415
12.9752646931447, 15.6412,,658,16.68032,,16.72148,-0.886962
13.0088473916985, 21.0449,,659,16.68694,,16.81842,0.096047
13.0248883911408, 20.8611,,660,16.69327,,16.69516,-0.318314
13.0248883911408, 6.752,,661,16.67823,,17.26935,-0.960483
13.0589708914049, 28.1251,,662,16.69552,,16.28621,-0.263643
13.0759961907752, 14.1106,,663,16.69162,,16.71588,-0.478455
13.0930329901166, 26.1139,,664,16.70581,,17.35034,-1.069216
13.0930329901166, 0.5147,,665,16.68146,,16.60675,-0.647307
13.125570890028, 26.1277,,666,16.69565,,16.79142,0.482791
13.1415936895646, 8.0811,,667,16.68273,,17.46311,-1.052465
13.1415936895646, 15.2646,,668,16.68061,,17.03761,-0.215016
13.1756824911572, 21.7341,,669,16.68816,,15.90557,-0.608141
13.1756824911572, 12.8613,,670,16.68245,,17.47622,-0.591679
13.2090495903976, 27.7763,,671,16.69898,,16.59574,0.08191
13.2090495903976, 6.6533,,672,16.68403,,16.99478,-0.422559
13.2421830906533, 16.252,,673,16.68339,,16.95719,-0.146285
13.2601934908889, 24.2258,,674,16.69458,,16.24276,-0.374744
13.2758159912191, 9.2532,,675,16.68356,,16.79378,-0.092761
13.2758159912191, 13.6134,,676,16.67902,,16.52594,0.156815
13.3093775915913, 27.8966,,677,16.69559,,16.67326,0.270864
13.3253997913562, 20.9095,,678,16.7018,,16.38609,-0.959056
13.3424450918101, 13.3638,,679,16.69689,,16.22184,0.213574
13.3594959913753, 15.7959,,680,16.69556,,15.83076,0.954657
13.3594959913753, 4.2664,,681,16.67731,,17.28753,-0.40682
13.3755305907689, 16.1564,,682,16.67655,,16.08114,-0.665221
13.4091170909815, 33.4148,,683,16.70105,,15.33832,-0.406446
13.4091170909815, 4.8486,,684,16.68373,,16.73732,-0.115696
13.4267053916119, 14.6625,,685,16.68077,,16.94725,-0.107346
13.4431695914827, 18.7448,,686,16.68378,,16.7058,-0.327121
13.4602043922059, 15.429,,687,16.68196,,16.39255,-0.676545
13.4932540929876, 18.975,,688,16.68529,,16.41742,-1.175157
13.4932540929876, 11.8401,,689,16.67826,,16.67785,0.055801
13.5098071931861, 16.667,,690,16.67824,,16.96576,0.346094
13.5265176924877, 15.7469,,691,16.67689,,17.461,-0.588007
13.5425372919999, 16.7388,,692,16.67698,,16.22761,-0.067009
13.5595733928494, 17.0912,,693,16.67758,,15.95921,-0.593773
13.5762958931737, 16.4645,,694,16.67727,,16.87321,-1.241916
13.5925259939395, 16.9019,,695,16.6776,,16.27317,-0.330796
13.6101383934729, 18.6836,,696,16.68048,,16.86232,-0.746389
13.6269012927078, 14.9383,,697,16.67798,,17.4744,0.564405
13.643712292891, 20.0368,,698,16.68279,,15.19369,-0.092514
13.692594892811, 35.3305,,699,16.70947,,17.114,-0.5324
13.692594892811, 14.4595,,700,16.70625,,15.72061,-0.618365
13.7101736920886, 5.7373,,701,16.69061,,16.3891,-0.40063
13.7101736920886, 8.7761,,702,16.67933,,16.84316,-0.227559
13.7264865930192, 15.4986,,703,16.67765,,16.92653,-0.653018
13.7431614934467, 16.3738,,704,16.67722,,16.75256,-0.104487
13.759467493277, 17.4935,,705,16.67838,,16.52992,-0.610357
13.7926783929579, 32.7751,,706,16.70118,,16.94299,-0.507992
13.811037692707, 11.7613,,707,16.69419,,16.38776,-0.360183
13.811037692707, 9.6548,,708,16.68425,,16.82989,-0.593712
13.8274208935909, 11.3009,,709,16.67666,,16.79598,-0.435791
13.8598386938684, 28.0144,,710,16.69263,,16.60581,0.034375
13.8598386938684, 5.7423,,711,16.67723,,16.87619,-0.157516
13.8760474934243, 16.7738,,712,16.67736,,16.72663,-0.396178
13.8936250931583, 16.5262,,713,16.67715,,16.24612,-0.115612
13.9101380924694, 24.8204,,714,16.68855,,16.51478,-0.124149
13.9306364930235, 8.8536,,715,16.6776,,16.68991,-0.401168
13.9432434928603, 16.1028,,716,16.67679,,16.39685,-0.649978
13.9593732920475, 17.0601,,717,16.67733,,16.42527,-0.96481
13.9764135912992, 16.6884,,718,16.67734,,16.68278,-0.393792
13.9944006917067, 16.8143,,719,16.67753,,16.91651,-0.741811
14.0094656920992, 18.9281,,720,16.68066,,17.25399,0.207238
14.0273996922188, 14.4782,,721,16.6776,,16.66291,-0.374568
14.0440892926417, 16.0802,,722,16.67678,,17.02976,-0.486044
14.0612983922474, 17.2623,,723,16.67759,,16.08927,-0.516772
14.0764107923023, 16.7191,,724,16.67764,,16.66424,-0.563189
14.0935235931538, 16.2082,,725,16.677,,16.82817,-0.855842
14.1102215922438, 19.1143,,726,16.68035,,16.80699,0.345971
14.126808592584, 14.5154,,727,16.67738,,16.83994,0.847979
14.1432653921656, 16.7013,,728,16.67741,,17.14403,-0.127142
14.1601279913448, 16.4932,,729,16.67716,,15.94842,0.389955
14.1764252907597, 16.7067,,730,16.6772,,15.51294,-0.871053
14.193733190652, 16.6321,,731,16.67714,,16.39414,-0.29134
14.2101874905638, 16.3905,,732,16.67674,,15.91395,-0.318046
14.2263570907526, 17.1935,,733,16.67745,,17.15494,-0.174858
14.2441588914953, 16.6552,,734,16.67742,,16.56545,-0.443294
14.260281292256, 16.6339,,735,16.67736,,16.70576,-1.01722
14.2773740920238, 16.6395,,736,16.67731,,16.45819,-1.013895
14.2943132924847, 16.8576,,737,16.67755,,16.78832,-0.594679
14.3112436919473, 18.1922,,738,16.6796,,16.9936,-0.872624
14.3271754919551, 14.8121,,739,16.67708,,17.36178,0.322479
14.3435927922837, 16.8448,,740,16.6773,,16.83632,-0.537671
14.3603735915385, 16.8501,,741,16.67754,,17.15792,-1.113081
14.3767803921364, 16.299,,742,16.67703,,15.98067,-0.529196
14.3933694916777, 16.7865,,743,16.67717,,16.87668,-0.4768
14.4108669920824, 18.935,,744,16.68021,,17.4539,-1.044537
14.4271708927117, 14.1537,,745,16.67682,,16.8939,0.03775
14.4433698928915, 16.5729,,746,16.67668,,16.77484,-0.49319
14.4613222922198, 17.4204,,747,16.67767,,17.36845,-0.195709
14.4771364922635, 16.373,,748,16.67727,,16.29079,-0.335314
14.4933836921118, 16.8232,,749,16.67746,,16.74461,-0.397475
14.5110509912483, 18.441,,750,16.67981,,16.53851,-0.129265
14.5276944912039, 16.0085,,751,16.67892,,16.69888,-0.45475
14.5441390904598, 16.0134,,752,16.67803,,16.59986,-0.778994
14.5610557901673, 16.3884,,753,16.67765,,16.46025,0.598825
14.579226990696, 16.5268,,754,16.67745,,16.86619,-1.14657
14.5933189908974, 16.9267,,755,16.67778,,17.08248,-0.258113
14.6110475915484, 18.768,,756,16.68054,,15.78867,-0.40966
14.6279366924427, 15.4738,,757,16.67895,,17.46511,-1.049107
14.6441023922525, 15.8184,,758,16.67781,,16.60346,-0.715923
14.6611306923442, 16.628,,759,16.67775,,16.71661,-0.348282
14.6783846928738, 17.1333,,760,16.67835,,17.37552,-0.984444
14.6936125927605, 16.5888,,761,16.67823,,17.04868,-0.636308
14.7112834923901, 16.2377,,762,16.67765,,16.68084,-0.774131
14.727447191719, 17.9812,,763,16.67936,,17.30871,-1.420254
14.7440562923439, 15.9031,,764,16.67834,,16.89323,-1.068277
14.7602983922698, 16.2462,,765,16.67778,,16.91615,-0.734272
14.7774584931321, 16.5284,,766,16.67759,,17.75138,0.1399
14.7940807924606, 16.6257,,767,16.67752,,17.26047,-1.032128
14.8111500930972, 17.7218,,768,16.67888,,17.0696,-0.176863
14.8279297933914, 15.471,,769,16.67731,,15.52453,0.176102
14.8445735932328, 18.5474,,770,16.67974,,17.36466,1.541119
14.8614758928306, 14.8613,,771,16.67738,,16.5105,-0.106684
14.8766193925403, 16.7474,,772,16.67747,,16.16308,-0.784761
14.8944517928176, 16.1469,,773,16.67678,,14.74928,-0.436563
14.9115032921545, 17.1007,,774,16.67733,,16.46766,-0.580084
14.9265569918789, 16.4085,,775,16.67698,,16.21586,-1.230905
14.9442389910109, 17.8468,,776,16.67849,,16.78758,-0.887549
14.961082090158, 15.5658,,777,16.67706,,16.9158,-0.523878
14.9781282902695, 17.1612,,778,16.67768,,17.56245,-0.172607
14.9947000895627, 16.9246,,779,16.678,,17.22978,0.167373
15.0112491887994, 16.9651,,780,16.67837,,16.85271,0.004452
15.0272579886951, 16.1078,,781,16.67763,,16.51763,-0.656812
15.0613629878499, 31.7078,,782,16.69685,,16.17335,-1.313776
15.0613629878499, 5.3593,,783,16.68237,,16.31871,-0.960523
15.077463187743, 12.2587,,784,16.67673,,16.99968,-0.609332
15.0942774885334, 16.4053,,785,16.67639,,17.63582,-0.442341
15.1115081892349, 16.6885,,786,16.6764,,17.30593,-0.604292
15.1278854892589, 16.8823,,787,16.67666,,16.95634,0.369057
15.1445796885528, 17.506,,788,16.67772,,16.78429,-0.889178
15.1610263888724, 16.4442,,789,16.67742,,16.95474,0.447887
15.1777661894448, 16.5846,,790,16.6773,,15.98428,-0.599806
15.1946942885406, 16.2736,,791,16.67679,,17.19451,-1.26659
15.2115853880532, 17.2586,,792,16.67753,,15.86281,-0.402008
15.2285177879967, 16.6168,,793,16.67745,,16.92729,-1.053926
15.2437901883386, 16.9102,,794,16.67774,,17.57271,-0.712614
15.2612272887491, 17.9737,,795,16.67937,,16.73493,-0.369117
15.2779166880064, 15.6736,,796,16.67811,,17.41561,-1.026904
15.2940319883637, 16.5976,,797,16.67801,,17.07172,-0.665914
15.3114093891345, 16.6368,,798,16.67796,,16.7223,-0.801961
15.3284504893236, 17.5248,,799,16.67902,,17.36411,0.126692
15.3450994896702, 16.2857,,800,16.67853,,16.99796,-0.104033
15.3614185894839, 16.6346,,801,16.67847,,17.13471,0.238292
15.377899789717, 19.7634,,802,16.68232,,16.23733,0.166909
15.3945231898688, 14.1387,,803,16.67915,,16.45201,-0.083448
15.4116241890006, 16.4632,,804,16.67888,,16.10309,-0.230605
15.4279680880718, 16.1542,,805,16.67823,,16.14755,-0.155363
15.4455320886336, 16.9009,,806,16.6785,,16.4164,-0.793304
15.4609050885774, 16.2627,,807,16.67799,,16.53776,-0.434298
15.4771820888855, 18.1428,,808,16.6798,,16.5134,-0.405581
15.4952495885082, 15.0823,,809,16.67783,,17.1925,-0.897362
15.5116787892766, 16.3362,,810,16.67741,,16.84108,0.009564
15.5280847889371, 16.3255,,811,16.67697,,16.78876,0.137767
15.544328589458, 17.362,,812,16.67782,,17.21714,0.176688
15.5615868889727, 17.1834,,813,16.67844,,16.28223,-0.465392
15.5778046888299, 17.9094,,814,16.67995,,16.21101,-0.324884
15.5945232887752, 14.9919,,815,16.67788,,16.09299,-0.867976
15.6119984895922, 16.8795,,816,16.67813,,16.76318,-0.003668
15.628747689072, 16.5796,,817,16.67801,,16.65588,-0.380923
15.6438034889288, 17.0232,,818,16.67843,,17.26027,-0.328456
15.6610643886961, 16.2163,,819,16.67786,,16.37762,-0.79671
15.6776392892934, 16.8193,,820,16.67804,,16.76456,0.503268
15.694869690109, 17.9539,,821,16.67959,,16.77431,-0.970212
15.7113530901261, 14.8541,,822,16.67737,,17.13503,0.768408
15.7281634905376, 16.5897,,823,16.67726,,15.81101,-0.412672
15.7448392906226, 17.3874,,824,16.67812,,17.27539,-0.491022
15.7614011899568, 16.9284,,825,16.67843,,15.63267,-0.513679
15.7777912900783, 16.3953,,826,16.67809,,15.90402,-0.972536
15.795683989767, 16.6423,,827,16.67804,,16.86148,-0.126261
15.8116433904506, 20.2179,,828,16.68232,,16.87314,-0.273421
15.8280408908613, 12.7488,,829,16.67757,,17.33216,1.108631
15.8460674905218, 16.846,,830,16.67777,,16.44042,-0.530422
15.8614001902752, 17.8479,,831,16.67918,,16.60727,-1.059217
15.8775845910423, 16.3632,,832,16.6788,,12.75682,-0.69921
15.8954663905315, 15.298,,833,16.67715,,16.87882,0.605763
15.9118394902907, 18.304,,834,16.6791,,17.43841,-0.99728
15.9285315903835, 15.5481,,835,16.67774,,17.06954,0.303887
15.945335991215, 16.7756,,836,16.67786,,15.76458,0.248128
15.9615355911665, 16.1536,,837,16.67723,,17.37691,0.763624
15.9775762907229, 16.8964,,838,16.67749,,16.11967,-0.782153
15.9952576900832, 17.3137,,839,16.67825,,16.11478,-0.349139
16.0117878909223, 16.4744,,840,16.67801,,15.57955,-0.314283
16.0278796902858, 18.3987,,841,16.68006,,17.13994,-0.363979
16.0459090895019, 14.7001,,842,16.6777,,16.71268,-0.647532
16.061282589566, 16.8195,,843,16.67787,,16.68908,-0.448408
16.0788730899803, 16.6037,,844,16.67778,,16.78803,-0.854216
16.1459269910119, 55.7034,,845,16.72397,,16.99361,-0.216072
16.1459269910119, 0.7651,,846,16.7051,,16.82612,-0.412468
16.1459269910119, 0.7381,,847,16.68625,,17.21087,-0.936103
16.1459269910119, 9.7587,,848,16.67808,,16.57157,0.183654
16.1615828904323, 16.7736,,849,16.6782,,16.7961,-0.365894
16.177760689985, 16.2607,,850,16.67771,,17.30725,0.032188
16.1956091891043, 16.8025,,851,16.67785,,16.18629,0.29943
16.2118890895508, 16.8629,,852,16.67807,,16.74131,0.507423
16.2281299899332, 16.5925,,853,16.67797,,16.32507,-0.199829
16.2957221916877, 56.4506,,854,16.72454,,16.06018,-0.464833
16.2957221916877, 0.8652,,855,16.70599,,15.80713,-0.44491
16.2957221916877, 2.6523,,856,16.68957,,16.55773,-0.665214
16.2957221916877, 6.7438,,857,16.67797,,16.81331,-0.700351
16.3125690924935, 16.9952,,858,16.67834,,16.70391,0.104922
16.3279307927005, 16.4959,,859,16.67813,,16.99155,-0.273652
16.3458341932856, 16.7049,,860,16.67816,,17.08058,-0.755661
16.362238293048, 16.5299,,861,16.67798,,16.25885,0.539422
16.3792870934121, 16.6317,,862,16.67793,,16.63376,-0.332856
16.3957009925507, 18.1738,,863,16.67966,,17.11908,-0.75903
16.4121989919804, 15.1199,,864,16.67786,,15.84436,0.231704
16.4285057927482, 16.4801,,865,16.67763,,16.69263,0.197543
16.4446466933005, 16.8677,,866,16.67785,,17.1387,-0.02877
16.4620910934173, 16.972,,867,16.67819,,16.15026,0.185211
16.4802041943185, 16.4564,,868,16.67793,,16.18277,1.645177
16.4956308943219, 16.5631,,869,16.6778,,16.42179,-0.896172
16.5123808947392, 17.8979,,870,16.6792,,16.18582,0.068379
16.5289206956513, 15.4375,,871,16.67778,,14.69287,0.3695
16.5458177947439, 16.7323,,872,16.67784,,17.27772,-0.141444
16.5621150941588, 17.3346,,873,16.67859,,16.2195,0.211406
16.5802372940816, 16.3555,,874,16.67822,,16.01574,0.782191
16.5958469943143, 16.9218,,875,16.6785,,16.53159,-0.657858
16.6130753946491, 17.1213,,876,16.67901,,16.18321,0.327494
16.6287920945324, 18.4245,,877,16.681,,15.61446,-0.193737
16.6452468936332, 14.6304,,878,16.67866,,17.06061,-0.32939
16.661351593677, 16.5948,,879,16.67857,,16.07164,-0.698251
16.6787590929307, 16.3292,,880,16.67817,,16.58079,-0.222196
16.6959322937764, 16.5472,,881,16.67802,,16.65115,-0.282476
16.7133434941061, 16.8505,,882,16.67822,,17.0915,0.094239
16.7287743943743, 16.8114,,883,16.67837,,16.61468,0.216122
16.7448348938487, 16.509,,884,16.67818,,16.66706,0.136145
16.7623240943067, 16.0286,,885,16.67744,,16.27858,0.338439
16.7788076936267, 17.4893,,886,16.67836,,16.17566,-1.225296
16.7957763927989, 16.5153,,887,16.67817,,16.19726,0.008627
16.8124245922081, 17.42,,888,16.67901,,15.9811,0.38716
16.8284716918133, 15.9884,,889,16.67823,,17.51177,-1.216321
16.8455525911413, 16.4059,,890,16.67793,,16.36094,-0.22165
16.8620636905544, 17.1847,,891,16.6785,,15.99462,-0.054132
16.8789385906421, 18.8402,,892,16.68092,,17.62295,0.316279
16.8956664907746, 14.9221,,893,16.67895,,16.61983,0.207922
16.9126670914702, 16.2518,,894,16.67847,,16.44422,0.045643
16.9289942919277, 17.3313,,895,16.6792,,16.08848,-0.593753
16.9461790914647, 16.6021,,896,16.67912,,16.19116,-0.902918
16.9627426913939, 16.5428,,897,16.67896,,16.31775,0.162948
16.9796273908578, 15.7637,,898,16.67794,,16.99372,-0.475086
16.9976286902092, 19.3993,,899,16.68097,,17.29255,-0.30726
17.012109790463, 14.0899,,900,16.67809,,16.24609,0.168808
17.0296726902016, 16.8855,,901,16.67832,,16.81476,-0.050778
17.0459799901582, 16.5759,,902,16.67821,,16.68989,-0.03158
17.0626642894931, 16.5569,,903,16.67808,,16.13018,-0.268143
17.0788504895754, 16.4197,,904,16.67779,,16.43518,-0.200659
17.0957521894015, 17.0972,,905,16.67825,,16.42194,0.050421
17.1126296897419, 18.0071,,906,16.67972,,16.65076,0.229719
17.128753290046, 15.0666,,907,16.67794,,16.59528,0.520527
17.1462944899686, 16.5442,,908,16.67779,,16.33968,-0.8752
17.1627215896733, 16.705,,909,16.67782,,16.12947,-0.11995
17.178932888899, 16.8568,,910,16.67802,,15.8752,-0.192193
17.1962152891792, 16.5739,,911,16.67791,,17.28265,-0.684466
17.2126822886057, 16.6926,,912,16.67792,,16.52299,0.006524
17.2287306883372, 18.1615,,913,16.67955,,16.51237,0.338715
17.2463685874827, 15.383,,914,16.67813,,17.07448,0.317058
17.2626642868854, 16.3951,,915,16.67782,,16.37579,0.006941
17.2789880861528, 16.8474,,916,16.678,,16.01324,-0.294484
17.2964572855271, 16.6747,,917,16.678,,16.04306,-0.269854
17.3133233846165, 16.4501,,918,16.67775,,16.40478,0.071929
17.3295165845193, 16.9881,,919,16.67809,,16.58835,-0.27082
17.3456310839392, 16.3599,,920,16.67774,,16.65317,0.627199
17.3635971830226, 18.2335,,921,16.67943,,16.20452,-0.67483
17.3794560828246, 14.8852,,922,16.67749,,16.5595,-1.083835
17.395612782333, 16.9303,,923,16.67776,,15.67513,0.343675
17.4132877816446, 16.9357,,924,16.67804,,16.96554,0.059972
17.4302280810662, 16.625,,925,16.67798,,17.38912,-0.218356
17.4820419815369, 54.4084,,926,16.71873,,16.00593,-0.649762
17.4820419815369, 0.7464,,927,16.7015,,16.24606,-0.068434
17.4978130818345, 0.8478,,928,16.68442,,16.51906,-0.54175
17.4978130818345, 11.6449,,929,16.67899,,16.95633,-0.496788
17.5136042819358, 15.8047,,930,16.67805,,16.37395,0.252262
17.5290104816668, 16.4094,,931,16.67776,,16.82999,0.352683
17.5467291823588, 16.2849,,932,16.67734,,16.81214,-1.248443
17.5636876816861, 16.554,,933,16.67721,,16.00502,-0.677148
17.5799091807567, 16.9527,,934,16.6775,,15.93254,-0.742975
17.5960166803561, 17.0743,,935,16.67793,,17.55795,-0.222338
17.6125808800571, 16.9345,,936,16.6782,,16.97668,-0.392874
17.6299182805233, 16.477,,937,16.67799,,17.07004,-0.288964
17.6466150800698, 16.3594,,938,16.67765,,16.53067,-0.314833
17.6639582808129, 16.1847,,939,16.67712,,16.73886,-0.416995
17.6798119801097, 17.2706,,940,16.67775,,16.59803,-0.715419
17.6959749809466, 16.8658,,941,16.67795,,16.60029,0.492453
17.7141158818267, 16.4779,,942,16.67774,,16.70432,-0.214932
17.7294927821495, 16.9069,,943,16.67798,,17.00755,-0.496774
17.7457392816432, 17.3194,,944,16.67866,,15.79403,0.856809
17.7627431810834, 16.5184,,945,16.67849,,16.51307,-0.509263
17.7797605809756, 16.3684,,946,16.67817,,16.78469,-0.995338
17.7961776801385, 17.1289,,947,16.67864,,15.45446,0.192479
17.8124882807024, 16.8423,,948,16.67881,,16.73284,-0.119024
17.8303591799922, 15.6745,,949,16.67776,,17.30132,-0.057969
17.8471020800062, 16.3024,,950,16.67736,,16.09342,0.029835
17.8633888796903, 18.8037,,951,16.6796,,16.38377,-0.453307
17.8801288795657, 15.4128,,952,16.67827,,16.39606,-1.081166
17.8968241796829, 15.463,,953,16.67699,,16.25901,-0.094398
17.913731679786, 16.5725,,954,16.67688,,16.74137,-0.242792
17.9316382803954, 17.3685,,955,16.6776,,17.3682,-0.829944
17.9459267803468, 16.5337,,956,16.67746,,16.37959,0.480646
17.9651290797628, 17.1742,,957,16.67797,,16.52154,-0.83001
17.9798348802142, 16.6515,,958,16.67795,,17.11375,0.106886
17.9963295808993, 17.9727,,959,16.6793,,15.79151,-0.173186
18.0123595814221, 15.0758,,960,16.67763,,17.09291,-0.13077
18.0301421820186, 16.7912,,961,16.67774,,16.18939,1.253846
18.0466665825807, 16.5155,,962,16.67758,,16.46327,0.453462
18.0635070833378, 16.7185,,963,16.67762,,16.40465,-0.529722
18.0795150841586, 16.6333,,964,16.67757,,15.02854,-1.046306
18.0976582835428, 16.4248,,965,16.67731,,15.84902,0.086497
18.1135526834987, 17.1652,,966,16.67781,,16.88141,-0.387708
18.130424184259, 18.3505,,967,16.67954,,17.3844,-0.75376
18.1467597833835, 14.6943,,968,16.67749,,16.19981,0.176571
18.163403084036, 16.7649,,969,16.67758,,16.59906,-0.034798
18.1796855847351, 16.9418,,970,16.67786,,17.03943,0.127433
18.1972163855098, 16.8364,,971,16.67802,,16.1075,0.112564
18.2135762847029, 16.4548,,972,16.67779,,16.29387,0.306395
18.2297070841305, 16.5995,,973,16.67771,,16.16314,-1.002974
18.2472150842659, 16.8219,,974,16.67786,,16.1655,0.209087
18.2634815848432, 16.3489,,975,16.67752,,15.99747,-0.078739
18.2797282855026, 16.8666,,976,16.67771,,17.32741,0.289304
18.2974340855144, 16.6548,,977,16.67769,,16.08224,0.043119
18.3142659864388, 16.7057,,978,16.67772,,16.37,-0.116813
18.3293473864906, 16.2417,,979,16.67727,,16.00508,-0.572178
18.3466122872196, 17.2905,,980,16.6779,,16.26481,-1.055938
18.3634619875811, 16.1824,,981,16.67739,,16.45948,-0.389069
18.3796791876666, 19.4093,,982,16.68018,,16.81684,1.123181
18.3972823875956, 13.8783,,983,16.67733,,17.35827,-0.128509
18.413371888455, 16.8825,,984,16.67753,,16.57482,-0.094943
18.4294603890739, 16.7898,,985,16.67765,,15.16111,-0.139045
18.446898588445, 16.5696,,986,16.67754,,16.41824,0.034851
18.463810488116, 16.5483,,987,16.67741,,16.32814,-0.369928
18.4813767890446, 17.4342,,988,16.67817,,16.48475,1.057531
18.4965042886324, 16.6684,,989,16.67817,,16.26453,0.021637
18.514294788707, 17.9405,,990,16.67944,,16.64387,0.576913
18.5304561895318, 15.2871,,991,16.67804,,15.20256,-0.366789
18.5465536904521, 16.5786,,992,16.67793,,16.28229,-0.585097
18.5644263909198, 16.5394,,993,16.6778,,15.73029,-1.196695
18.631025491748, 55.8184,,994,16.71717,,16.6997,-0.462958
18.631025491748, 0.7729,,995,16.70115,,16.9303,0.029475
18.631025491748, 0.7372,,996,16.68512,,17.49456,0.761705
18.631025491748, 9.373,,997,16.67779,,16.77113,-0.513217
18.6481970925815, 18.3701,,998,16.67948,,16.27419,-1.108334
18.6642676931806, 14.4202,,999,16.67722,,15.54392,-0.230802
18.6814622939564, 16.8835,,1000,16.67743,,16.79043,-0.507678
18.6968928943388, 17.1666,,1001,16.67791,,17.41,-0.21902
18.7138292952441, 17.2105,,1002,16.67845,,16.60928,-0.262179
18.7303692954592, 16.3713,,1003,16.67814,,16.79742,-0.891654
18.7473501949571, 16.4748,,1004,16.67794,,16.50668,-0.496164
18.7641909956001, 16.6851,,1005,16.67794,,16.53405,-0.683197
18.7803161959164, 17.8638,,1006,16.67912,,17.17556,-0.420024
18.7971237967722, 15.4775,,1007,16.67793,,16.7685,-0.35862
18.814192996826, 16.8818,,1008,16.67813,,16.93852,-0.05354
18.8303156974725, 17.4919,,1009,16.67894,,16.75692,-0.44139
18.8463802966289, 15.2714,,1010,16.67755,,16.69944,0.081438
18.8642115960829, 16.3773,,1011,16.67725,,16.38349,-0.021664
18.8810644964688, 16.6654,,1012,16.67724,,16.71616,0.15702
18.8974279961549, 18.5374,,1013,16.67907,,16.20866,0.159356
18.9142028964125, 14.7809,,1014,16.6772,,16.34378,-0.644088
18.9304271969013, 16.7943,,1015,16.67732,,16.14494,0.166941
18.9468454974703, 16.6,,1016,16.67724,,14.75079,-0.199652
18.9642138979398, 17.6643,,1017,16.67821,,17.02606,-0.192475
18.9810578986071, 16.8146,,1018,16.67834,,16.13395,-0.698884
18.9984435993247, 16.3664,,1019,16.67804,,16.49058,-0.466359
19.0135628995486, 16.9526,,1020,16.67831,,16.48438,-0.233748
19.0310376998968, 16.7487,,1021,16.67838,,16.99876,-0.8178
19.0475122001953, 17.0441,,1022,16.67873,,16.77365,-0.027319
19.0645504002459, 16.0419,,1023,16.67811,,16.5871,-0.23606
19.0812087007798, 16.1539,,1024,16.6776,,17.13542,-0.693653
19.0974391014315, 16.9441,,1025,16.67786,,16.26946,-0.091776
19.1135235005058, 16.3624,,1026,16.67755,,16.52545,-0.324996
19.1311376006342, 17.3764,,1027,16.67823,,17.00118,-0.941402
19.1474899002351, 16.1213,,1028,16.67769,,16.3793,-0.010824
19.1642307010479, 16.6573,,1029,16.67767,,16.6114,-0.357971
19.1810838007368, 17.6926,,1030,16.67866,,17.24182,-0.757199
19.1973909013905, 15.533,,1031,16.67755,,16.29667,0.062782
19.213336602319, 17.1464,,1032,16.678,,16.6571,0.235678
19.2304897014983, 16.6942,,1033,16.67801,,17.02942,-0.254022
19.2480959021486, 16.3203,,1034,16.67767,,16.23762,-0.792074
19.2661856026389, 16.6086,,1035,16.6776,,16.04882,0.518236
19.281148402486, 16.6111,,1036,16.67754,,16.53827,-0.346508
19.2981891022064, 17.5811,,1037,16.67841,,17.11306,-0.857641
19.3149008029141, 15.8761,,1038,16.67764,,15.79211,0.120772
19.3324504033662, 18.4023,,1039,16.6793,,16.65484,0.348411
19.3492395025678, 17.7913,,1040,16.68037,,17.16053,-0.958729
19.3633154029958, 13.8558,,1041,16.67765,,16.16479,0.791988
19.38118950231, 16.5939,,1042,16.67757,,15.90553,2.166705
19.397323302459, 16.8956,,1043,16.67778,,17.23421,1.278722
19.4142922027968, 16.867,,1044,16.67796,,15.49319,0.340824
19.4310390031897, 16.0067,,1045,16.67732,,14.13058,-0.919066
19.4478228031658, 16.9531,,1046,16.67758,,15.07198,0.102384
19.4650955027901, 17.0853,,1047,16.67797,,15.95007,0.382023
19.4804304023273, 18.2015,,1048,16.67943,,17.22622,-0.057717
19.4974208031781, 14.3874,,1049,16.67724,,16.18658,-0.598925
19.5138474036939, 17.4252,,1050,16.67795,,15.90512,-0.731327
19.5316571039148, 17.2266,,1051,16.67848,,16.36743,-0.091654
19.5481237047352, 16.2683,,1052,16.67809,,16.94343,-0.066655
19.5649720043875, 17.0179,,1053,16.67841,,17.05915,0.594259
19.5816385042854, 16.2517,,1054,16.678,,16.38865,-0.244188
19.5984599036165, 16.937,,1055,16.67825,,16.37534,-0.75061
19.6137920035981, 18.4374,,1056,16.67992,,15.71069,0.704237
19.6312627042644, 14.9197,,1057,16.67825,,16.53661,-0.592916
19.6478218040429, 16.7533,,1058,16.67832,,17.05226,-0.955756
19.6644781040959, 16.3376,,1059,16.678,,15.58942,-0.703839
19.6817844039761, 16.8038,,1060,16.67812,,16.89416,-0.344602
19.6985990046524, 16.4222,,1061,16.67788,,17.33484,-0.637295
19.7139452048577, 16.12,,1062,16.67735,,17.0018,-0.987961
19.7314729043283, 17.5706,,1063,16.67819,,16.67719,0.181997
19.7477619037963, 17.1475,,1064,16.67863,,16.92486,0.257083
19.7647374034859, 18.1048,,1065,16.67997,,17.2938,-0.148473
19.7812939030118, 14.8309,,1066,16.67824,,16.10442,-0.036834
19.7977603026666, 16.6919,,1067,16.67825,,16.02897,-0.040831
19.8142533027567, 16.788,,1068,16.67835,,16.42363,0.157203
19.831869403366, 17.2173,,1069,16.67886,,16.38813,1.387212
19.8478684038855, 16.3229,,1070,16.67853,,16.3469,-0.993769
19.8647184041329, 15.8614,,1071,16.67776,,16.12789,1.534626
19.8810399048962, 17.0778,,1072,16.67813,,14.90017,-0.426629
19.8982795053162, 18.7032,,1073,16.68002,,17.26477,-0.588503
19.9148446046747, 14.5627,,1074,16.67805,,14.77013,-1.202749
19.930924704764, 16.6732,,1075,16.67805,,16.7532,-0.131345
19.9483833056875, 16.6789,,1076,16.67805,,16.94905,-0.313371
19.9644834049977, 16.5405,,1077,16.67792,,17.59534,-0.134215
19.9812088054605, 16.3658,,1078,16.67763,,16.49697,-0.795091
19.9974942062981, 16.7282,,1079,16.67768,,16.65141,0.616791
20.0149530065246, 16.5843,,1080,16.67759,,16.48989,-0.152881
20.0315367062576, 16.9945,,1081,16.67788,,17.16211,0.078009
20.0478213061579, 18.7093,,1082,16.67976,,15.69298,-0.212406
20.0643708058633, 14.2912,,1083,16.67756,,16.45709,-0.272051
20.0818617050536, 17.7547,,1084,16.67855,,16.28731,-0.701045
20.0982416053303, 16.3946,,1085,16.67829,,16.62825,0.147571
20.1148653053679, 16.5001,,1086,16.67812,,16.66445,-0.152486
20.1311971046962, 16.9381,,1087,16.67836,,17.06603,-0.702206
20.1473901052959, 16.4518,,1088,16.67815,,16.20839,0.109304
20.1652834047563, 16.578,,1089,16.67806,,16.53251,-0.296606
20.1816993043758, 18.2042,,1090,16.67946,,17.078,-0.739864
20.1984027051367, 15.1432,,1091,16.67805,,16.24351,0.269115
20.2146422048099, 16.5457,,1092,16.67793,,16.65486,0.456901
20.2314897053875, 17.036,,1093,16.67826,,17.09278,-1.13659
20.2475857050158, 16.6296,,1094,16.67822,,16.0612,-0.55481
20.2647199057974, 16.3353,,1095,16.6779,,15.91359,-0.387484
20.28173230635, 17.073,,1096,16.67826,,17.51111,-0.858884
20.2981595066376, 17.1776,,1097,16.67872,,16.92028,0.100021
20.314428305719, 19.3462,,1098,16.68115,,16.74838,-0.517856
20.3321921066381, 14.2105,,1099,16.6789,,17.20618,-1.095282
20.3487046067603, 17.4844,,1100,16.67963,,16.27626,-0.327217
20.3653184068389, 15.0725,,1101,16.67817,,16.86918,-0.108966
20.381410906557, 16.9138,,1102,16.67839,,17.46782,0.743795
20.3977208067663, 16.2221,,1103,16.67797,,16.70947,-0.771813
20.4156501074322, 16.358,,1104,16.67768,,16.47231,0.351513
20.4319859077223, 16.6643,,1105,16.67767,,15.57211,-0.162152
20.4492399082519, 17.7503,,1106,16.67864,,17.14179,-0.748592
20.464864608366, 17.54,,1107,16.67942,,16.02675,0.378573
20.4815102075227, 15.0302,,1108,16.67793,,16.54259,-1.038561
20.4976750076748, 16.9625,,1109,16.67819,,17.12643,-0.763456
20.5147277084179, 16.5085,,1110,16.67803,,15.89416,0.231149
20.5323272091337, 16.473,,1111,16.67785,,17.37116,0.288954
20.5487923086621, 16.878,,1112,16.67803,,17.13395,0.815259
20.5655667078681, 16.4809,,1113,16.67785,,16.15515,0.176174
20.5817846083082, 16.5235,,1114,16.67771,,16.05464,0.685293
20.6488159080036, 55.8833,,1115,16.71288,,15.53743,-0.552826
20.6488159080036, 2.2761,,1116,16.69994,,16.15981,-0.288652
20.6488159080036, 0.5678,,1117,16.6855,,15.64513,-0.392466
20.6488159080036, 8.463,,1118,16.67814,,16.89825,-0.078012
20.6650118087418, 16.3646,,1119,16.67786,,16.63847,0.084748
20.6819144082256, 16.9721,,1120,16.67813,,16.77881,-0.470189
20.6981928073801, 17.0339,,1121,16.67844,,16.47635,-0.362633
20.7154585071839, 16.3505,,1122,16.67815,,16.31409,0.037744
20.7318222080357, 16.9038,,1123,16.67835,,16.86463,-0.506186
20.7479061079212, 16.697,,1124,16.67837,,16.73606,-1.121418
20.7654539071955, 16.7776,,1125,16.67846,,16.34619,0.027744
20.7817855072208, 18.7686,,1126,16.68031,,16.90642,0.198099
20.7985309069045, 14.4507,,1127,16.67833,,17.52066,-0.139949
20.814608507324, 17.2759,,1128,16.67886,,16.3705,0.010615
20.8317846064456, 16.5686,,1129,16.67877,,16.19345,-0.521057
20.8486837060191, 15.7442,,1130,16.67794,,16.51098,-0.762157
20.8649723068811, 16.757,,1131,16.67801,,16.40866,-0.050173
20.8824771069922, 16.9043,,1132,16.67821,,16.85286,0.118787
20.8990733069368, 16.7537,,1133,16.67827,,17.11847,0.786977
20.915856607724, 17.5059,,1134,16.679,,16.43091,-0.744767
20.9326025084592, 15.54,,1135,16.678,,16.27232,0.047595
20.9490741086192, 16.8788,,1136,16.67818,,15.56107,-0.172112
20.9661576081999, 16.9018,,1137,16.67838,,17.1207,0.212212
20.9826246076263, 16.3796,,1138,16.67811,,16.31901,0.189378
20.9989112080075, 16.2786,,1139,16.67776,,16.52959,-0.249134
21.0156082087196, 17.5017,,1140,16.67848,,16.16962,-0.838934
21.0320726078935, 16.686,,1141,16.67849,,16.19293,0.071206
21.0490923081525, 16.7661,,1142,16.67857,,16.64723,-0.223646
21.0657415078022, 18.2185,,1143,16.67991,,17.23549,-0.163679
21.0821932074614, 14.9143,,1144,16.67837,,16.29955,0.00173
21.09941440681, 16.9376,,1145,16.6786,,16.63078,-0.389441
21.1157916062512, 16.3637,,1146,16.67832,,16.56837,-1.107197
21.1323840063997, 16.4611,,1147,16.67813,,16.39084,-0.628342
21.1489511062391, 16.6517,,1148,16.67811,,16.7618,0.307058
21.1656535067596, 16.9583,,1149,16.67835,,17.49634,1.738743
21.1817183070816, 16.5761,,1150,16.67827,,17.02254,0.020274
21.1987304077484, 16.5163,,1151,16.67813,,16.09656,0.297171
21.2658512075432, 56.4203,,1152,16.71262,,14.68553,0.371633
21.2658512075432, 2.3553,,1153,16.70017,,16.40013,-0.115377
21.2658512075432, 0.5303,,1154,16.68616,,16.04127,-0.125914
21.2658512075432, 7.0877,,1155,16.67785,,16.00028,-1.201611
21.2824830082245, 16.9652,,1156,16.6781,,15.07201,-0.037577
21.2996395085938, 17.3224,,1157,16.67865,,14.97041,-0.58503
21.3160094083287, 15.7833,,1158,16.67788,,17.62828,-0.310102
21.3326627076603, 17.2575,,1159,16.67838,,16.43323,-0.220783
21.3493795082904, 16.7919,,1160,16.67848,,16.9725,-0.196646
21.3653887086548, 16.3383,,1161,16.67819,,16.68678,0.354334
21.3825406082906, 16.6915,,1162,16.6782,,16.61965,-0.94125
21.3990288083442, 16.7346,,1163,16.67825,,16.49297,-0.552023
21.4160552085377, 17.5153,,1164,16.67896,,15.89755,-0.88025
21.4325386085548, 17.4541,,1165,16.67963,,17.24062,0.244508
21.4487467077561, 16.4564,,1166,16.67944,,16.94755,-0.050446
21.4658512086608, 16.9153,,1167,16.67964,,17.18729,0.208278
21.4823004086502, 16.449,,1168,16.67944,,16.05535,0.163592
21.499292709399, 14.4345,,1169,16.67752,,16.26442,0.332283
21.5166416098364, 17.2308,,1170,16.678,,16.08391,-1.039321
21.5338593092747, 18.2119,,1171,16.67931,,16.08562,-0.156571
21.551997909788, 17.4949,,1172,16.68,,15.97822,-0.346787
21.5661892094649, 14.385,,1173,16.67805,,17.30857,-0.363137
21.583260208834, 17.6664,,1174,16.67889,,16.52609,0.228042
21.6001358092763, 15.8648,,1175,16.67819,,16.63304,0.371242
21.6164979101159, 16.5892,,1176,16.67812,,16.67386,-0.958876
21.6333688092418, 16.8505,,1177,16.67826,,16.03706,-0.142053
21.649712309707, 16.9455,,1178,16.67849,,15.91848,-0.480405
21.6660982095636, 16.6064,,1179,16.67843,,17.24705,-0.200397
21.6824896098115, 16.3779,,1180,16.67818,,16.39481,-0.28093
21.7001716089435, 19.0553,,1181,16.68019,,16.7699,-0.544202
21.716439709533, 14.44,,1182,16.67829,,16.49073,-0.73644
21.732774109114, 15.9268,,1183,16.67766,,16.6282,0.21531
21.7488519088365, 17.2534,,1184,16.67814,,16.83664,-0.461743
21.7666863095947, 16.3262,,1185,16.67785,,17.02189,-0.2936
21.7832091101445, 16.5646,,1186,16.67775,,16.07694,-0.652425
21.7995489095338, 16.9829,,1187,16.67801,,16.7639,-0.090887
21.8165211086161, 17.1148,,1188,16.67838,,16.59192,-0.167722
21.8325715088286, 16.8009,,1189,16.67848,,16.95239,-0.821244
21.8495367080905, 18.1704,,1190,16.67973,,16.39662,-0.041795
21.8663392071612, 14.7309,,1191,16.6781,,16.51604,-0.571741
21.8829578072764, 16.7864,,1192,16.67819,,17.1081,-0.540188
21.9019505069591, 16.2444,,1193,16.67783,,16.32604,-0.953907
21.9168947073631, 17.2615,,1194,16.67831,,16.90819,-0.175237
21.934050406795, 16.5128,,1195,16.67817,,16.86081,-0.303114
21.9506685077213, 16.5416,,1196,16.67806,,17.25934,-0.663404
21.9659650078975, 16.9759,,1197,16.67831,,16.47511,-0.754987
21.9839409082197, 17.0281,,1198,16.6786,,16.5702,0.015252
21.9998108088039, 17.7559,,1199,16.6795,,16.96619,-0.276703
22.0164453084581, 15.2059,,1200,16.67827,,17.10815,-0.340052
22.0326171084307, 16.2242,,1201,16.67789,,16.2835,-0.682139
22.0502689084969, 16.5265,,1202,16.67777,,16.58775,-1.152362
22.0663627083413, 16.8258,,1203,16.67789,,16.64034,0.039576
22.0833354084753, 16.5837,,1204,16.67781,,16.98776,-0.249078
22.0995803079568, 16.2945,,1205,16.67749,,17.48182,-0.17774
22.1163113075309, 17.9395,,1206,16.67854,,16.24408,-0.642002
22.1326676080935, 16.5729,,1207,16.67845,,16.44174,-0.482256
22.1499188072048, 16.8761,,1208,16.67862,,16.5178,-1.069489
22.1659868075512, 17.7801,,1209,16.67953,,16.94376,-0.61345
22.1842766082846, 15.0951,,1210,16.67822,,16.77459,-0.271466
22.2012292086147, 16.2804,,1211,16.67789,,17.35985,-0.538869
22.2165757087059, 16.819,,1212,16.67801,,16.90737,-0.930932
22.2327594091184, 16.9426,,1213,16.67822,,16.56407,0.184949
22.2512776092626, 16.484,,1214,16.67806,,16.82903,-0.013599
22.2664066092111, 16.8012,,1215,16.67817,,17.23335,-0.100599
22.2832453087904, 16.6987,,1216,16.67818,,16.1545,-0.664731
22.2994226091541, 17.146,,1217,16.67857,,16.3034,-1.005004
22.3166055087931, 17.2947,,1218,16.67907,,16.38673,0.20641
22.333199209068, 18.5221,,1219,16.68059,,16.9749,-0.140563
22.349599909503, 13.4654,,1220,16.67795,,17.35919,0.437154
22.367140209768, 16.8221,,1221,16.67807,,16.09366,-0.577817
22.3835954093374, 16.8762,,1222,16.67823,,16.43745,-0.621458
22.3996794098057, 16.539,,1223,16.67812,,15.86512,-1.206677
22.4161320091225, 16.5595,,1224,16.67802,,16.92616,-0.815207
22.4334423099644, 16.3234,,1225,16.67773,,16.96348,0.139506
22.4495953102596, 16.6933,,1226,16.67774,,17.47231,-0.096928
22.4674695101567, 16.9718,,1227,16.67798,,17.09609,0.008223
22.4830599105917, 16.9556,,1228,16.67821,,16.18413,-0.458306
22.4992672107182, 16.9429,,1229,16.67842,,16.38938,-0.925458
22.517165410798, 16.3174,,1230,16.67813,,16.29701,1.426928
22.5332875116728, 16.923,,1231,16.67833,,16.73236,0.040814
22.5501644122414, 16.6654,,1232,16.67832,,17.17557,-0.1716
22.566287312191, 16.7138,,1233,16.67835,,14.86299,-0.636514
22.5834272126667, 16.9456,,1234,16.67856,,16.3053,-0.364356
22.5995891126804, 16.6343,,1235,16.67853,,16.42251,-0.807518
22.6175464126281, 17.9782,,1236,16.67958,,16.92706,-0.268143
22.6334038130008, 14.644,,1237,16.67793,,16.68552,-0.554585
22.6500717136078, 18.5048,,1238,16.67941,,17.10414,-1.127135
22.6666247132234, 15.0886,,1239,16.67813,,16.51628,-0.274386
22.6831632140093, 16.4326,,1240,16.67793,,16.82704,-0.628154
22.7011742140166, 17.214,,1241,16.67836,,17.41629,-0.46601
22.7165351142175, 16.9447,,1242,16.67857,,16.56425,-1.146322
22.7342135147192, 16.2822,,1243,16.67826,,16.88241,-0.659556
22.7511036139913, 16.6802,,1244,16.67826,,16.86472,-0.440219
22.766841114033, 16.8383,,1245,16.67839,,17.43526,-0.827585
22.7828871146776, 17.0953,,1246,16.67872,,16.94042,0.013176
22.7998816152103, 18.6537,,1247,16.6803,,16.72268,-0.078833
22.8177591157146, 15.7312,,1248,16.67954,,17.12562,0.024658
22.833512716461, 15.7702,,1249,16.67882,,16.30003,0.131283
22.8503046170808, 17.0162,,1250,16.67908,,16.38814,-0.122222
22.8670987174846, 15.6442,,1251,16.67826,,16.28072,0.232377
22.8834884171374, 16.737,,1252,16.6783,,16.22362,0.055399
22.9001384177245, 16.5513,,1253,16.6782,,16.42212,-0.322276
22.9166916185059, 16.8135,,1254,16.67831,,16.0175,-0.268288
22.9343188186176, 15.9415,,1255,16.67772,,16.17328,-0.54325
22.9511463181116, 17.3554,,1256,16.67826,,16.60399,-0.181134
22.9682222181, 18.0768,,1257,16.67938,,16.61665,-0.235425
22.984167218674, 14.4674,,1258,16.67762,,16.82143,-0.410893
23.001436219085, 17.2143,,1259,16.67805,,16.48363,0.071892
23.0172487185337, 17.9784,,1260,16.67908,,16.51349,-0.21858
23.0339349177666, 15.8088,,1261,16.67839,,16.75321,-0.279778
23.0501002171077, 16.6279,,1262,16.67835,,16.20308,-0.406501
23.067626117263, 16.3203,,1263,16.67806,,16.50298,-0.383235
23.084256617818, 16.8127,,1264,16.67817,,16.5889,-1.008646
23.1012936183251, 17.478,,1265,16.6788,,16.70173,-0.667301
23.116480818484, 16.6265,,1266,16.67876,,16.68285,-0.809467
23.1343745184131, 19.1682,,1267,16.68073,,17.2862,0.398908
23.1510600191541, 14.1109,,1268,16.6787,,16.95477,-0.980617
23.1679000188597, 16.6266,,1269,16.67866,,17.04549,-0.260942
23.1844689180143, 16.8526,,1270,16.67879,,15.88872,-0.274267
23.2014851183631, 16.3792,,1271,16.67856,,17.28534,0.168484
23.2172511187382, 16.0126,,1272,16.67804,,16.54547,-0.140913
23.2332970187999, 16.51,,1273,16.6779,,16.62252,-0.158267
23.2511758194305, 16.5939,,1274,16.67784,,16.13921,-0.134548
23.267768020276, 16.8659,,1275,16.67798,,16.42677,-0.814629
23.2845446211286, 16.9922,,1276,16.67823,,16.47155,-0.267308
23.3008810211904, 18.2169,,1277,16.67944,,16.42133,-0.534494
23.3170959209092, 15.243,,1278,16.67831,,17.10341,-0.206792
23.3343318202533, 16.4183,,1279,16.67811,,16.64079,-0.371838
23.3511389200576, 17.0303,,1280,16.67838,,16.81699,-0.859503
23.3678874191828, 16.3973,,1281,16.67816,,16.47814,-0.378233
23.3843614184298, 16.8601,,1282,16.67831,,16.6743,-0.652272
23.4012554180808, 16.1771,,1283,16.67792,,17.14683,-0.347413
23.4174564187415, 16.8067,,1284,16.67802,,16.71767,0.315943
23.4339901194908, 16.2251,,1285,16.67766,,16.94931,-0.58518
23.4512666189112, 17.5232,,1286,16.67832,,16.63366,0.714624
23.4677588180639, 16.7447,,1287,16.67837,,15.97308,-0.099282
23.4847096172161, 16.8173,,1288,16.67848,,15.35058,0.214416
23.5018050172366, 16.417,,1289,16.67828,,13.94338,0.427971
23.5171619174071, 17.0382,,1290,16.67856,,16.47878,0.085784
23.5336706177332, 16.2825,,1291,16.67825,,16.07613,0.27499
23.5513784182258, 16.1776,,1292,16.67786,,15.86132,-0.058429
23.5675207176246, 17.2061,,1293,16.67827,,16.19931,-0.338794
23.5840555173345, 16.1258,,1294,16.67784,,16.00943,-0.650186
23.6021084175445, 16.53,,1295,16.67773,,16.34309,-0.881517
23.619192017708, 17.1272,,1296,16.67808,,16.63789,0.033507
23.635000017006, 19.1059,,1297,16.67995,,16.92282,-0.405782
23.6511563179083, 14.8726,,1298,16.67856,,15.88999,-0.980576
23.6680352170952, 15.5814,,1299,16.67771,,16.35368,0.144465
23.6843703170307, 17.0346,,1300,16.67799,,16.66448,0.00222
23.7009569169022, 16.9804,,1301,16.67822,,17.26624,-0.340328
23.7179910172708, 16.6031,,1302,16.67816,,16.12658,-0.02798
23.7356770173647, 17.0031,,1303,16.67841,,16.27283,-0.668989
23.7514776182361, 16.4542,,1304,16.67824,,16.61998,-0.383566
23.7679010187276, 16.6408,,1305,16.67821,,16.33439,-0.243046
23.7840545182116, 17.3305,,1306,16.67871,,16.96317,-0.30368
23.801726017613, 16.299,,1307,16.67842,,16.67485,1.969222
23.8171912175603, 17.3941,,1308,16.67896,,16.56638,0.245034
23.8348428183235, 16.8995,,1309,16.67913,,16.62298,0.737809
23.8514321190305, 17.6104,,1310,16.67985,,14.28667,0.665895
23.867822219152, 14.9664,,1311,16.67854,,16.04099,-0.69838
23.8847270184197, 16.2847,,1312,16.67824,,15.5455,0.590359
23.9011577186175, 17.0278,,1313,16.6785,,15.62368,-0.214551
23.9174330183305, 16.8093,,1314,16.6786,,17.00664,-0.214753
23.9350287192501, 16.6762,,1315,16.6786,,15.69525,-0.748053
23.9514590189792, 16.8628,,1316,16.67874,,16.53135,0.156975
23.9681138196029, 16.1986,,1317,16.67838,,16.57285,-0.375719
23.9845237196423, 18.2419,,1318,16.67956,,17.07732,-0.080087
24.0011931196786, 14.4251,,1319,16.67785,,16.09712,-0.468478
24.0179191199131, 17.4446,,1320,16.67843,,16.69849,-0.441691
24.0341347199865, 16.6798,,1321,16.67844,,16.40928,-0.738586
24.0515448194928, 16.7147,,1322,16.67846,,16.85479,-0.187927
24.0682644196786, 16.5721,,1323,16.67838,,16.79769,-0.785981
24.0853729196824, 16.4415,,1324,16.6782,,17.12143,0.816402
24.1019585193135, 16.3091,,1325,16.67793,,16.54268,1.085673
24.1181878191419, 16.9827,,1326,16.67816,,17.1616,-0.215246
24.1346167200245, 16.5465,,1327,16.67806,,15.54503,-0.733037
24.1528406203724, 19.0284,,1328,16.67983,,15.27355,1.087656
24.1675521205179, 14.1113,,1329,16.67789,,16.61114,-0.435669
24.1852429206483, 16.483,,1330,16.67775,,17.10714,-0.289534
24.2023906200193, 16.8623,,1331,16.67789,,15.26407,-0.8072
24.2177192200907, 17.4582,,1332,16.67847,,16.81703,-0.276383
24.2341895201243, 16.3275,,1333,16.67821,,16.6549,-0.368251
24.2514503193088, 16.113,,1334,16.67778,,17.15628,-0.647825
24.2678253189661, 17.2752,,1335,16.67823,,16.64355,0.206589
24.2837648191489, 16.8066,,1336,16.67833,,16.74173,-0.000561
24.3011650186963, 16.8025,,1337,16.67842,,17.01741,-0.594029
24.3174189184792, 18.4042,,1338,16.67971,,16.15736,-0.826159
24.3345110178925, 14.8554,,1339,16.67835,,16.38293,-0.217876
24.3516745180823, 16.8331,,1340,16.67846,,16.98226,-0.742796
24.3680928186513, 15.9332,,1341,16.67791,,17.20358,0.468274
24.3860833183862, 17.8468,,1342,16.67878,,16.5749,-0.611769
24.4016338181682, 16.119,,1343,16.67836,,17.10103,-1.063251
24.4178425190039, 16.4296,,1344,16.67818,,15.90637,0.11694
24.4348751180805, 16.9829,,1345,16.6784,,16.99495,-0.427684
24.451622618828, 17.2646,,1346,16.67884,,17.46566,-0.222914
24.4679988180287, 16.0659,,1347,16.67838,,16.23848,-0.781643
24.4846314177848, 17.3287,,1348,16.67887,,16.80111,-0.333762
24.5013670180924, 16.1053,,1349,16.67844,,16.60744,-0.86301
24.5175130185671, 16.1047,,1350,16.67802,,17.16036,0.452926
24.5349551183172, 17.3603,,1351,16.67852,,16.69771,-0.380302
24.5523324185051, 16.4394,,1352,16.67834,,17.17367,-0.390482
24.5675652180798, 16.7779,,1353,16.67842,,15.9278,-0.586116
24.6354552176781, 55.5441,,1354,16.70712,,16.76178,-0.668026
24.6354552176781, 0.6998,,1355,16.69531,,16.77562,0.645648
24.6354552176781, 0.6317,,1356,16.68346,,16.89553,-0.67118
24.6354552176781, 9.9004,,1357,16.67846,,17.04275,0.35146
24.6515922178514, 16.6618,,1358,16.67845,,15.71128,0.615386
24.6680476185866, 18.2822,,1359,16.67963,,17.03104,-0.364569
24.6853618179448, 15.6378,,1360,16.67887,,16.02861,-0.991826
24.7016207170673, 16.1989,,1361,16.67851,,15.81807,-0.696312
24.7180297174491, 16.7876,,1362,16.67859,,16.75863,0.445668
24.7356265173294, 16.4597,,1363,16.67843,,17.39321,-0.454036
24.7526181177236, 16.4313,,1364,16.67825,,17.07823,-0.312479
24.767862317618, 17.5591,,1365,16.6789,,15.87674,-0.184794
24.7849440178834, 16.785,,1366,16.67897,,16.80348,-0.477479
24.8023837185465, 16.3002,,1367,16.6787,,16.69619,-0.511237
24.8193768183701, 16.8018,,1368,16.67879,,16.58308,-0.652242
24.835330217611, 16.5725,,1369,16.67871,,16.87344,0.305454
24.8518321174197, 19.7342,,1370,16.68094,,16.87404,0.467542
24.8679305179976, 12.6129,,1371,16.67797,,17.03015,0.867418
24.8851536172442, 16.9652,,1372,16.67818,,16.07696,0.124854
24.9018742176704, 16.9508,,1373,16.67838,,15.93198,0.678777
24.9180552172475, 16.9614,,1374,16.67859,,15.53555,-0.145041
24.9353948174976, 16.5103,,1375,16.67846,,16.25712,-0.170086
24.952444917988, 16.5613,,1376,16.67838,,15.67994,-0.667763
24.9685881189071, 17.2089,,1377,16.67876,,16.54319,0.149551
24.9849645192735, 16.5067,,1378,16.67864,,16.52366,0.127005
25.0027411184274, 16.3319,,1379,16.67839,,17.03345,0.506942
25.0186942177825, 18.3084,,1380,16.67957,,16.19869,-1.015027
25.0353209185414, 15.059,,1381,16.6784,,16.23916,0.223871
25.0520943193696, 17.0063,,1382,16.67863,,15.89643,0.213411
25.0685568186454, 16.525,,1383,16.67852,,17.38563,0.340986
25.0855035181157, 17.3683,,1384,16.67902,,16.17219,0.270287
25.1016774172895, 16.5426,,1385,16.67892,,16.16481,0.60233
25.1190688177012, 16.5668,,1386,16.67884,,16.00581,-0.300864
25.1359727173112, 16.184,,1387,16.67848,,16.12047,-0.935923
25.152676417958, 16.7296,,1388,16.67852,,15.78166,0.262442
25.1693905177526, 16.8401,,1389,16.67864,,16.70362,0.168439
25.1857512178831, 16.3991,,1390,16.67844,,17.33046,0.218202
25.2025993182324, 18.3511,,1391,16.67964,,16.13066,-0.068183
25.2188595174812, 15.2344,,1392,16.6786,,16.2116,-0.532514
25.2355620167218, 16.703,,1393,16.67862,,16.11558,0.02955
25.2525335173123, 16.5268,,1394,16.67851,,16.45911,0.156138
25.2690288177691, 17.6343,,1395,16.67919,,16.92805,0.193929
25.2856875169091, 16.2739,,1396,16.6789,,16.37256,0.015545
25.302094317507, 17.1503,,1397,16.67924,,16.24237,0.239681
25.3191278181039, 15.8515,,1398,16.67865,,16.17236,-0.257525
25.3358152187429, 16.9661,,1399,16.67886,,16.37652,-0.401541
25.35196291795, 16.3776,,1400,16.67864,,16.16323,0.187943
25.3696579183452, 17.0954,,1401,16.67894,,16.64374,0.05118
25.3869424178265, 17.9757,,1402,16.67986,,16.78366,0.207659
25.4528100178577, 54.121,,1403,16.70655,,16.18582,0.645486
25.4528100178577, 0.6932,,1404,16.69514,,16.37224,-0.692594
25.4528100178577, 0.7003,,1405,16.68376,,16.07821,-0.849372
25.4528100178577, 8.9196,,1406,16.67824,,15.64329,0.161271
25.4693737183698, 16.7691,,1407,16.6783,,16.99037,-0.426679
25.4857093174942, 17.5913,,1408,16.67895,,17.15823,-0.503941
25.5025537167676, 16.6125,,1409,16.6789,,16.12488,0.858688
25.519146416802, 16.769,,1410,16.67897,,16.66394,1.284444
25.5358899165876, 15.7346,,1411,16.6783,,16.81191,0.381614
25.5523865171708, 17.0837,,1412,16.67858,,15.43236,-0.069963
25.5692910165526, 18.0916,,1413,16.67958,,15.04639,0.061489
25.5854453169741, 15.1142,,1414,16.67848,,15.90376,-0.284067
25.6024823174812, 16.3502,,1415,16.67825,,16.44191,-0.368278
25.6187304169871, 16.7207,,1416,16.67827,,16.21417,-0.008564
25.6359058176167, 16.9484,,1417,16.67847,,16.57448,0.994318
25.6523337182589, 16.0917,,1418,16.67805,,16.66796,0.116357
25.6685176179744, 16.2548,,1419,16.67775,,16.30198,-0.149353
25.6856972188689, 16.9357,,1420,16.67793,,15.30754,-0.670591
25.7020510197617, 16.9695,,1421,16.67814,,16.18665,0.3208
25.7213304196484, 16.6782,,1422,16.67814,,16.43769,-0.885509
25.735608719755, 16.1939,,1423,16.6778,,16.9694,0.073273
25.7530921199359, 19.0594,,1424,16.67947,,15.97471,-0.011592
25.770121619571, 15.1375,,1425,16.67839,,17.20843,-0.335326
25.7859033201821, 16.7319,,1426,16.67843,,16.22339,-0.070771
25.8019558195956, 16.3398,,1427,16.67819,,16.31353,-0.323609
25.8195226197131, 17.1827,,1428,16.67854,,16.60587,-0.684947
25.8363284193911, 16.8568,,1429,16.67867,,16.37961,0.180849
25.8532708198763, 16.5931,,1430,16.67861,,16.63195,-0.111254
25.8695395202376, 16.1556,,1431,16.67824,,17.04915,-0.106256
25.8865553201176, 17.1218,,1432,16.67855,,16.09795,-0.380098
25.9025740199722, 16.205,,1433,16.67822,,16.36286,-0.330875
25.9189112191088, 17.1973,,1434,16.67859,,16.3808,-0.342438
25.9362454195507, 16.7517,,1435,16.67864,,16.66517,-0.788592
25.9526348193176, 16.1252,,1436,16.67825,,16.68694,-0.078227
25.9690613192506, 16.7564,,1437,16.6783,,16.63319,-0.002563
25.9865245190449, 16.7283,,1438,16.67834,,17.08573,0.398474
26.0034527187236, 16.3119,,1439,16.67809,,16.36856,0.270591
26.0198237192817, 16.5087,,1440,16.67797,,16.34013,-0.181513
26.0367329199798, 17.2266,,1441,16.67835,,15.88771,-0.398239
26.0535342195071, 16.5576,,1442,16.67826,,15.98961,-0.184994
26.0698580187745, 16.9452,,1443,16.67845,,16.43354,-0.76525
26.0868341182359, 16.6655,,1444,16.67844,,16.69379,0.179624
26.1035540183075, 18.3899,,1445,16.67962,,15.06875,0.630331
26.1204856191762, 14.7905,,1446,16.67832,,17.14878,-0.699816
26.1361658186652, 17.1089,,1447,16.67862,,16.09587,-0.892701
26.1524823182262, 15.9938,,1448,16.67814,,15.64012,-0.330072
26.1704796184786, 16.9427,,1449,16.67833,,16.997,-0.63788
26.1862673186697, 16.727,,1450,16.67836,,17.18547,-1.336064
26.2029241179116, 16.5352,,1451,16.67826,,16.61908,-0.669296
26.2190432180651, 16.9259,,1452,16.67843,,16.90156,-1.080224
26.2365884189494, 16.3539,,1453,16.67821,,17.6728,-0.623145
26.253335819114, 16.8301,,1454,16.67831,,16.92332,-0.180256
26.2695240196772, 16.4087,,1455,16.67813,,17.37674,-0.441504
26.3365044207312, 57.6052,,1456,16.70624,,16.96906,0.858632
26.3365044207312, 0.6871,,1457,16.69524,,16.4631,-0.301076
26.3365044207312, 0.5696,,1458,16.68418,,16.75137,-0.744455
26.3365044207312, 7.924,,1459,16.67818,,15.44058,-0.402617
26.3527498212643, 17.1909,,1460,16.67853,,16.56915,-0.311094
26.3711924203672, 16.7139,,1461,16.67855,,17.02992,-0.640998
26.3864527200349, 15.8819,,1462,16.67801,,16.68739,-0.686737
26.4025767208077, 17.7237,,1463,16.67872,,16.6287,-0.600521
26.4196108211763, 16.4988,,1464,16.6786,,16.92414,-1.166987
26.435938120354, 16.7663,,1465,16.67866,,16.97362,-0.395628
26.4536048197187, 16.7853,,1466,16.67873,,16.91419,0.292456
26.4699038197286, 16.5272,,1467,16.67863,,17.45593,-1.157065
26.4863874190487, 18.0117,,1468,16.67954,,16.67034,-0.621709
26.503300818149, 15.611,,1469,16.67881,,15.99026,-0.927227
26.5201931190677, 16.7089,,1470,16.67883,,17.43991,0.335755
26.5364685193636, 16.4224,,1471,16.67866,,16.91713,0.006637
26.553489618469, 16.2022,,1472,16.67833,,17.21564,-0.560881
26.5703114182688, 16.6395,,1473,16.6783,,15.93016,-0.757245
26.5864624180831, 16.9326,,1474,16.67848,,16.24268,-0.124597
26.6033255183138, 17.4098,,1475,16.67897,,16.81464,-0.541229
26.6195112192072, 16.6724,,1476,16.67897,,17.0389,-0.787895
26.6366377198137, 15.5803,,1477,16.67822,,16.42283,0.127492
26.6533433203585, 17.5634,,1478,16.67882,,16.8298,0.430799
26.669405520428, 16.7844,,1479,16.6789,,17.10661,-1.008534
26.6869125203229, 18.5547,,1480,16.68016,,16.1852,-0.599885
26.7031793207861, 14.301,,1481,16.67856,,15.87463,0.139918
26.7192913205363, 16.4373,,1482,16.67839,,17.30938,0.467844
26.7372105200775, 16.849,,1483,16.67851,,16.90638,-0.270053
26.7542178207077, 16.2844,,1484,16.67824,,16.14876,-0.47314
26.7701318212785, 17.02,,1485,16.67847,,15.82705,-0.99785
26.7862936207093, 16.8662,,1486,16.6786,,16.56244,-0.49519
26.8042260208167, 16.589,,1487,16.67854,,16.73895,-0.482463
26.8194192205556, 16.8679,,1488,16.67867,,17.33619,-0.987045
26.8368994207121, 16.6865,,1489,16.67867,,16.77996,-0.297726
26.8534090206958, 16.6068,,1490,16.67862,,16.72275,0.074987
26.8700759210624, 17.3311,,1491,16.67906,,17.24563,-0.454977
26.8881510202773, 15.569,,1492,16.67832,,16.58021,-0.752656
26.9042363208719, 16.7777,,1493,16.67838,,16.20928,0.31548
26.9210313209333, 16.7756,,1494,16.67845,,16.74816,-0.384859
26.9364564209245, 17.7173,,1495,16.67914,,17.04012,-0.404247
26.9534939206205, 15.9613,,1496,16.67866,,15.94706,-0.382016
26.9710754207335, 16.7068,,1497,16.67868,,16.68645,-0.556312
26.9866049210541, 17.3455,,1498,16.67913,,16.74462,-0.295945
27.0042253206484, 16.0171,,1499,16.67869,,16.61891,-0.819667
27.020338320639, 16.8383,,1500,16.67879,,16.84354,-0.097187
27.0364242210053, 16.6956,,1501,16.6788,,16.58067,0.132991
27.053434421774, 17.6917,,1502,16.67948,,17.09759,0.13965
27.0697045209818, 15.353,,1503,16.6786,,16.39251,0.201566
27.0875622215681, 16.5265,,1504,16.6785,,16.16485,-0.121355
27.1044495212846, 17.4082,,1505,16.67898,,16.12703,0.025408
27.1196166216396, 16.209,,1506,16.67867,,16.07836,-0.366728
27.1371725215577, 16.1429,,1507,16.67831,,16.42699,-0.360367
27.1533563206904, 16.2571,,1508,16.67803,,16.24463,-0.060967
27.1710240202956, 17.6072,,1509,16.67865,,16.68967,-0.232985
27.189215620514, 16.5083,,1510,16.67854,,16.65817,-0.273894
27.2038072203286, 16.7564,,1511,16.67859,,16.36769,-0.558788
27.2199500207789, 17.1235,,1512,16.67888,,16.56039,-0.187492
27.2373489202, 15.5332,,1513,16.67812,,16.57139,-0.182533
27.3041839213111, 57.5154,,1514,16.7051,,16.84449,-0.737382
27.3041839213111, 0.6513,,1515,16.6945,,16.49763,0.284863
27.3041839213111, 0.6109,,1516,16.68389,,16.48708,0.901724
27.3041839213111, 7.6613,,1517,16.67794,,17.01524,0.602887
27.321029020939, 16.8873,,1518,16.67808,,16.00228,-0.652975
27.3863965193741, 55.9851,,1519,16.70396,,15.39411,-0.985937
27.3863965193741, 0.6556,,1520,16.6934,,15.73927,0.037801
27.3863965193741, 0.6691,,1521,16.68287,,16.93694,-0.047261
27.3863965193741, 10.1388,,1522,16.67856,,17.2767,-0.421597
27.4042953192256, 16.4381,,1523,16.67841,,16.25946,-0.246998
27.421092718374, 16.1401,,1524,16.67805,,16.3809,-0.335647
27.4373595188372, 17.0005,,1525,16.67827,,16.7181,-0.289949
27.4552510189824, 19.9575,,1526,16.68041,,16.54055,-0.491015
27.4712262186222, 13.6348,,1527,16.67842,,16.63435,-0.245112
27.4878219193779, 16.6658,,1528,16.67841,,16.57932,-0.776096
27.5046254186891, 16.7247,,1529,16.67844,,16.76051,-0.42038
27.5218530180864, 16.2074,,1530,16.67813,,16.5365,-0.872357
27.5373528185301, 17.2107,,1531,16.67848,,17.06558,-0.368502
27.55374581879, 16.5752,,1532,16.67842,,16.70276,-0.614977
27.5700971181504, 16.7627,,1533,16.67847,,17.1451,-1.105343
27.5879596187733, 16.9394,,1534,16.67864,,16.62628,-0.587895
27.6057165185921, 16.7794,,1535,16.67871,,16.88544,-0.919048
27.6214411179535, 16.2632,,1536,16.67843,,17.394,1.666917
27.638529017102, 16.562,,1537,16.67836,,16.87685,-0.693623
27.6536346166395, 16.7969,,1538,16.67844,,17.21878,0.059237
27.6717804162763, 16.9731,,1539,16.67863,,14.60462,0.463737
27.6875251154415, 16.3471,,1540,16.67841,,17.03386,-0.478536
27.7038302156143, 16.594,,1541,16.67836,,16.21526,-1.088126
27.7208262155764, 16.8883,,1542,16.67849,,15.87834,-0.221354
27.7373120146804, 16.6752,,1543,16.67849,,16.76573,-0.093545
27.7538724145852, 16.9302,,1544,16.67866,,17.37595,0.174611
27.7713722153567, 16.7237,,1545,16.67868,,16.51195,-0.286058
27.7874343148433, 16.1139,,1546,16.67832,,16.38029,0.098533
27.8037840141915, 17.4254,,1547,16.6788,,16.11786,-0.54501
27.8217514134012, 16.6268,,1548,16.67877,,16.52757,-0.891863
27.8372946134768, 16.6089,,1549,16.67872,,16.19181,-0.200986
27.8545848126523, 16.4274,,1550,16.67856,,16.85746,-0.535071
27.8714627134614, 16.8477,,1551,16.67867,,17.20279,-0.788307
27.8879051129334, 15.4387,,1552,16.67787,,16.55247,0.027243
27.9041777136736, 17.2575,,1553,16.67824,,16.83101,0.282538
27.9216204131953, 16.9012,,1554,16.67839,,17.08636,-0.015901
27.9377049128525, 16.3925,,1555,16.6782,,16.31206,0.219814
27.9538062135689, 16.2643,,1556,16.67794,,16.069,0.303147
27.9708587131463, 17.4993,,1557,16.67846,,16.39059,-0.014401
27.9879114138894, 16.6898,,1558,16.67847,,16.14025,0.281835
28.0048484145664, 16.8886,,1559,16.67861,,16.0333,0.307286
28.0210745143704, 16.8256,,1560,16.6787,,16.38466,0.526546
28.0374363134615, 17.8349,,1561,16.67944,,16.08951,-0.471978
28.0553235127591, 15.5494,,1562,16.67872,,16.01135,-0.795196
28.0706899124198, 16.3389,,1563,16.6785,,15.77918,0.511788
28.0883092130534, 16.3107,,1564,16.67827,,16.7992,-0.359455
28.1044018133543, 16.9092,,1565,16.67841,,17.15931,-0.39758
28.1212349138223, 16.5415,,1566,16.67833,,15.84486,-0.963539
28.1377133144997, 16.9556,,1567,16.6785,,16.72778,-0.074499
28.1544120139442, 16.5309,,1568,16.67841,,16.75084,-0.00783
28.1712759132497, 17.4264,,1569,16.67889,,17.3199,-0.580737
28.1874890136532, 16.6083,,1570,16.67884,,16.44173,-0.480449
28.2048401138745, 16.5361,,1571,16.67875,,16.38474,-0.186476
28.2216484132223, 16.5281,,1572,16.67865,,16.87295,-0.488703
28.2383984136395, 18.7912,,1573,16.68,,16.73218,-0.23533
28.2552038128488, 14.8228,,1574,16.67882,,16.5224,-0.674557
28.2717451131903, 16.6216,,1575,16.67878,,16.88013,1.098266
28.288773312699, 16.2512,,1576,16.67851,,16.61656,-0.321762
28.3040412128903, 17.1014,,1577,16.67878,,17.03843,-0.880614
28.3215496134944, 16.6498,,1578,16.67876,,15.27596,-0.510721
28.3380211130716, 16.2271,,1579,16.67847,,16.70141,-0.877143
28.356145913247, 16.7335,,1580,16.67851,,17.25602,0.114958
28.3717960123904, 16.7904,,1581,16.67858,,16.90534,-0.299601
28.3880823128857, 16.1933,,1582,16.67827,,17.25214,-0.494233
28.4062705137767, 16.4493,,1583,16.67813,,16.2559,-0.260861
28.4220313136466, 16.6035,,1584,16.67808,,16.63873,-0.029898
28.4389512133785, 16.6388,,1585,16.67805,,16.84266,-0.424407
28.455975713674, 19.0346,,1586,16.67954,,16.6061,-0.102837
28.471803013701, 15.015,,1587,16.67849,,16.40721,0.045308
28.4885052130558, 16.853,,1588,16.6786,,16.81634,-0.470524
28.5057608135976, 16.4644,,1589,16.67847,,16.45819,-0.309029
28.522017414216, 16.5366,,1590,16.67838,,16.31902,-0.815007
28.5388904144056, 16.666,,1591,16.67837,,16.85513,-0.362881
28.5547730145045, 16.8189,,1592,16.67846,,16.67301,-0.37305
28.571915215347, 16.2073,,1593,16.67816,,17.16178,-0.976275
28.5885971155949, 17.2709,,1594,16.67854,,16.71565,-0.134099
28.6052028150298, 17.1119,,1595,16.67881,,16.66937,-0.530395
28.6213881154545, 16.7086,,1596,16.67883,,17.3078,-1.095458
28.6382957161404, 16.4067,,1597,16.67866,,16.49859,0.141685
28.6546702166088, 16.5783,,1598,16.67859,,16.90756,0.487191
28.6712629166432, 18.3507,,1599,16.67964,,17.48352,-0.283218
28.6884660166688, 14.6408,,1600,16.67836,,16.23761,-0.804961
28.7045966167934, 17.209,,1601,16.6787,,15.91212,0.455866
28.7218908169307, 16.2893,,1602,16.67845,,16.67516,-1.041234
28.7384742167778, 16.8063,,1603,16.67853,,17.19383,-0.263273
28.7552335173823, 17.2474,,1604,16.67889,,15.93213,-0.41574
28.7716528181918, 16.9261,,1605,16.67904,,17.43057,-0.400612
28.7881871187128, 16.7094,,1606,16.67906,,16.61834,0.934964
28.8056704183109, 15.9328,,1607,16.67859,,16.79651,0.371603
28.8218619176187, 16.948,,1608,16.67876,,16.80734,0.528286
28.8384942174889, 16.6891,,1609,16.67877,,15.4108,-0.755998
28.8549063173123, 16.6674,,1610,16.67876,,16.00561,-0.399347
28.8711071168073, 20.0386,,1611,16.68085,,15.8935,0.512509
28.888891716022, 12.613,,1612,16.67832,,17.14885,-0.652755
28.9051144164987, 17.0415,,1613,16.67855,,16.77829,0.290362
28.9215996158309, 16.5169,,1614,16.67845,,15.88095,-0.271066
28.9385254164226, 16.533,,1615,16.67836,,17.04004,-0.861552
28.9546947167255, 16.8855,,1616,16.67849,,16.09727,-0.532145
28.9718874176033, 16.7234,,1617,16.67851,,16.66825,-1.002849
28.9890848179348, 16.8052,,1618,16.67859,,17.26504,0.230073
29.0057669174857, 16.7697,,1619,16.67865,,16.93135,0.435677
29.0226966165937, 16.5461,,1620,16.67857,,17.34053,-1.069518
29.0380763164721, 16.9702,,1621,16.67875,,16.15582,-0.230297
29.0555378156714, 16.4526,,1622,16.67861,,15.95342,-0.692964
29.0718189156614, 17.7033,,1623,16.67924,,17.4705,0.290824
29.0883121150546, 15.5263,,1624,16.67853,,16.58236,1.806691
29.1057117148302, 16.6772,,1625,16.67853,,17.08618,-0.287257
29.121846114751, 16.6638,,1626,16.67852,,16.09631,-0.812292
29.1381893153302, 16.8414,,1627,16.67862,,14.58426,-0.125379
29.1556329145096, 16.6813,,1628,16.67862,,16.67179,0.07304
29.1723898141645, 16.9728,,1629,16.6788,,17.21528,-0.387684
29.1887392136268, 16.4617,,1630,16.67867,,16.48496,-0.932108
29.2048474135809, 16.1891,,1631,16.67837,,16.32478,0.016768
29.2232063128613, 16.6656,,1632,16.67836,,16.78051,0.180544
29.238796513062, 17.1205,,1633,16.67863,,17.32773,1.5823
29.2555665127002, 16.7938,,1634,16.6787,,16.35386,-0.119382
29.2717950134538, 17.629,,1635,16.67928,,16.1971,0.292436
29.2882336131297, 15.1936,,1636,16.67838,,14.71038,-1.211446
29.305731813889, 16.6574,,1637,16.67836,,16.47776,0.041272
29.3226457140408, 17.1395,,1638,16.67864,,15.95895,0.170907
29.3391682147048, 17.096,,1639,16.6789,,17.54823,-0.2314
29.3555354154669, 15.8492,,1640,16.67839,,16.33219,-0.452254
29.3719338155352, 15.9898,,1641,16.67797,,16.2148,0.22488
29.3879590160213, 17.021,,1642,16.67818,,16.63085,0.104165
29.4071314162575, 17.0541,,1643,16.67841,,15.33822,0.249545
29.4224377158098, 17.5124,,1644,16.67892,,16.10954,0.739033
29.4890837161802, 55.0124,,1645,16.70222,,16.18616,-0.392209
29.4890837161802, 0.7237,,1646,16.69251,,16.06667,-0.706143
29.4890837161802, 2.298,,1647,16.68377,,15.51151,-0.999725
29.4890837161802, 7.9987,,1648,16.6785,,16.68244,0.15596
29.5060424166732, 17.0587,,1649,16.67873,,16.97762,1.22479
29.5223314161412, 16.3996,,1650,16.67856,,17.31104,0.26895
29.5388075164519, 16.7503,,1651,16.67861,,16.12681,0.711145
29.5555560155772, 16.3497,,1652,16.67841,,15.04985,-0.88289
29.5715483161621, 16.9576,,1653,16.67858,,16.00636,0.537451
29.5888587157242, 16.937,,1654,16.67873,,15.60389,-0.350185
29.6052245157771, 16.8026,,1655,16.67881,,17.17295,-0.722613
29.6233569155447, 16.3926,,1656,16.67864,,15.69639,-0.394725
29.638641315978, 16.4459,,1657,16.6785,,16.64231,-0.551883
29.6557182162069, 16.6875,,1658,16.6785,,17.01412,-0.727477
29.6729192170314, 16.9837,,1659,16.67868,,16.68388,0.064031
29.6890472169034, 16.2751,,1660,16.67844,,16.89698,-0.522824
29.7058357163332, 16.8849,,1661,16.67857,,17.01207,-0.836608
29.723070315551, 16.8719,,1662,16.67868,,16.19512,0.376174
29.7394315148704, 16.2255,,1663,16.67841,,16.79961,-0.708627
29.7556103146635, 16.5529,,1664,16.67834,,17.12663,-0.064295
29.7725843149237, 17.2083,,1665,16.67865,,15.84863,0.121582
29.7892948142253, 16.6785,,1666,16.67865,,17.0099,-0.137979
29.8060033149086, 16.7435,,1667,16.67869,,16.38302,-0.530349
29.8223794153892, 17.3281,,1668,16.67908,,16.17488,0.20448
29.8388493149541, 16.2657,,1669,16.67883,,16.42175,-0.349364
29.8564097150229, 16.5306,,1670,16.67875,,16.81642,-0.955251
29.8732491149567, 18.0171,,1671,16.67955,,16.05156,-0.545954
29.8895329157822, 14.9224,,1672,16.6785,,16.66655,-0.203191
29.9055585148744, 16.4113,,1673,16.67834,,17.23915,0.066144
29.9228375139646, 19.461,,1674,16.68,,16.87809,-0.386728
29.938860214781, 13.5384,,1675,16.67812,,16.49286,-0.707335
29.9569024140947, 16.5566,,1676,16.67805,,16.23803,0.542864
29.9725173139013, 17.4565,,1677,16.67851,,16.69333,-0.812478
29.9893678133376, 16.7505,,1678,16.67856,,17.01484,0.114903
30.0057746139355, 16.4086,,1679,16.6784,,15.81338,-0.478998
30.0222278130241, 16.2085,,1680,16.67812,,17.1185,-0.315764
30.039318413008, 17.1392,,1681,16.67839,,16.1813,-0.523077
30.0562791121192, 17.1842,,1682,16.67869,,16.75516,-0.489503
30.0725616128184, 16.7573,,1683,16.67874,,16.61408,-0.262906
30.0886976127513, 16.1013,,1684,16.67839,,16.8191,-0.771315
30.106215112377, 17.4415,,1685,16.67885,,16.76691,-0.106901
30.1223498121835, 17.6713,,1686,16.67944,,16.62472,-0.010042
30.1393244122155, 15.0243,,1687,16.67846,,17.0794,0.096208
30.1559301116504, 16.8402,,1688,16.67855,,16.40554,0.255154
30.1722135120071, 16.9072,,1689,16.67869,,16.27799,0.067457
30.1900790114887, 16.5995,,1690,16.67864,,16.21455,0.41554
30.2064000112005, 16.868,,1691,16.67875,,16.09534,-0.996741
30.2224301104434, 16.2581,,1692,16.6785,,16.21646,-0.16875
30.2403661110438, 17.356,,1693,16.6789,,15.87074,-0.364228
30.2554291109554, 16.6064,,1694,16.67886,,17.28735,1.081213
30.272640211042, 16.6922,,1695,16.67887,,16.45553,0.02624
30.2892467114143, 16.7836,,1696,16.67893,,16.67499,-0.343668
30.307007511612, 16.5058,,1697,16.67883,,15.22476,1.157053
30.3225203114562, 16.4981,,1698,16.67872,,16.24537,0.184081
30.3396215117536, 18.0075,,1699,16.6795,,16.64775,0.470154
30.3560724123381, 14.8774,,1700,16.67844,,15.14012,0.826474
30.3725468120538, 17.241,,1701,16.67877,,16.05755,-0.039081
30.389980412554, 16.4297,,1702,16.67863,,15.82333,0.004278
30.4063878129236, 17.0034,,1703,16.67882,,15.47308,0.566186
30.4226469132118, 16.5956,,1704,16.67877,,16.31822,0.052784
30.4402539129369, 16.8057,,1705,16.67884,,16.30831,0.284216
30.457269213628, 16.6168,,1706,16.67881,,15.73032,-0.472262
30.4725567135029, 16.1996,,1707,16.67853,,16.15088,0.016567
30.4896911135875, 16.1211,,1708,16.6782,,15.96776,-0.010092
30.5064387130551, 17.1682,,1709,16.67849,,16.75743,-0.070255
30.5233108135872, 16.6633,,1710,16.67848,,16.27739,-0.55309
30.5402697133832, 16.8324,,1711,16.67857,,16.29456,-0.330297
30.5563039141707, 18.0115,,1712,16.67935,,16.36859,-0.632622
30.573138514068, 15.5961,,1713,16.67871,,16.8655,-0.718477
30.5900722141378, 16.7265,,1714,16.67874,,16.64282,-0.170969
30.6072460147552, 16.6843,,1715,16.67875,,16.94528,-0.754607
30.6231729141437, 16.5832,,1716,16.67869,,17.03067,-0.153571
30.6401396146975, 17.4622,,1717,16.67915,,16.51801,-0.238566
30.6566269150935, 17.0519,,1718,16.67936,,17.05637,-0.162518
30.673504314851, 16.421,,1719,16.67921,,16.44277,-0.44815
30.6901156152599, 16.5716,,1720,16.67915,,16.54532,-0.561136
30.7064232151024, 17.0924,,1721,16.67939,,16.44435,0.220824
30.7225982150994, 16.9315,,1722,16.67954,,16.71764,-0.255635
30.7404908142053, 16.1953,,1723,16.67926,,16.85648,-0.49673
30.7567579145543, 16.2454,,1724,16.679,,16.06503,-0.590292
30.773397014942, 18.4125,,1725,16.68001,,16.55063,-1.063361
30.7895145150833, 15.5027,,1726,16.67933,,16.56299,0.124277
30.8073231144808, 16.733,,1727,16.67936,,16.88366,-0.39027
30.8233450143598, 15.9465,,1728,16.67893,,17.36032,-0.604894
30.8396838135086, 16.892,,1729,16.67906,,16.27027,-0.383843
30.8571556131355, 17.2126,,1730,16.67937,,16.72619,-0.871892
30.8732539131306, 16.7854,,1731,16.67943,,16.89514,-0.396051
30.8901422130875, 14.8452,,1732,16.67837,,16.64219,0.149262
30.9063139124773, 17.4312,,1733,16.6788,,17.15825,0.151647
30.9241212117486, 16.2866,,1734,16.67858,,16.64694,0.409154
30.9403123124503, 16.4208,,1735,16.67843,,16.14595,-0.904495
30.9570062118582, 16.6886,,1736,16.67843,,16.14645,-0.125662
30.97333321115, 16.9374,,1737,16.67858,,15.8952,-0.569409
30.9894363111816, 16.2467,,1738,16.67833,,17.20136,-0.658517
31.0064766104333, 16.6072,,1739,16.67829,,16.41311,0.005244
31.0242897099815, 16.9953,,1740,16.67847,,16.80782,-0.541885
31.0393429095857, 16.7572,,1741,16.67852,,17.01386,-0.880014
31.0564906089567, 16.7096,,1742,16.67854,,16.27909,-0.114133
31.0745108085684, 16.3224,,1743,16.67833,,16.79861,0.006747
31.0896491087042, 16.2666,,1744,16.6781,,17.16873,-0.355874
31.1074728085659, 17.0434,,1745,16.67831,,16.40165,-0.891376
31.1243071085773, 16.7332,,1746,16.67834,,16.33287,0.742555
31.1402584086172, 16.9369,,1747,16.67849,,16.65498,-0.346213
31.156443908345, 17.046,,1748,16.6787,,17.22694,-0.249374
31.1742759081535, 16.5859,,1749,16.67864,,15.54871,-0.758605
31.191175007727, 16.4646,,1750,16.67852,,16.64417,-0.923207
31.2071297070943, 18.1771,,1751,16.67938,,16.5494,-0.15609
31.2233815076761, 14.7633,,1752,16.67828,,16.99001,0.097835
31.239484207239, 16.5002,,1753,16.67818,,17.24399,-0.049427
31.256591908168, 16.9696,,1754,16.67835,,16.42666,-0.375571
31.2744520078413, 17.4939,,1755,16.67881,,16.19083,-0.695869
31.2899427074008, 15.7621,,1756,16.67829,,16.35077,-1.300661
31.3075030068867, 16.4911,,1757,16.67818,,16.66447,1.195866
31.3243936072104, 16.7982,,1758,16.67825,,16.94396,-0.201316
31.3409981071018, 16.684,,1759,16.67826,,17.59723,-0.399927
31.3583392067812, 17.1775,,1760,16.67854,,15.08752,-0.251945
31.3741056076251, 16.2929,,1761,16.67832,,16.47893,0.103637
31.3911076071672, 16.5211,,1762,16.67823,,16.70804,-0.267181
31.4075436065905, 16.739,,1763,16.67827,,16.54096,0.007301
31.4235933064483, 16.7432,,1764,16.6783,,16.19088,-0.330802
31.4399747061543, 16.8924,,1765,16.67842,,16.5344,-0.584036
31.458603607025, 17.132,,1766,16.67868,,16.278,-0.515901
31.4749812069349, 16.7556,,1767,16.67872,,16.67614,-1.166609
31.4916509068571, 16.4485,,1768,16.67859,,16.8783,-0.590818
31.5069140070118, 16.4162,,1769,16.67845,,16.80261,-0.873396
31.5234171063639, 17.26,,1770,16.67878,,17.47252,0.56617
31.5414884057827, 16.5274,,1771,16.67869,,16.8564,-0.816339
31.556903605815, 16.1322,,1772,16.67838,,17.17553,-0.434375
31.5745299062692, 16.9431,,1773,16.67853,,15.72454,0.109529
31.5911163068376, 16.7378,,1774,16.67856,,17.12318,-0.448172
31.6092930077575, 17.0775,,1775,16.67879,,16.72037,-0.297357
31.6235987073742, 16.0429,,1776,16.67843,,16.20247,0.214401
31.6414746078663, 16.3275,,1777,16.67823,,16.75486,-0.176065
31.6573422080837, 18.8759,,1778,16.67947,,16.6579,-0.627148
31.6740044089966, 15.3884,,1779,16.67874,,16.09117,-0.325858
31.6915906085633, 16.4271,,1780,16.6786,,16.39935,-0.282093
31.7068475089036, 16.4053,,1781,16.67845,,16.91036,-0.261146
31.7238071090542, 16.52,,1782,16.67836,,16.61609,-0.548899
31.7398155084811, 16.8156,,1783,16.67844,,16.58645,-0.764291
31.7574803079478, 16.427,,1784,16.6783,,16.5582,0.084228
31.7743968083523, 16.5557,,1785,16.67823,,16.86099,0.263694
31.7909181076102, 17.2404,,1786,16.67854,,17.07727,-0.222651
31.807575206738, 16.8297,,1787,16.67863,,16.19261,-0.845297
31.8238254073076, 16.9415,,1788,16.67877,,16.03315,-0.170892
31.8414451065473, 16.5245,,1789,16.67869,,16.4307,-0.838427
31.8578630066477, 16.7589,,1790,16.67873,,17.08349,0.484976
31.8748128074221, 17.5039,,1791,16.67919,,16.49433,-0.551746
31.8908518082462, 17.3188,,1792,16.67955,,17.15192,-0.391995
31.9072220078669, 15.0311,,1793,16.67863,,15.78565,-0.677609
31.924555608537, 16.7821,,1794,16.67869,,16.8454,-0.855665
31.9414159092121, 16.8028,,1795,16.67876,,16.67501,-0.423161
31.9577577090822, 15.7702,,1796,16.67825,,16.95056,-0.138277
31.973980308976, 17.532,,1797,16.67873,,17.18666,-0.531267
31.9903923082165, 16.441,,1798,16.67859,,16.78978,-1.069858
32.007725707721, 17.1499,,1799,16.67886,,16.50447,-0.253196
32.0241327076219, 16.0842,,1800,16.67853,,16.90456,-0.836491
32.041639208328, 17.057,,1801,16.67874,,17.4488,-0.518439
32.0584244090132, 16.5482,,1802,16.67866,,16.60629,-0.580675
32.0740637085401, 16.3349,,1803,16.67847,,17.15284,-0.93113
32.0918141077273, 16.6631,,1804,16.67846,,16.84838,0.163419
32.1077564074658, 17.0361,,1805,16.67866,,16.93153,-0.148367
32.1244930080138, 16.5772,,1806,16.67861,,17.28888,-0.788707
32.1417465074919, 16.4863,,1807,16.6785,,16.13327,0.474042
32.1574372067116, 16.2478,,1808,16.67826,,16.49871,-1.143261
32.1738515063189, 17.438,,1809,16.67868,,17.15376,-0.607364
32.1916281054728, 16.4395,,1810,16.67855,,15.89776,-0.698024
32.2084879050963, 16.1991,,1811,16.67828,,17.51806,0.400208
32.2238237052225, 17.5427,,1812,16.67876,,16.97812,-0.776222
32.2418256043456, 16.5395,,1813,16.67868,,17.05539,-0.34405
32.2570038042031, 16.4959,,1814,16.67858,,15.96752,-0.587871
32.2749441037886, 16.8677,,1815,16.67869,,17.12745,-0.807075
32.291916302871, 16.9163,,1816,16.67882,,16.72077,-0.049218
32.3070660033263, 16.7889,,1817,16.67888,,16.94378,-0.287092
32.3255247031339, 16.5594,,1818,16.67881,,17.15422,-0.74622
32.3418488022871, 16.3069,,1819,16.67861,,16.39899,0.174161
32.3584300023504, 16.7951,,1820,16.67867,,16.66432,0.547691
32.3747540027834, 16.8455,,1821,16.67876,,17.08124,-0.869053
32.3919097022153, 16.7842,,1822,16.67882,,16.16841,-0.392861
32.4081776016392, 16.6454,,1823,16.6788,,15.83355,-0.323888
32.4255952020176, 15.4777,,1824,16.67815,,17.22236,-0.136589
32.4918437027372, 56.5507,,1825,16.69999,,16.75739,0.145024
32.4918437027372, 0.8039,,1826,16.69129,,16.69979,-0.493455
32.4918437027372, 0.6353,,1827,16.6825,,16.50778,-0.340023
32.4918437027372, 9.576,,1828,16.67861,,16.22676,-0.08687
32.5088000022806, 17.2498,,1829,16.67892,,16.86732,0.409315
32.5245498013683, 16.2192,,1830,16.67867,,16.69597,-0.355528
32.5419159014709, 16.8198,,1831,16.67875,,16.46508,-0.053974
32.5582988006063, 16.8226,,1832,16.67883,,15.96943,-0.268264
32.576478200499, 19.4156,,1833,16.68032,,16.72247,-0.05911
32.5914068003185, 13.849,,1834,16.67878,,16.43756,-0.137973
32.6079287012108, 16.9105,,1835,16.67891,,16.61301,-0.479286
32.624150401447, 16.2904,,1836,16.67869,,16.42777,-1.043337
32.6415577013977, 16.8034,,1837,16.67876,,16.49149,0.224272
32.6579646007158, 16.6692,,1838,16.67876,,16.86734,-0.183165
32.6746939015575, 16.9312,,1839,16.67889,,17.37623,-0.223221
32.6917254016735, 16.4755,,1840,16.67878,,16.16176,-0.794425
32.7080727019347, 16.4749,,1841,16.67867,,16.57842,0.329366
32.7251797025092, 16.1235,,1842,16.67837,,16.61692,-0.317161
32.7418150031008, 16.9436,,1843,16.67851,,17.16993,-0.670919
32.7580830031075, 16.7393,,1844,16.67855,,16.05466,0.131147
32.7750714034773, 17.0084,,1845,16.67873,,16.71092,-0.41471
32.792176602874, 16.2629,,1846,16.6785,,17.05155,-0.228876
32.80840680236, 18.1982,,1847,16.67932,,16.25691,-0.742503
32.8245571018197, 15.6497,,1848,16.67877,,16.84428,0.367029
32.8418678012677, 16.1927,,1849,16.6785,,16.6358,-0.113473
32.8750686016865, 30.2081,,1850,16.68582,,17.14207,-0.087049
32.8750686016865, 6.8421,,1851,16.6805,,16.00917,-0.442977
32.8917357013561, 13.3461,,1852,16.6787,,16.50395,-1.030711
32.9087249008007, 16.8981,,1853,16.67882,,16.48908,-0.665694
32.9253695015796, 16.5283,,1854,16.67874,,16.83791,0.474872
32.9417370022275, 16.0445,,1855,16.67839,,17.41729,-1.158021
32.9580750023015, 16.7168,,1856,16.67841,,17.04313,-0.673296
32.9772227020003, 16.8408,,1857,16.6785,,15.92332,0.668183
32.992022102233, 16.7723,,1858,16.67855,,17.5506,-0.877055
33.009169801604, 17.0143,,1859,16.67873,,17.08132,0.254111
33.0247089019977, 16.5554,,1860,16.67867,,15.74055,0.422213
33.0426302026026, 17.9805,,1861,16.67937,,17.27869,-0.308994
33.0578050022013, 15.157,,1862,16.67855,,16.13249,-0.779233
33.0751354028471, 16.7255,,1863,16.67857,,15.98149,0.33128
33.0921396021731, 16.3335,,1864,16.67839,,16.70643,0.516083
33.1101915021427, 17.2316,,1865,16.67868,,17.19872,-0.209561
33.1255923020653, 16.9524,,1866,16.67883,,16.05062,-0.633483
33.142577202525, 15.8742,,1867,16.6784,,15.81456,-1.172861
33.1584948017262, 17.5237,,1868,16.67885,,16.53908,-0.737145
33.1757230008952, 16.5041,,1869,16.67876,,16.97436,0.374073
33.1924614007585, 17.0898,,1870,16.67898,,17.55214,-0.739775
33.2085397015326, 16.5103,,1871,16.67889,,17.12053,0.138712
33.2245005010627, 16.8766,,1872,16.679,,15.94588,0.356621
33.2414895012043, 16.9547,,1873,16.67914,,17.13969,0.257836
33.2597132003866, 16.6511,,1874,16.67913,,16.25898,0.926083
33.2756362999789, 16.255,,1875,16.6789,,16.04896,0.010627
33.2925078994595, 18.4208,,1876,16.67983,,16.12062,0.345387
33.3089531990699, 14.9309,,1877,16.6789,,15.45717,0.057666
33.3249604995362, 16.2728,,1878,16.67868,,16.36561,-0.553366
33.3430876987986, 17.1842,,1879,16.67895,,16.05193,-0.836032
33.3584708985873, 16.701,,1880,16.67896,,16.29097,0.757565
33.3752316986211, 16.2747,,1881,16.67875,,16.92203,0.739241
33.391774198506, 16.612,,1882,16.67871,,17.22044,0.72486
33.4081657980569, 16.6433,,1883,16.67869,,15.02266,-0.681365
33.4256128971465, 16.4263,,1884,16.67856,,15.54824,-0.855959
33.4417339977808, 17.2726,,1885,16.67887,,15.55737,0.547395
33.4588930984028, 16.3736,,1886,16.67871,,16.97736,-0.74408
33.4752815985121, 16.5533,,1887,16.67865,,17.1538,0.215631
33.4917032984085, 16.5961,,1888,16.6786,,15.76368,0.11475
33.5096891992725, 16.6907,,1889,16.67861,,17.03287,1.54722
33.5248503996991, 18.7013,,1890,16.67968,,16.08185,-0.746343
33.5419590002857, 15.3807,,1891,16.67899,,16.17528,0.441269
33.5591945010237, 16.7163,,1892,16.67901,,14.67704,-0.371761
33.5757314017974, 16.4922,,1893,16.67891,,17.05233,-0.429894
33.5919853015803, 16.6466,,1894,16.6789,,15.85636,0.475237
33.6100374008529, 16.6028,,1895,16.67886,,16.67619,-0.974806
33.6259232009761, 16.5381,,1896,16.67878,,16.66166,-0.621308
33.6423385008238, 16.5881,,1897,16.67873,,15.76501,-1.257256
33.6590602002107, 16.5918,,1898,16.67869,,17.18851,-0.237515
33.6765712997876, 16.6774,,1899,16.67869,,16.92756,-0.042051
33.6923370002769, 15.8646,,1900,16.67826,,17.60472,-0.214146
33.7083728010766, 17.2322,,1901,16.67855,,16.62415,-0.222873
33.7257487005554, 17.5746,,1902,16.67902,,16.37625,-0.647714
33.7424345999025, 16.3048,,1903,16.67883,,16.53557,0.25606
33.7591304997914, 18.6332,,1904,16.67985,,16.53761,-0.011413
33.7754680993967, 15.1513,,1905,16.67905,,16.99034,0.2604
33.791879999917, 16.5044,,1906,16.67896,,16.05011,-0.385831
33.8093980005942, 17.0987,,1907,16.67918,,16.3171,-0.655823
33.8257078002207, 16.6675,,1908,16.67917,,16.04413,-0.142172
33.8423721003346, 15.5044,,1909,16.67856,,16.68192,0.124898
33.8587434994988, 17.1178,,1910,16.67879,,17.00437,-0.195589
33.8757644998841, 16.2253,,1911,16.67855,,16.2714,-0.661846
33.8928373991512, 17.6745,,1912,16.67907,,16.16669,-0.931597
33.9093658993952, 15.3255,,1913,16.67836,,16.51105,-0.268123
33.925708099734, 17.6385,,1914,16.67886,,16.9593,-0.541517
33.942702698987, 16.8165,,1915,16.67893,,17.23062,0.278527
33.9590446981601, 15.8135,,1916,16.67848,,16.57782,0.389202
33.9756260975264, 16.8598,,1917,16.67858,,16.85117,-0.653333
33.9917595977895, 18.3623,,1918,16.67946,,16.0252,0.374704
34.0096458974294, 15.098,,1919,16.67863,,15.92623,-0.326268
34.0257949973457, 17.0027,,1920,16.6788,,16.9457,-0.233232
34.0426747980528, 16.4294,,1921,16.67867,,15.88397,0.276206
34.0593784986995, 16.8889,,1922,16.67878,,16.62673,-0.6879
34.0757818981074, 16.9311,,1923,16.67891,,16.57199,-0.966799
34.0925086974166, 16.0978,,1924,16.67861,,15.9898,0.12534
34.1088553979062, 17.1776,,1925,16.67887,,16.9951,0.339759
34.1262587974779, 16.6871,,1926,16.67887,,17.24906,-1.02899
34.1432186975144, 17.5648,,1927,16.67933,,16.15604,0.285126
34.1599575984292, 15.4647,,1928,16.6787,,15.97769,-1.201235
34.1767822983675, 16.6489,,1929,16.67869,,17.32077,0.046981
34.1921469983645, 16.2557,,1930,16.67847,,15.99524,0.326997
34.2110488978215, 17.3255,,1931,16.6788,,17.50732,-1.179091
34.2264514979906, 15.8636,,1932,16.67838,,16.2429,0.59659
34.2431012974121, 16.8693,,1933,16.67848,,15.94919,0.236511
34.2600627974607, 16.6774,,1934,16.67848,,17.48181,0.174398
34.2767887976952, 17.2155,,1935,16.67876,,15.70369,-0.210811
34.2943496969528, 16.2613,,1936,16.67854,,16.0582,0.239316
34.3093107971363, 15.848,,1937,16.67811,,16.17371,-0.149949
34.3433485957794, 32.4821,,1938,16.68627,,16.51568,0.597829
34.3599615949206, 10.5645,,1939,16.68311,,16.03345,0.185625
34.3599615949206, 9.7521,,1940,16.67954,,16.45327,-0.265921
34.3770699943416, 14.341,,1941,16.67833,,15.71768,-0.004367
34.3926690942608, 17.0229,,1942,16.67851,,16.11042,0.032787
34.409672993701, 17.6534,,1943,16.67901,,16.57387,0.432041
34.4259509942494, 16.1573,,1944,16.67874,,16.30681,-0.565771
34.4437145940028, 16.1684,,1945,16.67848,,16.18306,0.146304
34.4590323944576, 16.4879,,1946,16.67838,,15.91237,-0.11287
34.4764971942641, 16.8217,,1947,16.67846,,16.8397,0.077879
34.4937266935594, 18.9393,,1948,16.67962,,16.15287,-0.34085
34.5095750936307, 14.8234,,1949,16.67867,,16.45482,-0.565772
34.5268389941193, 16.7019,,1950,16.67868,,14.92185,-1.04785
34.5439268932678, 16.5677,,1951,16.67862,,16.71387,-0.329355
34.5596063924022, 17.0995,,1952,16.67884,,16.84875,-0.568948
34.5767523930408, 16.4273,,1953,16.67871,,17.32006,-0.512909
34.5930141923018, 16.7192,,1954,16.67873,,16.59275,-0.169665
34.6094488915987, 16.8208,,1955,16.6788,,16.87191,-0.489658
34.6274436921813, 16.5186,,1956,16.67872,,16.81976,-0.13334
34.6427820925601, 16.4472,,1957,16.6786,,16.45666,-0.223412
34.6599309933372, 16.9395,,1958,16.67873,,16.79984,-0.542082
34.6767704938538, 16.3908,,1959,16.67859,,16.35251,-0.284596
34.6931434930302, 17.2197,,1960,16.67886,,16.38218,0.148057
34.7098495927639, 16.0089,,1961,16.67852,,16.8375,-0.260969
34.7271923930384, 16.8941,,1962,16.67863,,16.51264,-0.75847
34.7440609936602, 18.5176,,1963,16.67957,,16.09677,-0.233494
34.7594159939326, 15.4782,,1964,16.67896,,16.53437,-0.29676
34.7766375937499, 16.1936,,1965,16.67871,,17.09449,-0.326464
34.7932656933554, 16.8417,,1966,16.67879,,16.44546,-0.337168
34.8102846932597, 16.6908,,1967,16.6788,,16.59146,-0.010867
34.826441493351, 16.6081,,1968,16.67876,,16.60857,-0.064165
34.8428921927698, 16.2855,,1969,16.67856,,16.61397,-0.405782
34.8603967935778, 17.2898,,1970,16.67887,,16.31477,-0.752218
34.8767868936993, 16.5849,,1971,16.67883,,16.35048,1.760688
34.8940503937192, 17.1163,,1972,16.67905,,16.65432,-0.115426
34.9119641934521, 15.0022,,1973,16.6782,,17.00781,0.338372
34.927609293256, 17.6818,,1974,16.67871,,14.51773,-0.79388
34.9433313929476, 16.7617,,1975,16.67875,,16.42033,0.427887
34.9598366920836, 16.7338,,1976,16.67878,,15.95048,-1.04308
34.9759855926968, 17.1173,,1977,16.679,,17.09211,-0.413446
34.9940060921945, 17.7914,,1978,16.67956,,15.85148,-0.079694
35.0114403930493, 15.0608,,1979,16.67874,,17.36675,1.275832
35.0276403934695, 15.6643,,1980,16.67823,,16.70859,0.009843
35.0436320942827, 17.0924,,1981,16.67844,,16.36867,0.298858
35.0600060936995, 16.9237,,1982,16.67856,,15.01266,-0.451874
35.076879194472, 16.4246,,1983,16.67843,,16.27844,0.085225
35.0939708952792, 17.3609,,1984,16.67878,,15.98577,0.098472
35.1118341949768, 16.7879,,1985,16.67883,,16.74137,-0.539488
35.1271396945231, 16.8414,,1986,16.67891,,16.20343,-1.177868
35.1441300953738, 17.7641,,1987,16.67946,,16.13439,-0.824758
35.161817594897, 16.6702,,1988,16.67946,,16.71437,0.692247
35.1771945948713, 14.7031,,1989,16.67846,,17.44246,-0.061995
35.193698394578, 16.6743,,1990,16.67846,,17.16765,0.125478
35.2100898954086, 16.9032,,1991,16.67857,,15.60649,-0.135223
35.2270033950917, 17.7247,,1992,16.6791,,16.37402,-0.790253
35.2441078959964, 18.8293,,1993,16.68018,,16.16662,0.645349
35.2613723962568, 13.8409,,1994,16.67875,,16.42795,-0.605633
35.2766712964512, 17.1361,,1995,16.67898,,17.09195,-0.528584
35.2942585968412, 16.6887,,1996,16.67899,,15.64523,-0.733746
35.3104368974455, 16.6735,,1997,16.67898,,16.93098,-0.999594
35.3267028969713, 16.6661,,1998,16.67898,,16.86985,-0.258706
35.3438697964884, 17.1601,,1999,16.67922,,16.97779,-0.798399
35.3600610964932, 16.5912,,2000,16.67917,,17.28551,-0.309558
35.3780078967102, 15.9303,,2001,16.6788,,16.5062,-0.611332
35.3934415965341, 15.9309,,2002,16.67843,,17.07336,-0.868345
35.4119592956267, 17.053,,2003,16.67861,,16.60633,0.445609
35.4279181952588, 17.108,,2004,16.67883,,16.89394,-1.058993
35.4942352971993, 55.3291,,2005,16.6981,,17.13769,-0.611902
35.4942352971993, 0.8159,,2006,16.69019,,15.84699,-0.085781
35.4942352971993, 0.672,,2007,16.68221,,17.3661,-0.221973
35.4942352971993, 9.2388,,2008,16.6785,,16.94898,-0.591785
35.5118652968667, 17.3799,,2009,16.67885,,16.38917,0.800702
35.5277381963097, 16.4257,,2010,16.67872,,16.53819,-0.087994
35.5440814956091, 16.6282,,2011,16.6787,,16.9758,-0.36815
35.5618327963166, 16.6465,,2012,16.67868,,15.60259,-0.334632
35.57718389621, 16.6357,,2013,16.67866,,16.37325,0.542734
35.5939343958162, 17.1437,,2014,16.67889,,16.63653,-0.403554
35.6103719952516, 16.7086,,2015,16.67891,,16.60257,-1.029141
35.626522495877, 16.4356,,2016,16.67879,,15.75615,-0.3387
35.6438667955808, 17.0118,,2017,16.67895,,16.68244,-0.33255
35.6601726948284, 16.4856,,2018,16.67886,,17.3261,-0.338371
35.6778280953877, 16.8045,,2019,16.67892,,16.63095,-0.643896
35.6946859951131, 16.5465,,2020,16.67885,,16.62457,-0.938547
35.7110924958251, 16.4679,,2021,16.67875,,16.6136,-0.082496
35.727788395714, 16.4982,,2022,16.67866,,16.96595,-0.440553
35.7442289958708, 18.4821,,2023,16.67955,,17.22,-0.45883
35.7605035952292, 15.2527,,2024,16.67884,,16.38465,-0.776201
35.7769588953815, 16.458,,2025,16.67874,,16.75193,-0.410657
35.7944198953919, 17.0472,,2026,16.67892,,16.7716,-0.006243
35.8112319945358, 16.5215,,2027,16.67884,,17.08736,-0.213091
35.8275998937897, 16.8798,,2028,16.67894,,16.74924,-0.53626
35.8441468938254, 16.0005,,2029,16.6786,,16.35109,-0.257322
35.8618567935191, 17.4209,,2030,16.67897,,16.49766,-0.657985
35.8771021938883, 16.577,,2031,16.67892,,16.83662,-0.71742
35.8947288948111, 17.3543,,2032,16.67925,,16.52378,-1.227904
35.9112104955129, 15.7364,,2033,16.67879,,16.77762,0.034318
35.9276088955812, 16.7746,,2034,16.67883,,16.9218,-0.547538
35.9439631956629, 16.3949,,2035,16.6787,,17.47878,-0.33417
35.9605812965892, 16.6153,,2036,16.67867,,16.30384,-0.275671
35.9781293957494, 16.8137,,2037,16.67873,,16.83127,-0.584942
35.9945587958209, 16.8478,,2038,16.67881,,16.61547,-0.531722
36.0116875949316, 18.3542,,2039,16.67963,,16.62224,-0.862234
36.0268262946047, 14.8048,,2040,16.67872,,16.87182,-0.140443
36.0447429944761, 17.1265,,2041,16.67894,,16.83793,0.137888
36.0614414946176, 16.699,,2042,16.67895,,17.17104,0.193615
36.0782046937384, 15.2713,,2043,16.67826,,16.44921,0.279182
36.0946461935528, 16.7518,,2044,16.67829,,16.16928,-1.143621
36.1119422935881, 16.7433,,2045,16.67832,,16.11552,1.238292
36.127432893496, 16.9652,,2046,16.67846,,15.96692,-0.055676
36.1442354931496, 16.4767,,2047,16.67837,,17.28071,-0.071779
36.1612991928123, 17.659,,2048,16.67884,,15.03848,0.21624
36.1780410925858, 16.8901,,2049,16.67895,,16.33548,0.20116
36.194791093003, 16.2591,,2050,16.67874,,16.40806,1.150681
36.2115359934978, 17.2603,,2051,16.67903,,16.12434,-0.576776
36.2278382941149, 16.489,,2052,16.67893,,16.07822,-0.821417
36.2446694946848, 16.2574,,2053,16.67873,,15.17928,0.04687
36.2614045939408, 17.2078,,2054,16.67899,,16.90072,-0.014343
36.277714594733, 17.2491,,2055,16.67926,,17.11683,0.43569
36.2940043951385, 15.8997,,2056,16.67888,,16.22514,-0.671747
36.3123293942772, 16.9911,,2057,16.67904,,16.30321,-0.35048
36.3274631942622, 16.6387,,2058,16.67902,,15.88815,-0.73929
36.3447519945912, 16.2211,,2059,16.67879,,16.96308,0.252498
36.3611304941587, 16.8659,,2060,16.67888,,16.64059,-1.041445
36.3779287948273, 16.3619,,2061,16.67873,,17.0427,-0.196926
36.3939979947172, 16.4696,,2062,16.67863,,15.93044,0.314891
36.4123584940098, 17.2216,,2063,16.67889,,17.31173,-0.530366
36.4282719935291, 16.4526,,2064,16.67878,,16.52561,0.066317
36.4446680932306, 16.757,,2065,16.67882,,15.99047,0.433452
36.4619410927407, 16.8842,,2066,16.67892,,16.83488,-0.539325
36.4780047922395, 16.4806,,2067,16.67883,,16.22385,-0.066045
36.4952589920722, 16.6245,,2068,16.6788,,15.82662,-0.496081
36.5122211924754, 18.6211,,2069,16.67974,,16.83704,-0.724888
36.5275352927856, 14.7101,,2070,16.67879,,16.36258,0.585384
36.5448149922304, 16.5232,,2071,16.67871,,16.78329,-0.773316
36.5619678921066, 16.8281,,2072,16.67878,,17.03062,-0.320234
36.5788520923816, 16.507,,2073,16.6787,,15.70022,-0.137234
36.5942799919285, 16.9224,,2074,16.67882,,17.05543,-0.448767
36.6122969915159, 16.5198,,2075,16.67874,,16.59343,-0.426653
36.6278109918348, 17.0868,,2076,16.67894,,16.42947,0.237985
36.6448270916007, 16.8165,,2077,16.679,,16.73585,0.429664
36.6612617908977, 16.5698,,2078,16.67895,,16.70782,-0.855567
36.6776464912109, 16.4296,,2079,16.67883,,16.04804,-0.378734
36.6950067910366, 16.733,,2080,16.67886,,15.85977,-0.40069
36.7124355915003, 16.7143,,2081,16.67887,,17.20143,-0.067599
36.7276123915799, 16.832,,2082,16.67895,,16.62709,-0.567191
36.7450714916922, 16.5963,,2083,16.67891,,16.6972,-0.810989
36.7617935915478, 16.603,,2084,16.67887,,16.35529,0.003949
36.7786698923446, 20.0185,,2085,16.68047,,16.86369,-0.284813
36.7949674916454, 13.3094,,2086,16.67886,,17.11665,0.298215
36.8117388919927, 16.2713,,2087,16.67866,,16.28661,1.52919
36.8278334927745, 17.6623,,2088,16.67913,,16.58199,0.495443
36.845540091861, 16.2549,,2089,16.67893,,15.99291,-0.464054
36.8625506912358, 16.6188,,2090,16.6789,,14.75756,-0.681159
36.8786856909283, 16.3175,,2091,16.67873,,15.79575,-1.158406
36.8948262915947, 17.5403,,2092,16.67914,,16.75406,0.185819
36.9112196923234, 15.3844,,2093,16.67852,,16.91321,0.965522
36.9779150919057, 55.6708,,2094,16.69714,,17.45878,0.445963
36.9779150919057, 0.7145,,2095,16.68951,,16.10368,-0.221178
36.9779150919057, 0.6474,,2096,16.68186,,15.37934,-0.547007
36.9779150919057, 9.5354,,2097,16.67845,,15.84418,-0.352645
36.9956246917136, 16.8781,,2098,16.67855,,16.53591,0.053093
37.0125574921258, 17.312,,2099,16.67885,,16.83994,1.120959
37.0296552912332, 19.2811,,2100,16.68009,,16.65191,-0.142919
37.0448057916947, 13.973,,2101,16.6788,,16.23574,0.175349
37.0621799924411, 16.6663,,2102,16.67879,,15.03352,1.180535
37.0789977931418, 16.6631,,2103,16.67879,,16.42665,-0.123625
37.09542609239, 16.855,,2104,16.67887,,16.11637,-0.290181
37.1118139927275, 16.2059,,2105,16.67864,,15.10672,-0.585943
37.1283308924176, 17.0434,,2106,16.67882,,16.42318,-0.342003
37.1444450919516, 16.4197,,2107,16.6787,,16.59074,0.076724
37.1623689928092, 16.7898,,2108,16.67875,,16.8775,0.708026
37.1785342921503, 16.6149,,2109,16.67872,,16.63788,-0.717151
37.1949796923436, 16.4166,,2110,16.67859,,16.22447,0.189096
37.2117697917856, 16.8567,,2111,16.67868,,15.65025,-0.322586
37.2281602923758, 17.1055,,2112,16.67888,,17.0342,-0.750273
37.2455475931056, 16.3723,,2113,16.67874,,16.11229,-0.253857
37.2616205927916, 16.7971,,2114,16.67879,,16.61767,-0.740035
37.278875392396, 16.9766,,2115,16.67893,,17.02986,0.561746
37.2949965917505, 16.6644,,2116,16.67892,,16.54433,-0.761129
37.3121783924289, 18.2493,,2117,16.67967,,17.03075,1.065871
37.3283621915616, 14.6852,,2118,16.67872,,15.77983,0.401444
37.3456057910807, 16.6651,,2119,16.67872,,17.01503,-0.33557
37.3623725906946, 16.998,,2120,16.67887,,15.17406,-0.326998
37.3793496903963, 16.6611,,2121,16.67886,,15.89807,-0.706026
37.396232590545, 16.8435,,2122,16.67894,,16.6205,-0.029154
37.4119877913035, 15.9516,,2123,16.6786,,16.63143,0.901418
37.4283801917918, 16.6359,,2124,16.67858,,17.01945,0.141818
37.4460082915612, 15.8571,,2125,16.67819,,16.29128,-0.195731
37.4626467921771, 17.8133,,2126,16.67872,,15.35018,0.872146
37.478731891606, 16.9291,,2127,16.67884,,16.14153,-0.447652
37.4951375913806, 17.1425,,2128,16.67906,,16.49535,-0.372434
37.5125720915385, 16.1415,,2129,16.67881,,15.42495,-0.645394
37.5290032909252, 16.8684,,2130,16.6789,,16.75883,-1.159085
37.5453957901336, 16.9969,,2131,16.67904,,16.66759,-0.502991
37.562403189484, 16.6883,,2132,16.67905,,16.92618,-0.858276
37.5791287892498, 18.1677,,2133,16.67975,,17.45779,0.115774
37.5963850901462, 14.5543,,2134,16.67875,,16.79148,0.246919
37.6118657900952, 17.0132,,2135,16.67891,,17.16793,0.012102
37.6292398902588, 16.5155,,2136,16.67883,,16.18128,0.022651
37.6459039910696, 16.7339,,2137,16.67886,,16.0132,-0.217496
37.7116888905875, 55.6451,,2138,16.69708,,16.29585,-0.630654
37.7116888905875, 0.7344,,2139,16.68962,,16.2789,-0.844703
37.7116888905875, 0.7025,,2140,16.68215,,16.51775,-0.129847
37.7116888905875, 8.952,,2141,16.67854,,16.9379,0.033218
37.7291107899509, 17.0556,,2142,16.67871,,17.15605,-0.266099
37.7455536904745, 16.592,,2143,16.67867,,16.37208,-0.408038
37.7618092908524, 17.2207,,2144,16.67893,,16.2591,0.600924
37.7789717908017, 16.5151,,2145,16.67885,,16.55224,-0.80278
37.7956343903206, 16.6426,,2146,16.67883,,16.70518,0.12455
37.8123336895369, 16.8788,,2147,16.67893,,15.67458,-0.077469
37.8288226886652, 16.8567,,2148,16.67901,,17.09945,-0.342121
37.8448602887802, 18.1532,,2149,16.6797,,16.16257,-0.683509
37.8619132894091, 15.5543,,2150,16.67917,,16.36122,-0.741644
37.8800663887523, 16.2873,,2151,16.67899,,16.64571,0.14256
37.8957617892884, 15.6265,,2152,16.6785,,16.95654,-0.102605
37.9123206897639, 17.2957,,2153,16.67879,,17.03184,0.335664
37.9287215895019, 16.5374,,2154,16.67872,,16.17731,-1.18165
37.9466006900184, 16.821,,2155,16.67879,,16.42584,0.008615
37.9626010893844, 16.6485,,2156,16.67877,,15.94115,0.035199
37.9792870893143, 16.5684,,2157,16.67872,,17.52348,0.115863
37.9962499900721, 16.0316,,2158,16.67842,,16.2728,-0.125083
38.0133014894091, 17.0225,,2159,16.67858,,16.25354,0.47236
38.0290344893001, 16.5489,,2160,16.67852,,16.16638,-0.653933
38.0455872896127, 16.8622,,2161,16.67861,,16.40864,-0.515857
38.063499990385, 16.7197,,2162,16.67863,,15.79623,-0.152422
38.0785479904152, 17.0937,,2163,16.67882,,16.99286,-0.202688
38.0965082910843, 16.4372,,2164,16.67871,,16.86442,-0.043033
38.1126593914814, 17.9989,,2165,16.67932,,16.48339,0.076619
38.1287833922543, 15.5198,,2166,16.67878,,16.40313,-0.318524
38.1462917928584, 16.224,,2167,16.67857,,16.35098,-0.169751
38.1632437934168, 16.9484,,2168,16.6787,,16.29482,-0.082485
38.1797532928176, 16.34,,2169,16.67854,,16.65705,-0.482214
38.1961226933636, 16.8068,,2170,16.6786,,16.49698,-0.8539
38.2126599927433, 16.5059,,2171,16.67852,,16.46241,0.759936
38.2296316926368, 16.244,,2172,16.67832,,16.8278,-0.832149
38.24644269282, 16.5751,,2173,16.67827,,17.22066,-0.214185
38.2633396931924, 16.761,,2174,16.67831,,15.56615,-0.523502
38.2803641934879, 16.892,,2175,16.67841,,17.11128,-0.409196
38.295384993311, 16.8302,,2176,16.67848,,16.4927,-0.964681
38.3126005935483, 16.6702,,2177,16.67847,,16.809,0.623288
38.3287439937703, 17.1439,,2178,16.67869,,16.69638,-0.096742
38.3461760929786, 16.8572,,2179,16.67877,,17.31041,-0.406035
38.3624469931237, 15.888,,2180,16.67841,,15.61874,0.177981
38.3804635922424, 17.2738,,2181,16.67868,,16.38744,-0.41204
38.3963735918514, 19.8961,,2182,16.68015,,16.67092,0.181139
38.4126755925827, 13.9575,,2183,16.67891,,16.08064,0.480214
38.4286720934324, 15.7807,,2184,16.6785,,16.70286,-0.862985
38.4462654939853, 16.6059,,2185,16.67846,,16.12479,-0.305522
38.4624831932597, 17.6129,,2186,16.67889,,15.85198,0.142892
38.4798539928161, 16.0929,,2187,16.67862,,17.22292,0.370981
38.4965520924889, 16.8623,,2188,16.67871,,16.61031,-0.881202
38.5134809925221, 17.1825,,2189,16.67894,,16.13702,0.488298
38.5296184918843, 16.0797,,2190,16.67866,,15.9383,-0.715619
38.5457579917274, 16.7104,,2191,16.67868,,17.1871,-0.39086
38.5634450926445, 16.3707,,2192,16.67854,,15.85952,-0.640897
38.5794595922343, 16.933,,2193,16.67865,,17.01576,-0.933001
38.5963883916847, 16.9864,,2194,16.67879,,16.6788,-0.241252
38.6125906924717, 16.4387,,2195,16.67868,,16.9061,0.450817
38.6298129926436, 17.0356,,2196,16.67885,,17.22085,-1.04924
38.6458490933292, 16.5621,,2197,16.67879,,16.52328,-0.232314
38.6635319939815, 18.4132,,2198,16.67958,,15.77474,-0.181762
38.6802999931388, 14.8093,,2199,16.67873,,17.29361,0.01843
38.6964799924754, 17.0415,,2200,16.6789,,16.51986,-0.386842
38.7126400931738, 16.597,,2201,16.67886,,16.47737,-0.295015
38.7298522940837, 16.4829,,2202,16.67877,,16.28714,-0.862872
38.7467161933891, 16.2223,,2203,16.67856,,16.66681,0.168166
38.7634299932979, 17.2049,,2204,16.6788,,16.56357,0.503933
38.7801938927732, 16.6102,,2205,16.67877,,17.15833,-0.046397
38.7981816935353, 16.2473,,2206,16.67858,,16.13507,-0.574798
38.815256993752, 16.7665,,2207,16.67861,,15.804,-0.871426
38.8293945933692, 15.9733,,2208,16.6783,,16.3562,0.430234
38.8464096928947, 16.7995,,2209,16.67835,,16.88943,-0.489988
38.8634128919803, 17.0015,,2210,16.6785,,17.17717,-0.46801
38.8810136928223, 16.6319,,2211,16.67847,,15.88009,-0.912632
38.8973059928976, 17.1366,,2212,16.67868,,16.79261,0.132846
38.9136108937673, 17.3883,,2213,16.679,,16.75273,0.375294
38.929615593981, 16.4516,,2214,16.6789,,17.20915,-0.500453
38.9470881945454, 17.9795,,2215,16.67949,,16.17251,-0.669802
38.9641640945338, 14.2052,,2216,16.67837,,15.91615,-0.05119
38.9793133945204, 16.634,,2217,16.67835,,15.4658,0.10171
38.9973507937975, 17.357,,2218,16.67866,,17.04399,-0.163984
39.013550194446, 16.7333,,2219,16.67868,,16.33659,-0.45207
39.0310808946379, 16.3676,,2220,16.67854,,16.20488,-0.58954
39.0473256953992, 16.3905,,2221,16.67841,,16.43947,-1.134985
39.0635151960887, 17.5101,,2222,16.67879,,16.74234,0.100496
39.0797660970129, 16.4852,,2223,16.6787,,16.91668,-0.4376
39.097076496575, 16.2853,,2224,16.67852,,17.4721,-0.675248
39.1141755958088, 16.5168,,2225,16.67845,,16.2289,-0.536166
39.131242394913, 17.1803,,2226,16.67867,,16.75095,-0.85566
39.1468438948505, 16.4251,,2227,16.67856,,16.98107,-0.147138
39.1629974949174, 17.2819,,2228,16.67883,,16.86416,-0.774018
39.1811967953108, 16.6375,,2229,16.67881,,17.15954,-0.311553
39.1963437949307, 16.3888,,2230,16.67868,,16.45432,-0.930344
39.2140986942686, 16.4873,,2231,16.6786,,17.04935,-0.204376
39.2304729935713, 18.6534,,2232,16.67948,,16.48964,-0.649401
39.2473054942675, 14.7878,,2233,16.67863,,16.99778,-0.185468
39.2633761935867, 16.7789,,2234,16.67868,,16.555,-0.105593
39.2796217934228, 17.1688,,2235,16.6789,,17.05897,0.193788
39.2968530938961, 16.3049,,2236,16.67873,,16.47959,0.395119
39.3131299936213, 16.5494,,2237,16.67867,,16.36901,-0.560842
39.3309440934099, 17.0264,,2238,16.67883,,16.10008,-0.762581
39.3474923935719, 16.6466,,2239,16.67882,,15.87824,0.133023
39.3635447942652, 16.7157,,2240,16.67883,,16.77108,0.088347
39.3802590933628, 17.029,,2241,16.67899,,17.10488,-0.487342
39.3964181938209, 16.033,,2242,16.6787,,16.15285,-0.771765
39.4143999931403, 16.8271,,2243,16.67877,,16.19704,-0.030306
39.4309732937254, 16.2768,,2244,16.67859,,16.78316,-0.270765
39.4484288939275, 16.2636,,2245,16.6784,,17.06651,-0.560371
39.4640906942077, 16.6894,,2246,16.67841,,16.31426,-0.252166
39.4815675937571, 17.4987,,2247,16.67877,,16.56007,-0.190311
39.4973018937744, 16.7072,,2248,16.67878,,16.85207,0.45054
39.5141659942456, 18.3827,,2249,16.67954,,16.52411,-0.827107
39.5310302940197, 14.9663,,2250,16.67878,,16.48216,-0.122958
39.5475693945773, 16.6432,,2251,16.67876,,15.91721,-0.136766
39.5639373944141, 17.6458,,2252,16.67919,,17.09986,-0.181797
39.5802829940803, 16.0455,,2253,16.67891,,16.39457,-0.250254
39.5967488945462, 16.6785,,2254,16.67891,,16.426,-0.594311
39.6146456939168, 16.4037,,2255,16.67879,,16.48625,-1.059668
39.6313629937358, 16.2317,,2256,16.67859,,16.54431,-0.282425
39.6466832938604, 16.6813,,2257,16.67859,,16.91837,-0.549764
39.6643140944652, 16.7078,,2258,16.67861,,17.35482,-1.031679
39.6808849941008, 17.4583,,2259,16.67895,,16.63026,-0.501153
39.6976532950066, 16.455,,2260,16.67885,,16.85928,-0.53088
39.7138277958147, 17.6979,,2261,16.6793,,17.25475,-0.494931
39.7314114957117, 16.6019,,2262,16.67927,,16.80548,-0.757365
39.7468546959572, 16.7963,,2263,16.67932,,16.81773,-1.377492
39.7641993961297, 17.5297,,2264,16.6797,,16.79736,-0.905202
39.7816657959484, 15.5915,,2265,16.67922,,16.98319,0.491203
39.7968734963797, 17.5066,,2266,16.67958,,17.6357,-0.488269
39.814006397035, 14.9869,,2267,16.67883,,17.2675,-0.632659
39.831520897802, 16.1266,,2268,16.67859,,15.78897,-0.86916
39.8469183980487, 17.2947,,2269,16.67886,,16.77866,0.327453
39.863956998568, 16.9261,,2270,16.67897,,16.89376,-0.371669
39.8823350979947, 16.7747,,2271,16.67901,,17.17685,-0.353357
39.8984845983796, 15.796,,2272,16.67863,,15.97627,-0.079431
39.9144798978232, 17.8073,,2273,16.67912,,16.65666,0.290346
39.9309325977229, 15.6057,,2274,16.67865,,16.65623,-0.628977
39.9480926985852, 16.1669,,2275,16.67842,,16.36995,-0.724159
39.9648561994545, 17.4361,,2276,16.67876,,15.98928,0.453819
39.9814996994101, 16.3877,,2277,16.67863,,16.94416,-1.155788
39.9978038999252, 16.4772,,2278,16.67854,,17.08518,0.161386
40.013851899188, 16.9001,,2279,16.67864,,15.85439,-0.376832
40.0314730997197, 17.4197,,2280,16.67896,,17.48561,-0.933138
40.0475885993801, 16.8422,,2281,16.67904,,16.18683,-0.097154
40.0638538985513, 16.7054,,2282,16.67905,,16.74004,0.174665
40.0813065986149, 16.1904,,2283,16.67883,,17.29045,-0.022806
40.0981698981486, 19.3799,,2284,16.68002,,16.46964,-0.306801
40.1145423981361, 14.177,,2285,16.67892,,16.19611,-0.44044
40.1316931988113, 17.0381,,2286,16.67908,,16.3726,-0.144038
40.1475459984504, 16.3617,,2287,16.67894,,16.67384,-0.014557
40.1639553993009, 16.831,,2288,16.679,,16.82074,0.213124
40.1816890998743, 16.7212,,2289,16.67902,,16.52936,0.521453
40.1974744996987, 16.5554,,2290,16.67897,,16.39858,-1.109156
40.2140773995779, 16.7075,,2291,16.67898,,16.17795,-0.605564
40.2315276986919, 16.8177,,2292,16.67904,,15.81856,-1.128241
40.2475975989364, 16.4154,,2293,16.67893,,17.49186,-0.379515
40.2642202987336, 16.8739,,2294,16.67901,,16.94264,-0.775802
40.2804691991769, 16.9205,,2295,16.67912,,17.48252,0.559729
40.2978642000817, 16.5976,,2296,16.67908,,16.7329,-0.210777
40.3147763009183, 16.5036,,2297,16.679,,17.14317,-0.620356
40.3317950009368, 16.101,,2298,16.67875,,15.80518,-1.25131
40.3471876005642, 16.3729,,2299,16.67862,,16.57776,-0.340717
40.3644218998961, 18.9229,,2300,16.6796,,16.95181,-0.828912
40.3813253990375, 14.6223,,2301,16.6787,,17.63942,-0.122774
40.3977706986479, 17.0349,,2302,16.67886,,16.72691,-0.109764
40.4140829979442, 17.0382,,2303,16.67901,,17.18597,0.148814
40.4314491986297, 15.4171,,2304,16.67846,,16.49216,-0.380492
40.4479666980915, 16.7502,,2305,16.6785,,16.47549,-0.950228
40.464918398764, 17.5562,,2306,16.67888,,16.21379,-0.04719
40.4815841983072, 16.7627,,2307,16.67891,,16.77303,-0.615667
40.4976976974867, 16.5062,,2308,16.67884,,17.30749,-0.360403
40.5140852979384, 16.9255,,2309,16.67895,,16.26687,-0.821355
40.5324053983204, 16.2328,,2310,16.67875,,16.9682,-0.270147
40.5477695981972, 16.8096,,2311,16.67881,,16.71806,-0.90743
40.5640555988066, 16.9671,,2312,16.67893,,17.19515,0.103624
40.582298298832, 16.6576,,2313,16.67892,,16.65453,0.174532
40.5977491992526, 16.673,,2314,16.67892,,17.30018,-0.34775
40.6144037987106, 16.6528,,2315,16.67891,,16.27887,-0.862181
40.6316089979373, 16.1246,,2316,16.67867,,16.20365,-0.323077
40.648377598729, 17.1237,,2317,16.67886,,16.70818,-0.124136
40.6645711991005, 15.9875,,2318,16.67856,,17.22248,-0.074006
40.6807207982056, 16.8537,,2319,16.67864,,16.69254,-0.002069
40.6981959990226, 17.2094,,2320,16.67887,,16.50621,1.31503
40.7148947990499, 16.4944,,2321,16.67879,,16.47377,1.68416
40.7316283988766, 16.9493,,2322,16.67891,,16.39227,-0.869615
40.7478985986672, 16.7968,,2323,16.67896,,15.08734,-0.508529
40.7641355986707, 16.3067,,2324,16.6788,,14.67951,-0.179824
40.7813521991484, 16.611,,2325,16.67877,,17.22273,0.756826
40.7980758990161, 16.9298,,2326,16.67888,,16.88992,0.35973
40.8151907990687, 16.9064,,2327,16.67897,,16.56797,-0.015045
40.8319417997263, 15.962,,2328,16.67867,,15.64607,-0.694327
40.8480076002888, 16.5199,,2329,16.6786,,16.02485,0.10187
40.8646327010356, 17.1017,,2330,16.67878,,16.40893,0.49897
40.8810514002107, 17.0163,,2331,16.67892,,17.08153,-1.025617
40.8985345005058, 16.6476,,2332,16.67891,,16.28983,0.335812
40.9149640998803, 17.0166,,2333,16.67905,,15.89222,-0.150039
40.9313811003231, 16.6319,,2334,16.67904,,17.42509,0.704104
40.9481522995047, 18.1435,,2335,16.67966,,16.06784,0.255323
40.9645559987985, 14.4802,,2336,16.67872,,16.5478,-0.299618
40.9819689984433, 16.6785,,2337,16.67872,,15.69768,-0.67203
40.9987979992293, 16.7116,,2338,16.67873,,16.12862,-0.050916
41.0149429994635, 16.975,,2339,16.67886,,16.61383,0.390985
41.0315879001282, 16.6869,,2340,16.67886,,17.05282,0.772463
41.0476841009222, 16.3909,,2341,16.67874,,16.41392,-0.303086
41.0652402001433, 16.4867,,2342,16.67866,,15.99644,-0.820061
41.0816329992376, 16.7297,,2343,16.67868,,15.61189,0.701478
41.0979181989096, 16.9498,,2344,16.6788,,16.68636,-0.848554
41.1152239996009, 16.4523,,2345,16.6787,,17.21412,0.249233
41.1316362987272, 16.4408,,2346,16.6786,,15.69705,-0.06355
41.1477753981017, 16.7156,,2347,16.67862,,17.22957,0.076553
41.1656984980218, 16.8596,,2348,16.67869,,16.15045,-0.529429
41.1820631972514, 16.7065,,2349,16.6787,,16.45685,-0.963064
41.1988430968486, 17.1897,,2350,16.67892,,16.29873,-0.397344
41.215190097224, 16.7238,,2351,16.67894,,16.91316,-0.806143
41.2315261973999, 18.6352,,2352,16.67977,,17.35144,0.279925
41.2497213981114, 14.4682,,2353,16.67883,,16.78274,0.175151
41.265201698523, 16.6303,,2354,16.67881,,17.19948,-0.433478
41.2815680983476, 16.7775,,2355,16.67885,,16.05145,-0.412693
41.2987644984387, 16.757,,2356,16.67889,,16.18898,-0.908824
41.3152142981999, 16.1616,,2357,16.67867,,16.81979,0.392588
41.3315164982341, 17.2732,,2358,16.67892,,16.78892,0.298889
41.3496038983576, 17.459,,2359,16.67925,,17.31211,1.021423
41.3651533978991, 16.7543,,2360,16.67928,,16.00691,-0.034863
41.3814782979898, 16.2036,,2361,16.67908,,16.11428,0.760535
41.3993786978535, 16.7323,,2362,16.6791,,15.33566,-0.174072
41.4148456980474, 16.0926,,2363,16.67885,,16.33196,0.003556
41.433109997306, 16.4564,,2364,16.67876,,15.53457,0.195372
41.449027497787, 17.331,,2365,16.67904,,16.48484,0.04613
41.4655973971821, 16.507,,2366,16.67896,,16.28503,-0.27625
41.4826168962754, 16.4367,,2367,16.67886,,16.12527,-0.575915
41.4990173955448, 17.2241,,2368,16.67909,,16.25245,-0.815609
41.5160352946259, 16.2917,,2369,16.67893,,16.56222,0.393178
41.5323548954912, 18.3977,,2370,16.67965,,16.89671,0.434565
41.5486234952696, 13.8231,,2371,16.67845,,17.10972,-0.918026
41.5652606957592, 17.6089,,2372,16.67884,,15.89783,0.027582
41.5817106966861, 16.1831,,2373,16.67863,,15.86393,-0.073112
41.598965997342, 16.3802,,2374,16.67851,,17.22362,0.009482
41.6162890964188, 17.011,,2375,16.67865,,16.27221,-0.48697
41.6319398959167, 16.9181,,2376,16.67875,,16.38272,0.380077
41.6480372962542, 16.3823,,2377,16.67862,,16.30027,-0.831926
41.6656690970995, 17.3296,,2378,16.6789,,16.80092,-0.162695
41.6827712976374, 16.3989,,2379,16.67878,,15.89573,0.619484
41.6988266971894, 16.0568,,2380,16.67852,,17.1337,-0.857712
41.7651755982079, 56.1708,,2381,16.6951,,16.47812,-0.374728
41.7651755982079, 0.7229,,2382,16.6884,,15.68151,0.439591
41.7651755982079, 0.5115,,2383,16.68161,,17.16273,-0.884043
41.7651755982079, 9.739,,2384,16.6787,,16.71591,-0.507934
41.7827837974764, 17.1258,,2385,16.67888,,15.87374,1.192904
41.8001312972046, 16.2423,,2386,16.6787,,17.15163,0.655033
41.8160520964302, 16.7151,,2387,16.67872,,16.7963,-0.007481
41.8326373961754, 16.5219,,2388,16.67865,,15.09957,-0.218506
41.848666195292, 16.9893,,2389,16.67878,,15.63508,0.201973
41.866468094755, 15.8541,,2390,16.67844,,16.29671,0.328624
41.881866294425, 18.0398,,2391,16.679,,16.53963,0.2839
41.8998684952967, 16.5305,,2392,16.67894,,16.06178,-0.086357
41.9155328958295, 17.4401,,2393,16.67926,,15.9807,-0.721186
41.9317176952027, 14.9001,,2394,16.67852,,16.00106,0.160673
41.9489187947474, 16.5488,,2395,16.67846,,16.39869,-0.363465
41.9649854949676, 17.4124,,2396,16.67877,,17.00963,-0.748828
42.0171497953124, 55.4743,,2397,16.69496,,16.07966,0.018637
42.032830695156, 0.7269,,2398,16.6883,,16.64923,0.199391
42.032830695156, 0.6763,,2399,16.68162,,17.06246,-0.094241
42.032830695156, 9.2183,,2400,16.67851,,16.29321,0.352544
42.0488241952844, 17.6176,,2401,16.6789,,16.11414,-0.528076
42.0666886945255, 15.8581,,2402,16.67856,,16.43066,-0.753953
42.0817604945041, 18.1551,,2403,16.67918,,15.92288,0.291209
42.0991929941811, 15.3432,,2404,16.67862,,16.77085,-0.581495
42.115682693664, 17.294,,2405,16.67888,,17.04549,-0.671418
42.1323850941844, 16.1685,,2406,16.67866,,15.96329,0.091513
42.1492293947376, 16.5842,,2407,16.67863,,16.89452,-0.505868
42.1653479938395, 16.9065,,2408,16.67872,,16.96629,-0.57071
42.1831960943528, 17.0056,,2409,16.67886,,16.19747,-0.990137
42.2012558938004, 16.2422,,2410,16.67867,,16.80911,-0.275649
42.2161080935039, 16.5223,,2411,16.67861,,16.86414,-0.044266
42.233335793484, 17.2166,,2412,16.67883,,17.29765,0.162452
42.2495417934842, 16.5143,,2413,16.67876,,16.58707,-1.025153
42.2664081943221, 16.6177,,2414,16.67874,,16.34865,-0.445807
42.2824743934907, 17.4021,,2415,16.67904,,15.96205,-0.184828
42.2988472939469, 17.047,,2416,16.67919,,17.29641,-0.472724
42.3161236946471, 16.6613,,2417,16.67918,,16.74503,-0.832426
42.3324714940973, 16.1714,,2418,16.67897,,16.53752,-0.153683
42.3497122940607, 16.8779,,2419,16.67906,,16.76223,-0.328196
42.3658780944534, 17.4092,,2420,16.67936,,17.12378,0.008239
42.3821985949762, 15.9758,,2421,16.67907,,16.4387,-0.059157
42.3997728941031, 16.8262,,2422,16.67913,,16.60376,-0.623834
42.4158527948894, 16.3719,,2423,16.679,,16.34076,-0.900747
42.4829891961999, 55.0567,,2424,16.69483,,16.34603,0.713314
42.4829891961999, 0.8905,,2425,16.68832,,16.91875,-0.571331
42.4829891961999, 0.8385,,2426,16.68178,,17.20689,-1.064383
42.4829891961999, 8.852,,2427,16.67856,,15.56673,0.576308
42.4994534966536, 17.2156,,2428,16.67878,,16.88388,-0.641826
42.5154832960106, 16.5769,,2429,16.67874,,17.27749,-0.68315
42.5325320963748, 16.5483,,2430,16.67868,,15.71663,-0.201172
42.5666068973951, 29.6832,,2431,16.68403,,16.95175,-0.074583
42.5834241970442, 11.3552,,2432,16.68184,,16.97047,-0.511654
42.5834241970442, 10.3594,,2433,16.67924,,16.44438,-1.040017
42.6010477966629, 15.6494,,2434,16.67882,,16.35375,-0.246282
42.6171039971523, 16.1418,,2435,16.6786,,16.84392,-0.272423
42.6331518976949, 17.1003,,2436,16.67877,,17.38108,-0.286692
42.6493041976355, 17.1143,,2437,16.67895,,16.59192,-0.620482
42.6672141975723, 15.9853,,2438,16.67867,,16.55909,-1.070288
42.6833053971641, 17.3472,,2439,16.67894,,16.50428,-0.524145
42.6995115964673, 17.2221,,2440,16.67916,,16.90259,-0.500342
42.7156031965278, 16.4077,,2441,16.67905,,17.36014,-0.04911
42.7333339969628, 17.0514,,2442,16.6792,,16.82424,-0.016186
42.7502238969319, 17.1107,,2443,16.67938,,16.78811,-0.585259
42.7663822970353, 16.585,,2444,16.67934,,16.34639,-0.641424
42.7825491963886, 16.5444,,2445,16.67929,,16.27386,-0.903621
42.8012177958153, 16.5387,,2446,16.67923,,16.89202,-0.1012
42.8168593957089, 16.5311,,2447,16.67917,,16.94632,-0.338424
42.833138295915, 15.3182,,2448,16.67861,,17.208,-0.603634
42.8492842963897, 17.314,,2449,16.67887,,16.40832,-0.522889
42.8671431965195, 15.9251,,2450,16.67856,,16.64233,-0.751324
42.8833753964864, 17.1634,,2451,16.67876,,16.92459,-0.084886
42.8994463956915, 17.3601,,2452,16.67904,,16.82722,0.067594
42.9173186956905, 16.002,,2453,16.67876,,17.05019,-0.462526
42.9323275960051, 17.0005,,2454,16.6789,,16.37091,-0.54526
42.9494834966026, 16.859,,2455,16.67897,,16.22723,-1.089521
42.9666271968745, 16.0175,,2456,16.6787,,16.74066,-0.219785
42.9831400974654, 16.9234,,2457,16.6788,,16.79562,-0.512526
43.0011907978915, 16.7286,,2458,16.67882,,17.38068,-0.897485
43.0162987974472, 16.3841,,2459,16.6787,,16.49063,-0.265766
43.0334476982243, 18.2657,,2460,16.67934,,16.78648,-0.530263
43.0503439982422, 15.0421,,2461,16.67868,,17.18977,-1.067663
43.0670356978662, 16.4008,,2462,16.67857,,16.54416,0.173338
43.085086798761, 17.3234,,2463,16.67883,,16.82686,-0.186077
43.0994280991144, 17.0608,,2464,16.67898,,17.37866,-0.035669
43.1165538993664, 16.1839,,2465,16.67878,,16.12728,-0.379273
43.1333794989623, 16.2573,,2466,16.67861,,16.44187,-0.714094
43.1501179994084, 16.5953,,2467,16.67858,,16.32977,0.800266
43.1665147994645, 17.2535,,2468,16.67881,,16.67359,-0.442206
43.1833912995644, 15.8818,,2469,16.67849,,17.01983,-0.727438
43.2001008992083, 17.1034,,2470,16.67866,,15.49541,-0.223849
43.2164337993599, 16.8245,,2471,16.67872,,16.70514,-0.442002
43.2335581001826, 17.4331,,2472,16.67902,,17.01775,-0.821788
43.2511256006546, 15.6379,,2473,16.6786,,16.5116,0.600845
43.2669740007259, 16.1347,,2474,16.67838,,16.73539,-0.552074
43.283451101277, 16.8738,,2475,16.67846,,17.10286,-0.885524
43.2997268014587, 16.8672,,2476,16.67854,,15.70607,0.327094
43.3176362016238, 17.3355,,2477,16.6788,,16.82962,-0.904586
43.3334404011257, 15.7435,,2478,16.67842,,17.19521,0.688611
43.3509226017632, 18.6931,,2479,16.67924,,15.89779,-0.060743
43.3672230024822, 15.3589,,2480,16.67871,,17.18229,-0.152903
43.3833194025792, 16.5971,,2481,16.67867,,15.60354,0.180461
43.4000720032491, 17.293,,2482,16.67892,,16.3525,-0.104202
43.4181281034835, 16.4984,,2483,16.67885,,16.47504,0.201137
43.4340973035432, 16.0251,,2484,16.67858,,16.1436,-0.126854
43.4522384037264, 16.8301,,2485,16.67864,,16.40996,-0.595082
43.4663524036296, 16.7423,,2486,16.67867,,16.05875,-0.602135
43.4843974043615, 16.208,,2487,16.67848,,16.42228,-0.828483
43.4999911044724, 17.6954,,2488,16.67889,,16.86704,-0.242423
43.5179904052056, 16.468,,2489,16.67881,,16.89698,0.361945
43.5337415044196, 16.9446,,2490,16.67891,,17.11902,-0.672061
43.5498575051315, 16.8218,,2491,16.67897,,16.55696,-1.213607
43.5671760053374, 16.9949,,2492,16.6791,,15.90516,-0.272954
43.5837826044299, 16.5661,,2493,16.67905,,16.93721,0.132824
43.601567805279, 15.7826,,2494,16.67869,,17.52175,-0.484472
43.6174177047797, 17.2557,,2495,16.67892,,16.57138,-1.18575
43.633817805443, 16.7697,,2496,16.67896,,16.15487,-0.751667
43.650266005192, 17.4479,,2497,16.67927,,16.77905,2.558116
43.6683311057277, 16.1886,,2498,16.67907,,17.47317,-0.867601
43.6843048059382, 17.0656,,2499,16.67923,,17.00438,0.079982
43.7010599062778, 17.057,,2500,16.67938,,13.7031,0.733985
43.7174549070187, 16.3842,,2501,16.67926,,17.12932,-0.0805
43.7341724061407, 16.4432,,2502,16.67916,,16.21741,-0.116502
43.750678606797, 16.7752,,2503,16.6792,,15.5523,-0.719719
43.7675873064436, 16.9865,,2504,16.67933,,16.3105,0.37463
43.7839619056322, 16.8515,,2505,16.67939,,16.40612,-0.930751
43.8023339048959, 16.1486,,2506,16.67918,,17.06717,0.403413
43.8167673046701, 16.1473,,2507,16.67897,,15.93305,-0.572292
43.8347509051673, 16.2502,,2508,16.6788,,17.21229,-1.110735
43.8498917049728, 16.6221,,2509,16.67878,,15.89709,-0.614696
43.8672143048607, 16.0663,,2510,16.67853,,16.92184,-1.197214
43.8841387047432, 17.0536,,2511,16.67868,,17.3944,0.815422
43.9004802047275, 16.8576,,2512,16.67875,,16.88291,-0.595648
43.9168104040436, 17.003,,2513,16.67888,,17.49568,0.932082
43.9341845042072, 16.0461,,2514,16.67863,,15.41605,-0.123088
43.951689704787, 17.5001,,2515,16.67896,,16.89582,-0.790343
43.966740005184, 16.0948,,2516,16.67872,,15.36489,0.432645
43.9845158052631, 17.1922,,2517,16.67893,,16.37264,-1.151359
44.0011883047409, 15.8602,,2518,16.6786,,17.07856,-0.402521
44.017447904218, 16.9896,,2519,16.67873,,15.89906,-0.587797
44.0343255051412, 16.9886,,2520,16.67885,,17.51942,-0.567218
44.0508338049985, 16.4253,,2521,16.67875,,16.7757,-0.400094
44.0670270049013, 16.2754,,2522,16.67859,,16.96052,-0.956458
44.085017605219, 16.3634,,2523,16.67846,,16.93729,0.202317
44.1017797053792, 16.8987,,2524,16.67855,,16.77366,1.585797
44.1176451058127, 17.3325,,2525,16.67881,,17.33678,-0.220858
44.1336938054301, 16.931,,2526,16.67891,,16.1618,0.311068
44.1509777051397, 16.3737,,2527,16.67879,,14.78526,-0.170241
44.1674793050624, 16.9483,,2528,16.6789,,16.61373,-0.019673
44.1836424046196, 16.4572,,2529,16.67881,,16.05564,-0.570037
44.2016866044141, 16.9436,,2530,16.67891,,16.53997,-0.959476
44.2172153047286, 16.8305,,2531,16.67897,,16.35274,-0.309414
44.2348941038363, 16.0933,,2532,16.67874,,16.95158,-0.637705
44.2512512034737, 17.2878,,2533,16.67898,,17.27521,-0.080688
44.2677999041043, 18.5816,,2534,16.67973,,16.66611,-0.597561
44.2840644042008, 14.8989,,2535,16.67903,,17.00639,-0.993317
44.3018771032803, 16.2238,,2536,16.67885,,16.44516,-0.094074
44.3177580027841, 16.8783,,2537,16.67893,,16.95692,-0.666641
44.3338372032158, 16.4189,,2538,16.67883,,17.30797,-0.021768
44.351202303078, 16.6192,,2539,16.6788,,16.42154,-0.440669
44.3681672024541, 17.0782,,2540,16.67896,,17.02367,-0.28107
44.3848974029534, 16.3247,,2541,16.67882,,16.38697,-0.244971
44.4016900020652, 17.1921,,2542,16.67902,,16.80357,-0.462972
44.4186059026979, 16.8822,,2543,16.6791,,16.70277,-1.102328
44.4342766026966, 16.3246,,2544,16.67896,,16.61367,-0.713906
44.4512117034756, 16.5044,,2545,16.6789,,16.81843,1.109958
44.4680526028387, 16.6453,,2546,16.67888,,17.47571,-0.032224
44.4844821034931, 17.0209,,2547,16.67902,,17.10554,0.138294
44.5017326041125, 16.2988,,2548,16.67887,,15.20372,1.050963
44.5181641033851, 17.0387,,2549,16.67901,,16.39561,0.439121
44.5349762025289, 16.4697,,2550,16.67893,,16.26054,-0.189497
44.5513984016143, 16.6092,,2551,16.6789,,15.31028,-0.747795
44.5681088021956, 16.6833,,2552,16.6789,,15.9403,0.512034
44.5847985013388, 17.1242,,2553,16.67908,,16.5708,-0.072716
44.6014316021465, 18.3194,,2554,16.67972,,17.09547,-0.588181
44.6177992015146, 14.1098,,2555,16.67871,,15.85582,-1.14832
44.6346901017241, 17.4612,,2556,16.67902,,16.45718,-0.075082
44.6512168026529, 16.4298,,2557,16.67892,,16.92592,0.118367
44.6685958034359, 16.7044,,2558,16.67893,,17.50318,-0.403636
44.6851090039127, 16.8138,,2559,16.67898,,16.46133,-0.904516
44.7018849044107, 16.7105,,2560,16.679,,16.25784,1.074843
44.7186448047869, 16.317,,2561,16.67886,,16.77742,0.023057
44.7352684042417, 16.2355,,2562,16.67868,,17.28746,-0.350672
44.751354304608, 17.0555,,2563,16.67883,,15.30284,-0.83594
44.7682699053548, 17.0569,,2564,16.67898,,16.34577,0.294448
44.7850267044269, 16.865,,2565,16.67905,,16.74254,-0.161124
44.8014657045715, 16.4447,,2566,16.67896,,17.27455,-0.770788
44.8179122037254, 17.004,,2567,16.67908,,16.09522,0.43825
44.8340551028959, 16.2827,,2568,16.67893,,16.53939,-1.23359
44.8517929031514, 17.8829,,2569,16.6794,,17.15245,-0.754354
44.8681741035543, 15.4389,,2570,16.67892,,15.95959,-0.290649
44.8851412027143, 17.3342,,2571,16.67917,,17.62825,-0.472017
44.9015035028569, 15.956,,2572,16.67889,,17.15565,0.915484
44.9178941021673, 18.095,,2573,16.67944,,16.68942,-0.660914
44.9343688017689, 14.9018,,2574,16.67875,,16.84872,-0.194233
44.9519478022121, 16.8286,,2575,16.67881,,15.48751,-0.082732
44.9699533018284, 17.6677,,2576,16.67919,,17.06023,0.038724
44.9862511022948, 15.7297,,2577,16.67882,,16.58893,1.409045
45.0016617025249, 16.0338,,2578,16.67857,,16.36868,-0.925621
45.0180987021886, 17.2554,,2579,16.6788,,16.36165,-0.489448
45.0343934013508, 16.6547,,2580,16.67879,,14.98892,-0.33663
45.051674101036, 16.8762,,2581,16.67886,,17.33465,-0.318912
45.0679662018083, 16.8219,,2582,16.67892,,16.87833,-0.566023
45.086813302245, 16.3163,,2583,16.67878,,16.73521,-0.3773
45.1015427024104, 16.6862,,2584,16.67878,,16.67542,-0.33361
45.1185417030938, 16.5247,,2585,16.67872,,16.9602,-0.692897
45.1348531027324, 16.6336,,2586,16.6787,,16.76461,-0.241656
45.1512053036131, 17.5491,,2587,16.67904,,16.7215,0.640026
45.1683010035194, 16.5578,,2588,16.67899,,17.07876,-0.173197
45.185276303906, 16.9745,,2589,16.67911,,16.63307,-0.393899
45.2016338040121, 16.4696,,2590,16.67903,,15.7454,-0.797081
45.2187692043371, 16.6513,,2591,16.67902,,16.5696,0.399458
45.2354872045107, 16.4517,,2592,16.67893,,16.77568,-0.45798
45.2519941036589, 18.6871,,2593,16.6797,,17.18724,0.362917
45.2685332042165, 14.8525,,2594,16.679,,15.95188,-0.063108
45.2849143040366, 16.4097,,2595,16.6789,,16.82908,-0.593846
45.3019339037128, 16.9351,,2596,16.67899,,16.02781,-0.586752
45.3179534045048, 16.7394,,2597,16.67902,,16.39645,0.826175
45.336104104761, 16.4053,,2598,16.67891,,16.98975,0.136755
45.3516548047774, 16.7654,,2599,16.67895,,16.90012,1.589407
45.3682217053138, 17.0753,,2600,16.6791,,15.53084,-0.955477
45.3856122060679, 16.3161,,2601,16.67896,,16.24519,0.415578
45.4019059068523, 16.557,,2602,16.67891,,14.77728,-0.706793
45.4195535066538, 17.0382,,2603,16.67905,,17.35342,0.567525
45.4352410058491, 16.689,,2604,16.67905,,15.98929,-0.363566
45.4524037051015, 15.9544,,2605,16.67877,,17.07788,-0.937672
45.4683923046105, 17.0721,,2606,16.67892,,15.74497,-0.301985
45.4849736052565, 16.9869,,2607,16.67904,,16.65487,-0.381655
45.502542105969, 16.4369,,2608,16.67895,,17.23688,0.749248
45.5186226065271, 16.0093,,2609,16.67869,,16.59566,-0.102103
45.5352026070468, 16.6715,,2610,16.67869,,16.65635,-0.365195
45.5517184077762, 17.1026,,2611,16.67885,,15.5642,-0.626818
45.5692900079302, 19.7441,,2612,16.68003,,16.3989,0.756922
45.5854769083671, 14.1862,,2613,16.67907,,16.67532,0.049354
45.6016444074921, 16.2263,,2614,16.6789,,16.88778,0.180783
45.6187878078781, 16.9967,,2615,16.67902,,15.52255,-0.145543
45.6350910081528, 16.4373,,2616,16.67893,,16.22822,-0.05352
45.6526095080189, 16.777,,2617,16.67897,,16.16404,-0.326979
45.6686632088386, 16.6005,,2618,16.67894,,16.44542,-0.047043
45.6859811092727, 16.7815,,2619,16.67897,,16.40278,-0.353046
45.7026824089698, 16.8763,,2620,16.67905,,16.57824,1.327028
45.7188531081192, 16.6555,,2621,16.67904,,16.34915,-0.900666
45.7352092075162, 16.3551,,2622,16.67892,,16.65607,0.395551
45.7523245080374, 17.0075,,2623,16.67904,,14.96347,-1.140119
45.8193282089196, 56.2075,,2624,16.69411,,17.21815,-0.564118
45.8193282089196, 0.7754,,2625,16.68804,,15.90802,-0.265395
45.8193282089196, 0.6333,,2626,16.68193,,17.44892,-0.608928
45.8193282089196, 8.7026,,2627,16.67889,,16.798,-0.99331
45.8356504081748, 17.2219,,2628,16.6791,,16.54633,-0.249963
45.8526960085146, 16.5635,,2629,16.67905,,16.88441,0.561255
45.869031408336, 17.8403,,2630,16.6795,,17.25766,-1.001476
45.8854594076984, 15.4617,,2631,16.67903,,16.54155,0.023067
45.9025016068481, 16.4188,,2632,16.67893,,15.72528,0.026742
45.9187686066143, 16.604,,2633,16.67891,,17.37263,-0.388787
45.9349691062234, 16.0978,,2634,16.67868,,16.26486,-0.210791
45.9525715070777, 16.8228,,2635,16.67874,,16.27189,-0.365618
45.9694036073051, 18.0034,,2636,16.67924,,16.68639,-0.867168
45.9861577074043, 15.828,,2637,16.67892,,16.49702,0.457482
46.0032760067843, 16.389,,2638,16.67881,,16.66837,0.533992
46.0190932075493, 16.536,,2639,16.67876,,17.15542,-0.275373
46.0362785081379, 16.7588,,2640,16.67879,,15.84591,-0.904625
46.0533994077705, 16.6406,,2641,16.67877,,15.76197,-0.302036
46.0685839080252, 16.9211,,2642,16.67886,,16.58192,-0.494647
46.0863911085762, 17.3634,,2643,16.67912,,17.20974,-1.000737
46.103319207672, 16.5293,,2644,16.67907,,16.60585,0.368466
46.1187860076316, 16.9722,,2645,16.67918,,16.78474,-0.792143
46.136176107917, 16.5838,,2646,16.67914,,17.30353,0.198743
46.1531970077194, 16.2398,,2647,16.67897,,15.93524,-0.152731
46.1692997072823, 16.771,,2648,16.67901,,17.07746,-0.247073
46.1855626073666, 16.198,,2649,16.67883,,16.09173,-0.664456
46.2033840068616, 16.6883,,2650,16.67883,,16.41337,0.42561
46.2184811071493, 17.444,,2651,16.67912,,16.54106,-0.342321
46.2355339066125, 16.0414,,2652,16.67888,,16.97509,-0.972273
46.2534445063211, 16.8675,,2653,16.67895,,15.82902,-0.296403
46.2685664058663, 16.4167,,2654,16.67885,,16.63537,0.042069
46.2863485054113, 17.041,,2655,16.67899,,17.2316,0.091265
46.3025026046671, 16.7481,,2656,16.67901,,16.55073,0.172903
46.3187050041743, 16.117,,2657,16.6788,,16.26303,0.467881
46.3358225044794, 17.4393,,2658,16.67909,,16.2045,-0.519943
46.352350203786, 15.98,,2659,16.67883,,16.09162,-0.334847
46.3701466028579, 17.1714,,2660,16.67901,,15.87874,-0.162512
46.3872334030457, 16.8087,,2661,16.67906,,16.89095,-0.406908
46.4033108022995, 16.2442,,2662,16.6789,,16.62011,0.156809
46.4193360027857, 16.6111,,2663,16.67887,,16.44651,-0.141008
46.4361756020226, 16.7169,,2664,16.67888,,16.71159,0.062024
46.4533540015109, 17.4299,,2665,16.67917,,16.12221,-0.127685
46.4695815020241, 15.3795,,2666,16.67868,,16.39098,-0.185012
46.486328302417, 17.6399,,2667,16.67904,,16.26608,-0.170412
46.5032490030862, 16.6529,,2668,16.67903,,16.54581,-0.219313
46.5195029028691, 16.8579,,2669,16.6791,,16.48651,-0.502589
46.5364683032967, 16.335,,2670,16.67897,,16.47821,-0.336907
46.5530190025456, 18.2881,,2671,16.67957,,16.52229,-0.479019
46.5700892028399, 15.1081,,2672,16.67898,,16.85481,0.203663
46.5881629032083, 16.6567,,2673,16.67897,,16.62702,0.052842
46.6033824034967, 16.7485,,2674,16.679,,16.78084,0.128611
46.6195008032955, 16.8397,,2675,16.67906,,16.08356,0.219227
46.6361770038493, 15.9141,,2676,16.67877,,16.23129,0.165731
46.6526422039606, 17.0569,,2677,16.67892,,16.15367,-0.422124
46.6702034031041, 16.4897,,2678,16.67884,,16.08077,-0.193906
46.6872031022795, 16.7812,,2679,16.67888,,16.12722,-0.113835
46.7023187023588, 17.1795,,2680,16.67907,,16.72731,-0.360511
46.7194622014649, 16.4812,,2681,16.679,,16.49124,-0.66136
46.7355712023564, 16.6649,,2682,16.67899,,16.41561,-1.185717
46.7533350032754, 16.2515,,2683,16.67883,,16.65666,-0.090701
46.76973470347, 17.1164,,2684,16.679,,16.89662,-0.37023
46.7869112030603, 17.0121,,2685,16.67912,,17.4231,-0.083128
46.8032981031574, 16.6342,,2686,16.6791,,16.37033,-0.400243
46.8201229036786, 16.6948,,2687,16.67911,,16.67283,-0.685613
46.8363185045309, 16.6134,,2688,16.67908,,16.38194,-0.860702
46.8533899043687, 16.8042,,2689,16.67913,,16.70381,-0.005542
46.8710815035738, 16.2961,,2690,16.67899,,16.9988,1.321409
46.8864247039892, 18.1883,,2691,16.67955,,17.21064,0.932602
46.9032592033036, 15.0338,,2692,16.67894,,16.27949,-0.291789
46.9195211031474, 16.4738,,2693,16.67886,,14.9737,-0.576112
46.9372950033285, 16.4686,,2694,16.67878,,15.35459,-0.963784
46.9524280033074, 16.489,,2695,16.67871,,16.61851,-0.36358
46.9701661034487, 18.0824,,2696,16.67923,,16.87578,-0.745667
46.9865422039293, 16.3947,,2697,16.67913,,17.25618,1.41957
47.0031470037065, 16.4541,,2698,16.67904,,16.64337,-0.535449
47.0193044035695, 16.4244,,2699,16.67895,,17.04273,-0.296027
47.0370613033883, 16.5014,,2700,16.67888,,14.87785,-0.581608
47.0533030028455, 16.5001,,2701,16.67882,,16.82703,-0.916729
47.0693980022334, 16.6848,,2702,16.67882,,16.51001,-0.450533
47.0873026023619, 16.5506,,2703,16.67877,,16.88083,-0.203073
47.1033884021454, 16.6935,,2704,16.67878,,17.20733,-0.522067
47.1195592018776, 17.9663,,2705,16.67925,,16.79237,-0.064375
47.1376077025197, 15.9529,,2706,16.67899,,16.49797,-0.029902
47.1533289025538, 17.1975,,2707,16.67918,,16.81488,-0.217418
47.1701448033564, 16.0584,,2708,16.67895,,16.3548,-0.298746
47.1872366028838, 16.9794,,2709,16.67906,,16.32792,-0.642049
47.2042339029722, 16.1512,,2710,16.67886,,16.49805,-0.362647
47.2205223026685, 16.8088,,2711,16.67891,,16.65265,-0.955242
47.2365133031271, 16.6072,,2712,16.67888,,16.94355,0.513465
47.2533286022954, 16.8444,,2713,16.67895,,16.60054,-0.630052
47.2703759013675, 16.4982,,2714,16.67888,,17.26714,-0.733863
47.2871954008006, 16.398,,2715,16.67878,,15.79395,-0.029308
47.304117701482, 16.9982,,2716,16.67889,,16.91836,-0.418005
47.3210032018833, 17.3025,,2717,16.67912,,17.03421,0.536238
47.3373114014976, 16.0227,,2718,16.67888,,16.3231,-0.446573
47.3542297012173, 16.9354,,2719,16.67898,,16.68996,0.044578
47.3700439012609, 15.8884,,2720,16.67869,,15.75067,-0.617874
47.3872289019637, 17.2651,,2721,16.6789,,16.73922,-0.747648
47.4035718026571, 16.6703,,2722,16.6789,,16.24087,0.133827
47.4196194033138, 16.6144,,2723,16.67887,,16.95735,-0.457816
47.4366244035773, 17.5454,,2724,16.67919,,17.04817,-0.569066
47.453571903985, 15.9868,,2725,16.67894,,16.15862,-0.74126
47.4695713031106, 16.5792,,2726,16.6789,,16.75097,0.158749
47.4874570029788, 17.0582,,2727,16.67904,,16.85766,-0.330004
47.5039045023732, 15.9881,,2728,16.67879,,17.01335,-0.840731
47.520358802285, 17.166,,2729,16.67897,,16.1322,-0.378504
47.536638002377, 16.545,,2730,16.67892,,16.62973,-0.764703
47.5545637025498, 19.3579,,2731,16.6799,,17.1212,0.075376
47.5698345028795, 14.1102,,2732,16.67896,,16.6838,-0.560152
47.587132003624, 16.5295,,2733,16.6789,,17.05652,0.093882
47.6037558042444, 16.7762,,2734,16.67894,,16.20415,0.118846
47.6200935044326, 16.8167,,2735,16.67899,,16.84272,-0.408829
47.6366641041823, 16.8317,,2736,16.67904,,16.20545,-0.730879
47.6537810047157, 16.4022,,2737,16.67894,,16.18523,-0.26762
47.6699541048147, 16.9467,,2738,16.67904,,16.70108,0.120462
47.6879172050394, 16.3962,,2739,16.67894,,17.01902,-0.113481
47.7039463059045, 16.7079,,2740,16.67895,,16.59374,-0.724224
47.7215636060573, 16.9441,,2741,16.67904,,16.17308,-0.099467
47.7370530064218, 16.2932,,2742,16.67891,,16.41182,-0.32511
47.7541552069597, 16.8189,,2743,16.67896,,17.01777,-0.003902
47.7711221068166, 16.9883,,2744,16.67907,,16.30761,-0.365601
47.7873717076145, 17.5026,,2745,16.67937,,16.6739,-0.568856
47.8038080069236, 16.1945,,2746,16.67919,,16.2978,-0.257352
47.8202563072555, 17.707,,2747,16.67957,,16.64326,-0.641085
47.8371447077952, 16.5103,,2748,16.6795,,16.90885,-1.129319
47.8535999073647, 16.9297,,2749,16.6796,,16.52678,-0.213125
47.8705037082545, 16.1806,,2750,16.67941,,16.95262,-0.03851
47.8872036091052, 18.4014,,2751,16.68004,,17.41072,0.07025
47.9043636093847, 15.1114,,2752,16.67947,,16.50231,0.522307
47.9217155086808, 16.404,,2753,16.67937,,16.36195,-0.348613
47.9367359089665, 16.9799,,2754,16.67948,,16.29959,0.158077
47.9541096086614, 16.7844,,2755,16.67952,,15.85271,0.581521
47.9716567094438, 16.9168,,2756,16.6796,,16.73142,-0.900065
47.9869552091695, 16.0163,,2757,16.67936,,16.22498,0.228763
48.0049519096501, 14.9867,,2758,16.67875,,15.78127,0.4266
48.0216190093197, 17.3344,,2759,16.67899,,17.27894,-0.818722
48.0370607092045, 16.9533,,2760,16.67909,,16.15,-0.025788
48.0547943091951, 16.5222,,2761,16.67903,,15.90002,0.292736
48.0715485098772, 16.1032,,2762,16.67882,,17.07399,-0.283004
48.0867915102281, 17.2632,,2763,16.67903,,16.40366,-0.699478
48.1041717105545, 16.7802,,2764,16.67907,,16.0384,0.429013
48.1215507113375, 16.5294,,2765,16.67901,,16.64068,-1.126515
48.1367155113257, 16.9158,,2766,16.6791,,17.04589,-0.761446
48.1544050113298, 16.6903,,2767,16.6791,,15.90271,0.489634
48.1717743114568, 16.8413,,2768,16.67916,,17.49615,-1.066145
48.1870628115721, 16.597,,2769,16.67913,,17.12547,0.029405
48.2048998107202, 16.5101,,2770,16.67907,,15.89464,-0.484547
48.22024621116, 16.8401,,2771,16.67913,,17.4479,-0.993835
48.2382760108449, 19.5955,,2772,16.68018,,16.35085,-0.541049
48.2536562108435, 13.707,,2773,16.67911,,16.86144,-0.727152
48.2714215111919, 16.2053,,2774,16.67894,,17.35055,0.413059
48.2877426114865, 16.5007,,2775,16.67887,,16.91545,0.835933
48.3041057107039, 17.287,,2776,16.67909,,17.06794,0.227422
48.3218565103598, 16.7373,,2777,16.67912,,15.94887,-0.419538
48.3368634101935, 16.5678,,2778,16.67908,,15.53688,-0.272334
48.3540843096562, 16.8636,,2779,16.67914,,16.14984,0.239895
48.3703368087299, 16.5808,,2780,16.67911,,16.80253,-0.28349
48.3875562087633, 16.8998,,2781,16.67919,,16.6401,-0.184357
48.403759308625, 16.6389,,2782,16.67917,,16.13999,0.077364
48.4218213078566, 16.3836,,2783,16.67907,,16.58166,-0.340676
48.4375955075957, 16.6091,,2784,16.67904,,16.51734,-0.064506
48.4540758081712, 16.7277,,2785,16.67906,,16.27548,-0.215003
48.4715298083611, 16.8502,,2786,16.67912,,16.71571,0.216529
48.4875922077335, 16.631,,2787,16.6791,,16.4281,1.582058
48.5548992087133, 55.9863,,2788,16.6932,,16.55717,0.115276
48.5548992087133, 0.866,,2789,16.68752,,16.16374,-0.422198
48.5548992087133, 0.6478,,2790,16.68178,,14.73492,-0.432998
48.5548992087133, 9.1981,,2791,16.67909,,16.2338,-0.642158
48.5712385089137, 18.3016,,2792,16.67968,,16.8004,0.222868
48.5874101095833, 14.9587,,2793,16.67906,,16.79926,0.564652
48.6048069098033, 16.5919,,2794,16.67903,,17.01463,-0.989193
48.6216076095589, 16.8138,,2795,16.67908,,16.12675,-0.511276
48.6376679097302, 16.8245,,2796,16.67913,,15.80909,-1.088546
48.6546791088767, 16.5445,,2797,16.67908,,17.37078,-0.000642
48.6710451082326, 16.2874,,2798,16.67894,,16.91465,-0.290533
48.6891847089864, 17.4929,,2799,16.67923,,17.48354,0.197535
48.7055416093208, 16.7093,,2800,16.67924,,16.39113,-0.07436
48.7219380089082, 16.2767,,2801,16.6791,,16.67957,0.064721
48.7379984096624, 16.8695,,2802,16.67917,,16.18096,-0.433881
48.7547594089992, 16.5863,,2803,16.67913,,16.47768,-0.024089
48.7711868085898, 16.4155,,2804,16.67904,,16.32648,0.943228
48.7874207091518, 16.8187,,2805,16.67909,,16.81319,-0.320402
48.8051266097464, 16.7556,,2806,16.67912,,16.42407,-0.210489
48.8220674102195, 16.7934,,2807,16.67916,,15.4064,-0.626437
48.8400512100197, 17.5095,,2808,16.67945,,16.74949,0.479626
48.8544561103918, 16.7794,,2809,16.67949,,16.59274,-1.070335
48.8720045113005, 15.582,,2810,16.6791,,17.01507,-0.034818
48.88927641185, 16.8005,,2811,16.67914,,15.91803,-0.32413
48.9051466123201, 16.3788,,2812,16.67903,,17.46322,-0.393363
48.9216299117543, 18.3588,,2813,16.67963,,16.40023,-0.91329
48.9376410120167, 15.4618,,2814,16.6792,,16.70476,0.158666
48.9559476119466, 16.097,,2815,16.67899,,16.77759,-0.271384
48.9716611118056, 16.9245,,2816,16.67908,,17.31373,-0.850968
48.9878868111409, 16.8322,,2817,16.67913,,16.22778,0.353114
49.0048684109934, 17.0361,,2818,16.67926,,16.67107,-0.225706
49.021812310908, 15.6672,,2819,16.6789,,17.24759,-0.730379
49.0390683100559, 17.1583,,2820,16.67907,,16.02871,0.603443
49.0561089091934, 16.6461,,2821,16.67906,,16.62508,-0.333111
49.0718257096596, 16.552,,2822,16.67901,,17.12556,-0.184597
49.0880186096765, 17.2594,,2823,16.67922,,15.75821,0.224026
49.1047763102688, 16.2835,,2824,16.67908,,16.7223,0.534478
49.121227810625, 17.4968,,2825,16.67937,,16.58687,0.141019
49.1387627110817, 16.5499,,2826,16.67932,,16.17422,-0.544345
49.1550648105331, 16.243,,2827,16.67917,,15.85458,-0.404557
49.1715364106931, 17.3314,,2828,16.6794,,16.24515,-0.051542
49.1878072102554, 15.7556,,2829,16.67907,,16.94066,0.100912
49.2053077095188, 16.7448,,2830,16.6791,,16.79984,0.350932
49.2217523087747, 16.2657,,2831,16.67895,,16.43059,0.516456
49.2380817090161, 17.1906,,2832,16.67913,,16.29447,0.178062
49.2559597087093, 16.4731,,2833,16.67906,,16.05224,0.402738
49.2715266090818, 16.7896,,2834,16.6791,,15.84744,-0.464144
49.2875444092788, 18.6991,,2835,16.67981,,16.21956,0.04418
49.3052072101273, 14.7404,,2836,16.67913,,15.97284,-0.279206
49.3216897104867, 16.666,,2837,16.67912,,16.83882,-0.996507
49.3889030111022, 55.7366,,2838,16.69288,,16.33751,-0.668705
49.3889030111022, 0.6452,,2839,16.68723,,16.67521,-0.393279
49.3889030111022, 0.7016,,2840,16.6816,,17.2906,-1.033472
49.3889030111022, 9.2671,,2841,16.67899,,16.95128,0.13799
49.4055922110565, 16.3803,,2842,16.67889,,16.69227,-0.092912
49.4218190112151, 17.1605,,2843,16.67906,,17.31141,-0.337553
49.4381047119386, 16.1138,,2844,16.67886,,16.16851,-0.741241
49.455568111036, 16.7578,,2845,16.67889,,16.40125,0.543993
49.4718555104919, 17.8739,,2846,16.6793,,16.61044,-0.902324
49.4879689109512, 15.9431,,2847,16.67905,,17.03281,-0.289122
49.505654711742, 17.1826,,2848,16.67922,,15.78322,-0.346679
49.5223634117283, 16.5717,,2849,16.67919,,17.19072,-0.682582
49.5385623113252, 16.4684,,2850,16.67911,,16.57448,-0.77222
49.5554239121266, 16.6134,,2851,16.67909,,16.63278,-0.398409
49.5719565120526, 16.4702,,2852,16.67902,,16.97352,-0.851354
49.5883167111315, 17.0232,,2853,16.67914,,17.09641,0.420203
49.606213611085, 16.5525,,2854,16.67909,,16.65105,-0.238938
49.6214691107161, 16.437,,2855,16.67901,,17.1422,0.713924
49.6388381109573, 16.4394,,2856,16.67892,,15.87334,-0.468625
49.6550355111249, 19.4992,,2857,16.67991,,16.51128,-0.09077
49.6726344102062, 13.3508,,2858,16.67875,,15.58963,0.222325
49.6888913107105, 16.6951,,2859,16.67875,,16.76917,-0.219431
49.704994211439, 16.9488,,2860,16.67885,,16.33438,-0.453899
49.7235259120353, 16.3978,,2861,16.67875,,16.06953,-0.630367
49.7386243124492, 17.115,,2862,16.6789,,16.4995,-0.459859
49.7549523119815, 16.4614,,2863,16.67882,,16.74667,-0.690125
49.7732811127789, 16.7876,,2864,16.67886,,16.98886,-0.484629
49.7884654127993, 17.1267,,2865,16.67902,,16.77862,-0.452024
49.8057755124755, 16.4773,,2866,16.67895,,16.98803,-0.061038
49.8224460133351, 16.7937,,2867,16.67899,,16.77312,0.662522
49.8387406137772, 16.9333,,2868,16.67908,,16.75794,-0.967448
49.8556227129884, 16.3748,,2869,16.67897,,16.25778,-0.283518
49.8724156138487, 16.8409,,2870,16.67903,,15.60045,0.575203
49.8887035143562, 16.4927,,2871,16.67896,,17.27242,-0.798714
49.9047919143923, 16.6167,,2872,16.67894,,16.5774,0.525883
49.9226769139059, 17.1673,,2873,16.67911,,15.70441,0.514721
49.938793013338, 16.2896,,2874,16.67897,,17.09362,-0.720928
49.9549136129208, 16.0637,,2875,16.67876,,15.77728,0.325286
49.9729587123729, 16.5111,,2876,16.6787,,15.78993,0.3991
49.9899656125344, 19.3933,,2877,16.67965,,17.01801,-1.032529
50.005574812647, 15.4422,,2878,16.67922,,15.971,-0.335449
50.0217467132024, 15.0475,,2879,16.67865,,15.90243,0.353919
50.0390418129973, 16.6777,,2880,16.67865,,17.34045,-1.16885
50.0570766138844, 17.5961,,2881,16.67897,,16.63938,-0.159064
50.0727574131452, 15.9147,,2882,16.6787,,15.94015,0.508036
50.0899391132407, 17.4552,,2883,16.67897,,17.46296,-0.852368
50.1053690132685, 16.4282,,2884,16.67888,,16.44976,0.296269
50.1225845129229, 17.1872,,2885,16.67906,,15.75717,-1.053864
50.1385791120119, 16.4618,,2886,16.67899,,17.14943,0.305364
50.1563039128669, 16.4495,,2887,16.67891,,15.99356,-0.952266
50.1732477121986, 17.1098,,2888,16.67905,,17.32684,0.096152
50.1902998113073, 16.4253,,2889,16.67897,,15.99847,-0.265258
50.2053555115126, 16.6042,,2890,16.67894,,17.30585,-0.585797
50.2224565106444, 16.2908,,2891,16.67881,,16.21436,0.468828
50.2385805114172, 16.6644,,2892,16.6788,,16.5723,-1.197666
50.2562844115309, 16.6573,,2893,16.67879,,16.88837,-0.649281
50.2723974115215, 16.9386,,2894,16.67888,,15.81897,-1.078456
50.2893387111835, 17.1786,,2895,16.67906,,17.49698,-0.548397
50.3063589106314, 16.6924,,2896,16.67906,,16.95276,-1.034303
50.3230018108152, 16.9972,,2897,16.67917,,17.3785,0.358612
50.3393399114721, 17.6824,,2898,16.67952,,16.8272,-0.542259
50.3562446120195, 14.5194,,2899,16.67877,,17.31949,-0.711624
50.3722899123095, 16.7968,,2900,16.67881,,15.93516,0.050537
50.3893736130558, 16.301,,2901,16.67868,,16.84742,-0.60412
50.4063043124042, 17.228,,2902,16.67887,,17.02996,-1.214038
50.4231754126959, 16.573,,2903,16.67884,,16.27882,-0.299839
50.4396513118409, 16.4234,,2904,16.67875,,16.88714,-0.01934
50.4557621120475, 16.5465,,2905,16.6787,,17.50984,-0.034041
50.4735051128082, 18.0696,,2906,16.67918,,16.58974,-0.342442
50.4896231121384, 15.5583,,2907,16.6788,,16.31854,-0.834637
50.5062241121195, 16.6937,,2908,16.6788,,16.29004,-0.147713
50.52320161229, 16.8222,,2909,16.67885,,16.63454,-0.035973
50.5394614129327, 16.631,,2910,16.67883,,17.17001,-0.661001
50.5555329131894, 16.058,,2911,16.67862,,16.44487,-0.337278
50.5733374129049, 17.1317,,2912,16.67878,,16.3236,-0.624107
50.5901225130074, 16.5746,,2913,16.67874,,16.94988,0.788913
50.6072917128913, 16.5149,,2914,16.67868,,16.61071,0.517573
50.6225584126078, 17.337,,2915,16.67891,,16.91499,0.199742
50.6397028132342, 17.1189,,2916,16.67906,,15.47063,-0.4706
50.6565408124588, 16.3687,,2917,16.67895,,15.79236,-0.352098
50.6731381132267, 16.6809,,2918,16.67896,,16.0792,-0.581064
50.6892920131795, 16.2507,,2919,16.67881,,16.6929,-1.021897
50.7064092135988, 18.5619,,2920,16.67945,,16.60906,0.011264
50.7232621139847, 15.1453,,2921,16.67893,,16.8705,0.178575
50.7399523141794, 16.7472,,2922,16.67895,,17.29904,1.572159
50.7563886134885, 16.6603,,2923,16.67895,,16.27603,-0.714098
50.7725190143101, 16.2827,,2924,16.67881,,16.02744,0.128449
50.7902730139904, 16.7054,,2925,16.67882,,14.717,0.737561
50.8068098141812, 16.9769,,2926,16.67892,,17.01095,-0.032937
50.8228764138184, 16.876,,2927,16.67899,,16.12484,-0.263978
50.8389107133262, 16.5059,,2928,16.67893,,15.54904,-0.882512
50.8561642128043, 16.9907,,2929,16.67904,,16.36048,0.700657
50.8725829119794, 17.2696,,2930,16.67924,,16.55611,-0.306441
50.8896366111003, 16.382,,2931,16.67913,,17.24174,-0.780133
50.9060703120194, 16.2874,,2932,16.679,,15.60244,-0.453612
50.9242135114037, 15.8853,,2933,16.67873,,16.56163,-0.167745
50.9397121113725, 17.2787,,2934,16.67893,,17.02031,0.401695
50.9561605122872, 16.0245,,2935,16.67871,,16.73154,0.762494
50.9733039126731, 16.7595,,2936,16.67874,,16.4446,-0.216777
50.9895905130543, 17.1587,,2937,16.6789,,15.89101,-0.682936
51.0058014136739, 18.0766,,2938,16.67938,,15.52568,-0.64735
51.0234347139485, 15.1016,,2939,16.67884,,16.47364,-0.82057
51.0404697139747, 16.8151,,2940,16.67889,,16.97645,0.025851
51.0574399144389, 16.7244,,2941,16.6789,,16.89987,-0.351818
51.0733097144403, 16.3696,,2942,16.6788,,17.13025,-0.577641
51.0894669150002, 18.2982,,2943,16.67935,,16.26602,-0.98481
51.107160915155, 15.5015,,2944,16.67895,,16.63504,-0.163409
51.1234995150007, 16.618,,2945,16.67893,,16.86371,-0.427582
51.1398243145086, 16.709,,2946,16.67894,,17.26981,-0.752278
51.1560463146307, 16.4031,,2947,16.67884,,16.45328,0.463272
51.1732902140357, 16.3926,,2948,16.67875,,16.68538,-0.703359
51.1893931147642, 17.3759,,2949,16.67898,,17.04653,-1.314417
51.2065861155279, 16.3199,,2950,16.67886,,15.84416,-0.291214
51.2233240162022, 16.5246,,2951,16.67881,,16.95882,-0.547324
51.2400567163713, 16.3853,,2952,16.67871,,17.62171,-0.34175
51.2573723164387, 17.3578,,2953,16.67894,,16.65162,-0.833471
51.2741204169579, 16.2004,,2954,16.67878,,16.82485,-0.266192
51.2924172175117, 17.5629,,2955,16.67908,,16.64967,-0.084313
51.3070767172612, 16.144,,2956,16.6789,,17.12599,-0.040434
51.3235292178579, 16.5398,,2957,16.67885,,16.56891,-0.495326
51.3401593179442, 16.5729,,2958,16.67881,,16.32833,-0.877013
51.3564042174257, 16.2636,,2959,16.67867,,16.34113,-0.10137
51.3742380165495, 17.6602,,2960,16.679,,16.78941,-0.528528
51.3897432168014, 16.2975,,2961,16.67888,,17.19427,-1.078914
51.4068363164552, 16.5551,,2962,16.67883,,16.39743,-0.067219
51.4231485170312, 16.2894,,2963,16.6787,,16.79211,-0.045466
51.4412006163038, 17.1304,,2964,16.67886,,17.36062,-0.58589
51.4574941159226, 18.3307,,2965,16.67941,,16.35667,-0.362676
51.4741597161628, 15.3757,,2966,16.67897,,16.33039,-0.505988
51.4911955152638, 16.2885,,2967,16.67884,,16.82158,-0.786477
51.5062636150979, 16.2961,,2968,16.67871,,16.63179,0.373007
51.524231615942, 16.9642,,2969,16.67881,,16.78078,-1.021029
51.5410152166151, 16.1386,,2970,16.67863,,17.10309,-0.324121
51.5564548163675, 17.2324,,2971,16.67881,,15.88453,-0.802128
51.5745333167724, 17.4535,,2972,16.67907,,17.31032,0.106849
51.5897499169223, 16.347,,2973,16.67896,,16.62943,-0.318661
51.6067634164356, 16.8364,,2974,16.67901,,17.09435,-0.908807
51.6238981164061, 16.0524,,2975,16.6788,,16.18816,0.945642
51.6417941167019, 16.6282,,2976,16.67879,,16.61421,-0.591604
51.657776416745, 17.2249,,2977,16.67897,,17.17876,-0.982851
51.6735097165219, 16.8432,,2978,16.67903,,15.3389,0.629249
51.6899707163684, 16.4854,,2979,16.67896,,16.93475,-0.840175
51.7092538154684, 17.4557,,2980,16.67922,,17.27105,-0.197637
51.7237050156109, 15.9349,,2981,16.67897,,15.62527,-0.211055
51.7400930165313, 16.2002,,2982,16.67881,,17.11814,-0.584603
51.757496715989, 17.0972,,2983,16.67895,,16.49035,-0.382391
51.8241133145057, 56.5779,,2984,16.69232,,16.4907,-0.258267
51.8241133145057, 0.8528,,2985,16.68702,,16.87929,-0.655137
51.8241133145057, 0.6819,,2986,16.68166,,16.68557,-1.240464
51.8241133145057, 8.8656,,2987,16.67904,,16.57314,-0.080926
51.8411457142793, 16.5536,,2988,16.679,,16.94856,-0.621166
51.8579152147286, 16.7709,,2989,16.67903,,17.56743,-1.192976
51.874093614053, 16.2121,,2990,16.67887,,16.35237,0.180249
51.8915352146141, 16.8413,,2991,16.67893,,16.92118,0.522488
51.9069268149324, 16.6915,,2992,16.67893,,17.47655,-0.528014
51.9246374149807, 17.1232,,2993,16.67908,,16.11351,-1.03606
51.940452514682, 16.5361,,2994,16.67903,,15.77031,-0.446976
51.9566585146822, 16.1248,,2995,16.67885,,16.86816,0.910175
51.974028613884, 17.0205,,2996,16.67896,,17.37518,-0.087474
51.9923334144987, 16.718,,2997,16.67897,,16.75723,0.409859
52.0079996143468, 17.261,,2998,16.67917,,15.39717,-0.812443
52.0247412142344, 15.835,,2999,16.67889,,16.39674,-0.297415
52.04055351438, 16.9167,,3000,16.67896,,15.89614,-0.9879
52.0567496144213, 17.0899,,3001,16.6791,,17.15292,0.104039
52.0740054142661, 16.0768,,3002,16.6789,,16.6325,0.378954
52.0916684144177, 16.7077,,3003,16.67891,,17.32436,0.725048
52.1076186136343, 16.9584,,3004,16.679,,16.27455,-0.884607
52.1241116137244, 16.9659,,3005,16.6791,,16.01325,-0.469374
52.1404883139767, 16.5486,,3006,16.67906,,15.63941,-1.023415
52.157882314641, 15.9375,,3007,16.67881,,17.25467,0.005478
52.1740763154812, 17.6481,,3008,16.67913,,16.82932,-0.548124
52.1904107150622, 18.0381,,3009,16.67958,,17.39192,-0.281919
52.2075328142382, 15.0017,,3010,16.67903,,16.37552,0.047296
52.2239427142777, 16.6538,,3011,16.67902,,16.93772,0.007539
52.2416471135803, 16.4663,,3012,16.67895,,16.6784,-0.335123
52.2569832135923, 16.2628,,3013,16.67881,,16.32166,-0.120395
52.3240118124522, 56.6029,,3014,16.69205,,16.36662,-0.754913
52.3240118124522, 0.7776,,3015,16.68678,,16.7195,-0.346886
52.3240118124522, 0.6556,,3016,16.68146,,16.48891,-0.120799
52.3240118124522, 9.5745,,3017,16.67911,,17.12729,0.077018
52.3415740118362, 16.3105,,3018,16.67898,,16.7244,-0.122054
52.3580971122719, 16.2846,,3019,16.67885,,16.47258,-0.70409
52.3749563121237, 17.2518,,3020,16.67904,,16.27805,0.388162
52.391714212019, 16.4649,,3021,16.67897,,16.48189,-0.33844
52.4076230120845, 16.0918,,3022,16.67878,,17.05024,-0.269021
52.4240595125593, 16.4069,,3023,16.67869,,15.98654,0.070783
52.4419226129539, 16.9558,,3024,16.67878,,16.52002,-0.395218
52.4578571137972, 16.5901,,3025,16.67875,,16.61912,-0.987668
52.4741666135378, 17.4089,,3026,16.67899,,16.32852,0.112099
52.4905888126232, 16.3278,,3027,16.67887,,16.74247,0.215379
52.5085612130351, 17.3566,,3028,16.6791,,17.3577,0.727403
52.524074612651, 16.3246,,3029,16.67898,,16.22752,-0.691437
52.5415757135488, 17.1213,,3030,16.67913,,16.1314,-0.188621
52.557817413006, 15.8755,,3031,16.67886,,15.63964,-0.155431
52.5739466124214, 19.0583,,3032,16.67965,,17.04302,-0.120192
52.5920649119653, 14.4457,,3033,16.67891,,16.59193,-0.669346
52.6075611119159, 16.5772,,3034,16.67888,,16.37349,-0.227901
52.6238747113384, 16.9097,,3035,16.67895,,16.50725,-0.042309
52.6413039104082, 17.6172,,3036,16.67926,,17.0359,-0.060862
52.6574387107976, 16.0777,,3037,16.67907,,16.59801,-0.26269
52.6745176115073, 16.5952,,3038,16.67904,,16.42476,-0.852441
52.6909753107466, 16.707,,3039,16.67905,,16.41839,0.278814
52.7074256115593, 16.1697,,3040,16.67888,,16.66174,0.099505
52.7251842119731, 17.0022,,3041,16.67899,,17.21119,-0.508513
52.7416175124235, 17.157,,3042,16.67914,,16.1225,-1.147933
52.7585275121965, 16.3171,,3043,16.67902,,16.28151,-0.557721
52.7747903116979, 16.434,,3044,16.67894,,16.89393,-0.830949
52.7913121120073, 17.2819,,3045,16.67914,,17.54002,-0.451184
52.8076825127937, 16.4467,,3046,16.67906,,16.94885,-0.73932
52.8248644121923, 16.9019,,3047,16.67914,,17.22128,0.752245
52.8418335118331, 17.5446,,3048,16.67942,,16.84952,-0.435756
52.8581945118494, 16.1472,,3049,16.67925,,17.09486,-0.625587
52.8745093126781, 16.7289,,3050,16.67926,,15.63296,-0.185822
52.8914426122792, 16.2321,,3051,16.67912,,16.81709,-0.582934
52.9086467125453, 16.0479,,3052,16.67891,,17.03492,-1.095574
52.9249447123148, 16.7148,,3053,16.67892,,16.58173,-0.113177
52.9417567127384, 17.2297,,3054,16.6791,,16.97547,0.244544
52.958325213287, 16.0825,,3055,16.67891,,17.41908,0.538002
52.9747798130848, 18.0571,,3056,16.67936,,16.47146,-0.256586
52.991132913623, 18.3123,,3057,16.67989,,16.1324,-0.78969
53.008968312759, 14.7692,,3058,16.67927,,15.84849,0.154911
53.0254326132126, 15.4255,,3059,16.67886,,16.64719,-0.145638
53.0418829140253, 17.2233,,3060,16.67904,,17.17909,-0.490387
53.0586202149279, 16.806,,3061,16.67908,,16.15984,-0.930215
53.0750894141383, 16.3009,,3062,16.67895,,16.50249,-0.353354
53.0915156141855, 16.9643,,3063,16.67905,,16.86262,-0.911699
53.107693514321, 16.8012,,3064,16.67909,,17.32095,-0.426347
53.1250807144679, 16.4138,,3065,16.679,,16.7494,-0.369131
53.1419051145203, 16.7562,,3066,16.67903,,17.33185,-0.320893
53.1580481142737, 16.7405,,3067,16.67904,,16.81663,0.280397
53.1753513147123, 16.7764,,3068,16.67908,,16.76199,0.382186
53.1917492155917, 16.5996,,3069,16.67905,,16.7089,2.009445
53.2079478153028, 16.2695,,3070,16.67892,,16.07611,0.011566
53.2258713156916, 16.114,,3071,16.67873,,16.00026,-0.250012
53.2410385156982, 17.5888,,3072,16.67903,,14.37663,-0.293409
53.2594595155679, 17.5393,,3073,16.67931,,16.40901,-0.721459
53.2753196149133, 16.159,,3074,16.67914,,16.63521,0.424527
53.2916596154682, 16.2903,,3075,16.67901,,16.68426,-0.751347
53.3076791162603, 16.7235,,3076,16.67903,,17.12547,-0.330452
53.3253275169991, 18.417,,3077,16.67959,,15.96525,-0.704729
53.3414170178585, 14.5894,,3078,16.67891,,17.13955,0.666836
53.3585528186522, 17.1447,,3079,16.67907,,16.72633,0.278233
53.3751825182699, 16.8072,,3080,16.67911,,17.09236,0.213277
53.3919739178382, 16.2751,,3081,16.67898,,15.72097,0.631064
53.4091251171194, 16.706,,3082,16.67898,,16.10472,-0.988909
53.4262685175054, 16.322,,3083,16.67887,,16.11674,0.283749
53.4417298170738, 16.8526,,3084,16.67892,,15.76341,0.400236
53.4585791169666, 17.0504,,3085,16.67904,,17.37495,-0.826673
53.4749804171734, 16.7855,,3086,16.67908,,16.08006,0.468
53.4919894165359, 16.4508,,3087,16.67901,,15.97997,-0.970113
53.5085290162824, 16.7407,,3088,16.67903,,17.2293,-0.647887
53.5250896154903, 16.9272,,3089,16.67911,,15.80081,-0.184049
53.5415087151341, 16.0985,,3090,16.67892,,17.26649,1.040636
53.5590147147886, 16.7998,,3091,16.67896,,16.93225,0.371031
53.5758803146891, 16.9935,,3092,16.67906,,16.47896,-0.605757
53.5924986149184, 16.8053,,3093,16.6791,,15.24667,-0.827328
53.6088716140948, 15.6727,,3094,16.67878,,15.97626,1.761646
53.6253416142426, 16.85,,3095,16.67883,,16.90683,-0.466215
53.6420133146457, 16.9237,,3096,16.67891,,17.11395,-0.717837
53.6589396144263, 17.4495,,3097,16.67916,,14.52771,-0.037809
53.6749636135064, 16.6151,,3098,16.67914,,16.75424,-0.228521
53.693323714193, 16.3869,,3099,16.67904,,17.04841,0.544027
53.7084296145476, 16.6975,,3100,16.67905,,16.31582,-0.426525
53.7260019150563, 18.4665,,3101,16.67962,,16.52237,-0.155877
53.7433828157373, 14.0888,,3102,16.67879,,15.76402,0.245571
53.7592110154219, 16.929,,3103,16.67887,,16.73238,0.372431
53.775861016009, 17.2058,,3104,16.67904,,16.44933,-0.153167
53.7924594157375, 16.5661,,3105,16.679,,16.10667,0.557605
53.8088323161937, 16.5012,,3106,16.67895,,16.03077,-0.738967
53.8250710167922, 17.0397,,3107,16.67906,,16.5225,0.277906
53.8424167172052, 16.8079,,3108,16.6791,,15.74447,-0.581625
53.859078918118, 16.7683,,3109,16.67913,,17.03199,-1.040304
53.8760622185655, 16.286,,3110,16.67901,,15.99982,-0.360535
53.8923997194506, 16.6169,,3111,16.67899,,16.8671,1.272919
53.9090818190016, 16.9908,,3112,16.67909,,17.33614,0.245859
53.9261432182975, 16.6601,,3113,16.67908,,16.65488,0.319685
53.9429803178646, 17.1912,,3114,16.67924,,15.03104,-0.546783
53.9600175176747, 16.0048,,3115,16.67903,,16.04572,-1.032669
53.9757833168842, 16.9435,,3116,16.67911,,15.98338,-0.544734
53.9926770166494, 17.5767,,3117,16.6794,,16.85027,0.495964
54.0087000173517, 14.9177,,3118,16.67884,,17.34093,-0.221838
54.0261284173466, 16.9542,,3119,16.67892,,16.76034,-0.401749
54.0429806173779, 16.4944,,3120,16.67887,,15.77424,-0.701753
54.0594914169051, 16.8967,,3121,16.67894,,16.50995,0.004747
54.0755154159851, 17.0813,,3122,16.67906,,16.69685,-0.481409
54.0916051161475, 16.3531,,3123,16.67896,,17.00025,-0.816919
54.1096319169737, 16.7165,,3124,16.67897,,16.29041,-0.337451
54.1260652174242, 19.5926,,3125,16.6799,,16.77452,-0.651035
54.1433418174274, 13.6585,,3126,16.67894,,17.10015,0.360239
54.1592138172127, 16.5141,,3127,16.67888,,16.67613,-0.965679
54.1756426175125, 17.3979,,3128,16.67912,,16.94616,0.136274
54.1918122177012, 16.8209,,3129,16.67916,,15.91678,0.217165
54.2091825180687, 17.8422,,3130,16.67953,,17.27283,-0.126244
54.2260826178826, 16.5435,,3131,16.67949,,16.05223,-0.726453
54.2426117178984, 16.851,,3132,16.67954,,16.08484,0.211938
54.2593507175334, 16.2742,,3133,16.67941,,16.41945,0.056732
54.2757683177479, 16.6882,,3134,16.67942,,16.96406,0.225548
54.2924441178329, 17.2223,,3135,16.67959,,16.08117,0.316495
54.3091087178327, 16.75,,3136,16.67961,,16.22345,-0.428948
54.3254542169161, 16.4249,,3137,16.67953,,16.05721,-0.70702
54.3437493168749, 16.7945,,3138,16.67957,,15.95565,0.508502
54.3595294174738, 16.7281,,3139,16.67958,,16.77622,-0.271386
54.3763474174775, 16.6209,,3140,16.67957,,17.0127,-0.637665
54.3926657182164, 15.9486,,3141,16.67933,,15.82679,-0.903215
54.409381818492, 15.8177,,3142,16.67906,,16.56586,0.401794
54.4254304193892, 16.1522,,3143,16.67889,,16.94052,-0.765981
54.4440746200271, 17.3908,,3144,16.67912,,17.20431,0.07302
54.4593188199215, 16.214,,3145,16.67897,,15.88408,-0.388662
54.4754249206744, 16.6946,,3146,16.67897,,17.07898,-0.95419
54.4925309210084, 18.9397,,3147,16.67969,,16.26696,0.539947
54.5094194202684, 14.7381,,3148,16.67908,,16.68619,-0.703101
54.5262774205767, 16.6677,,3149,16.67907,,17.23485,-1.110612
54.542993820738, 17.2946,,3150,16.67927,,15.8233,-0.30859
54.5593059207313, 17.8468,,3151,16.67964,,16.97901,-0.881944
54.5760980206542, 14.8167,,3152,16.67905,,17.35479,-0.425307
54.5924609205686, 17.1773,,3153,16.6792,,16.59894,-0.684172
54.6095398212783, 16.8612,,3154,16.67926,,17.16081,-0.958309
54.6256348206662, 16.1117,,3155,16.67908,,16.77077,0.169745
54.6427585198544, 16.6902,,3156,16.67909,,16.96371,-0.081234
54.6591812199913, 17.1501,,3157,16.67924,,17.21186,0.151181
54.6770100197755, 16.4232,,3158,16.67915,,16.13543,-0.293361
54.693195620086, 16.4166,,3159,16.67907,,16.38042,-0.426684
54.7092823195271, 17.1048,,3160,16.6792,,16.15716,-0.735627
54.7272070194595, 16.6197,,3161,16.67919,,16.56998,-0.261368
54.7431600200944, 16.74,,3162,16.67921,,16.72863,0.043368
54.7596648200415, 16.3757,,3163,16.67911,,17.03887,-0.28247
54.7765032197349, 16.9918,,3164,16.67921,,16.53673,-0.594891
54.7933566193096, 17.6458,,3165,16.67951,,16.24947,-0.420938
54.80965661956, 16.6333,,3166,16.6795,,16.57359,0.139399
54.8258743188344, 16.0603,,3167,16.6793,,16.93984,-0.239318
54.8431554189883, 16.6012,,3168,16.67928,,16.6838,-0.111128
54.8601939189248, 17.3533,,3169,16.67949,,16.15702,-0.22845
54.8765574186109, 18.237,,3170,16.67998,,16.54103,-0.444452
54.8932133181952, 14.2209,,3171,16.67921,,16.41265,-0.773259
54.9094185191207, 16.2934,,3172,16.67909,,16.54535,0.354383
54.9271990186535, 16.7637,,3173,16.67911,,16.73416,0.148191
54.9433826184832, 16.3044,,3174,16.679,,17.07992,-0.085276
54.9593353192322, 16.076,,3175,16.6788,,15.92601,-0.013633
54.9771881191991, 17.0334,,3176,16.67892,,16.14088,-0.239668
54.9933521184139, 16.6175,,3177,16.6789,,16.37393,-0.480845
55.0100248190574, 17.6195,,3178,16.67919,,16.32347,-0.997798
55.0263849194162, 15.8621,,3179,16.67894,,16.53194,-0.330544
55.0426396201365, 16.3834,,3180,16.67884,,16.7841,-0.19543
55.0602685208432, 17.6137,,3181,16.67914,,17.28854,-0.679829
55.0764813213609, 16.312,,3182,16.67902,,16.56433,-0.057054
55.0926410215907, 16.6123,,3183,16.679,,16.43373,-0.345399
55.1270068208687, 31.2658,,3184,16.68358,,16.98255,-0.864575
55.1440598214976, 12.1257,,3185,16.68215,,16.3489,0.417874
55.1440598214976, 9.3497,,3186,16.67985,,16.60667,-1.096543
55.161182822194, 13.9226,,3187,16.67898,,17.11693,0.637524
55.1766397221945, 16.3894,,3188,16.67889,,15.87534,-0.179005
55.1932576219551, 17.0771,,3189,16.67902,,17.36898,-0.519214
55.2094665220939, 16.4833,,3190,16.67896,,15.648,-1.172154
55.2274029213004, 16.7027,,3191,16.67896,,16.46741,-0.196968
55.2450466207229, 16.4821,,3192,16.6789,,16.79665,-0.744396
55.2612553215586, 17.0213,,3193,16.67901,,17.46977,-0.338989
55.2769404216669, 18.1471,,3194,16.67947,,16.501,-0.384803
55.2932119215839, 14.648,,3195,16.67883,,17.10169,-0.289868
55.3096803217195, 16.7406,,3196,16.67885,,16.6423,0.205925
55.3272112212144, 17.2191,,3197,16.67902,,16.67627,0.658349
55.3441397207789, 16.5182,,3198,16.67897,,16.57377,-0.578735
55.3623147211038, 16.335,,3199,16.67886,,16.09345,-0.355504
55.3934036209248, 30.7816,,3200,16.68327,,15.64114,-0.682129
55.3934036209248, 2.7552,,3201,16.67892,,16.8587,-0.410374
55.4100115201436, 16.6728,,3202,16.67892,,16.70793,-0.433054
55.4264869200997, 17.2646,,3203,16.6791,,16.95977,-0.60456
55.4434636193328, 17.5827,,3204,16.67938,,16.63645,-0.865886
55.4595249197446, 15.6539,,3205,16.67906,,16.79066,-0.072592
55.476679419633, 16.4396,,3206,16.67899,,16.89469,0.11859
55.4934272202663, 17.2252,,3207,16.67916,,17.16779,0.075333
55.5096656209789, 15.8001,,3208,16.67888,,16.33841,-0.226226
55.5270564216189, 17.3411,,3209,16.67909,,16.06077,-0.389726
55.5443736216985, 16.6503,,3210,16.67908,,16.21673,-0.457001
55.5600570212118, 16.9646,,3211,16.67917,,16.52763,-0.209731
55.5771677209996, 16.5473,,3212,16.67913,,16.737,-0.85074
55.5938341203146, 17.1147,,3213,16.67927,,16.72973,0.818502
55.6100548203103, 16.8202,,3214,16.67931,,16.50144,-0.755035
55.6279282211326, 16.1184,,3215,16.67913,,17.1542,0.137822
55.6439834213816, 16.6185,,3216,16.67912,,15.48783,0.884573
55.6603936213069, 16.9527,,3217,16.6792,,17.05488,-0.007152
55.6765527217649, 18.1443,,3218,16.67966,,16.15833,-0.044742
55.6942672221921, 14.8966,,3219,16.6791,,15.47225,-0.132513
55.7115969224833, 16.6635,,3220,16.6791,,16.32114,-0.506553
55.7265786225908, 16.8034,,3221,16.67914,,16.34411,-0.881857
55.743896422442, 17.4665,,3222,16.67938,,16.42275,-0.248104
55.7616774230264, 15.8685,,3223,16.67913,,16.72886,-0.224767
55.7767090233974, 17.098,,3224,16.67926,,17.1738,0.069029
55.7938843234442, 17.0071,,3225,16.67936,,16.50917,-0.293104
55.8103475230746, 16.6932,,3226,16.67937,,16.53397,-0.284711
55.8267295225523, 16.8967,,3227,16.67943,,16.2238,0.128702
55.8439146219753, 15.7839,,3228,16.67916,,16.54791,0.265415
55.8601972213946, 16.8981,,3229,16.67922,,16.5614,0.631234
55.8777302219532, 16.6951,,3230,16.67923,,16.19468,-0.290811
55.8937751217745, 16.6994,,3231,16.67923,,16.02907,-0.04924
55.9100985224359, 16.2673,,3232,16.67911,,15.67421,-0.725854
55.9274739227258, 17.0713,,3233,16.67923,,16.58284,0.007344
55.9444097219966, 16.588,,3234,16.6792,,16.38095,0.201807
55.9607817227952, 16.1274,,3235,16.67903,,17.01796,0.024682
55.9776217225008, 16.9003,,3236,16.6791,,16.28249,-0.602984
55.9938036217354, 16.6244,,3237,16.67908,,16.11892,-1.16602
56.0116120218299, 16.843,,3238,16.67913,,16.29258,0.154616
56.0269153215922, 16.6052,,3239,16.67911,,16.95602,-0.057344
56.0447708223946, 16.8104,,3240,16.67915,,17.55438,0.495984
56.061546322424, 17.1114,,3241,16.67928,,16.20244,-0.43672
56.0778474216349, 18.2252,,3242,16.67976,,16.45402,-0.530158
56.0942304213531, 14.805,,3243,16.67918,,15.85092,-1.088943
56.1112308208831, 16.5844,,3244,16.67915,,16.59566,-0.361958
56.1276273210533, 16.2783,,3245,16.67903,,16.91634,-0.155818
56.1444516205229, 16.6013,,3246,16.679,,17.41836,-0.31335
56.1613763202913, 17.257,,3247,16.67918,,16.72612,-0.231238
56.1785173197277, 16.4625,,3248,16.67912,,16.50775,-0.504781
56.1936297197826, 16.4542,,3249,16.67905,,16.66874,-0.500495
56.211841119919, 16.6282,,3250,16.67903,,16.61128,-0.507612
56.2271056198515, 16.7508,,3251,16.67905,,16.8636,-0.841102
56.2445288193412, 16.817,,3252,16.67909,,16.86501,0.772786
56.2612641197629, 16.5294,,3253,16.67905,,16.8926,-0.141645
56.2944894214161, 29.7384,,3254,16.68306,,17.22671,-0.073713
56.3115688213147, 11.117,,3255,16.68135,,15.61215,-0.402696
56.3115688213147, 11.2754,,3256,16.67969,,16.49091,-0.350061
56.3280665208586, 14.57,,3257,16.67904,,16.3889,-0.949193
56.3444162202068, 16.8253,,3258,16.67909,,16.75406,0.947249
56.4105397197418, 55.9931,,3259,16.69115,,16.71819,-0.425941
56.4105397197418, 0.7597,,3260,16.68627,,17.33555,-1.033557
56.4105397197418, 0.6974,,3261,16.68136,,15.38554,-0.602725
56.4105397197418, 9.106,,3262,16.67904,,16.82436,-0.380998
56.4278145204298, 16.4121,,3263,16.67896,,17.33982,-0.20979
56.4442216209136, 16.68,,3264,16.67896,,16.9631,-0.188265
56.4611611212604, 17.261,,3265,16.67914,,16.75309,-0.536236
56.4776707212441, 20.1167,,3266,16.68019,,16.58377,-0.526203
56.4947098209523, 13.1892,,3267,16.67912,,16.53254,-0.83524
56.5117818205617, 16.7673,,3268,16.67915,,16.9163,-0.352486
56.5278384196572, 16.2697,,3269,16.67902,,16.71874,-0.89939
56.5441793198697, 17.7112,,3270,16.67934,,17.02919,-0.494252
56.5623578201048, 15.7676,,3271,16.67906,,16.71679,-0.749734
56.5779716200195, 17.147,,3272,16.6792,,17.29295,0.39578
56.5947879194282, 16.6345,,3273,16.67919,,16.85683,-0.117755
56.6111620194279, 16.3301,,3274,16.67908,,17.12132,-0.675609
56.6278978190385, 16.5927,,3275,16.67906,,15.96496,0.56602
56.6444274182431, 16.2425,,3276,16.67892,,16.45951,-0.212785
56.6616803179495, 17.4431,,3277,16.67916,,17.04338,-0.322372
56.6784766181372, 16.3041,,3278,16.67904,,15.80949,-0.177578
56.6950110173784, 16.9501,,3279,16.67912,,16.52367,-0.030488
56.7117713182233, 16.4254,,3280,16.67905,,16.71878,-0.372897
56.7279276191257, 18.0246,,3281,16.67946,,16.55689,-0.830411
56.7440854194574, 16.6448,,3282,16.67945,,16.3744,-0.224011
56.761606620159, 16.5628,,3283,16.67941,,16.76191,0.122485
,,3284,,,17.21471,-0.191294
,,,,,16.61601,-0.211286
,,,,,16.26889,-0.691569
,,,,,16.58689,0.390723
,,,,,16.60527,-0.096663
,,,,,17.08178,-0.798576
,,,,,15.97976,0.394129
,,,,,16.47988,-0.155276
,,,,,17.21067,-0.165593
,,,,,16.03418,-0.47739
,,,,,16.54749,-0.950683
,,,,,16.55179,-0.005419
,,,,,16.87458,-0.539962
,,,,,17.29312,-0.957999
,,,,,16.33836,0.666279
,,,,,16.8235,0.031878
,,,,,17.34232,0.377277
,,,,,15.70722,0.826095
,,,,,16.38272,-0.390955
,,,,,16.00211,-0.450539
,,,,,15.56536,-0.921033
,,,,,16.79414,0.322149
,,,,,16.85333,1.282992
,,,,,17.32375,0.809027
,,,,,16.06011,-0.184976
,,,,,15.10397,-0.622986
,,,,,15.57228,-0.800056
,,,,,16.56689,0.09461
,,,,,16.96556,0.302057
,,,,,17.18469,1.793735
,,,,,16.33604,0.076863
,,,,,16.08946,-0.499301
,,,,,14.59404,-0.629665
,,,,,16.2386,-0.779785
,,,,,16.85766,-0.442203
,,,,,16.92158,-1.065204
,,,,,17.1209,-0.603387
,,,,,16.8351,-0.53865
,,,,,17.47009,-0.971739
,,,,,16.98955,-0.324398
,,,,,16.92284,0.299917
,,,,,17.3646,-0.687474
,,,,,16.61478,-0.225356
,,,,,15.99067,-0.262927
,,,,,16.99366,-0.731457
,,,,,16.57393,0.460477
,,,,,16.55426,-0.169833
,,,,,17.03492,-0.435068
,,,,,15.84253,-0.961684
,,,,,16.46587,0.109915
,,,,,16.73938,0.635158
,,,,,17.26368,-0.977545
,,,,,16.23414,-0.333343
,,,,,15.48324,0.751921
,,,,,17.27294,-0.89926
,,,,,16.62048,-0.421689
,,,,,15.53096,-0.610048
,,,,,17.19259,-0.904809
,,,,,16.69195,-0.421674
,,,,,16.91081,-0.814806
,,,,,17.19377,0.038039
,,,,,16.70431,-0.588984
,,,,,17.10226,-0.938912
,,,,,16.25508,-0.219046
,,,,,16.88951,0.014347
,,,,,17.24605,-0.296781
,,,,,16.56165,-0.141381
,,,,,16.29528,-0.63711
,,,,,16.60038,0.484793
,,,,,16.44971,-0.885988
,,,,,16.94231,0.272481
,,,,,15.81249,0.368073
,,,,,17.17862,-0.014976
,,,,,16.00383,-0.221158
,,,,,15.92068,0.062283
,,,,,16.30796,-0.261498
,,,,,16.60842,-0.11975
,,,,,16.2804,0.134222
,,,,,16.56365,0.593618
,,,,,16.42168,-1.000764
,,,,,16.17748,0.50852
,,,,,15.72196,-0.864426
,,,,,17.28638,-0.137557
,,,,,15.75183,-0.06531
,,,,,17.15066,0.222595
,,,,,16.42591,-0.220354
,,,,,16.357,0.183597
,,,,,16.07375,-0.004865
,,,,,16.5093,-0.336457
,,,,,16.11267,0.296499
,,,,,16.30006,-1.38329
,,,,,16.6319,-0.599779
,,,,,15.97379,-0.939868
,,,,,17.69448,-0.325857
,,,,,16.89797,-0.600497
,,,,,17.23256,-0.340655
,,,,,16.6355,-0.516714
,,,,,16.90806,-0.158351
,,,,,16.63171,0.157659
,,,,,16.82575,-0.395062
,,,,,16.46244,-0.73051
,,,,,16.02686,0.749367
,,,,,16.69581,-0.302471
,,,,,17.03483,-0.162431
,,,,,15.53967,-0.447534
,,,,,16.60073,-0.363423
,,,,,16.46883,-0.497805
,,,,,16.77522,0.006339
,,,,,16.72701,0.104816
,,,,,16.89316,-0.03744
,,,,,16.28628,0.038318
,,,,,16.18584,-0.472806
,,,,,16.32778,-0.996353
,,,,,16.22911,-0.17311
,,,,,16.77255,-0.079856
,,,,,17.27881,
,,,,,16.45316,
