Interval,Timer
16.5843,5.0003300000038
16.4602,5.017000000003725
16.7655,5.033710000003688
16.79,5.050380000003614
16.2592,5.067030000003521
17.4567,5.083740000003483
16.3252,5.100420000003651
17.3867,5.117100000003818
16.2849,5.133780000003986
16.8798,5.150460000004154
16.0811,5.167100000004284
17.8819,5.183810000004247
16.319,5.200450000004377
16.6263,5.217090000004507
16.9996,5.233810000004713
16.5108,5.250480000004638
16.5851,5.267130000004545
16.8035,5.283820000004489
16.4885,5.300500000004656
16.7901,5.317160000004805
16.954,5.333880000005011
16.5928,5.350560000005178
16.5051,5.367270000005141
16.7751,5.383990000005346
16.5806,5.400670000005514
16.5892,5.417330000005663
16.951,5.434050000005867
16.775,5.450730000006035
16.1393,5.46740000000596
16.7734,5.484060000006109
16.476,5.5006900000059975
32.0442,5.517350000006147
12.2105,5.534010000006296
8.92,5.550650000006426
13.465,5.567320000006352
15.9499,5.584000000006519
16.625,5.60064000000665
17.2947,5.617320000006817
16.0178,5.634010000006762
16.5865,5.650690000006929
16.6805,5.667380000006873
16.7257,5.684050000006799
16.8306,5.700720000006724
16.5747,5.717400000006892
16.811,5.734060000007041
16.5793,5.750730000006966
17.0972,5.767440000006929
16.6269,5.784120000007096
17.2605,5.800800000007264
16.184,5.817490000007209
16.545,5.834170000007376
16.9294,5.850850000007544
16.635,5.867540000007488
16.5596,5.884220000007655
17.0811,5.900920000007842
16.166,5.917590000007767
16.9354,5.934250000007916
17.6011,5.950890000008046
19.9572,5.967560000007972
13.3928,5.984230000007898
17.1586,6.0009200000078415
16.1955,6.017610000007786
16.3845,6.034280000007711
16.0815,6.0510000000079165
16.3733,6.067680000008084
17.0548,6.084390000008047
16.4944,6.101060000007972
16.8601,6.11774000000814
16.4308,6.134420000008308
16.8535,6.151140000008512
16.4311,6.167810000008438
16.5656,6.184470000008587
16.5863,6.201150000008754
17.0902,6.217810000008903
16.703,6.234490000009071
16.3261,6.25115000000922
16.7901,6.267830000009388
16.6237,6.284510000009555
16.9355,6.3012300000097605
16.3595,6.317860000009649
17.08,6.334570000009611
16.2143,6.351250000009779
17.1646,6.367960000009742
16.4718,6.3846400000099095
16.7583,6.4013200000100765
16.3403,6.418000000010244
16.6847,6.43467000001017
17.0604,6.451390000010375
17.2556,6.468020000010263
16.8576,6.4847400000104685
16.6251,6.501400000010617
18.134,6.518090000010561
14.0995,6.534770000010729
16.5914,6.551430000010878
16.9788,6.568100000010803
16.6308,6.584780000010971
16.7649,6.601500000011176
16.7154,6.618180000011344
16.7737,6.634880000011529
16.5866,6.651530000011436
16.6907,6.6681900000115855
17.0271,6.684890000011772
16.5575,6.701550000011921
17.1985,6.718230000012088
16.2452,6.734890000012237
16.0075,6.751570000012405
16.9381,6.768220000012312
16.8625,6.784860000012443
17.0718,6.801530000012368
16.1381,6.818210000012535
16.6726,6.83490000001248
17.0332,6.851550000012387
16.6741,6.868230000012554
16.8674,6.884940000012517
16.7169,6.90165000001248
16.4832,6.918330000012648
16.6542,6.935010000012815
16.5805,6.951690000012983
17.0149,6.968400000012945
16.8626,6.98509000001289
16.492,7.001770000013057
16.8647,7.018470000013243
16.2906,7.035140000013169
16.6858,7.051790000013076
16.5644,7.068430000013207
16.7345,7.0851000000131314
16.9472,7.101800000013318
16.9788,7.118510000013281
16.5051,7.1351900000134485
15.6133,7.151860000013373
16.6225,7.168530000013299
16.5896,7.185200000013225
16.698,7.201880000013392
17.109,7.218580000013579
16.6037,7.235270000013522
16.6866,7.25195000001369
17.1812,7.268630000013858
16.3744,7.285280000013765
17.0586,7.301960000013932
16.3858,7.318660000014119
16.641,7.335340000014287
16.9192,7.352040000014472
16.8159,7.36872000001464
16.2716,7.3853700000145475
17.0229,7.402050000014714
16.8664,7.418760000014678
16.3761,7.435430000014603
16.331,7.452110000014771
17.0521,7.468790000014938
16.6584,7.485450000015088
16.7492,7.502130000015255
16.3779,7.5188100000154225
16.602,7.535510000015609
16.6425,7.552220000015572
16.2903,7.5688900000154975
16.8752,7.585550000015647
16.6391,7.602210000015795
16.6614,7.618900000015739
16.6545,7.63554000001587
16.8602,7.652240000016056
16.7595,7.668930000016
16.7896,7.685620000015944
16.459,7.70229000001587
16.4981,7.718950000016019
16.6119,7.735640000015963
16.9772,7.75232000001613
16.8034,7.769020000016317
16.2548,7.785690000016242
18.1354,7.80237000001641
16.0484,7.819020000016317
16.9846,7.835720000016503
16.243,7.852350000016392
17.0557,7.8690500000165775
16.4137,7.885720000016503
16.7158,7.90240000001667
16.9095,7.919090000016615
16.513,7.935740000016522
16.8866,7.952440000016708
16.5867,7.969130000016652
16.534,7.985820000016596
16.1466,8.002470000016503
16.915,8.019160000016447
16.2446,8.035800000016577
16.933,8.052480000016745
15.8682,8.06915000001667
17.1124,8.085810000016819
16.8511,8.102520000016783
16.5121,8.119180000016932
16.4801,8.135850000016857
16.9895,8.152550000017044
16.1449,8.16923000001721
17.2563,8.185940000017174
16.7466,8.202650000017137
16.7478,8.21937000001734
17.157,8.236070000017527
17.4209,8.25276000001747
16.5666,8.269440000017639
16.738,8.286140000017825
16.3535,8.302820000017993
16.9543,8.319500000018161
17.0715,8.336210000018124
16.0475,8.35286000001803
16.4644,8.369510000017938
16.8041,8.386150000018068
16.939,8.402830000018236
16.4889,8.419510000018404
17.0839,8.436210000018589
16.346,8.452860000018497
16.8677,8.469570000018459
16.2944,8.486220000018365
17.1716,8.50291000001831
16.542,8.519610000018496
16.4148,8.536290000018663
16.6312,8.552980000018607
16.7033,8.569640000018756
16.739,8.586310000018683
15.8896,8.602970000018832
16.5105,8.619660000018776
16.4134,8.636320000018925
16.6296,8.653010000018869
16.6204,8.669660000018775
16.8369,8.686320000018924
16.4869,8.703000000019092
16.9813,8.719700000019278
17.1887,8.736420000019484
16.2992,8.753100000019652
16.7977,8.769780000019818
16.8739,8.786490000019782
16.3456,8.803170000019948
16.4085,8.819840000019875
17.2131,8.836540000020062
16.7175,8.853230000020005
16.5518,8.869950000020209
16.5806,8.886630000020377
16.7771,8.903270000020507
16.7036,8.919950000020675
16.9977,8.936640000020619
15.8123,8.953290000020527
16.6873,8.969960000020452
17.1052,8.986670000020414
16.5748,9.003320000020322
16.7094,9.020010000020266
16.6039,9.036690000020434
16.4316,9.053350000020584
16.4693,9.07003000002075
17.2655,9.086720000020694
16.7507,9.1033700000206
16.8108,9.120070000020789
17.0384,9.136750000020957
16.1639,9.15340000002086
16.3745,9.170070000020788
17.2134,9.186760000020731
16.8379,9.203430000020656
16.4266,9.220100000020585
16.1894,9.23678000002075
16.5686,9.253450000020676
17.7318,9.27015000002086
15.4778,9.286800000020769
16.8575,9.303480000020937
16.9557,9.32020000002114
16.6059,9.336900000021329
16.6256,9.353540000021455
17.3942,9.370210000021384
16.625,9.38689000002155
17.0435,9.403600000021514
16.6832,9.4203000000217
16.7206,9.436970000021626
16.2199,9.453650000021794
17.0147,9.470360000021756
16.6623,9.487000000021888
16.4989,9.50369000002183
16.6705,9.520370000021998
15.7425,9.537040000021925
16.3675,9.553720000022093
16.5711,9.57036000002222
16.8424,9.58702000002237
16.6178,9.60368000002252
17.0027,9.620390000022482
16.0001,9.637040000022388
16.9233,9.653720000022556
16.8186,9.670380000022703
16.5636,9.687060000022871
16.7933,9.703730000022798
17.0694,9.720430000022985
16.1427,9.737120000022928
17.3555,9.753840000023134
16.3141,9.770520000023302
16.4209,9.787170000023208
17.0111,9.803850000023376
16.9521,9.820550000023562
16.5427,9.837260000023525
16.9831,9.853950000023469
15.7022,9.870630000023636
17.0722,9.887280000023544
16.6111,9.903960000023712
16.6385,9.9205900000236
16.3145,9.937270000023767
16.8733,9.953950000023935
16.7052,9.97062000002386
16.8592,9.987270000023768
17.1957,10.003930000023916
16.6315,10.02062000002386
16.8239,10.037300000024027
16.0472,10.053990000023973
17.9763,10.07069000002416
16.7004,10.087390000024344
15.5015,10.10409000002453
16.7754,10.120780000024476
16.4124,10.137460000024642
17.1294,10.154180000024848
16.379,10.170840000024995
16.5921,10.187500000025146
17.0218,10.204210000025109
17.1514,10.220920000025073
16.5985,10.23760000002524
16.2265,10.254260000025388
16.9217,10.270940000025556
16.5037,10.287600000025703
16.8658,10.304280000025871
16.8742,10.320950000025798
16.3043,10.337630000025966
17.0603,10.354340000025928
16.6525,10.371010000025851
16.1576,10.38766000002576
17.1082,10.40432000002591
17.3977,10.421040000026114
16.1957,10.437700000026265
16.9123,10.454420000026468
16.5184,10.471100000026636
16.7604,10.48777000002656
16.724,10.50445000002673
16.8642,10.521120000026654
16.2932,10.537780000026803
16.6695,10.554460000026973
16.864,10.571150000026917
16.352,10.587790000027043
16.7148,10.604470000027211
16.5866,10.62115000002738
16.4253,10.637830000027549
17.0863,10.654490000027698
16.5655,10.671170000027866
15.5626,10.687830000028017
17.1056,10.70451000002818
16.9866,10.721190000028349
16.729,10.737850000028498
16.9467,10.754530000028666
16.9851,10.771240000028628
16.6156,10.787890000028536
16.8023,10.80461000002874
16.4067,10.821300000028684
16.4443,10.837980000028852
16.9948,10.85466000002902
16.3738,10.871330000028946
16.9182,10.888010000029114
16.6686,10.90469000002928
16.9048,10.921390000029469
16.4362,10.938040000029376
17.1169,10.954750000029335
16.6242,10.971410000029486
16.5854,10.988110000029671
16.8891,11.004810000029858
16.4013,11.021490000030026
16.2976,11.038170000030194
16.6596,11.054850000030362
16.718,11.07153000003053
17.1224,11.088230000030714
16.4808,11.1049300000309
16.8541,11.121620000030845
16.5812,11.138280000030994
16.4844,11.154930000030902
16.6014,11.171600000030828
16.8854,11.18831000003079
16.4907,11.205000000030733
16.5886,11.22167000003066
16.7582,11.238350000030827
16.6082,11.254990000030958
17.1922,11.271640000030864
16.9995,11.288300000031011
16.5944,11.304990000030957
16.7,11.32170000003092
16.6122,11.338380000031089
16.6803,11.355020000031216
16.736,11.371720000031404
16.3563,11.388390000031327
17.0677,11.405090000031516
16.3252,11.421760000031442
16.6554,11.438450000031386
16.6689,11.455100000031292
16.9041,11.471790000031236
16.601,11.488450000031383
16.7598,11.505120000031312
16.8212,11.521840000031515
16.9294,11.538520000031683
15.7962,11.555210000031629
17.298,11.571900000031572
16.4524,11.588600000031755
16.6574,11.605270000031684
16.9266,11.621980000031646
16.5687,11.638660000031814
16.4988,11.65533000003174
16.7404,11.672020000031685
16.8489,11.68869000003161
16.6167,11.705340000031516
15.9336,11.72201000003144
16.6183,11.738690000031609
16.6966,11.755390000031795
16.5967,11.772070000031963
17.3725,11.788750000032133
16.6468,11.8054300000323
15.913,11.822110000032463
16.9502,11.838790000032631
16.4934,11.85544000003254
16.6736,11.872130000032485
16.6353,11.888820000032428
18.0276,11.905500000032596
16.453,11.92217000003252
15.9637,11.938850000032687
16.788,11.955500000032597
17.9247,11.972180000032765
15.2006,11.98886000003293
16.7494,12.005550000032876
16.0792,12.02225000003306
16.5865,12.038920000032988
16.8106,12.055600000033156
16.8442,12.07227000003308
16.4337,12.08893000003323
16.7816,12.105640000033192
16.8756,12.12234000003338
16.3776,12.139010000033304
16.7839,12.155690000033472
16.7015,12.172380000033415
16.1613,12.189050000033342
17.0459,12.205770000033546
16.8649,12.222450000033714
16.5585,12.239110000033865
17.4395,12.25581000003405
16.5322,12.2724700000342
16.6277,12.289140000034124
16.6577,12.305810000034048
16.7909,12.322520000034013
16.5772,12.33917000003392
16.6389,12.355860000033864
16.6965,12.372520000034012
16.4523,12.38920000003418
17.0209,12.405890000034123
16.3499,12.422550000034272
16.745,12.4392200000342
17.1137,12.455910000034145
16.1865,12.47259000003431
17.076,12.489270000034477
16.4089,12.505950000034645
16.7632,12.522650000034831
16.5532,12.539320000034756
16.4317,12.556000000034924
15.9028,12.57267000003485
16.9217,12.589340000034776
17.1801,12.60606000003498
16.0227,12.62272000003513
17.0162,12.639430000035093
16.7399,12.656080000035
16.7639,12.67279000003496
16.4821,12.68944000003487
16.3776,12.706110000034794
16.8573,12.722790000034962
16.4923,12.739460000034889
16.983,12.756160000035074
16.6604,12.772800000035204
17.0362,12.789510000035166
16.9484,12.80620000003511
16.2964,12.822890000035056
16.3628,12.839530000035186
16.8283,12.85620000003511
16.8021,12.872890000035056
16.6745,12.88959000003524
17.0501,12.90627000003541
15.8024,12.922930000035558
17.0942,12.939610000035726
16.581,12.956250000035856
16.0699,12.972890000035989
16.8169,12.989550000036136
16.9457,13.00622000003606
17.1733,13.022940000036266
16.3001,13.039620000036434
16.5336,13.05627000003634
16.6309,13.072950000036508
16.744,13.089630000036676
16.8619,13.10633000003686
16.5162,13.123020000036806
16.8906,13.139720000036991
17.1691,13.156420000037178
16.2735,13.17315000003716
16.9681,13.189800000037067
18.4752,13.20651000003703
14.529,13.223200000036972
16.4717,13.239890000036915
16.6821,13.256580000036864
16.9551,13.27324000003701
16.9697,13.289940000037197
16.5481,13.306600000037346
16.465,13.323260000037497
17.001,13.33993000003742
16.4047,13.356600000037346
17.0693,13.373270000037271
16.3445,13.38995000003744
16.9785,13.406620000037364
16.5021,13.42329000003729
16.5328,13.43997000003746
17.2967,13.456650000037625
15.9557,13.473320000037551
17.1806,13.490040000037755
16.9919,13.506710000037682
16.0004,13.52339000003785
16.5105,13.54003000003798
16.734,13.556710000038146
16.3938,13.573390000038314
17.1683,13.59011000003852
16.505,13.606780000038444
16.7764,13.623480000038631
16.6314,13.6401600000388
16.6698,13.65680000003893
16.2453,13.673460000039078
17.0969,13.69017000003904
16.3487,13.706860000038985
17.0347,13.723530000038911
16.6072,13.740210000039076
16.7061,13.75685000003921
16.8253,13.773560000039172
16.1803,13.79019000003906
17.2025,13.806870000039227
16.4738,13.823590000039433
16.7584,13.8402700000396
16.5383,13.856920000039509
17.7415,13.87363000003947
15.5936,13.890320000039411
16.4542,13.90700000003958
17.267,13.923720000039786
16.5936,13.94041000003973
16.294,13.957100000039674
16.4935,13.973780000039842
17.0001,13.990450000039768
16.5795,14.007120000039691
17.1276,14.02382000003988
16.6767,14.040480000040027
16.5554,14.057150000039954
16.7653,14.073830000040122
16.558,14.090470000040252
16.8057,14.1071300000404
16.5308,14.123810000040567
17.0537,14.140510000040754
17.1606,14.157190000040922
16.1196,14.173910000041127
16.7099,14.190610000041314
16.1527,14.20728000004124
17.0815,14.223960000041409
16.6962,14.240660000041592
16.3619,14.257330000041518
16.7152,14.273990000041668
16.73,14.290670000041835
16.5946,14.307330000041985
16.735,14.323990000042134
17.2484,14.340670000042302
17.1726,14.357350000042468
16.1738,14.374040000042411
16.8398,14.390750000042376
16.3861,14.407400000042282
17.1199,14.424120000042487
16.3423,14.440800000042657
16.5328,14.45747000004258
16.8338,14.474150000042748
16.9505,14.490850000042936
16.3558,14.507490000043065
16.6065,14.524120000042952
16.4438,14.540810000042896
16.5279,14.557470000043043
16.6727,14.57416000004299
16.3331,14.590810000042897
17.2226,14.60750000004284
16.2253,14.624170000042769
17.5826,14.64088000004273
16.5717,14.657550000042654
16.7902,14.674240000042598
16.7762,14.690920000042766
16.8961,14.707580000042917
16.4504,14.72425000004284
16.8087,14.740930000043008
16.9926,14.757630000043196
16.2611,14.77430000004312
16.9847,14.791010000043084
16.4824,14.807650000043214
15.5047,14.824310000043363
16.9819,14.841010000043548
16.7355,14.857690000043716
16.3943,14.87436000004364
16.6648,14.891040000043809
16.7358,14.907720000043977
16.7243,14.924370000043885
16.8743,14.941080000043849
16.5184,14.957740000043996
16.5842,14.97443000004394
16.6181,14.991100000043865
16.6071,15.007760000044014
16.6103,15.024440000044182
16.8096,15.04112000004435
16.5863,15.057810000044292
16.8728,15.07449000004446
16.7377,15.091200000044424
16.6733,15.107860000044573
17.0281,15.12456000004476
16.5849,15.141250000044703
17.0192,15.157960000044666
15.8591,15.174630000044592
16.967,15.19131000004476
16.72,15.207990000044926
16.7339,15.224660000044851
17.4233,15.241370000044816
16.6757,15.25806000004476
16.8449,15.274760000044946
16.3478,15.29143000004487
16.4199,15.308100000044796
16.5536,15.324760000044945
16.4959,15.341460000045132
16.6421,15.3581400000453
16.6848,15.374820000045467
16.8114,15.391520000045654
16.5216,15.40817000004556
16.6434,15.424820000045468
16.8287,15.441470000045374
16.4603,15.4581400000453
17.2507,15.474860000045505
17.4765,15.491570000045469
16.4563,15.50826000004541
16.5231,15.524950000045356
16.6012,15.541630000045522
17.0369,15.55831000004569
16.8578,15.575010000045877
15.8791,15.591680000045802
16.6529,15.60836000004597
15.9494,15.625040000046138
16.9597,15.641710000046062
16.474,15.65836000004597
17.0407,15.675060000046155
16.2172,15.691730000046082
16.5199,15.70841000004625
17.2441,15.725100000046194
16.6379,15.741790000046135
16.3178,15.75848000004608
17.049,15.775190000046043
16.7906,15.791900000046008
15.9969,15.808540000046138
16.9364,15.825220000046306
16.5817,15.841850000046191
18.1216,15.85853000004636
15.6297,15.875200000046286
17.3488,15.891890000046232
15.953,15.908560000046156
16.2433,15.925240000046324
16.8997,15.94191000004625
16.6836,15.958590000046415
16.4034,15.975270000046583
16.7906,15.991950000046751
16.9604,16.008660000046714
16.4033,16.025360000046902
17.0606,16.042080000047108
15.8516,16.058720000047238
16.9394,16.075370000047144
16.462,16.09203000004729
17.0393,16.108720000047235
16.6313,16.125400000047403
16.5581,16.14209000004735
17.0978,16.158780000047294
16.3607,16.17546000004746
16.7469,16.192160000047647
16.5313,16.208830000047573
16.3126,16.225500000047496
17.5584,16.24221000004746
16.3677,16.258910000047646
17.3597,16.275590000047814
16.7708,16.29227000004798
16.6488,16.308960000047925
16.6737,16.32565000004787
16.8381,16.342340000047813
16.1505,16.3589700000477
17.0799,16.375660000047645
16.6448,16.39238000004785
16.7887,16.409030000047757
16.6854,16.425700000047684
17.1037,16.44238000004785
16.6078,16.459020000047982
16.2634,16.47569000004791
19.3077,16.492340000047815
13.4052,16.50899000004772
16.7953,16.525680000047664
16.0992,16.542320000047795
16.8826,16.55899000004772
16.948,16.575690000047906
16.3811,16.59240000004787
16.571,16.609050000047777
16.8776,16.62576000004774
16.839,16.6424700000477
16.1474,16.65914000004763
16.9913,16.675830000047572
16.3712,16.69251000004774
16.7318,16.709190000047908
17.0505,16.725870000048076
16.2812,16.742530000048223
16.9351,16.75921000004839
16.5371,16.77591000004858
16.9443,16.792570000048727
16.2449,16.809210000048857
16.6701,16.8259000000488
17.099,16.842570000048728
16.2995,16.85924000004865
16.8724,16.875930000048598
17.5966,16.892580000048504
15.7257,16.909290000048465
16.5766,16.925940000048374
16.5022,16.94260000004852
16.9277,16.959300000048707
16.4963,16.975980000048875
16.8829,16.992680000049063
16.5434,17.009350000048986
16.9198,17.02606000004895
16.4482,17.042730000048877
16.5805,17.059410000049045
16.9637,17.07606000004895
16.8482,17.092770000048912
16.1362,17.10944000004884
16.6469,17.126090000048745
16.7982,17.14278000004869
16.8531,17.15944000004884
16.8998,17.1761500000488
16.6216,17.192830000048968
16.4336,17.20952000004891
16.6806,17.22621000004886
16.9581,17.242910000049044
16.3493,17.259550000049174
17.2017,17.276260000049138
16.1442,17.292950000049082
16.9874,17.309640000049026
17.0351,17.32634000004921
16.2614,17.34298000004934
16.9978,17.35966000004951
17.2605,17.376360000049694
15.9311,17.39304000004986
17.003,17.40973000004981
16.9936,17.426430000049994
15.9673,17.44309000005014
16.6516,17.45977000005031
17.1174,17.476460000050253
16.305,17.493120000050403
17.1731,17.509850000050385
16.5113,17.52654000005033
16.2479,17.54318000005046
16.9191,17.55984000005061
16.9904,17.576520000050774
16.3162,17.593180000050925
16.81,17.60987000005087
16.6514,17.626550000051036
16.9936,17.643230000051204
16.3481,17.65994000005117
17.096,17.67661000005109
16.0568,17.693270000051243
16.6585,17.709960000051186
16.7481,17.726640000051354
16.627,17.74329000005126
16.6224,17.759980000051204
17.0332,17.776670000051148
16.2883,17.793340000051074
17.0111,17.810020000051242
16.6055,17.826690000051165
16.504,17.843340000051075
16.6035,17.860000000051222
17.7746,17.876700000051407
15.9892,17.893380000051575
17.1032,17.910060000051743
16.6853,17.92674000005191
15.2743,17.943390000051817
17.1892,17.96010000005178
16.7744,17.976750000051688
16.2817,17.99341000005184
16.9452,18.01008000005176
16.8889,18.02679000005173
16.4031,18.043450000051877
17.0866,18.06017000005208
16.4004,18.076850000052247
16.9925,18.09356000005221
16.3317,18.110250000052154
16.9994,18.12690000005206
16.8594,18.143610000052025
16.5271,18.160290000052196
16.4449,18.176980000052136
16.7366,18.19367000005208
16.6355,18.21039000005229
16.5048,18.227030000052416
16.6983,18.24370000005234
17.2323,18.260370000052266
16.5192,18.277040000052192
16.6588,18.293740000052377
16.413,18.310380000052508
16.7535,18.327050000052434
16.9659,18.3437300000526
16.9274,18.360400000052525
16.56,18.377080000052693
16.277,18.39376000005286
16.6587,18.41044000005303
16.7437,18.42710000005318
16.6167,18.443780000053348
17.287,18.460460000053512
16.3567,18.47715000005346
16.6671,18.49386000005342
16.5124,18.510540000053588
16.9094,18.52722000005376
16.3501,18.543860000053886
17.5251,18.560590000053867
16.5822,18.577310000054077
16.7649,18.59399000005424
16.1808,18.610660000054164
16.776,18.627320000054315
16.6842,18.644000000054483
16.6405,18.66068000005465
16.7018,18.67738000005484
16.2519,18.69403000005474
16.5283,18.71071000005491
17.2992,18.72738000005484
16.4173,18.744030000054742
16.3015,18.76070000005467
16.9513,18.777390000054613
16.21,18.79407000005478
16.7906,18.810740000054707
16.9739,18.82743000005465
16.5156,18.84408000005456
16.7758,18.860780000054746
16.4503,18.87746000005491
16.8314,18.89410000005504
16.8649,18.91080000005523
16.6396,18.9274800000554
16.3946,18.94415000005532
16.9206,18.96085000005551
16.6911,18.977550000055693
16.3681,18.994190000055823
16.7423,19.01087000005599
16.6384,19.02753000005614
17.0277,19.044240000056103
16.6798,19.06092000005627
17.1146,19.07760000005644
17.1461,19.094320000056644
15.3898,19.111010000056588
16.6421,19.12767000005673
17.4316,19.14436000005668
16.5109,19.161040000056847
16.8476,19.17773000005679
15.9803,19.19441000005696
16.539,19.211060000056868
16.7544,19.227740000057032
16.6101,19.244380000057166
17.1215,19.261040000057317
16.9187,19.277730000057257
16.3976,19.294410000057425
17.0568,19.31110000005737
16.6834,19.327810000057333
16.464,19.34450000005728
16.5315,19.361180000057445
16.5776,19.377850000057368
17.01,19.39455000005756
17.2787,19.41126000005752
16.3916,19.427910000057427
16.5978,19.44458000005735
16.9385,19.461300000057555
16.5201,19.47794000005769
16.7253,19.49461000005761
16.7675,19.511280000057532
15.5764,19.527950000057466
17.0235,19.544660000057423
16.7563,19.56135000005737
16.2981,19.57801000005752
16.7552,19.59470000005746
17.0895,19.61138000005763
16.2129,19.62802000005776
16.9833,19.644740000057965
16.7659,19.66143000005791
16.5454,19.67812000005785
16.5115,19.69480000005802
16.9811,19.711490000057964
16.4788,19.72816000005789
16.5575,19.74484000005806
16.974,19.761550000058023
16.2598,19.778220000057942
16.8581,19.794890000057872
17.5399,19.8115600000578
16.1101,19.828210000057705
16.4898,19.844870000057853
16.7048,19.86155000005802
16.7256,19.87819000005815
16.7559,19.894840000058057
17.0791,19.91155000005802
16.6456,19.92821000005817
16.5351,19.944890000058336
16.424,19.961570000058504
16.3075,19.97822000005841
17.0369,19.99493000005837
16.4321,20.011610000058543
16.3676,20.028320000058507
16.9385,20.045000000058675
17.6658,20.061680000058843
15.926,20.07835000005877
17.0998,20.09501000005892
16.0505,20.11170000005886
16.9641,20.12841000005882
17.2099,20.145120000058785
16.3068,20.16176000005892
16.4072,20.1784600000591
16.6928,20.19514000005927
16.4541,20.21182000005944
16.9492,20.2285300000594
16.4592,20.245190000059548
16.8993,20.261900000059512
16.4649,20.278570000059435
16.5484,20.295220000059345
17.4655,20.311900000059516
16.7127,20.328600000059694
16.6288,20.345280000059866
16.9667,20.36197000005981
16.6587,20.378650000059977
16.9019,20.395330000060145
16.9001,20.412040000060102
16.4722,20.428700000060257
16.4435,20.4453900000602
16.7574,20.46207000006037
16.8541,20.478750000060536
16.4108,20.495410000060684
16.9992,20.51209000006085
16.4125,20.528730000060985
15.4744,20.54541000006115
16.7924,20.56208000006108
16.7349,20.578750000061003
16.6724,20.595440000060947
17.2178,20.612150000060907
16.0443,20.62884000006085
16.5337,20.64549000006076
16.6572,20.66217000006093
16.8963,20.678850000061093
16.49,20.69553000006126
17.014,20.712240000061225
16.6558,20.72893000006117
16.5679,20.745580000061075
16.8006,20.762280000061264
16.694,20.778950000061187
16.6407,20.79564000006113
16.3069,20.8123200000613
16.789,20.829010000061245
16.9501,20.84569000006141
16.5094,20.8623900000616
16.7572,20.87906000006152
16.6548,20.895730000061448
17.3982,20.912450000061654
16.1458,20.929090000061784
17.4375,20.945780000061728
16.4475,20.96244000006188
16.1021,20.97915000006184
16.5818,20.995840000061783
17.8216,21.012530000061727
15.6062,21.02918000006164
16.9505,21.04585000006156
16.2369,21.062540000061503
16.6666,21.079180000061637
16.9164,21.095880000061825
16.5238,21.112520000061952
16.8576,21.129230000061916
16.7276,21.145880000061823
16.2206,21.16254000006197
16.5617,21.1791800000621
17.1597,21.19591000006208
16.341,21.212580000062008
16.8182,21.229260000062176
16.6321,21.24596000006236
16.4006,21.262630000062288
16.5389,21.279310000062456
17.1169,21.295950000062582
16.5436,21.31262000006251
17.252,21.329320000062697
16.6905,21.34602000006288
16.03,21.362660000063013
16.9705,21.379370000062977
16.4095,21.396020000062883
17.1453,21.412710000062827
16.4768,21.42940000006277
16.6309,21.44608000006294
16.5887,21.462760000063103
16.8375,21.47946000006329
16.3936,21.496130000063214
16.7335,21.512800000063145
16.6041,21.529480000063312
17.1008,21.54615000006324
16.2612,21.56284000006318
17.3516,21.579520000063347
15.9589,21.596170000063257
16.9907,21.61287000006344
16.5564,21.62955000006361
16.936,21.646250000063795
16.5566,21.66296000006376
16.7384,21.679660000063944
16.9861,21.696370000063908
16.0484,21.71303000006405
17.1635,21.729730000064244
16.6108,21.746420000064187
16.3101,21.76311000006413
17.0235,21.7797900000643
16.7139,21.796490000064484
16.2433,21.81313000006461
16.9067,21.82980000006454
16.905,21.846450000064447
16.5048,21.863090000064577
16.8991,21.879770000064745
16.9901,21.896450000064917
16.6683,21.91313000006508
16.5935,21.929840000065045
16.7191,21.94653000006499
16.711,21.96323000006517
17.3295,21.97992000006512
15.8473,21.99661000006506
16.6632,22.013320000065026
16.916,22.03002000006521
17.3601,22.04670000006538
16.8869,22.06339000006532
15.2439,22.08003000006545
16.8566,22.096690000065603
16.4024,22.113330000065734
16.9291,22.12998000006564
17.2678,22.146650000065566
16.1636,22.163290000065697
16.6,22.179970000065865
16.5241,22.19663000006601
17.1765,22.213340000065976
16.6867,22.230000000066124
16.4776,22.24668000006629
16.6434,22.263350000066215
17.5356,22.28006000006618
16.5407,22.296730000066106
17.153,22.31343000006629
16.604,22.33011000006646
17.0548,22.346790000066623
16.3934,22.36349000006681
16.6529,22.380160000066734
16.5304,22.39682000006689
17.0988,22.413520000067077
15.4909,22.43023000006704
16.5025,22.446880000066944
17.0658,22.46360000006715
16.2411,22.480260000067297
16.6351,22.496940000067465
18.3018,22.513620000067636
15.8648,22.530320000067817
16.4324,22.546970000067727
16.7036,22.56366000006767
16.7039,22.580320000067815
16.5493,22.596970000067724
17.0665,22.61368000006769
16.355,22.63032000006782
16.7043,22.647000000067987
16.8841,22.66370000006817
16.3909,22.680340000068306
16.6934,22.69699000006821
16.661,22.713670000068376
16.9578,22.730370000068564
16.5802,22.74705000006873
16.4679,22.7637300000689
16.9854,22.780400000068823
16.833,22.797110000068788
16.7933,22.81379000006896
16.9961,22.830470000069123
17.236,22.847180000069084
15.8172,22.86385000006901
17.0672,22.88056000006897
16.6625,22.897230000068895
16.4797,22.913930000069087
15.5358,22.93061000006925
16.2739,22.9472700000694
16.6731,22.963920000069308
16.7221,22.98060000006948
16.7908,22.997250000069386
16.483,23.01390000006929
17.235,23.03061000006925
16.0788,23.04726000006916
16.8158,23.06392000006931
16.6691,23.080580000069457
16.6133,23.097250000069383
16.9918,23.113940000069327
16.7937,23.13064000006952
16.2001,23.14732000006968
17.3509,23.164010000069627
16.0479,23.18070000006957
17.1234,23.19738000006974
16.2353,23.214060000069907
17.0242,23.230770000069867
16.867,23.247470000070056
16.1338,23.26416000007
17.1461,23.280860000070184
16.39,23.29752000007033
16.6399,23.3142000000705
16.9562,23.330900000070688
16.487,23.347580000070856
16.6043,23.36423000007076
16.5692,23.38091000007093
17.0223,23.397580000070857
16.9335,23.414240000071004
16.8628,23.43094000007119
16.7731,23.44762000007136
16.8893,23.464320000071545
17.0288,23.481030000071502
16.2675,23.49768000007141
16.955,23.514390000071376
16.5021,23.53109000007156
15.7823,23.54777000007173
16.6743,23.56443000007188
16.8204,23.581130000072065
16.4964,23.597790000072216
16.6159,23.61444000007212
17.2397,23.63112000007229
16.4272,23.64776000007242
16.301,23.664440000072588
17.2254,23.68112000007276
16.1077,23.697780000072903
17.0281,23.71448000007309
17.6639,23.73119000007305
16.4405,23.74784000007296
17.1554,23.764540000073147
16.5711,23.781250000073108
16.0714,23.79791000007326
16.7968,23.8146000000732
16.8001,23.831290000073142
16.4749,23.84793000007328
16.7727,23.864600000073203
16.1279,23.88128000007337
16.8292,23.89794000007352
16.9567,23.914630000073466
15.9314,23.931280000073368
17.0596,23.94794000007352
16.0871,23.964620000073687
16.9889,23.98132000007387
16.4299,23.99800000007404
18.392,24.014680000074208
15.5843,24.031400000074413
16.0724,24.04806000007456
16.8802,24.06474000007473
16.9874,24.08141000007465
16.497,24.098090000074823
16.5858,24.11476000007475
17.6404,24.13147000007471
16.5796,24.14815000007488
17.4249,24.16486000007484
15.4746,24.181530000074765
15.7873,24.198180000074675
16.8432,24.2148500000746
17.0452,24.231540000074546
16.3717,24.24822000007471
16.5985,24.26490000007488
16.7954,24.28159000007482
16.9018,24.298260000074748
16.4011,24.314920000074896
16.9111,24.331580000075046
16.3705,24.34827000007499
16.9975,24.364980000074954
16.458,24.38166000007512
17.0731,24.39832000007527
16.7975,24.41500000007544
16.9296,24.431680000075605
16.9767,24.44838000007579
16.3363,24.465030000075696
16.9769,24.481730000075885
16.4752,24.498410000076053
19.8827,24.51509000007622
12.9845,24.53173000007635
16.6036,24.54844000007631
16.5806,24.565130000076252
16.8747,24.58185000007646
16.1812,24.59853000007663
17.0732,24.61517000007676
17.0063,24.631880000076723
16.4416,24.64854000007687
16.6074,24.66520000007702
17.4417,24.681910000076986
16.6026,24.698620000076943
16.6966,24.71528000007709
17.17,24.73197000007704
15.9502,24.748620000076947
16.0102,24.76529000007687
17.0991,24.782000000076835
16.7163,24.798660000076985
16.6934,24.81536000007717
16.3104,24.83204000007734
17.0213,24.848720000077503
16.5234,24.865400000077678
17.3352,24.882110000077635
16.6209,24.898790000077803
16.6124,24.915490000077988
16.7705,24.932210000078197
16.7061,24.94889000007836
15.7526,24.965560000078288
17.2603,24.982240000078452
16.4729,24.9989300000784
16.5119,25.01560000007833
17.8094,25.03229000007827
15.3797,25.048940000078176
16.4827,25.06559000007808
16.7357,25.08223000007821
17.0439,25.098890000078363
17.0137,25.115570000078527
17.4103,25.132290000078733
15.823,25.148950000078884
16.4997,25.16563000007905
16.7129,25.18230000007897
16.9232,25.1989700000789
16.2505,25.215640000078828
16.7041,25.232320000079
16.1342,25.24901000007894
17.0607,25.265690000079108
16.8757,25.28238000007905
16.362,25.29902000007918
16.6748,25.31569000007911
17.1086,25.33240000007907
16.4042,25.349070000079
16.8376,25.365750000079164
16.714,25.382460000079124
16.4207,25.39914000007929
17.2248,25.41584000007948
16.5716,25.432540000079666
16.1719,25.4491800000798
16.4001,25.465860000079964
17.3231,25.482570000079924
16.4177,25.499220000079838
17.1586,25.51592000008002
16.282,25.532590000079946
17.2521,25.54924000007985
16.6843,25.56592000008002
16.8986,25.582600000080188
16.8591,25.599250000080094
16.6658,25.615960000080054
16.4724,25.632660000080243
16.5975,25.64931000008015
16.6239,25.66598000008008
15.8234,25.682630000079985
17.1036,25.699330000080167
16.336,25.71601000008033
16.7533,25.73270000008028
16.5883,25.749350000080188
17.0139,25.766050000080373
16.6778,25.78270000008028
17.0956,25.799380000080447
16.4337,25.816080000080635
16.5593,25.83275000008056
16.7004,25.849440000080502
16.6201,25.866080000080636
16.726,25.882770000080576
16.9554,25.899470000080765
16.8242,25.916200000080742
16.2412,25.932860000080893
16.8714,25.949570000080858
16.813,25.966250000081025
17.0077,25.982910000081173
16.452,25.99963000008138
16.5205,26.016300000081305
16.9872,26.03299000008125
16.9279,26.04966000008117
16.3641,26.06631000008108
17.0854,26.08299000008125
16.2416,26.099670000081417
16.6986,26.116320000081323
16.7163,26.13298000008147
16.7855,26.1496500000814
16.4896,26.166300000081304
17.037,26.18302000008151
16.269,26.19969000008144
17.195,26.2164000000814
16.3128,26.233080000081564
16.8322,26.24975000008149
16.6143,26.26643000008166
16.6559,26.283110000081827
16.1335,26.29980000008177
16.4304,26.316490000081718
16.6509,26.33316000008164
16.5996,26.34980000008177
17.2069,26.36650000008196
16.5251,26.383150000081866
16.9445,26.39985000008205
16.7354,26.4165100000822
17.2936,26.43322000008216
16.2292,26.449940000082368
16.2131,26.46661000008229
17.1974,26.483330000082496
16.9287,26.50004000008246
16.715,26.516730000082404
16.6958,26.533420000082348
16.3797,26.55010000008252
16.8547,26.566780000082684
16.4961,26.583450000082607
16.8072,26.60010000008252
17.0012,26.616740000082647
16.1662,26.63342000008281
17.0554,26.65008000008296
16.4918,26.666730000082868
16.5783,26.683400000082795
16.924,26.700080000082963
16.5319,26.71675000008289
16.8628,26.73343000008305
16.3438,26.75010000008298
16.74,26.766770000082907
16.0424,26.783480000082868
17.1965,26.800190000082832
16.0911,26.81685000008298
17.6154,26.833570000083185
16.8257,26.85028000008315
16.2934,26.86693000008305
16.5801,26.883620000083
17.3892,26.900300000083167
17.119,26.91698000008333
16.3835,26.93367000008328
15.3217,26.950340000083205
16.9069,26.966980000083336
16.501,26.98368000008352
16.5033,27.00032000008365
16.6536,27.01697000008356
16.691,27.033650000083725
16.7061,27.050330000083893
16.8946,27.066990000084044
16.49,27.083680000083987
16.7797,27.100350000083917
16.8886,27.117040000083858
16.8015,27.13377000008384
16.4136,27.150450000084007
16.4283,27.16713000008417
16.9289,27.183840000084132
16.2956,27.200520000084303
16.8226,27.21720000008447
16.9527,27.233900000084656
16.7765,27.250600000084845
16.4992,27.26728000008501
16.6311,27.28396000008518
16.6815,27.300610000085086
16.6183,27.317270000085237
16.9185,27.333970000085426
16.2649,27.35062000008533
16.6806,27.367300000085496
16.6778,27.38397000008542
16.9385,27.400650000085587
16.8186,27.417330000085755
16.3764,27.434010000085923
16.8381,27.45068000008585
16.3324,27.467340000086
17.1999,27.484020000086165
16.903,27.500700000086333
16.4185,27.5173800000865
16.7386,27.53406000008667
16.6154,27.55075000008661
17.1633,27.56743000008678
16.4399,27.584120000086724
17.223,27.60080000008689
17.1162,27.61747000008682
16.1988,27.634170000087003
16.6757,27.65084000008693
17.083,27.667510000086857
16.5198,27.6842000000868
15.6126,27.700900000086985
16.7076,27.717580000087157
16.4241,27.73423000008706
16.7047,27.75088000008697
16.668,27.767560000087133
16.6609,27.784220000087284
17.4428,27.800910000087228
16.4254,27.817610000087413
17.4519,27.83428000008734
16.8675,27.850970000087283
16.4832,27.86762000008719
16.9377,27.88429000008712
16.6494,27.90098000008706
17.7396,27.917680000087245
15.1539,27.934360000087413
16.8393,27.95105000008736
16.7101,27.967700000087262
16.4032,27.984360000087413
16.7784,28.00105000008736
16.5529,28.017710000087508
16.7357,28.03439000008768
16.7407,28.05109000008786
16.74,28.067760000087787
16.4784,28.08440000008792
15.8701,28.101120000088123
16.7885,28.117820000088308
16.5558,28.13450000008848
16.2221,28.151180000088644
16.8121,28.16785000008857
16.7819,28.184520000088494
17.0135,28.201230000088454
16.0442,28.217890000088605
16.7591,28.234570000088773
16.9341,28.251280000088737
16.5865,28.267930000088644
16.456,28.28458000008855
17.3948,28.301280000088735
16.497,28.317960000088902
16.9173,28.33466000008909
16.6865,28.351380000089296
16.5246,28.368040000089444
16.428,28.384740000089632
16.8048,28.4014200000898
16.5759,28.418100000089964
17.0962,28.43477000008989
16.949,28.451480000089852
16.7415,28.468140000090003
17.0608,28.484840000090188
16.5829,28.50150000009034
16.0906,28.518150000090245
16.5169,28.53483000009041
17.1811,28.55152000009036
16.3749,28.568190000090283
15.8656,28.58484000009019
17.1028,28.601550000090157
16.4188,28.6182100000903
16.8096,28.634920000090265
17.6348,28.651590000090188
16.0832,28.668290000090376
16.6253,28.68498000009032
16.4305,28.701650000090247
16.8091,28.718310000090398
16.6234,28.735000000090334
17.0528,28.75169000009028
16.6581,28.768340000090188
16.7256,28.78500000009034
16.6693,28.801650000090245
18.0611,28.818350000090437
16.6887,28.835040000090377
16.637,28.851700000090524
16.8527,28.868390000090468
16.6241,28.88508000009041
16.4079,28.9017800000906
16.4946,28.918460000090768
17.0883,28.93513000009069
16.5522,28.951820000090635
16.2435,28.968500000090803
15.0588,28.985150000090712
17.0211,29.00180000009062
16.8814,29.018500000090803
16.7503,29.035190000090747
16.3865,29.051850000090894
16.9674,29.068530000091062
16.3683,29.08520000009099
17.0468,29.10188000009116
16.401,29.118560000091325
16.764,29.13523000009125
16.7422,29.15193000009144
15.8403,29.168610000091604
16.7912,29.185270000091755
17.236,29.20197000009194
16.2513,29.218650000092108
16.6852,29.23530000009201
16.7201,29.25199000009196
16.8333,29.268690000092143
16.863,29.285400000092107
16.6711,29.302120000092312
16.3616,29.31877000009222
17.4731,29.335470000092407
16.1742,29.35216000009235
16.917,29.368820000092494
16.8613,29.385520000092686
16.5532,29.40224000009289
15.892,29.41891000009281
17.2378,29.435610000093003
16.9142,29.45227000009315
16.4929,29.46894000009308
16.8341,29.485620000093245
17.1563,29.50231000009319
16.2041,29.518980000093112
16.56,29.535640000093263
16.734,29.55231000009319
16.2203,29.568960000093096
16.9998,29.58566000009328
16.9539,29.602330000093207
16.3838,29.61900000009313
16.5149,29.63566000009328
17.8021,29.652390000093263
15.2291,29.669020000093152
17.569,29.68574000009336
16.7124,29.70242000009352
16.401,29.71912000009371
16.7025,29.73583000009367
16.2005,29.75249000009382
16.8948,29.76916000009375
16.5558,29.78583000009367
16.9437,29.80251000009384
16.6662,29.81914000009373
16.9254,29.83586000009393
16.4817,29.85252000009408
17.0056,29.869240000094287
16.6239,29.885910000094214
17.103,29.902580000094137
16.3556,29.919260000094305
17.0971,29.93595000009425
16.1392,29.952630000094416
17.6496,29.969330000094605
15.8489,29.98601000009477
17.1005,30.002680000094696
16.5658,30.019360000094863
16.5896,30.036000000094997
16.7658,30.052660000095145
16.8785,30.06935000009509
16.2315,30.086030000095256
17.0922,30.102710000095424
16.672,30.119400000095368
16.4914,30.136050000095278
16.545,30.15273000009544
16.4414,30.16939000009559
17.1398,30.186080000095536
16.7121,30.202790000095497
16.3545,30.219470000095665
16.5629,30.236110000095795
16.9129,30.252810000095984
16.5037,30.26946000009589
17.0488,30.28617000009585
16.6447,30.302890000096056
16.4888,30.319570000096224
16.991,30.33629000009643
16.2274,30.352940000096336
17.1284,30.369610000096262
16.3726,30.38630000009621
16.8184,30.40300000009639
16.4696,30.419660000096545
16.985,30.436370000096503
16.6581,30.45305000009667
15.3734,30.4696900000968
17.2872,30.48641000009701
17.0105,30.503080000096933
16.6988,30.51978000009712
16.5995,30.53647000009706
17.0808,30.553160000097005
16.5552,30.569850000096952
16.8757,30.586570000097154
16.6346,30.60325000009732
16.7444,30.61992000009725
16.4812,30.636620000097437
16.6613,30.653280000097585
17.7175,30.669960000097756
15.4215,30.6866200000979
16.366,30.703300000098068
16.5127,30.71998000009824
16.8311,30.73667000009818
17.0123,30.753340000098103
16.7729,30.770010000098036
16.2535,30.7866900000982
16.7063,30.803380000098144
16.7822,30.820070000098088
16.5249,30.836750000098256
16.609,30.853460000098217
16.7287,30.870140000098385
16.6378,30.88683000009833
17.1149,30.90350000009825
16.337,30.920180000098423
16.3292,30.93683000009833
16.5293,30.953480000098235
17.0929,30.97017000009818
16.6574,30.986840000098105
16.8923,31.00353000009805
16.5522,31.020200000097976
16.7648,31.036880000098144
16.9746,31.05356000009831
16.9027,31.070230000098235
16.4752,31.08692000009818
16.7273,31.103640000098384
16.824,31.12036000009859
16.8212,31.13704000009876
16.1407,31.153700000098908
16.7708,31.17037000009883
16.6961,31.18706000009877
16.3832,31.2037300000987
16.734,31.22040000009863
16.3307,31.237060000098776
17.0786,31.253730000098702
16.5041,31.27041000009887
16.9071,31.28709000009904
16.7813,31.30376000009896
16.2473,31.320450000098905
17.4195,31.337130000099076
16.8426,31.353800000099
16.8824,31.370480000099167
16.4984,31.387160000099332
16.9881,31.403870000099296
17.115,31.420550000099464
16.0785,31.437230000099632
16.6216,31.4539100000998
16.4727,31.47057000009995
30.3169,31.48725000010012
10.5219,31.503900000100025
9.9421,31.52055000009993
15.4616,31.537240000099874
16.4208,31.5539100000998
16.7673,31.57059000009997
16.8834,31.587270000100137
16.176,31.603910000100267
17.0881,31.62058000010019
16.4202,31.63726000010036
16.8387,31.653970000100323
16.8188,31.670680000100283
16.3416,31.68737000010023
16.9417,31.704040000100157
16.393,31.72069000010006
16.6469,31.73733000010019
17.0644,31.75401000010036
16.3616,31.7707000001003
17.001,31.78738000010047
17.0348,31.804090000100437
16.197,31.82075000010058
16.6889,31.837420000100508
16.5865,31.854130000100472
16.8961,31.870820000100416
16.4624,31.88754000010062
16.6737,31.904270000100603
16.5676,31.92095000010077
16.6716,31.937650000100955
16.6226,31.954330000101123
16.8784,31.97101000010129
16.5913,31.987700000101235
16.7626,32.00439000010118
16.5309,32.021070000101346
16.8356,32.03775000010151
16.5864,32.05443000010168
16.2655,32.07106000010157
17.1326,32.08772000010172
16.8375,32.10440000010189
16.4136,32.121080000102054
16.6575,32.13775000010198
16.4351,32.15440000010189
16.9467,32.17108000010205
16.6515,32.18776000010222
16.6493,32.20444000010239
16.5844,32.221110000102314
16.7133,32.237820000102275
16.7759,32.25451000010222
16.7355,32.271190000102386
16.6579,32.287880000102334
16.6346,32.3045600001025
16.5709,32.32126000010269
16.8072,32.337940000102854
16.7257,32.354620000103026
16.6006,32.371290000102945
16.585,32.38797000010312
16.8308,32.40465000010328
16.6442,32.42133000010345
16.7077,32.43801000010362
16.7083,32.45469000010379
16.6448,32.47137000010395
16.6761,32.4880600001039
32.7006,32.50473000010383
9.3439,32.52137000010396
7.6898,32.53802000010386
16.8891,32.55469000010379
16.5989,32.571340000103696
16.9786,32.58802000010386
16.5827,32.60471000010381
16.6836,32.62137000010395
16.686,32.63805000010412
16.6973,32.65472000010405
16.7159,32.67141000010399
16.7455,32.68812000010396
30.45,32.70483000010392
10.3367,32.721500000103845
10.4786,32.73818000010401
16.6884,32.75486000010418
16.2393,32.77150000010431
16.9631,32.78819000010425
16.6476,32.80486000010418
16.6893,32.82154000010434
16.9074,32.83822000010451
16.5424,32.854910000104454
16.659,32.871590000104625
16.965,32.888300000104586
16.9913,32.90502000010479
16.173,32.92170000010496
16.2915,32.93838000010513
17.0511,32.9550600001053
16.8833,32.97175000010524
15.8976,32.988400000105145
15.8405,33.005040000105275
16.8142,33.0217100001052
16.4454,33.03838000010513
16.8212,33.05506000010529
16.732,33.07173000010522
16.3043,33.08837000010535
16.8335,33.105070000105535
16.9473,33.12176000010548
16.6332,33.13843000010541
17.1698,33.15514000010537
16.4439,33.171860000105575
17.5777,33.18854000010574
16.9247,33.205230000105686
16.4403,33.22190000010561
16.8566,33.23858000010578
16.6331,33.25531000010576
16.5226,33.272000000105706
16.4497,33.28864000010584
16.8844,33.305320000106
16.8126,33.32200000010617
16.3358,33.3386400001063
17.2955,33.35532000010647
16.2357,33.37198000010662
16.7721,33.38866000010678
16.8907,33.40534000010695
16.4797,33.42202000010712
16.6849,33.438690000107044
16.6435,33.45539000010723
16.5179,33.47204000010714
16.6668,33.48871000010706
16.8201,33.50542000010703
15.4127,33.522070000106936
16.8816,33.53877000010712
16.5958,33.55546000010707
16.5778,33.57214000010723
16.3325,33.58877000010712
17.0591,33.60547000010731
16.6885,33.622150000107474
16.7482,33.63887000010768
16.6373,33.655570000107865
16.6527,33.67225000010804
16.3412,33.6889300001082
17.734,33.70560000010813
16.7533,33.722270000108054
16.5769,33.73895000010822
16.5053,33.755640000108166
16.7742,33.77229000010807
16.6999,33.78897000010824
16.8486,33.80565000010841
16.7769,33.822320000108334
16.3366,33.83897000010824
16.9314,33.855690000108446
16.6652,33.87237000010861
16.8045,33.88905000010878
16.761,33.905730000108946
16.6275,33.92244000010891
16.5735,33.939130000108854
16.7717,33.955820000108794
16.5966,33.972480000108945
16.7686,33.98916000010912
16.6536,34.00587000010908
16.6117,34.022540000109004
16.673,34.03919000010891
16.8467,34.05588000010885
16.5784,34.07256000010902
16.3371,34.08920000010915
17.1239,34.10589000010909
16.5913,34.12256000010902
16.2319,34.13922000010917
17.0873,34.15587000010908
16.9139,34.172540000109
16.6106,34.18921000010893
16.5605,34.205930000109134
16.5706,34.22260000010906
16.7332,34.23927000010898
16.5947,34.25598000010895
16.7845,34.27265000010887
16.3513,34.289290000109006
16.9761,34.30599000010919
16.8317,34.32270000010915
17.0923,34.3393900001091
16.2377,34.35607000010926
16.6266,34.37275000010943
16.6438,34.389420000109354
16.9157,34.406100000109525
15.6952,34.42278000010969
16.7778,34.439450000109616
16.5039,34.4561500001098
16.7977,34.47284000010975
16.6586,34.48952000010991
16.9193,34.50619000010984
16.3569,34.522860000109766
16.9604,34.53953000010969
16.6274,34.55622000010963
16.8675,34.572920000109825
16.5099,34.58960000010999
16.7925,34.60629000010994
16.7833,34.6230000001099
16.5515,34.63968000011006
16.1921,34.65632000011019
17.2222,34.67298000011034
16.9564,34.68967000011029
16.5748,34.706330000110434
17.1012,34.722990000110585
16.6209,34.739630000110715
16.9712,34.75632000011066
16.6387,34.7730100001106
16.6169,34.78968000011053
16.7877,34.8063600001107
15.6918,34.8230800001109
16.325,34.839750000110826
16.3763,34.85640000011073
17.2821,34.8731100001107
16.7001,34.88980000011064
16.2802,34.906470000110566
16.9536,34.92315000011074
16.6934,34.93982000011066
16.7772,34.95650000011083
16.7411,34.97318000011099
16.4131,34.98985000011092
16.7297,35.006570000111125
16.7816,35.02329000011133
16.6578,35.03996000011126
16.7036,35.0566500001112
16.7145,35.073360000111165
16.5723,35.090030000111085
16.9631,35.10672000011103
16.3129,35.1234000001112
16.8018,35.14007000011112
16.5805,35.15676000011107
16.6076,35.173430000111
16.918,35.19007000011113
16.5351,35.20675000011129
16.7308,35.22343000011146
16.6635,35.24011000011163
16.787,35.2567900001118
16.5771,35.27346000011172
16.7633,35.29014000011189
16.6482,35.30683000011183
16.68,35.32350000011176
16.6153,35.340170000111684
16.6154,35.35687000011187
16.783,35.373540000111795
16.6424,35.39021000011172
16.6936,35.40690000011166
16.7937,35.42359000011161
16.1724,35.440240000111515
17.1193,35.45692000011169
16.6947,35.47360000011185
16.6151,35.49028000011202
16.7202,35.50698000011221
16.773,35.52368000011239
16.687,35.54036000011256
16.7279,35.557050000112504
16.186,35.573690000112634
17.1505,35.59036000011256
16.6025,35.60707000011252
16.755,35.62375000011269
16.397,35.64042000011261
16.8863,35.657100000112784
16.6702,35.67378000011295
16.8065,35.690450000112875
16.3323,35.707110000113026
16.866,35.723800000112966
16.497,35.74048000011314
17.3771,35.75717000011308
16.5741,35.77385000011325
16.0347,35.79049000011338
16.9819,35.80718000011332
16.2778,35.82383000011323
17.027,35.84050000011315
16.2833,35.857150000113066
17.6769,35.87386000011303
16.0527,35.89049000011291
16.5442,35.907170000113084
16.8483,35.923840000113
16.3857,35.94048000011314
16.9663,35.95721000011312
16.5832,35.973870000113266
16.7721,35.99058000011323
16.9383,36.007270000113174
16.3207,36.02397000011336
17.6507,36.040640000113285
15.8266,36.057350000113246
16.8963,36.074060000113214
16.2269,36.090700000113344
16.8868,36.107410000113305
16.4673,36.12405000011344
17.0716,36.14075000011362
16.7525,36.15743000011379
16.4248,36.17410000011371
16.8092,36.19079000011366
16.6131,36.20747000011383
16.8146,36.22416000011377
16.6432,36.24084000011394
16.5645,36.25756000011414
16.7954,36.27425000011409
16.6748,36.29096000011405
16.646,36.30764000011422
16.8491,36.32433000011416
16.5371,36.34101000011433
16.3554,36.35766000011424
16.7813,36.3743400001144
16.7677,36.39101000011433
16.6318,36.4076900001145
16.6643,36.42437000011466
16.6747,36.441030000114814
17.0082,36.45770000011474
16.1005,36.47435000011465
16.8628,36.49100000011455
16.8832,36.50768000011472
16.3605,36.524390000114686
16.6881,36.54107000011485
16.8879,36.5577600001148
16.0675,36.5744100001147
16.9807,36.59109000011487
16.7955,36.60779000011505
16.564,36.62447000011522
16.8064,36.64118000011519
16.3234,36.65786000011536
16.8262,36.67453000011528
16.7925,36.69121000011545
16.1285,36.70786000011535
17.0339,36.724520000115504
17.171,36.741230000115465
16.5822,36.75790000011539
16.7062,36.77457000011532
16.6446,36.791240000115245
16.9441,36.807910000115164
16.1719,36.82458000011509
17.1075,36.84127000011504
16.5903,36.85796000011498
16.7511,36.87467000011495
16.1572,36.89133000011509
16.6438,36.907980000115
17.277,36.92467000011494
16.6825,36.94135000011512
16.5572,36.95803000011528
16.8036,36.97471000011544
16.6306,36.99142000011541
16.7293,37.008100000115576
16.3173,37.024740000115706
16.9587,37.04142000011588
16.8631,37.05813000011584
16.3298,37.074820000115785
16.5473,37.09147000011569
16.9603,37.108150000115856
16.7105,37.12485000011604
16.5691,37.14153000011621
17.1643,37.15821000011638
16.2569,37.17489000011655
16.7317,37.19156000011647
16.8264,37.20821000011638
16.7975,37.2248800001163
16.844,37.24158000011649
16.2669,37.25825000011641
17.3716,37.27494000011636
16.4079,37.291610000116286
16.6417,37.30829000011645
16.7228,37.32497000011662
16.7493,37.34164000011655
16.4886,37.35835000011651
16.8111,37.37507000011672
16.7876,37.3917700001169
16.7041,37.40843000011705
16.6398,37.425150000117256
16.5106,37.4418100001174
16.66,37.45849000011757
16.5256,37.47514000011748
16.5457,37.49179000011738
16.928,37.50847000011756
16.7506,37.525160000117495
16.6577,37.54183000011742
16.6925,37.55850000011735
16.8101,37.57520000011753
15.8318,37.5918800001177
16.8132,37.60858000011789
16.6123,37.62527000011783
16.6004,37.64198000011779
16.2777,37.65866000011796
17.0018,37.67533000011789
16.887,37.69201000011805
16.5531,37.70868000011798
16.6323,37.72535000011791
16.6155,37.74202000011783
16.68,37.75868000011798
16.7482,37.7753500001179
16.5171,37.791990000118034
16.4815,37.80864000011794
17.1082,37.82535000011791
16.6887,37.84205000011809
16.3462,37.85869000011822
16.848,37.87537000011839
16.8365,37.89207000011858
16.2768,37.908720000118485
17.0592,37.92542000011867
16.5554,37.94210000011884
16.3722,37.958780000119006
17.0414,37.97550000011921
16.7341,37.99217000011914
16.3856,38.00881000011927
16.5648,38.02549000011943
17.0626,38.0421700001196
16.4384,38.05880000011949
16.1362,38.07548000011965
17.6124,38.09215000011958
16.6974,38.10882000011951
16.5935,38.12554000011971
16.752,38.14221000011964
17.2397,38.15887000011978
16.141,38.17559000011999
16.2371,38.192280000119936
17.0184,38.2089600001201
16.7788,38.22569000012008
16.7384,38.24241000012029
16.3012,38.25906000012019
16.8287,38.27575000012014
17.0638,38.29241000012029
16.766,38.3090600001202
17.7411,38.32577000012016
16.1637,38.34240000012005
16.8373,38.35909000011999
16.785,38.37577000012016
16.7836,38.39243000012031
16.2965,38.40907000012044
17.1011,38.425780000120405
16.6823,38.44246000012057
16.1967,38.45911000012048
17.4083,38.47581000012066
16.3332,38.49249000012083
16.7461,38.50918000012077
16.7941,38.52588000012096
16.5357,38.5425700001209
16.3991,38.55922000012081
17.0955,38.57593000012077
16.5797,38.59261000012094
15.3636,38.60929000012111
16.7195,38.62601000012131
16.7009,38.64269000012148
16.338,38.65934000012139
17.0149,38.67605000012135
17.0707,38.69272000012128
16.2987,38.70936000012141
17.0024,38.72607000012137
16.7583,38.74276000012132
16.271,38.75941000012122
17.1749,38.776090000121386
16.6269,38.79277000012156
16.7141,38.8094600001215
16.5015,38.826170000121465
16.7154,38.842860000121405
16.6156,38.85953000012133
16.7019,38.87624000012129
16.357,38.892890000121206
17.4992,38.909530000121336
16.5814,38.9262400001213
17.2143,38.94292000012146
16.6366,38.95959000012139
16.7129,38.97625000012154
16.7457,38.992920000121465
16.8739,39.00958000012161
17.5987,39.02624000012176
15.8017,39.04293000012171
16.5185,39.05964000012167
16.5423,39.076330000121615
16.4646,39.09299000012176
16.9058,39.10964000012167
16.6381,39.12633000012161
15.6297,39.14302000012156
15.9331,39.15966000012169
17.1152,39.176340000121854
16.9802,39.193050000121815
16.8241,39.20972000012174
16.9122,39.22641000012169
16.81,39.24312000012165
16.6277,39.2598100001216
16.4145,39.27652000012156
16.8174,39.29319000012149
16.5431,39.30987000012165
16.7457,39.326590000121854
16.6222,39.34327000012202
16.6016,39.359940000121945
16.73,39.37663000012189
16.3175,39.39327000012202
17.0622,39.40993000012217
16.639,39.426620000122114
16.7018,39.443300000122285
16.7334,39.45998000012245
16.6707,39.4766700001224
16.6072,39.49334000012232
16.6973,39.51002000012249
16.8796,39.52671000012244
16.5623,39.5433900001226
16.7659,39.56010000012256
16.5873,39.57679000012251
16.8085,39.59347000012267
16.7286,39.61013000012282
16.2095,39.62678000012273
16.5752,39.643450000122655
16.566,39.66013000012282
17.7917,39.67682000012277
15.7048,39.6934600001229
16.6945,39.71009000012278
17.078,39.72677000012296
16.6532,39.74345000012312
16.6149,39.76013000012329
16.681,39.77682000012323
16.6755,39.79354000012344
16.6937,39.81022000012361
16.4371,39.82692000012379
16.1599,39.8435700001237
16.7409,39.86025000012386
17.0348,39.87697000012407
16.7935,39.89365000012424
16.3224,39.9103300001244
16.804,39.92702000012435
16.7898,39.94371000012429
16.3621,39.96038000012422
16.887,39.97706000012439
16.6317,39.99374000012455
16.519,40.01044000012474
16.8942,40.027160000124944
16.5283,40.04384000012512
16.6647,40.06052000012528
16.7817,40.07721000012523
17.0643,40.093880000125154
16.5315,40.11055000012507
16.8304,40.12724000012502
16.8797,40.14393000012497
15.6792,40.16056000012485
17.2577,40.17724000012502
16.3998,40.19392000012519
16.6842,40.21060000012535
16.9176,40.227280000125525
16.5245,40.24395000012545
16.7279,40.26064000012539
16.7148,40.27733000012534
16.5402,40.29400000012527
16.8311,40.31067000012519
16.5962,40.32739000012539
16.6752,40.34408000012534
16.5331,40.36075000012527
17.1336,40.377440000125205
15.8399,40.394080000125335
17.6302,40.41076000012551
16.2582,40.42741000012541
16.594,40.44409000012558
16.6458,40.46077000012575
16.7774,40.47745000012591
16.6803,40.49413000012608
16.9687,40.51081000012625
16.3912,40.52749000012642
16.8444,40.54416000012635
16.5368,40.56089000012633
16.8076,40.57757000012649
16.5362,40.59427000012668
16.734,40.61094000012661
16.5108,40.62761000012653
16.7507,40.644290000126695
17.1443,40.66097000012687
16.6791,40.67764000012679
16.2392,40.6942900001267
17.0468,40.71097000012686
16.6936,40.72764000012679
16.6381,40.74431000012672
16.6757,40.76099000012688
16.7038,40.77767000012705
16.6896,40.79436000012699
16.6871,40.81104000012717
16.6994,40.82771000012709
16.3245,40.844360000127
17.0393,40.86107000012696
16.672,40.87775000012712
16.6132,40.894430000127294
16.6581,40.91111000012746
16.8065,40.92779000012763
16.8342,40.944470000127794
16.5774,40.9611200001277
16.6486,40.97776000012783
16.1847,40.99440000012796
16.717,41.01108000012813
16.7366,41.027760000128296
16.6623,41.04444000012847
16.5794,41.06112000012863
16.8213,41.07781000012858
16.6543,41.094480000128506
16.5378,41.11116000012867
16.3009,41.1278300001286
16.948,41.14454000012856
16.2402,41.161230000128505
16.8867,41.177920000128445
16.4242,41.194560000128575
17.2101,41.2112300001285
16.4114,41.22788000012841
16.9316,41.244550000128335
16.8935,41.261230000128506
16.6327,41.27792000012845
16.6624,41.29464000012865
16.6791,41.3113300001286
16.6781,41.32804000012856
16.6294,41.34475000012852
16.6894,41.361470000128726
16.6707,41.37816000012867
16.3648,41.39484000012884
17.5448,41.41152000012901
16.1223,41.42820000012917
16.7836,41.4448700001291
17.1222,41.46156000012905
16.1492,41.47820000012918
16.9514,41.49488000012934
16.3994,41.51152000012947
16.9768,41.5281900001294
16.7668,41.54487000012956
16.6869,41.56157000012975
16.6864,41.57825000012992
16.7296,41.59493000013008
16.6236,41.611610000130256
16.7911,41.62829000013042
16.4125,41.64499000013061
16.8787,41.661670000130776
16.2173,41.67838000013074
16.7625,41.69508000013092
16.7791,41.71175000013085
16.6164,41.7284400001308
16.6547,41.745130000130736
16.6578,41.76180000013066
16.3219,41.77845000013057
16.8446,41.79510000013048
17.3777,41.81180000013067
16.4411,41.82848000013083
16.3359,41.84513000013074
17.2343,41.86176000013063
16.1345,41.878410000130536
17.0136,41.8950900001307
16.9845,41.91176000013063
16.4681,41.92842000013078
17.6373,41.94513000013074
16.3421,41.96181000013091
16.6707,41.97845000013104
16.8965,41.995130000131205
16.7156,42.01180000013113
16.3249,42.02849000013107
17.0497,42.04521000013128
16.5923,42.0618800001312
16.4248,42.07852000013133
17.1015,42.095230000131295
16.1523,42.11187000013143
17.1204,42.12857000013162
16.7756,42.14529000013182
15.9651,42.16193000013195
16.6577,42.17864000013192
16.6181,42.195350000131874
16.2807,42.211990000132005
16.7401,42.22864000013191
17.6448,42.24536000013212
16.7436,42.26204000013229
16.2613,42.27875000013225
16.7625,42.295420000132175
16.7176,42.3120900001321
16.39,42.328770000132266
17.0804,42.34546000013221
16.6254,42.36214000013238
16.2805,42.378830000132325
17.0775,42.395540000132286
16.8269,42.41223000013223
16.2343,42.42888000013214
17.1223,42.44557000013208
16.5207,42.46226000013203
15.9114,42.47891000013193
16.9321,42.49563000013214
16.5879,42.51232000013208
16.4839,42.52896000013221
16.8041,42.54565000013216
17.512,42.56233000013232
15.9081,42.57900000013225
16.5159,42.59571000013221
16.6306,42.61239000013238
16.4169,42.629040000132285
17.0498,42.64576000013249
16.525,42.66243000013242
16.4987,42.67908000013232
16.9457,42.69580000013253
16.6372,42.71249000013247
16.3365,42.7291300001326
17.0492,42.74582000013255
16.7571,42.76250000013271
16.4277,42.77915000013262
16.8851,42.79585000013281
16.7998,42.812480000132695
16.5164,42.82916000013286
16.5164,42.845850000132806
16.776,42.86252000013273
16.6156,42.87919000013266
16.3959,42.8958800001326
17.5365,42.91251000013249
16.3224,42.92915000013262
16.4366,42.94582000013254
17.8259,42.962470000132456
15.324,42.9791600001324
17.4907,42.9958100001323
16.3599,43.01250000013225
16.0913,43.02914000013238
17.1769,43.04584000013256
16.5813,43.062550000132525
16.8503,43.07927000013273
16.4684,43.095990000132936
16.8087,43.11269000013312
16.2975,43.12937000013329
17.1572,43.14608000013325
16.0769,43.162760000133424
16.9832,43.17942000013357
16.8658,43.19615000013355
16.6851,43.21279000013368
16.5786,43.22946000013361
16.8533,43.24614000013378
17.0799,43.2628100001337
16.1576,43.279500000133645
16.6466,43.296210000133605
17.1502,43.31289000013378
16.6843,43.32960000013374
16.4543,43.346290000133685
16.7673,43.3629600001336
16.7014,43.3796600001338
16.7657,43.39635000013374
16.9445,43.41303000013391
16.3794,43.42971000013407
17.1615,43.44639000013424
19.8861,43.46307000013441
12.7986,43.47972000013432
16.6504,43.49641000013426
17.0089,43.513090000134426
16.2193,43.5297700001346
17.1463,43.54647000013478
16.553,43.56314000013471
16.7969,43.57982000013487
16.5905,43.596500000135045
16.5742,43.61317000013496
16.7155,43.62984000013489
16.8594,43.64655000013486
16.6479,43.66323000013502
16.5621,43.67991000013519
16.7672,43.696600000135135
16.2209,43.713260000135286
16.6735,43.72994000013545
16.8382,43.74662000013562
16.6942,43.763300000135786
16.6031,43.77998000013596
16.8614,43.79666000013612
16.5367,43.81333000013605
16.7535,43.83001000013621
16.2477,43.84665000013634
16.7721,43.863310000136494
16.4435,43.8799600001364
17.0458,43.89664000013657
16.7293,43.9133100001365
16.3691,43.92999000013666
16.7873,43.94669000013685
16.3799,43.96334000013675
16.8404,43.98001000013668
16.8187,43.99669000013685
17.0376,44.01342000013683
16.655,44.030100000137
16.7877,44.0468200001372
17.113,44.06351000013715
16.5085,44.080190000137314
16.7421,44.09688000013726
17.0011,44.11353000013717
16.9357,44.13025000013737
16.4444,44.14693000013754
15.3462,44.16357000013767
16.8727,44.18023000013782
16.5921,44.19692000013776
16.6636,44.213590000137685
16.6688,44.23026000013761
16.8416,44.24695000013756
16.5836,44.26363000013773
16.8296,44.28033000013791
16.5687,44.29701000013808
16.7523,44.313710000138265
16.4951,44.33041000013845
16.7128,44.34711000013864
16.7859,44.36380000013858
16.6981,44.380480000138746
16.6079,44.39717000013869
17.0844,44.41385000013886
16.5149,44.43050000013877
16.9218,44.447180000138935
16.5892,44.46385000013886
16.6466,44.480510000139006
16.695,44.49720000013895
17.2294,44.51387000013888
16.7043,44.53053000013903
16.5889,44.54722000013897
16.7376,44.56390000013914
16.6159,44.580560000139286
16.5612,44.59725000013923
16.0509,44.6139300001394
16.6347,44.63062000013935
16.6933,44.64732000013953
16.646,44.66401000013948
16.704,44.68069000013964
16.6954,44.69738000013959
16.6125,44.71405000013952
16.1108,44.730690000139646
17.3389,44.74739000013983
16.6638,44.76408000013977
16.6226,44.7807500001397
16.8307,44.79743000013987
17.0168,44.81411000014003
16.328,44.83075000014016
17.0604,44.847430000140335
16.6165,44.86412000014028
16.6897,44.88080000014045
16.6775,44.897520000140645
17.0664,44.9141800001408
16.6666,44.93086000014097
16.1707,44.94755000014091
17.424,44.964220000140834
15.8684,44.98086000014096
16.3944,44.99756000014115
16.8934,45.01424000014132
16.5406,45.030900000141465
16.7335,45.04759000014141
16.6615,45.06426000014134
16.6632,45.08095000014128
16.5943,45.097620000141205
16.7625,45.11430000014138
16.8014,45.13099000014132
16.949,45.14771000014152
16.1671,45.16440000014147
16.6572,45.181080000141634
16.7824,45.19777000014158
16.6825,45.21445000014175
16.688,45.23114000014169
16.991,45.24782000014186
16.5405,45.26451000014181
16.3515,45.281150000141935
17.0536,45.29782000014186
16.6862,45.31449000014179
16.7046,45.33117000014195
16.6718,45.34784000014188
16.642,45.36452000014204
16.6953,45.381200000142215
16.6692,45.39787000014214
16.6617,45.41455000014231
16.9356,45.43123000014247
16.5097,45.44795000014268
16.667,45.46464000014262
16.7406,45.48132000014279
16.7051,45.498010000142735
16.274,45.51466000014264
17.0245,45.53133000014257
16.6201,45.548000000142494
16.6161,45.56468000014266
16.8041,45.581350000142585
16.6557,45.59803000014276
16.6354,45.61471000014292
16.4756,45.63136000014283
16.9556,45.648040000143
16.6496,45.66470000014314
16.5241,45.68140000014333
17.046,45.69810000014352
16.3953,45.71478000014368
16.425,45.731460000143855
16.6888,45.74814000014402
16.7559,45.76482000014419
16.2607,45.78146000014432
16.9082,45.79815000014426
16.7397,45.81483000014443
16.2831,45.83148000014434
17.2147,45.8481600001445
16.859,45.86483000014443
16.7933,45.881510000144594
16.359,45.89815000014472
16.9344,45.91484000014467
16.7199,45.9315100001446
16.847,45.9482300001448
16.6428,45.96493000014499
16.3542,45.981580000144895
17.1011,45.9983000001451
16.5527,46.015000000145285
16.7902,46.03167000014521
16.8472,46.048350000145376
16.1067,46.06503000014555
16.9177,46.081700000145474
16.7715,46.09838000014564
16.596,46.115050000145565
16.7611,46.13172000014549
16.6451,46.14842000014568
16.5624,46.1650900001456
16.6076,46.18174000014551
16.9021,46.19843000014546
16.6485,46.21511000014562
16.6435,46.23183000014583
16.7134,46.248520000145774
16.7524,46.265210000145714
17.241,46.28190000014566
15.6366,46.29854000014579
17.082,46.31523000014573
16.7127,46.33192000014568
16.1346,46.348590000145606
17.087,46.36525000014575
16.6742,46.38192000014568
16.5033,46.39857000014558
17.1173,46.41524000014551
16.2952,46.431890000145415
17.405,46.44857000014559
16.6786,46.46528000014555
16.5074,46.4819400001457
16.6555,46.498610000145625
16.9429,46.51531000014581
16.6823,46.53200000014575
16.3445,46.548650000145656
17.0855,46.56536000014562
16.5592,46.58205000014557
16.3457,46.59872000014549
17.1113,46.61540000014566
16.7281,46.63210000014585
16.3704,46.64876000014599
16.8834,46.66544000014616
16.6205,46.6821300001461
16.6828,46.698810000146274
16.6601,46.71553000014648
16.6612,46.732200000146406
16.3204,46.74884000014654
16.9547,46.76554000014672
15.519,46.78219000014663
16.9978,46.79885000014678
17.0753,46.81557000014698
16.8078,46.83225000014715
16.3155,46.848900000147054
17.0947,46.865580000147226
16.5955,46.88224000014737
16.5333,46.89889000014728
16.8735,46.91560000014724
16.4729,46.932260000147394
17.292,46.948950000147335
16.4729,46.965610000147485
15.4644,46.982250000147616
17.3443,46.99893000014778
16.6193,47.01564000014775
16.6843,47.03232000014791
16.3711,47.04898000014806
17.1019,47.06570000014827
16.4722,47.0823700001482
16.7729,47.09907000014838
16.7964,47.115770000148565
16.6506,47.13247000014875
16.3775,47.14915000014892
16.8531,47.165830000149086
16.2594,47.18248000014899
16.668,47.1991300001489
17.2469,47.21584000014887
16.2388,47.23247000014875
16.9019,47.24915000014892
17.4116,47.26584000014886
15.9757,47.28248000014899
16.6119,47.2991300001489
16.8411,47.31585000014911
16.9968,47.33254000014905
16.3543,47.34921000014897
16.5826,47.36592000014894
16.8023,47.38261000014888
16.5603,47.399330000149085
16.7079,47.41603000014927
16.4978,47.432680000149176
17.1277,47.44938000014937
16.3902,47.46608000014955
16.8146,47.48275000014948
16.6023,47.4994200001494
16.6041,47.516140000149605
16.8929,47.532820000149776
16.5898,47.5494900001497
16.5447,47.56617000014987
16.942,47.582840000149794
16.4985,47.59955000014976
16.7746,47.61625000014994
16.6157,47.63295000015013
16.9623,47.649630000150296
16.1572,47.6662800001502
17.0,47.68296000015037
16.5973,47.69962000015052
16.9026,47.71631000015047
16.2156,47.73296000015037
16.9753,47.74964000015054
16.7667,47.76632000015071
16.7904,47.78298000015086
16.1703,47.79962000015099
17.0071,47.81630000015115
17.15,47.83301000015112
16.4653,47.84968000015104
16.7731,47.86638000015123
16.7379,47.8830600001514
16.6556,47.89977000015136
16.4764,47.91641000015149
17.2834,47.93308000015141
15.9491,47.94976000015159
16.7412,47.96648000015179
16.3292,47.98312000015192
17.7607,47.999800000152085
15.9969,48.01649000015203
16.1525,48.033150000152176
16.7532,48.04979000015231
16.8962,48.06646000015223
16.8581,48.08319000015221
16.5976,48.09988000015216
16.3414,48.11653000015207
17.0811,48.133200000152
16.5865,48.14991000015196
16.2457,48.16659000015212
16.8381,48.18327000015229
16.4238,48.199950000152455
17.2403,48.21666000015242
16.567,48.23334000015259
16.6697,48.250010000152514
16.8867,48.26668000015244
16.4874,48.2833900001524
16.7748,48.30006000015233
16.2677,48.31671000015224
17.039,48.33338000015216
17.05,48.35005000015209
16.7626,48.36675000015227
17.7318,48.38343000015244
16.5595,48.40011000015261
16.9608,48.416780000152535
16.5381,48.43347000015248
16.6597,48.45015000015265
16.7015,48.46684000015259
17.2493,48.48357000015257
16.03,48.50026000015252
15.9806,48.51694000015268
16.7649,48.533610000152606
16.5148,48.55028000015253
16.4533,48.56694000015269
17.0892,48.583630000152624
16.2541,48.600270000152754
16.8783,48.61694000015268
16.7362,48.633620000152845
16.6432,48.650280000153
17.1381,48.66696000015317
16.4991,48.68364000015333
16.5377,48.70031000015326
16.9634,48.71701000015344
16.2289,48.73370000015339
16.9491,48.75037000015332
16.6058,48.76708000015328
16.7823,48.78378000015346
16.4196,48.800440000153614
15.7763,48.81710000015376
16.7126,48.833770000153685
16.6127,48.850450000153856
16.4939,48.86711000015401
16.7138,48.88377000015415
16.8254,48.9004600001541
16.6279,48.917130000154025
16.8729,48.933820000153965
16.4645,48.95049000015389
16.728,48.96719000015408
16.7042,48.98390000015405
16.6043,49.00058000015421
16.8097,49.01726000015437
16.6839,49.03398000015458
16.686,49.050670000154525
16.676,49.06736000015447
17.2773,49.08406000015466
17.2528,49.10073000015458
16.6897,49.11741000015475
16.7236,49.13408000015468
17.0694,49.150740000154826
16.1494,49.167430000154766
16.7255,49.18411000015494
16.6128,49.20078000015486
16.9242,49.21746000015503
16.7143,49.23414000015519
16.4093,49.25081000015512
16.7209,49.26749000015529
16.698,49.284170000155456
16.7801,49.3008600001554
16.6401,49.31755000015534
16.6108,49.33423000015552
16.5621,49.35091000015568
16.8494,49.367600000155626
16.7623,49.38428000015579
17.024,49.40095000015572
16.4329,49.41763000015588
14.9547,49.4342800001558
16.8947,49.45096000015596
16.7405,49.46764000015612
16.6963,49.48433000015607
16.6806,49.501000000156
16.8065,49.51769000015594
16.6629,49.53437000015611
16.4984,49.55105000015627
16.8016,49.56774000015622
16.6741,49.58442000015639
16.5769,49.60112000015658
16.8248,49.61781000015652
16.6342,49.63448000015645
16.6895,49.65116000015661
16.5846,49.66785000015656
16.8736,49.68453000015672
16.5509,49.701200000156646
16.6092,49.71788000015682
16.7949,49.73455000015674
16.7375,49.75123000015691
16.6416,49.767920000156856
16.7442,49.78460000015702
16.3064,49.80126000015717
17.0037,49.8179300001571
16.6564,49.83460000015702
22.9096,49.85128000015719
10.2538,49.86795000015712
16.8169,49.88462000015704
16.6558,49.90130000015721
16.7031,49.91797000015713
16.3692,49.934610000157264
16.8975,49.95128000015719
16.6802,49.967980000157375
16.7827,49.98467000015732
16.6268,50.00135000015749
16.7726,50.01803000015765
16.6423,50.0347200001576
16.7902,50.05140000015776
16.5357,50.06807000015769
16.8636,50.084770000157874
16.5452,50.10149000015808
16.8898,50.11818000015803
16.5384,50.13487000015797
17.3832,50.15154000015789
15.4529,50.16818000015802
17.1368,50.184840000158175
16.45,50.20149000015808
16.8344,50.21817000015825
16.4705,50.2348300001584
17.0355,50.25150000015832
16.617,50.268180000158495
16.7952,50.28485000015842
16.5583,50.30152000015834
16.7991,50.31821000015829
16.5613,50.334930000158494
16.6762,50.351620000158434
16.7047,50.3683300001584
16.7629,50.38502000015834
16.2977,50.40170000015851
17.0347,50.41839000015845
16.4846,50.43505000015861
16.7514,50.45172000015853
16.4914,50.46837000015844
16.4729,50.48501000015857
17.294,50.50170000015852
16.2139,50.51835000015842
17.0973,50.53502000015834
16.5533,50.55169000015827
16.5503,50.56837000015844
17.0113,50.5850500001586
16.5489,50.60174000015855
16.4885,50.61841000015848
16.9083,50.63513000015868
16.606,50.65184000015864
16.5162,50.66848000015877
16.827,50.685190000158734
17.0809,50.70188000015868
16.3279,50.71853000015859
16.9744,50.73524000015855
16.7832,50.75191000015848
16.2232,50.76856000015838
16.9625,50.78525000015833
16.5644,50.80189000015846
16.9328,50.81857000015862
16.7479,50.83529000015883
16.6042,50.85197000015899
30.0059,50.86861000015912
10.5548,50.885290000159294
10.9025,50.9019400001592
16.145,50.91861000015913
16.9236,50.93533000015933
16.4881,50.9520100001595
16.2909,50.96869000015967
17.0972,50.98537000015983
16.5332,51.002030000159984
16.3441,51.018670000160114
17.0411,51.03538000016008
16.3345,51.052060000160246
16.5857,51.06874000016041
17.1857,51.08543000016036
16.4368,51.10208000016026
16.9825,51.11877000016021
17.4454,51.13548000016017
15.6098,51.1521200001603
15.9127,51.16877000016021
17.0681,51.18548000016017
16.657,51.20217000016012
17.0857,51.2188700001603
15.8442,51.23555000016047
16.9461,51.25222000016039
16.5944,51.26890000016056
16.8067,51.28557000016048
16.2977,51.30222000016039
16.7799,51.31890000016056
16.9856,51.335620000160766
16.6392,51.35231000016071
16.3437,51.3689400001606
17.126,51.38563000016054
16.2886,51.40231000016071
17.0148,51.41898000016064
16.8331,51.4356900001606
17.092,51.45237000016076
16.3544,51.46904000016069
16.8895,51.485760000160894
15.9582,51.502440000161066
16.1633,51.51907000016095
17.1113,51.53578000016091
16.8124,51.55243000016082
16.9622,51.56913000016101
16.6206,51.58582000016095
16.3556,51.60245000016084
16.6952,51.61910000016075
17.0649,51.63582000016096
16.678,51.65250000016112
16.3926,51.66915000016103
17.0882,51.68587000016123
16.6145,51.702570000161415
16.6131,51.7192700001616
16.7253,51.73596000016155
16.376,51.752630000161474
16.9577,51.76935000016168
16.583,51.786050000161865
17.1968,51.80273000016203
17.0189,51.8194100001622
16.0409,51.83607000016235
17.0308,51.85275000016252
16.633,51.86941000016267
15.0963,51.88607000016281
17.2467,51.90275000016298
16.98,51.91944000016293
16.2416,51.93609000016284
17.0906,51.952780000162775
16.364,51.96943000016268
17.0718,51.98611000016285
16.6245,52.002840000162834
16.2253,52.019520000163
16.7189,52.03622000016318
17.0113,52.05291000016313
16.8695,52.06957000016328
16.3006,52.08622000016319
16.5775,52.10289000016312
16.8909,52.11954000016302
16.6935,52.13623000016296
17.1821,52.15290000016289
16.2269,52.169570000162814
16.7204,52.18625000016298
16.6956,52.202920000162905
16.7002,52.21961000016285
16.7022,52.23631000016304
16.7429,52.2529900001632
16.9914,52.26971000016341
16.6759,52.286420000163375
16.7893,52.30312000016356
16.7551,52.319790000163486
16.7076,52.33647000016365
16.4763,52.35315000016382
16.6672,52.36983000016399
16.6149,52.38651000016416
17.3327,52.40318000016408
16.4926,52.41988000016427
16.3112,52.436560000164434
16.7399,52.453240000164605
16.7728,52.46992000016477
16.6091,52.48662000016496
17.1683,52.503300000165126
16.0374,52.519970000165046
16.9121,52.53665000016522
16.6324,52.55334000016517
16.7198,52.57002000016533
17.123,52.58672000016551
15.1611,52.603400000165685
16.3414,52.62006000016583
16.8328,52.63673000016576
17.5812,52.65340000016568
16.6677,52.67008000016585
16.7643,52.686770000165794
17.06,52.703450000165965
16.8133,52.720120000165885
16.6125,52.73681000016583
16.6571,52.75348000016576
16.6481,52.77016000016592
16.9199,52.78686000016611
16.3964,52.80354000016628
16.6258,52.820210000166206
16.4462,52.83688000016613
15.9063,52.85357000016607
16.503,52.87025000016624
16.5564,52.88692000016616
16.1806,52.90356000016629
17.4493,52.92024000016647
16.5609,52.93691000016639
16.7941,52.95359000016656
16.5344,52.97025000016671
16.711,52.98693000016687
16.918,53.00362000016682
16.4599,53.02028000016697
16.7713,53.036960000167134
17.0245,53.05365000016708
17.5803,53.07036000016704
16.7419,53.08703000016697
16.6218,53.10372000016691
16.6865,53.12038000016706
16.5722,53.13707000016701
16.7765,53.15376000016695
16.6264,53.17043000016688
16.8914,53.18712000016682
16.5888,53.203800000166986
16.7212,53.22048000016716
16.5583,53.23716000016732
16.5797,53.253840000167486
16.6756,53.27051000016741
17.0154,53.2872100001676
16.4222,53.303900000167545
16.6516,53.32058000016771
17.3905,53.337270000167656
16.2936,53.35395000016783
15.9317,53.37059000016796
17.2291,53.38726000016788
16.708,53.40394000016805
16.4726,53.42062000016821
16.7585,53.43730000016839
16.7717,53.45398000016855
16.3101,53.47062000016868
17.339,53.48730000016885
16.3836,53.503980000169015
16.5943,53.52065000016894
16.9033,53.5373600001689
16.4044,53.55405000016885
16.9595,53.57072000016878
16.745,53.58741000016872
16.4828,53.60410000016866
16.7238,53.62077000016859
16.5743,53.6374900001688
16.5845,53.65416000016872
16.4041,53.67081000016862
16.9539,53.68749000016879
16.8244,53.70416000016872
16.5874,53.72084000016888
16.9498,53.73753000016883
16.4684,53.75420000016876
16.6522,53.77087000016868
16.7189,53.78755000016885
16.693,53.80424000016879
16.8934,53.82092000016896
16.5255,53.83763000016892
16.7565,53.85432000016887
16.4721,53.87101000016881
16.6939,53.88769000016898
17.1552,53.90436000016891
14.934,53.92104000016907
16.3056,53.93769000016898
16.7795,53.95435000016913
16.8742,53.97103000016929
16.4206,53.987680000169206
17.0876,54.004350000169126
16.374,54.0210300001693
17.0064,54.03772000016924
16.5455,54.05439000016917
16.8399,54.07108000016911
16.6738,54.08777000016905
16.6999,54.10449000016926
16.6032,54.12119000016944
16.6856,54.13786000016937
17.2493,54.15458000016957
15.9491,54.17126000016975
16.9592,54.18794000016991
16.5378,54.20461000016984
16.6565,54.22130000016978
16.6524,54.23798000016995
16.7253,54.25466000017011
16.6044,54.27133000017004
16.7315,54.28801000017021
16.571,54.304690000170375
16.8465,54.32137000017055
16.6723,54.338060000170486
16.713,54.35473000017041
16.2918,54.37138000017032
17.0418,54.388070000170266
16.9911,54.40474000017019
16.3087,54.42138000017032
17.1472,54.43806000017049
16.2669,54.4547100001704
16.6932,54.4713600001703
16.6274,54.48800000017043
16.9372,54.50467000017036
16.7867,54.521360000170304
16.7072,54.538070000170265
16.7771,54.55474000017019
16.2464,54.571400000170335
16.9606,54.58812000017054
16.7698,54.60481000017049
16.6056,54.62152000017045
16.5954,54.63823000017042
16.7313,54.65494000017038
16.5505,54.67160000017053
16.8617,54.68826000017067
16.6912,54.70494000017084
16.6641,54.72162000017101
16.7274,54.73832000017119
16.4974,54.75499000017112
16.4023,54.77163000017125
16.9851,54.788300000171176
16.726,54.8049700001711
16.4064,54.82162000017101
16.6856,54.838290000170936
17.0609,54.85498000017088
16.3291,54.87163000017079
17.6141,54.88832000017073
15.8764,54.9050000001709
16.4925,54.921680000171065
16.6133,54.93837000017101
16.5347,54.95502000017092
17.1467,54.971690000170845
16.7688,54.98841000017104
16.6555,55.00512000017101
16.3851,55.02176000017114
17.0568,55.0384700001711
16.6006,55.05514000017103
16.4087,55.07180000017118
16.9036,55.088480000171344
16.7538,55.105190000171305
16.6916,55.12191000017151
16.3793,55.13857000017166
17.4837,55.15525000017183
16.0002,55.171930000172
16.6076,55.18863000017218
16.8141,55.20529000017233
16.3582,55.22193000017246
17.3686,55.2386200001724
16.3859,55.255300000172575
16.3633,55.27194000017271
16.9142,55.28862000017287
16.7448,55.30533000017284
16.6404,55.32200000017276
16.4777,55.33865000017267
16.849,55.355350000172855
16.6893,55.37205000017304
16.3413,55.3887300001732
17.4721,55.40542000017315
16.4401,55.4221100001731
16.1947,55.43878000017302
17.3012,55.45546000017319
16.0019,55.47213000017312
16.4595,55.48878000017302
17.1453,55.50550000017323
16.7459,55.52217000017316
16.7464,55.538840000173074
16.3326,55.55555000017304
16.4347,55.57220000017295
16.5738,55.588830000172834
16.9335,55.60553000017302
16.8709,55.62221000017319
16.2643,55.63887000017334
17.132,55.6555800001733
16.9833,55.67225000017323
16.3421,55.68891000017337
17.0425,55.70560000017332
16.6874,55.72229000017326
16.2434,55.73896000017319
17.0708,55.75568000017339
16.6371,55.77238000017358
16.4791,55.78903000017349
16.9181,55.80574000017345
16.3914,55.82239000017336
16.8358,55.83906000017328
16.797,55.85576000017347
16.6657,55.8724300001734
16.3242,55.889070000173525
16.9595,55.90579000017373
16.8647,55.922470000173895
16.2949,55.939110000174026
16.8804,55.95581000017421
16.4487,55.97246000017412
16.5267,55.98916000017431
16.9007,56.00585000017425
16.4314,56.02250000017416
16.8797,56.0391900001741
16.3711,56.05590000017406
16.9653,56.07259000017401
16.5876,56.089270000174174
16.7474,56.10599000017438
16.9355,56.122640000174286
16.6436,56.13934000017447
17.2729,56.15603000017442
16.2449,56.17271000017458
16.3478,56.18940000017453
16.2308,56.20608000017469
16.7245,56.22277000017464
16.4338,56.23942000017455
16.8827,56.25609000017448
16.802,56.2727600001744
16.6471,56.289480000174606
16.7144,56.30617000017455
17.1072,56.322860000174494
16.2548,56.3395100001744
16.8871,56.356210000174585
16.9412,56.37289000017476
16.2529,56.38954000017466
16.7355,56.4062300001746
16.793,56.42291000017477
16.7809,56.43959000017494
16.7149,56.45626000017487
17.0759,56.47295000017481
16.6143,56.48961000017496
16.7977,56.50632000017493
16.6339,56.52300000017509
16.3508,56.539650000174994
16.9236,56.55634000017494
17.27,56.57303000017488
16.6881,56.58971000017505
16.6778,56.60639000017522
16.6247,56.62307000017539
16.659,56.63974000017532
16.4123,56.65641000017524
16.8965,56.67309000017541
16.7691,56.68977000017557
16.6356,56.70648000017554
16.736,56.72317000017548
16.5677,56.73983000017563
16.8709,56.75652000017557
16.8083,56.77321000017552
16.4462,56.78988000017544
16.423,56.80655000017537
15.9028,56.82325000017556
16.3384,56.839910000175706
16.7081,56.85659000017587
16.7908,56.87327000017604
16.4324,56.889930000176186
17.0133,56.90660000017611
16.3806,56.92326000017626
16.8626,56.939920000176414
16.686,56.956610000176354
16.5545,56.973290000176526
16.8503,56.989960000176445
16.4105,57.0066200001766
16.9241,57.023310000176544
16.6241,57.03997000017669
16.8014,57.056680000176655
16.694,57.073390000176616
16.6056,57.09008000017656
16.716,57.10678000017675
17.7784,57.12347000017669
16.3448,57.14015000017686
16.8034,57.1568400001768
16.8007,57.173560000177005
16.1775,57.19022000017716
16.4995,57.20689000017708
16.973,57.223550000177234
16.6727,57.24022000017715
16.5953,57.25689000017708
16.727,57.27356000017701
16.6445,57.29023000017693
16.8014,57.30692000017687
16.6389,57.323600000177045
16.7302,57.34027000017697
16.5427,57.35696000017691
16.3965,57.37367000017688
16.7013,57.39035000017704
17.081,57.407030000177215
16.5942,57.4237300001774
16.6787,57.44039000017754
16.6136,57.45706000017747
16.795,57.47374000017764
16.6373,57.49041000017757
16.678,57.50708000017749
16.8306,57.52376000017766
16.4858,57.54043000017759
16.8806,57.55712000017753
16.5992,57.573810000177474
16.7435,57.5904800001774
16.7061,57.60718000017759
16.619,57.623870000177526
16.6093,57.64054000017745
16.7492,57.6572300001774
16.0618,57.673900000177326
16.4014,57.69058000017749
16.7705,57.70726000017766
17.0971,57.72394000017783
16.4728,57.74061000017775
16.5419,57.75729000017792
16.6084,57.77397000017809
16.7029,57.79065000017825
17.3991,57.8073400001782
16.7765,57.82401000017813
16.6492,57.84071000017831
16.797,57.85740000017825
16.4885,57.87408000017842
16.4215,57.89072000017856
16.7725,57.90737000017846
16.974,57.92406000017841
16.6257,57.94073000017833
16.6851,57.957400000178254
16.658,57.974080000178425
16.5942,57.99076000017859
16.9091,58.00744000017876
15.5354,58.02408000017889
16.5461,58.04072000017902
17.1374,58.05744000017923
16.7299,58.07416000017943
16.6954,58.090820000179576
16.8283,58.10751000017952
16.4871,58.12420000017946
16.7094,58.14087000017939
16.9106,58.15754000017932
16.4123,58.174230000179264
16.6767,58.19093000017945
16.5269,58.207630000179634
16.5014,58.22428000017954
17.0601,58.24095000017947
16.5483,58.25765000017965
16.8044,58.27433000017982
16.7049,58.29100000017974
16.6303,58.30769000017969
16.7087,58.32439000017988
16.6905,58.3410600001798
16.5769,58.35775000017974
16.7093,58.374450000179934
17.2249,58.39115000018012
16.8218,58.40783000018028
16.4573,58.42450000018021
16.6396,58.44115000018012
17.0302,58.45783000018029
16.6014,58.47450000018021
16.6332,58.49114000018034
16.9253,58.50782000018051
16.5983,58.52450000018068
16.7527,58.5411700001806
16.6658,58.55785000018077
16.6752,58.574530000180935
16.7522,58.59121000018111
16.4029,58.60791000018129
16.8405,58.62460000018123
16.6833,58.6412800001814
16.4746,58.65798000018159
15.9609,58.67462000018172
17.039,58.691290000181645
16.5565,58.70797000018181
16.7579,58.72465000018198
17.1684,58.74133000018215
16.4182,58.75800000018207
16.4627,58.77469000018202
16.3468,58.79132000018191
17.0328,58.80801000018185
16.7073,58.82471000018204
16.8274,58.84143000018224
16.237,58.85810000018217
16.8894,58.87479000018211
16.489,58.891440000182016
16.5224,58.90808000018215
17.4187,58.92477000018209
16.4007,58.94141000018222
17.0253,58.95813000018243
16.6257,58.97480000018236
16.3346,58.991440000182486
16.6301,59.008080000182616
17.1689,59.0247800001828
15.6758,59.04142000018293
17.0284,59.05814000018314
16.641,59.07486000018334
16.5686,59.09151000018325
16.322,59.10819000018341
16.895,59.12484000018332
17.1866,59.14150000018347
16.6721,59.1581700001834
16.1366,59.17486000018334
16.6977,59.19151000018325
16.8552,59.20822000018321
16.8163,59.22489000018314
16.9753,59.24156000018306
16.2346,59.25826000018325
16.8401,59.274980000183454
16.6975,59.29170000018366
16.2831,59.30837000018358
16.9923,59.32508000018355
16.7426,59.34178000018373
16.3095,59.35845000018366
17.0307,59.3751400001836
16.727,59.391810000183526
16.237,59.40846000018343
16.7491,59.42511000018334
16.7324,59.44175000018347
16.5914,59.4583900001836
17.1436,59.475100000183566
16.6555,59.49176000018371
16.6842,59.50840000018384
17.0355,59.525120000184046
16.6521,59.54179000018397
16.3259,59.55844000018388
16.9266,59.57515000018385
17.2156,59.59186000018381
16.2585,59.60854000018397
17.496,59.62524000018416
16.7832,59.64192000018433
16.2465,59.658590000184255
17.0523,59.67532000018424
16.7714,59.69198000018439
16.2751,59.70863000018429
17.0633,59.7253500001845
16.736,59.74204000018444
16.2014,59.758690000184345
17.1783,59.77540000018431
16.5528,59.79209000018425
16.4159,59.80873000018438
17.0573,59.82545000018459
16.5129,59.84212000018452
16.4625,59.85879000018444
17.3811,59.8755000001844
16.9403,59.89218000018457
16.8851,59.9088200001847
16.2998,59.92550000018487
16.4664,59.9421700001848
14.7505,59.9588200001847
17.0542,59.97554000018491
16.4044,59.99219000018481
17.589,60.00887000018498
16.2067,60.02557000018516
16.8814,60.04225000018533
16.4199,60.05889000018546
16.4344,60.07561000018567
16.6288,60.09232000018563
16.6503,60.1090000001858
16.6616,60.12571000018576
17.1334,60.14239000018593
17.0225,60.15906000018585
15.8337,60.17571000018576
16.978,60.192380000185686
16.6401,60.20904000018584
16.7729,60.22576000018604
16.5928,60.24244000018621
16.6542,60.25912000018638
16.8261,60.27581000018632
16.6027,60.29249000018649
16.57,60.30916000018642
16.8845,60.325880000186615
16.6815,60.34260000018682
16.6155,60.35929000018677
16.5894,60.37599000018695
16.7241,60.39267000018712
16.8242,60.40935000018729
16.8296,60.426020000187215
16.3632,60.44270000018738
17.4698,60.459370000187306
16.8391,60.47606000018725
16.3703,60.49271000018716
16.9112,60.50937000018731
17.0291,60.52604000018723
16.4031,60.5427200001874
16.7507,60.559400000187566
16.6142,60.57608000018774
16.6498,60.59278000018792
16.7461,60.60946000018809
16.6388,60.626150000188034
16.6677,60.642830000188205
16.4645,60.65951000018837
16.9297,60.67620000018832
16.7123,60.69289000018826
16.496,60.70954000018816
16.7754,60.726220000188334
16.7034,60.74289000018826
16.6835,60.759550000188405
16.6652,60.77624000018835
16.8037,60.79291000018828
16.5065,60.80957000018842
16.8071,60.82628000018839
16.8016,60.84296000018856
16.5829,60.859640000188726
16.6287,60.87635000018869
15.6215,60.89302000018861
16.3546,60.90969000018854
16.727,60.92638000018848
16.8405,60.94305000018841
16.1953,60.95970000018831
16.937,60.976380000188485
17.5661,60.9930500001884
16.6496,61.00972000018833
16.7501,61.0264000001885
16.6039,61.04307000018842
16.6235,61.05975000018859
16.7286,61.07644000018853
29.9768,61.09312000018871
10.991,61.10977000018861
9.6804,61.12645000018878
15.2992,61.14315000018897
16.3696,61.15980000018887
16.9117,61.17650000018906
16.9513,61.193190000189006
16.4801,61.20987000018917
16.5895,61.2265400001891
17.5565,61.24322000018926
16.6998,61.25989000018919
16.6173,61.27660000018915
16.7702,61.29331000018912
16.5584,61.30998000018904
16.6715,61.32669000018901
16.7901,61.34337000018917
16.5242,61.36003000018932
16.7536,61.37671000018949
16.6633,61.39340000018943
17.2558,61.4100800001896
16.0886,61.42677000018954
17.1251,61.44344000018947
15.892,61.460090000189375
16.9072,61.4767600001893
16.5047,61.493440000189466
16.9955,61.51010000018962
16.2899,61.52679000018957
16.7557,61.54347000018973
16.578,61.5601500001899
16.8039,61.576830000190064
17.0723,61.59351000019023
16.6834,61.610200000190176
16.678,61.626910000190136
17.278,61.64360000019008
16.3751,61.66025000018999
16.8939,61.67694000018994
16.6788,61.6936200001901
16.4662,61.71029000019003
17.1244,61.72697000019019
16.3028,61.74364000019012
16.7869,61.76032000019029
16.6451,61.777000000190455
16.616,61.79368000019063
16.7209,61.81036000019079
16.9951,61.827080000191
14.9438,61.84372000019113
16.8995,61.86036000019126
16.7325,61.87706000019144
16.7447,61.89374000019161
16.5956,61.91043000019155
16.6585,61.927110000191725
16.7336,61.94379000019189
16.3364,61.9604400001918
16.4968,61.9770900001917
17.0711,61.99376000019163
16.6693,62.01048000019183
16.949,62.02720000019204
16.6569,62.043870000191966
17.3644,62.06054000019189
15.7095,62.0771900001918
17.155,62.093860000191725
16.3476,62.11054000019189
16.6953,62.12724000019208
16.8019,62.14395000019204
16.7963,62.16060000019195
16.5335,62.17728000019211
16.6587,62.19396000019229
16.6176,62.21064000019245
16.7023,62.2273300001924
16.6854,62.24404000019236
16.7758,62.2607300001923
16.6335,62.27741000019247
16.5218,62.29409000019263
16.2309,62.31074000019254
16.7628,62.32741000019247
17.0655,62.34408000019239
16.8435,62.36075000019232
16.6894,62.377440000192266
16.5257,62.394110000192185
16.7615,62.41078000019211
16.7644,62.42745000019204
16.4032,62.44409000019217
17.1628,62.46078000019212
16.7391,62.47749000019208
16.6137,62.49420000019204
16.6336,62.51087000019197
16.7873,62.52755000019213
17.0446,62.54421000019228
16.4137,62.56087000019243
17.0516,62.5775500001926
16.6274,62.594230000192766
16.6574,62.61094000019273
16.8509,62.6276200001929
16.5718,62.64430000019306
16.7098,62.660980000193234
16.644,62.67767000019317
16.7708,62.69436000019312
16.8506,62.71105000019306
15.5122,62.72773000019323
16.7853,62.7444100001934
16.6033,62.76109000019357
16.8296,62.77777000019373
16.9202,62.79446000019368
16.0403,62.81111000019359
17.0898,62.82779000019375
16.5865,62.84447000019392
16.7155,62.86113000019407
16.8575,62.87781000019424
16.689,62.8945200001942
17.0849,62.91120000019437
16.376,62.92789000019431
16.5808,62.94457000019448
16.2846,62.96121000019461
16.9146,62.9779100001948
16.8344,62.99460000019474
