Interval,Timer
16.7479,5.001510000003036
16.5207,5.018210000003222
16.9507,5.034870000003371
16.4746,5.051590000003577
16.6845,5.068270000003744
16.6302,5.084930000003893
16.5562,5.101640000003855
17.124,5.118290000003762
16.5424,5.13497000000393
16.7933,5.151650000004098
16.1003,5.168350000004284
17.2433,5.185000000004191
16.4559,5.201710000004153
16.9756,5.218370000004303
16.313,5.2350200000042095
16.8644,5.251700000004377
16.6151,5.268370000004302
16.6669,5.285040000004228
16.5029,5.301720000004396
16.8031,5.318400000004564
16.7962,5.33505000000447
16.356,5.351760000004433
16.8389,5.368420000004583
16.4529,5.385080000004731
16.3384,5.4017500000046565
16.8878,5.418440000004601
16.6839,5.435120000004768
16.6471,5.451800000004936
16.8953,5.468480000005104
16.5833,5.485160000005271
16.4984,5.501830000005197
16.945,5.518510000005365
16.585,5.535190000005532
16.5764,5.5518700000057
16.6002,5.568540000005625
16.6947,5.585210000005551
16.5089,5.601870000005699
16.7354,5.618540000005625
16.6335,5.635190000005532
17.1745,5.651890000005718
16.6713,5.668600000005681
16.2898,5.685240000005812
16.5408,5.701900000005961
16.7164,5.718580000006128
17.301,5.735280000006314
16.618,5.7519800000065
16.6656,5.768680000006687
16.1021,5.785360000006855
16.993,5.802040000007022
17.0129,5.8187400000072085
18.0367,5.835400000007358
15.5572,5.852090000007301
15.5995,5.868810000007507
17.3074,5.88550000000745
16.4942,5.902170000007376
16.5511,5.918830000007525
17.1622,5.935520000007469
16.4806,5.952230000007432
16.7649,5.968910000007599
16.6742,5.985560000007506
16.6634,6.002240000007674
16.7067,6.018920000007841
16.1727,6.035600000008009
17.0314,6.052310000007972
17.043,6.06899000000814
16.6891,6.085670000008308
16.6205,6.102310000008438
16.7782,6.118990000008606
16.692,6.135670000008773
16.6744,6.152360000008717
16.6045,6.169040000008885
16.6405,6.185720000009052
16.11,6.202360000009183
16.3454,6.219000000009313
17.1984,6.235680000009481
16.0619,6.252360000009649
16.7914,6.269070000009611
16.6271,6.28573000000976
16.6006,6.302440000009723
17.2405,6.319100000009872
16.0977,6.335770000009798
17.1128,6.352470000009983
16.5997,6.369180000009947
17.0828,6.385850000009872
16.1917,6.40253000001004
16.9559,6.419200000009965
16.5236,6.435850000009872
17.028,6.452520000009797
16.2043,6.469190000009723
17.038,6.485860000009649
16.1819,6.502540000009816
16.9387,6.519190000009723
16.2062,6.53584000000963
16.4988,6.552530000009574
16.781,6.569200000009499
17.3843,6.585880000009667
16.416,6.602560000009834
16.3578,6.619270000009798
16.5688,6.635930000009947
16.5314,6.6526200000098905
16.7095,6.669310000009835
16.5798,6.685990000010002
16.6876,6.702680000009947
17.4089,6.7193800000101325
16.868,6.736070000010077
16.1701,6.752790000010282
16.6571,6.769520000010263
16.4507,6.78617000001017
17.2198,6.802870000010357
16.7901,6.819580000010319
17.0532,6.8362900000102815
16.2713,6.852970000010449
16.8984,6.869640000010375
16.5269,6.886300000010524
16.7309,6.903010000010487
16.4397,6.919650000010617
16.9017,6.936290000010748
16.1741,6.952980000010691
16.7002,6.96964000001084
16.5489,6.986310000010766
16.8501,7.002980000010692
16.2317,7.019660000010859
17.1803,7.036380000011064
16.1998,7.053060000011231
17.0824,7.069730000011157
16.2214,7.086410000011325
17.2471,7.103070000011474
16.8468,7.119750000011641
16.2722,7.136430000011809
16.5742,7.153090000011958
16.513,7.169740000011865
16.5549,7.186420000012033
17.4548,7.203050000011921
15.9298,7.219720000011846
16.9165,7.236380000011995
16.2484,7.253060000012163
16.9016,7.269780000012368
16.6503,7.286460000012536
16.7387,7.303140000012704
17.1712,7.319830000012647
16.1652,7.336510000012815
16.6251,7.353190000012983
16.7319,7.369880000012927
16.8231,7.3865700000128705
17.3461,7.403270000013057
16.372,7.419990000013262
16.2813,7.436640000013169
16.8287,7.453340000013355
16.4733,7.470040000013541
16.4093,7.486710000013467
16.7889,7.503390000013635
16.9977,7.520100000013597
16.816,7.536800000013783
16.9768,7.553470000013709
16.9606,7.570150000013877
16.9308,7.586820000013803
15.2467,7.603520000013988
16.6395,7.620160000014119
17.0573,7.636840000014287
16.3996,7.6535200000144545
16.758,7.670210000014398
16.6637,7.686850000014529
17.5441,7.703530000014696
16.6522,7.720240000014659
16.8897,7.736890000014566
16.7002,7.753540000014473
16.7669,7.770200000014622
16.6062,7.786890000014566
16.8764,7.803540000014473
17.1529,7.820250000014435
15.5724,7.83694000001438
16.558,7.8536300000143235
16.6746,7.870280000014231
16.7148,7.88694000001438
16.6048,7.903620000014548
17.1679,7.920340000014752
15.9051,7.93702000001492
17.0996,7.953720000015106
16.6054,7.97041000001505
17.3625,7.987080000014975
16.3969,8.003740000015124
17.1109,8.02046000001533
16.234,8.037180000015535
15.8499,8.05385000001546
16.9838,8.070550000015647
16.389,8.087190000015777
16.6198,8.103870000015943
16.8429,8.120530000016092
16.6226,8.13720000001602
16.8228,8.153880000016187
16.9931,8.170560000016353
16.1991,8.187200000016485
16.2452,8.203840000016616
16.6496,8.220520000016782
17.1019,8.237220000016968
17.0252,8.253910000016912
15.8921,8.27059000001708
17.8805,8.287300000017042
16.0407,8.303990000016988
16.7232,8.320680000016932
16.4979,8.337380000017118
16.7305,8.354070000017062
16.3655,8.370760000017006
16.5385,8.387440000017174
17.0748,8.404100000017323
16.4233,8.42078000001749
16.6416,8.437450000017416
16.6364,8.454100000017323
16.7603,8.470770000017248
16.477,8.487400000017136
16.9028,8.504060000017285
16.6426,8.520720000017434
16.5658,8.53739000001736
17.045,8.554100000017323
16.645,8.570780000017491
17.213,8.587450000017416
16.1027,8.604170000017621
16.6782,8.620870000017806
16.4632,8.637560000017752
17.0589,8.654280000017955
16.2333,8.670950000017882
16.936,8.687660000017845
16.4882,8.704350000017788
17.426,8.721000000017694
16.6498,8.737660000017843
16.5941,8.754340000018011
16.7311,8.770980000018142
16.9858,8.787670000018085
16.246,8.804330000018235
17.2628,8.821000000018161
16.2459,8.837690000018105
16.6493,8.854350000018254
16.6589,8.871030000018422
16.7839,8.887730000018609
17.1774,8.904430000018793
16.4812,8.92110000001872
16.2602,8.937780000018888
17.0794,8.954430000018794
16.7756,8.971120000018738
16.7218,8.987780000018887
16.9815,9.00449000001885
16.0263,9.021160000018776
17.0516,9.03785000001872
16.4008,9.054500000018626
16.713,9.071160000018777
17.2013,9.087870000018738
16.1632,9.104550000018904
16.8095,9.12124000001885
15.709,9.137920000019015
16.52,9.15463000001898
16.4278,9.171280000018887
16.9396,9.18799000001885
16.6318,9.204670000019018
16.4822,9.221360000018962
16.9282,9.23804000001913
16.3284,9.25470000001928
16.8755,9.271400000019463
16.4612,9.288060000019614
16.9123,9.3047600000198
16.7491,9.321440000019969
16.2728,9.338110000019894
17.1178,9.3547600000198
16.4679,9.371420000019947
16.8965,9.388100000020115
16.9696,9.40482000002032
16.41,9.421510000020266
17.0951,9.438190000020434
16.2571,9.454880000020378
16.5484,9.471540000020529
16.7589,9.488180000020655
16.9756,9.50489000002062
16.4373,9.521580000020563
16.5267,9.53825000002049
16.7387,9.554920000020417
16.4923,9.571560000020543
16.9218,9.58823000002047
16.3315,9.60489000002062
17.0354,9.621590000020806
16.6984,9.638290000020993
16.5419,9.655020000020974
16.4914,9.671680000021125
16.635,9.688350000021048
17.0032,9.705040000020992
16.6627,9.721770000020973
16.617,9.7384400000209
16.4253,9.755120000021067
16.6657,9.771800000021234
16.9908,9.7884800000214
16.3582,9.80514000002155
16.874,9.821810000021475
16.6321,9.83850000002142
16.604,9.855190000021365
16.8358,9.871900000021329
16.5812,9.888560000021476
16.5397,9.90525000002142
16.7558,9.921920000021348
16.6312,9.938600000021513
16.3727,9.95525000002142
17.5093,9.971930000021588
16.1736,9.98857000002172
17.1803,10.005260000021662
16.3325,10.021930000021587
16.5133,10.038580000021495
17.081,10.05527000002144
16.6142,10.071950000021609
16.4374,10.088630000021777
17.1466,10.105340000021735
16.7583,10.1220500000217
16.398,10.138740000021643
16.9464,10.155420000021811
16.5692,10.17207000002172
16.9362,10.188780000021682
16.8481,10.205480000021868
16.1854,10.222130000021776
16.9786,10.23883000002196
17.3785,10.255520000021903
15.6633,10.272160000022035
16.4783,10.288800000022166
16.3864,10.305460000022316
17.6437,10.322140000022484
17.018,10.338850000022443
16.4571,10.355510000022594
15.6779,10.372170000022743
16.8494,10.388850000022911
16.7238,10.405500000022815
16.5866,10.422170000022742
16.9505,10.438880000022706
16.4241,10.45557000002265
16.4723,10.472250000022818
17.3604,10.488950000023005
16.5195,10.50562000002293
16.3356,10.522290000022856
16.6394,10.53896000002278
17.0627,10.555660000022966
16.4479,10.572340000023134
17.003,10.589020000023302
17.391,10.605680000023453
15.8438,10.622350000023376
16.6703,10.639030000023544
16.7029,10.655690000023691
16.8801,10.672380000023637
16.5358,10.689080000023823
16.5401,10.705770000023769
17.017,10.722450000023937
16.4321,10.739130000024105
16.8269,10.75583000002429
16.8938,10.772510000024456
15.9746,10.789210000024642
17.0687,10.805910000024827
16.3584,10.822600000024773
16.9546,10.8392700000247
16.5006,10.855940000024624
16.575,10.87261000002455
16.9224,10.889260000024455
16.9824,10.90597000002442
16.0174,10.922620000024326
17.1011,10.939320000024512
16.4343,10.955990000024435
16.3361,10.972650000024586
17.0037,10.989340000024532
16.4892,11.00600000002468
17.1923,11.022700000024866
17.1986,11.039410000024828
16.8348,11.056130000025034
16.8314,11.072810000025202
16.4585,11.089540000025185
16.7287,11.10622000002535
16.2559,11.12290000002552
17.1592,11.139620000025722
16.5208,11.156310000025668
16.8008,11.172990000025836
15.7823,11.189630000025966
16.6516,11.206280000025872
16.2942,11.222920000026004
17.0949,11.239560000026133
16.9577,11.256220000026282
16.5287,11.272890000026209
16.435,11.289560000026134
16.8761,11.306200000026264
16.8321,11.32285000002617
16.5606,11.339530000026338
16.966,11.3562400000263
16.1767,11.372930000026244
16.9997,11.389640000026208
16.5103,11.406340000026391
16.7057,11.423000000026542
16.8376,11.439690000026486
16.3888,11.456370000026654
16.9594,11.47307000002684
16.5217,11.489760000026784
16.9533,11.506470000026749
16.6022,11.523150000026916
16.6347,11.53982000002684
16.7721,11.556500000027008
16.5248,11.573180000027175
16.4004,11.589860000027343
17.1231,11.606520000027492
16.0109,11.623210000027436
16.7744,11.639880000027365
16.65,11.656550000027288
17.0255,11.673240000027231
16.2352,11.68990000002738
16.5077,11.706580000027548
17.0265,11.723230000027456
16.7376,11.73993000002764
16.8584,11.756640000027604
16.3025,11.773320000027772
16.9424,11.790020000027958
16.7916,11.80673000002792
16.6485,11.823440000027883
16.2308,11.840070000027772
17.8024,11.85677000002796
16.3408,11.873440000027884
16.8972,11.890110000027809
16.9624,11.906760000027717
16.5277,11.923440000027885
16.3276,11.94014000002807
16.2286,11.9567800000282
16.282,11.973430000028108
16.8569,11.990100000028033
17.0929,12.00680000002822
16.4318,12.023450000028124
16.5496,12.040130000028292
16.3556,12.056820000028235
16.7295,12.073510000028184
16.7531,12.090160000028089
16.4845,12.106810000027997
17.1269,12.12352000002796
16.5911,12.140200000028123
16.7109,12.156860000028274
16.6933,12.17355000002822
16.5915,12.190250000028405
16.9256,12.206950000028591
17.355,12.22363000002876
16.313,12.240320000028705
16.1366,12.257010000028648
16.639,12.273700000028592
16.7242,12.290370000028515
16.4256,12.307040000028442
17.9606,12.323710000028369
15.4945,12.340370000028518
16.9628,12.35706000002846
16.3583,12.373730000028386
16.6026,12.390410000028554
17.2979,12.407090000028722
16.8746,12.423760000028649
16.8737,12.440450000028592
15.4694,12.457120000028516
16.7203,12.473790000028442
17.0334,12.490490000028627
16.6416,12.507180000028573
16.4248,12.523820000028705
16.9731,12.540530000028664
16.5428,12.557220000028613
16.5182,12.573870000028515
16.8699,12.590540000028442
17.4163,12.607200000028593
15.7958,12.62388000002876
16.9082,12.64059000002872
16.4897,12.65727000002889
16.7107,12.673930000029038
16.9106,12.690650000029244
16.6862,12.707320000029169
16.8403,12.724020000029356
16.6407,12.74074000002956
16.6088,12.757460000029765
16.2895,12.774140000029933
16.8785,12.79084000003012
16.666,12.807500000030268
16.8225,12.824190000030212
16.5882,12.8408900000304
17.4094,12.857550000030548
16.2828,12.874200000030454
16.53,12.89087000003038
16.2388,12.907510000030513
16.9017,12.924180000030436
16.5128,12.94087000003038
16.6473,12.957520000030287
17.1667,12.974220000030472
16.5868,12.990910000030418
16.6339,13.007600000030362
17.3099,13.024290000030303
16.444,13.040970000030471
16.494,13.05762000003038
16.0936,13.074300000030547
17.4204,13.090980000030717
16.351,13.10767000003066
16.9615,13.12440000003064
16.8146,13.141090000030584
16.2801,13.157740000030492
16.4299,13.174390000030398
16.7324,13.191050000030549
17.2363,13.207740000030492
15.996,13.224420000030658
17.0346,13.241110000030604
17.1503,13.25779000003077
16.118,13.27445000003092
16.8363,13.291110000031068
16.3993,13.3077500000312
17.069,13.324450000031383
16.324,13.341120000031312
16.667,13.357800000031478
16.5824,13.374470000031405
17.0236,13.391180000031367
17.0944,13.407860000031537
16.5323,13.42451000003144
16.5051,13.441180000031366
16.9908,13.457870000031312
16.3927,13.474560000031255
16.0031,13.49121000003116
17.0832,13.50789000003133
16.7871,13.524590000031516
16.5346,13.54128000003146
16.5356,13.557950000031386
16.6257,13.574630000031553
17.0978,13.591350000031758
17.0139,13.608040000031702
15.9928,13.624710000031628
16.7731,13.641400000031572
16.4171,13.65808000003174
16.9568,13.674800000031944
16.2959,13.691460000032093
16.4201,13.70813000003202
17.1571,13.724790000032169
16.8038,13.741490000032352
16.3481,13.758130000032484
16.815,13.77483000003267
16.6435,13.79149000003282
16.8535,13.808180000032763
16.8669,13.824890000032727
16.3106,13.841530000032858
16.8656,13.85824000003282
16.3515,13.874920000032988
16.955,13.891600000033154
16.1231,13.908250000033062
17.0032,13.92493000003323
17.1162,13.941620000033174
16.3147,13.958310000033118
17.1134,13.97500000003306
16.299,13.99166000003321
16.6535,14.008360000033395
16.717,14.025010000033303
17.4611,14.041730000033509
15.9922,14.058410000033676
16.3117,14.075090000033844
16.9025,14.091770000034012
17.0686,14.10845000003418
16.6314,14.125150000034363
16.5522,14.141790000034495
16.5127,14.158470000034663
16.8641,14.175150000034831
16.3276,14.191820000034756
17.1129,14.208490000034685
17.4694,14.225210000034888
15.9689,14.24192000003485
16.2299,14.258590000034776
17.0889,14.2752600000347
16.3506,14.29190000003483
16.9648,14.308600000035018
18.1559,14.325260000035168
15.4235,14.341930000035092
16.3342,14.358650000035295
16.7954,14.375330000035463
17.0056,14.391970000035595
16.4402,14.408610000035726
16.5491,14.42530000003567
16.6075,14.441990000035611
17.0409,14.458700000035575
16.6462,14.475370000035502
16.4245,14.492060000035446
16.568,14.508730000035372
16.2123,14.525370000035505
17.4557,14.542050000035667
16.3975,14.558730000035837
16.6017,14.57542000003578
16.9167,14.592120000035967
17.3847,14.608770000035875
15.7651,14.625430000036024
16.5367,14.64210000003595
16.8088,14.658780000036115
16.8352,14.67549000003608
16.2828,14.692170000036247
17.0008,14.708850000036415
16.4507,14.725530000036583
16.5597,14.74221000003675
16.8863,14.758870000036898
16.7097,14.775550000037066
17.0254,14.792260000037029
16.3315,14.808950000036974
16.7868,14.82565000003716
16.4754,14.842300000037069
17.2586,14.85902000003727
16.3959,14.87567000003718
16.8954,14.892370000037364
16.9617,14.90904000003729
17.0223,14.925750000037253
16.4362,14.942440000037196
16.5524,14.959080000037329
16.8381,14.975750000037252
16.9134,14.992440000037195
16.9207,15.009160000037404
16.136,15.025800000037531
16.8253,15.042520000037737
16.4015,15.059170000037644
16.5381,15.075860000037588
17.0318,15.092530000037511
16.4814,15.109190000037662
17.1382,15.125900000037625
16.1975,15.142580000037793
16.7245,15.1592300000377
17.016,15.175920000037644
16.579,15.192630000037608
16.4859,15.209270000037735
16.742,15.22596000003768
16.7045,15.242640000037849
16.7039,15.259300000037998
16.9983,15.27601000003796
16.269,15.29265000003809
16.9155,15.309350000038275
16.8028,15.32604000003822
16.2202,15.34267000003811
16.9189,15.359350000038278
16.8142,15.376040000038222
16.4927,15.39272000003839
15.8104,15.409390000038314
16.793,15.42606000003824
16.8321,15.442730000038166
16.4436,15.459410000038334
16.628,15.476070000038485
17.1564,15.492760000038428
16.4076,15.509460000038612
16.4249,15.526100000038744
16.7375,15.54278000003891
16.7517,15.559460000039078
16.6855,15.57617000003904
16.646,15.592850000039208
17.4161,15.609530000039376
16.9676,15.626210000039544
16.1869,15.642890000039712
16.9129,15.65957000003988
16.4064,15.676230000040029
16.715,15.692920000039972
15.8895,15.709590000039896
17.0201,15.726260000039824
16.9489,15.742930000039747
16.6168,15.759620000039693
16.8741,15.776310000039636
16.5356,15.7930200000396
16.519,15.809690000039526
16.9913,15.82636000003945
16.4771,15.843060000039635
16.7032,15.859740000039803
16.7098,15.876420000039971
16.7049,15.893130000039935
16.7038,15.909810000040103
16.9089,15.926480000040028
16.3018,15.94312000004016
16.8283,15.959800000040326
16.7752,15.976510000040289
16.4391,15.993170000040438
16.6236,16.009830000040587
16.9309,16.026530000040772
16.5645,16.04323000004096
16.5746,16.059890000041108
16.8877,16.076560000041034
16.8,16.09326000004122
16.4969,16.109940000041387
16.9234,16.126610000041314
16.3393,16.14326000004122
16.8813,16.159970000041184
16.6667,16.17667000004137
16.4466,16.193320000041275
16.5743,16.20997000004118
16.7201,16.22665000004135
16.4402,16.243350000041538
16.6385,16.260030000041706
16.9573,16.27672000004165
16.3792,16.293380000041797
17.2165,16.310100000042002
16.5671,16.32677000004193
16.7658,16.343470000042114
16.4138,16.360170000042302
16.9394,16.376890000042504
16.2897,16.39356000004243
17.6131,16.410210000042337
16.6058,16.426890000042505
17.1549,16.44360000004247
16.4118,16.460300000042654
16.5993,16.476940000042784
16.6735,16.493630000042728
15.7839,16.510300000042655
16.4664,16.526980000042823
16.5645,16.54363000004273
16.6229,16.560310000042897
16.6899,16.57700000004284
16.5901,16.593650000042746
16.9076,16.610310000042897
17.188,16.62698000004282
15.7631,16.64366000004299
16.7234,16.660310000042898
17.1495,16.67698000004282
16.6564,16.693670000042765
16.2599,16.71034000004269
17.1153,16.727050000042656
16.4993,16.74375000004284
16.8558,16.760470000043046
17.1432,16.777140000042973
16.8193,16.793850000042934
16.5476,16.8105300000431
16.0805,16.82721000004327
16.8932,16.843900000043213
16.4722,16.860560000043364
16.9387,16.877280000043566
16.3257,16.893930000043476
16.6478,16.910590000043623
16.7176,16.92724000004353
16.6809,16.943920000043697
16.7086,16.960570000043603
16.6731,16.97725000004377
17.0408,16.993970000043976
16.4864,17.010610000044107
16.7616,17.027310000044295
16.3308,17.043950000044426
17.1185,17.060660000044386
16.2491,17.077330000044313
16.9132,17.094030000044498
16.4344,17.110700000044424
16.52,17.12737000004435
16.9142,17.144050000044516
16.7499,17.160690000044646
16.492,17.177370000044814
16.7967,17.194030000044965
17.0251,17.21072000004491
16.0885,17.22736000004504
16.7227,17.244040000045207
16.8067,17.260700000045354
16.7263,17.27737000004528
16.5997,17.294060000045224
16.7252,17.310740000045392
16.6699,17.327450000045356
17.3326,17.3441400000453
16.7045,17.360810000045227
16.9409,17.37751000004541
17.1428,17.394240000045393
16.0892,17.410930000045337
16.8512,17.4276400000453
16.6568,17.44435000004526
17.0633,17.461040000045205
16.4686,17.477720000045373
16.8578,17.494380000045524
16.4655,17.511050000045447
17.189,17.52776000004541
16.2995,17.544430000045338
16.483,17.56107000004547
16.9402,17.57774000004539
16.4249,17.594380000045522
16.6768,17.611040000045673
16.159,17.62770000004582
16.0961,17.644380000045988
16.802,17.66107000004593
16.5668,17.67777000004612
16.6829,17.694440000046043
16.5918,17.71111000004597
16.5416,17.727790000046138
16.5891,17.744460000046065
16.7181,17.761140000046233
17.0008,17.777840000046417
16.5832,17.79453000004636
16.7718,17.811240000046325
16.5187,17.82791000004625
16.5848,17.8445700000464
16.9484,17.861260000046343
17.1422,17.877950000046287
16.8144,17.89466000004625
16.1711,17.911340000046415
16.7295,17.92805000004638
16.3793,17.944740000046323
16.7863,17.96144000004651
16.5482,17.97810000004666
17.0097,17.994800000046844
16.4866,18.011480000047012
16.4811,18.028120000047146
17.0234,18.04482000004733
16.8771,18.0615000000475
16.297,18.078200000047683
16.8108,18.09488000004785
16.6645,18.111550000047774
17.3145,18.128200000047684
16.3033,18.14486000004783
17.0382,18.16153000004776
16.1871,18.17821000004793
16.3632,18.19490000004787
16.7766,18.211550000047776
16.7224,18.22820000004768
16.8385,18.24489000004763
16.556,18.261540000047532
16.8599,18.27823000004748
16.5499,18.29490000004741
16.9196,18.311610000047366
16.5355,18.32827000004752
16.2833,18.34494000004744
17.2198,18.361650000047405
16.1739,18.378330000047573
16.7603,18.395000000047496
16.7184,18.411660000047647
16.6115,18.42834000004781
16.5709,18.44499000004772
16.7794,18.46167000004789
16.6371,18.478320000047795
16.8406,18.49499000004772
16.6947,18.511680000047665
16.6143,18.52833000004757
16.6675,18.545000000047494
17.0477,18.561720000047703
16.4823,18.57842000004789
16.3334,18.595100000048056
16.6405,18.611770000047983
16.7744,18.62845000004815
17.4886,18.64514000004809
15.8548,18.66183000004804
16.9058,18.678540000048
16.5422,18.69521000004793
16.6208,18.711890000048093
16.3734,18.728530000048224
16.8079,18.74518000004813
17.0152,18.76188000004832
16.6771,18.778580000048503
16.5798,18.795270000048447
17.3065,18.811940000048374
17.5223,18.82864000004856
15.9813,18.845290000048465
17.0488,18.86201000004867
16.707,18.87869000004884
16.8691,18.89537000004901
16.4732,18.91205000004917
16.8875,18.92870000004908
14.9121,18.945370000049007
17.0461,18.962040000048933
17.082,18.978720000049098
16.8862,18.995390000049024
17.1012,19.012090000049213
16.8559,19.028770000049377
16.4386,19.045460000049324
17.2559,19.062170000049285
16.4544,19.07886000004923
17.0187,19.095580000049434
16.4654,19.112270000049374
16.6654,19.128950000049542
16.9478,19.14565000004973
16.3119,19.16231000004988
16.887,19.179000000049825
16.5321,19.195660000049976
16.7467,19.212320000050124
15.9071,19.22897000005003
17.0312,19.245660000049973
16.4778,19.2623300000499
16.5852,19.27899000005005
16.6822,19.29567000005021
16.518,19.31233000005037
16.7239,19.32901000005053
17.0179,19.345690000050705
16.3711,19.36235000005085
17.1691,19.37907000005105
16.5936,19.39579000005126
16.8934,19.412460000051187
16.493,19.429140000051355
16.5437,19.44582000005152
16.3625,19.462500000051687
16.6599,19.47918000005185
16.9774,19.49589000005182
16.701,19.512550000051966
16.566,19.52923000005213
16.7869,19.545890000052285
16.6606,19.562550000052436
16.4164,19.57922000005236
16.6448,19.595880000052507
16.7982,19.61257000005245
16.7757,19.6292600000524
16.616,19.64595000005234
16.6332,19.662600000052247
15.9276,19.67927000005217
16.8892,19.69598000005213
16.3993,19.71264000005229
16.7243,19.729290000052192
16.8367,19.74597000005236
16.6816,19.76268000005232
16.3887,19.77936000005249
17.0995,19.79606000005268
16.3071,19.812720000052824
17.0026,19.829420000053013
16.4788,19.846100000053177
16.4858,19.862750000053087
17.0362,19.879460000053047
16.5072,19.89615000005299
16.8028,19.91285000005318
16.5057,19.92949000005331
16.8496,19.94619000005349
16.3801,19.9628400000534
16.4942,19.979530000053344
16.9351,19.996190000053492
16.6766,20.01289000005368
16.5132,20.029580000053624
16.905,20.046260000053792
16.3691,20.06294000005396
16.7258,20.07960000005411
16.6763,20.09628000005428
17.2512,20.112930000054185
17.0928,20.129640000054145
16.7119,20.14634000005433
16.3424,20.16301000005426
16.61,20.179660000054167
17.0549,20.19636000005435
16.6727,20.21303000005428
16.4118,20.22971000005445
16.6469,20.24639000005461
15.9578,20.263070000054785
16.7095,20.27975000005495
16.6431,20.296400000054856
17.2801,20.31310000005504
16.6255,20.329810000055005
16.5264,20.34650000005495
16.7977,20.363160000055096
16.6112,20.379820000055247
16.7006,20.39650000005541
16.8141,20.4132000000556
16.5286,20.429900000055785
16.7848,20.44659000005573
16.5437,20.463270000055896
17.0284,20.479940000055823
16.5874,20.49659000005573
16.6884,20.51329000005592
16.484,20.52996000005584
16.9728,20.54668000005605
16.884,20.563380000056235
16.2935,20.580040000056385
16.7967,20.59672000005655
16.4618,20.61339000005648
16.686,20.63009000005666
16.3316,20.64673000005679
17.5019,20.663420000056732
15.6591,20.680060000056866
16.7983,20.696730000056792
16.6942,20.713370000056923
16.5279,20.73003000005707
16.6386,20.746700000057
16.7577,20.763360000057148
17.0072,20.780060000057333
16.9603,20.79672000005748
16.0823,20.813410000057424
16.8995,20.83011000005761
16.3815,20.8468100000578
17.1049,20.863530000058
16.7574,20.880220000057943
16.5981,20.89694000005815
17.0382,20.91363000005809
16.2777,20.930330000058284
16.3157,20.94699000005843
16.749,20.9636700000586
16.6586,20.98034000005853
16.6529,20.99699000005843
16.7966,21.01366000005836
16.9525,21.03030000005849
16.5942,21.04697000005841
17.1568,21.063610000058542
16.9758,21.08031000005873
16.471,21.09697000005888
16.732,21.11365000005905
17.4184,21.13035000005923
16.462,21.14704000005917
16.5284,21.163720000059342
17.5756,21.180430000059307
16.3539,21.19712000005925
17.0776,21.21383000005921
16.8961,21.23052000005916
16.1678,21.247170000059064
16.4547,21.26388000005903
15.6228,21.28057000005897
16.4496,21.29723000005912
16.834,21.313900000059046
16.7759,21.33058000005921
16.4872,21.347220000059345
17.1141,21.36392000005953
16.5508,21.380590000059456
16.5195,21.397260000059383
17.0575,21.413980000059585
16.5623,21.43065000005951
16.3055,21.44732000005944
17.0398,21.464020000059623
16.6158,21.480710000059567
16.4413,21.49739000005973
16.6266,21.51408000005968
16.7176,21.53074000005983
16.6157,21.547390000059732
17.0296,21.56409000005992
16.3079,21.58073000006005
16.8044,21.5973900000602
16.8177,21.614060000060125
16.3562,21.630710000060034
17.1094,21.64741000006022
17.2119,21.664120000060183
15.198,21.68080000006035
17.0761,21.697510000060312
16.3328,21.714200000060256
17.3757,21.73085000006016
16.8113,21.74756000006013
15.8002,21.76424000006029
16.9883,21.7809600000605
16.6094,21.79767000006046
16.4409,21.81432000006037
16.8525,21.83098000006052
16.9308,21.847660000060685
16.5886,21.86433000006061
17.0243,21.88100000006053
16.7944,21.897680000060703
17.0855,21.91436000006087
16.6733,21.931070000060835
16.6173,21.94776000006078
16.5915,21.964430000060705
16.8232,21.981150000060907
17.0532,21.99784000006085
16.8846,22.0145300000608
16.2929,22.031180000060704
15.512,22.047860000060872
16.5747,22.064550000060816
16.8054,22.08120000006072
17.4385,22.097850000060628
16.6192,22.11448000006052
17.1644,22.131180000060706
16.5101,22.147820000060836
16.5893,22.164480000060983
16.8755,22.18118000006117
16.6779,22.197890000061133
17.1953,22.2145700000613
16.8035,22.231270000061485
16.1202,22.247950000061653
15.044,22.26463000006182
17.6599,22.281340000061785
16.3665,22.29801000006171
16.4844,22.31469000006188
16.449,22.331370000062044
16.862,22.34801000006217
16.7591,22.36467000006233
16.6619,22.38136000006227
16.786,22.398010000062172
16.8332,22.414680000062106
17.4577,22.431380000062287
16.3565,22.448030000062197
16.697,22.4646800000621
16.7661,22.481360000062267
16.6615,22.498030000062197
17.1124,22.51473000006238
16.4689,22.531410000062547
16.8736,22.54811000006273
16.5078,22.56481000006292
16.4054,22.581500000062864
16.7031,22.59816000006301
16.777,22.61485000006296
17.3635,22.631570000063164
15.1462,22.648260000063107
17.2577,22.664940000063275
16.0573,22.6816100000632
16.5567,22.698280000063125
17.132,22.714960000063293
16.9705,22.73164000006346
16.5111,22.74832000006363
16.7181,22.765020000063814
16.9997,22.781730000063774
16.4538,22.79837000006391
17.2411,22.815070000064093
16.2558,22.83177000006428
16.5963,22.848440000064205
17.4167,22.86515000006417
16.7043,22.88182000006409
16.4984,22.898480000064243
15.9541,22.91515000006417
16.5683,22.93180000006408
16.2558,22.94844000006421
16.808,22.96512000006437
16.121,22.98177000006428
17.2353,22.998430000064428
16.502,23.01512000006437
17.2801,23.03181000006432
16.0745,23.048470000064462
16.7997,23.06517000006465
16.5781,23.08185000006482
17.1507,23.098550000065007
16.5489,23.115260000064968
16.2862,23.131940000065136
16.8758,23.148620000065304
16.483,23.16530000006547
17.9997,23.18200000006566
15.6973,23.19865000006557
16.9745,23.215360000065527
16.3456,23.23202000006568
16.7254,23.248700000065845
16.7006,23.265360000065996
17.0185,23.28204000006616
16.8327,23.298730000066104
16.5123,23.31544000006607
16.9875,23.33215000006603
16.0297,23.34881000006618
16.4577,23.365480000066107
16.8659,23.38212000006624
16.5295,23.39879000006616
16.834,23.41547000006633
16.7378,23.432150000066496
16.8506,23.448820000066423
16.457,23.465490000066342
16.7575,23.482140000066256
16.8192,23.498800000066403
16.5359,23.51547000006633
16.6222,23.532150000066498
17.0848,23.54886000006646
16.5781,23.565570000066423
16.4789,23.582260000066366
16.8189,23.59895000006631
16.8978,23.61565000006649
16.8333,23.63236000006646
16.587,23.649040000066627
17.1493,23.665710000066557
16.3172,23.682400000066497
16.7597,23.69909000006644
16.7062,23.715760000066368
16.4235,23.732420000066515
16.6552,23.74909000006644
16.9197,23.765780000066385
16.3511,23.782410000066275
16.9976,23.7990800000662
16.4943,23.81576000006637
17.2812,23.832440000066534
16.9404,23.849150000066498
15.5739,23.865830000066666
16.203,23.882490000066813
16.6226,23.89916000006674
17.0387,23.915850000066683
16.7445,23.93253000006685
16.0399,23.949220000066795
16.6558,23.9658700000667
16.766,23.982540000066628
17.062,23.99925000006659
16.6292,24.01591000006674
16.3102,24.032580000066663
16.8861,24.049290000066627
16.7914,24.06600000006659
16.7455,24.08271000006655
16.6019,24.09939000006672
16.7668,24.116110000066925
16.6553,24.13283000006713
16.5127,24.149530000067315
17.0539,24.166210000067483
16.1007,24.18286000006739
16.97,24.199560000067574
17.3263,24.216220000067725
16.6058,24.23287000006763
16.6854,24.24951000006776
15.7889,24.26616000006767
16.8909,24.28279000006756
16.6991,24.299430000067687
16.6146,24.31610000006761
16.5916,24.332740000067744
16.6771,24.349430000067688
17.0711,24.36609000006784
16.8956,24.382770000068007
16.7979,24.39949000006821
16.346,24.41618000006816
17.0841,24.432910000068137
16.3175,24.44960000006808
16.613,24.466290000068025
16.9241,24.48299000006821
16.5245,24.499680000068157
16.6191,24.51636000006832
16.8027,24.533050000068265
16.5721,24.54972000006819
16.8435,24.56638000006834
16.4031,24.583050000068265
17.0771,24.599710000068416
16.1734,24.6164100000686
16.4143,24.633080000068528
16.7349,24.649740000068675
17.0224,24.666420000068843
16.2583,24.68310000006901
16.7992,24.69978000006918
16.6159,24.716460000069347
16.7859,24.73312000006949
16.5479,24.74979000006942
16.8051,24.766450000069568
16.6523,24.78310000006948
16.6338,24.79978000006965
16.5548,24.81645000006957
16.78,24.833130000069737
16.8972,24.849830000069925
16.745,24.86652000006987
16.3596,24.88320000007004
16.7376,24.899880000070205
16.5529,24.91656000007037
16.9814,24.93326000007056
16.4005,24.949940000070725
17.001,24.96665000007069
16.5821,24.98333000007085
16.6917,25.000010000071025
16.2163,25.016660000070928
16.9077,25.03331000007084
16.8151,25.04999000007101
16.5676,25.06667000007117
17.126,25.083400000071155
16.2711,25.10007000007108
17.0702,25.11680000007106
16.4438,25.13346000007121
16.7673,25.150160000071395
16.4109,25.166840000071563
16.9541,25.183550000071527
16.3309,25.20023000007169
16.9269,25.21692000007164
16.6332,25.233600000071807
16.7145,25.250240000071937
16.6571,25.2669200000721
17.0983,25.28355000007199
16.4396,25.30025000007218
16.9537,25.31691000007233
16.1835,25.333580000072253
17.5808,25.35026000007242
15.5898,25.36694000007259
16.818,25.38362000007276
17.5729,25.40030000007292
15.836,25.41698000007309
17.2156,25.433690000073053
16.4883,25.45041000007326
16.2493,25.467060000073165
16.6191,25.483740000073333
16.9009,25.50043000007328
17.3651,25.51712000007322
16.4022,25.533810000073164
16.5247,25.55048000007309
16.8078,25.567160000073255
17.3319,25.583860000073443
16.2965,25.600500000073573
16.5079,25.617140000073704
16.7988,25.63384000007389
16.6061,25.65053000007384
17.1186,25.66720000007376
15.87,25.68387000007369
16.4474,25.700550000073854
16.9367,25.71725000007404
16.473,25.733930000074206
16.5448,25.75058000007412
17.018,25.76727000007406
16.2686,25.783950000074228
17.0617,25.80064000007417
16.3162,25.81730000007432
16.7128,25.833980000074487
16.7648,25.850630000074396
16.5909,25.86730000007432
17.0376,25.883990000074263
16.7722,25.900700000074227
16.3525,25.917410000074188
16.637,25.93407000007434
17.085,25.950770000074524
16.7058,25.96744000007445
16.5908,25.98412000007462
16.3499,26.00081000007456
16.6713,26.017500000074502
17.0599,26.03420000007469
16.6049,26.05088000007486
16.2043,26.06752000007499
16.8828,26.0841700000749
16.5602,26.100850000075063
17.244,26.11755000007525
16.2665,26.1342100000754
17.0275,26.150930000075604
16.2298,26.16760000007553
17.201,26.18430000007572
16.472,26.20099000007566
16.3357,26.21763000007579
17.2072,26.23436000007577
16.8145,26.251080000075977
16.4171,26.267760000076144
16.3775,26.284400000076275
16.833,26.3010700000762
16.8946,26.317740000076125
16.4575,26.33442000007629
17.5292,26.35109000007622
15.8095,26.367740000076125
16.9627,26.38445000007609
16.5749,26.401100000076
16.92,26.417730000075885
16.93,26.434440000075845
16.5039,26.451130000075796
16.8104,26.467840000075757
16.5768,26.484500000075904
16.796,26.50120000007609
16.5143,26.51786000007624
16.5432,26.534540000076404
16.968,26.55122000007657
16.5739,26.5678900000765
16.5763,26.584580000076443
17.4346,26.60125000007637
16.3074,26.617930000076537
16.6913,26.634590000076685
16.6041,26.651270000076853
16.7134,26.667930000077003
16.1555,26.684640000076964
16.6711,26.70134000007715
16.6541,26.718030000077096
16.3399,26.734710000077264
16.5638,26.75139000007743
16.9785,26.7680700000776
16.742,26.784760000077544
16.8164,26.801470000077504
16.2937,26.81814000007743
16.8648,26.83485000007739
16.827,26.85152000007732
16.6606,26.868170000077225
17.0191,26.884830000077372
16.9104,26.90152000007732
16.7871,26.918200000077487
16.5396,26.934860000077634
16.5028,26.951520000077785
17.0469,26.968180000077933
15.8513,26.9848600000781
17.1714,27.00154000007827
16.2156,27.018210000078195
16.5305,27.03490000007814
16.852,27.051570000078065
16.8486,27.06827000007825
16.8048,27.084990000078456
16.0877,27.101670000078624
16.6021,27.118340000078547
16.6492,27.135000000078698
16.6781,27.15169000007864
16.9937,27.168340000078548
16.8519,27.18503000007849
16.5866,27.20173000007868
16.7948,27.218410000078844
16.3916,27.235040000078733
16.8959,27.251700000078884
16.6007,27.268390000078828
17.1141,27.28508000007877
16.4612,27.30176000007894
16.6656,27.318440000079107
16.7307,27.335120000079275
16.6469,27.35177000007918
16.6663,27.36843000007933
16.8531,27.385110000079496
17.1389,27.40184000007948
16.3522,27.418540000079663
16.6725,27.435200000079814
16.5262,27.45188000007998
16.8938,27.468590000079946
17.0303,27.485270000080117
16.3698,27.50194000008004
17.269,27.51866000008024
16.3634,27.535350000080182
15.7368,27.552010000080337
16.9541,27.56868000008026
16.2899,27.58531000008015
16.826,27.602000000080093
16.6787,27.61867000008002
17.2666,27.635340000079943
16.3816,27.65201000007987
16.9773,27.66869000008004
16.2138,27.685330000080167
16.7455,27.70202000008011
16.667,27.71874000008032
16.5027,27.735390000080223
16.6878,27.75208000008017
16.6999,27.76876000008033
16.8258,27.78545000008028
16.404,27.80211000008043
17.0269,27.818810000080614
16.319,27.83549000008078
16.8801,27.852200000080742
16.7422,27.868860000080893
16.4999,27.885510000080803
16.5657,27.90219000008097
16.753,27.91887000008113
16.8897,27.9355800000811
16.5897,27.952260000081267
16.9274,27.968980000081476
16.4496,27.9856500000814
16.8265,28.00236000008136
16.4361,28.019040000081528
16.433,28.03571000008145
17.3034,28.052420000081412
16.3797,28.069100000081583
17.0977,28.08582000008179
16.2303,28.10246000008192
16.8635,28.119140000082087
16.5961,28.135790000081997
16.602,28.152450000082144
16.2196,28.16910000008205
17.0942,28.185790000081997
16.5397,28.20247000008216
16.8607,28.21915000008233
16.8955,28.235850000082515
16.58,28.252480000082404
16.6009,28.269190000082368
16.5634,28.28586000008229
16.5164,28.302530000082218
17.7706,28.319250000082423
16.3189,28.335940000082367
17.0165,28.35261000008229
16.8046,28.369330000082496
16.156,28.385970000082622
17.2077,28.402630000082777
16.1736,28.41932000008272
16.9155,28.43600000008289
16.5442,28.452680000083056
16.8047,28.469390000083017
16.7678,28.486060000082944
16.421,28.50273000008287
15.5337,28.519390000083018
17.0055,28.536030000083148
17.1892,28.552740000083112
16.9846,28.569450000083076
16.4171,28.58616000008304
16.3155,28.602830000082964
16.7183,28.61953000008315
16.7784,28.63621000008332
16.3484,28.652870000083464
17.13,28.669560000083408
16.1953,28.68623000008333
17.4459,28.702910000083502
16.749,28.719570000083653
16.5938,28.73622000008356
16.5478,28.75286000008369
17.5213,28.769550000083637
16.5224,28.7862300000838
15.7208,28.80289000008395
16.5289,28.81957000008412
16.9252,28.836240000084043
16.6246,28.852950000084004
16.6383,28.869650000084192
16.4741,28.886320000084115
16.7009,28.903000000084283
16.8036,28.91968000008445
16.5277,28.93633000008436
16.7228,28.952990000084508
16.6425,28.969650000084656
16.6325,28.986330000084823
16.6807,29.00301000008499
17.0443,29.01969000008516
16.8853,29.036340000085065
16.4413,29.05305000008503
16.4594,29.0697300000852
16.6296,29.08642000008514
16.6153,29.10310000008531
17.8235,29.119810000085277
16.4266,29.136500000085217
16.6364,29.15317000008514
16.9372,29.16987000008533
16.5739,29.186520000085235
16.9527,29.2032300000852
15.5253,29.219920000085143
16.4782,29.236590000085062
16.5298,29.253260000084992
16.8138,29.269950000084936
17.0533,29.286590000085067
16.3913,29.303260000084997
16.9063,29.319970000084957
16.2916,29.33664000008488
17.5224,29.353340000085065
16.3172,29.370020000085237
16.2146,29.386660000085364
16.5615,29.40334000008553
16.8231,29.4200200000857
16.3307,29.436690000085623
17.0082,29.453370000085798
17.2306,29.470100000085772
16.2825,29.486770000085706
16.5465,29.503450000085863
16.8002,29.520120000085797
16.7429,29.536780000085944
16.8539,29.55348000008613
16.4441,29.570170000086076
16.5398,29.58685000008624
16.6249,29.60353000008641
17.1172,29.62026000008639
16.6671,29.636910000086296
16.6544,29.653580000086222
17.0402,29.670290000086183
17.0509,29.68696000008611
15.5325,29.70364000008628
16.915,29.72033000008622
16.8926,29.737000000086148
16.7376,29.75371000008611
16.207,29.77040000008605
16.613,29.787040000086183
17.0558,29.80373000008613
16.6261,29.820430000086315
16.8963,29.83710000008624
16.3698,29.853790000086185
16.473,29.87046000008611
16.7868,29.887110000086015
17.0595,29.903790000086182
16.6106,29.92046000008611
16.3192,29.93712000008626
16.6515,29.953790000086183
16.9492,29.97047000008635
16.7193,29.98715000008652
16.7061,30.00381000008667
16.4882,30.020470000086817
16.8536,30.037190000087023
16.3542,30.05387000008719
17.2549,30.0705900000874
16.6098,30.08728000008734
16.5241,30.103980000087525
16.9093,30.12070000008773
16.3737,30.137380000087894
16.5397,30.154030000087804
16.7504,30.17070000008773
16.7726,30.18741000008769
16.5949,30.204050000087825
16.9532,30.220760000087783
16.433,30.23740000008792
16.6155,30.254050000087823
17.0998,30.27075000008801
16.3387,30.28740000008792
16.6885,30.304050000087823
16.4395,30.32072000008775
17.1742,30.33743000008771
16.4959,30.35408000008762
16.7335,30.370800000087826
16.8499,30.38745000008773
16.6246,30.4041300000879
17.2005,30.42084000008786
16.3931,30.437510000087787
16.6665,30.45418000008771
16.4858,30.47086000008788
16.6086,30.48754000008805
17.3858,30.50422000008821
16.0104,30.520900000088385
16.8808,30.537540000088512
16.686,30.55422000008868
16.5133,30.570900000088848
17.2027,30.58754000008898
16.7788,30.604220000089143
16.5,30.620900000089318
16.5618,30.63758000008948
17.2384,30.654310000089463
16.5898,30.67099000008963
16.974,30.68768000008957
16.0526,30.70437000008952
16.7605,30.721060000089462
16.472,30.73774000008963
17.5252,30.75446000008984
16.7041,30.77113000008976
15.2874,30.78781000008993
17.227,30.80453000009013
16.4225,30.8212100000903
16.2175,30.83785000009043
16.898,30.85455000009062
17.0071,30.871220000090545
17.331,30.88792000009073
16.2297,30.9046000000909
16.764,30.92124000009103
15.7278,30.9379200000912
17.2079,30.95462000009138
16.3575,30.97126000009151
17.0838,30.98793000009144
16.593,31.0046400000914
16.6718,31.02131000009133
16.6611,31.037990000091494
16.9101,31.05466000009142
16.5404,31.071340000091585
16.6004,31.08803000009153
16.6474,31.10469000009168
16.9565,31.121380000091623
16.3856,31.13806000009179
16.9429,31.15473000009172
16.6372,31.17140000009164
16.5461,31.188070000091567
17.069,31.204790000091773
16.2424,31.2214600000917
17.0836,31.23817000009166
16.3053,31.254860000091604
17.5513,31.27154000009177
16.6998,31.28819000009168
16.836,31.304860000091605
16.9055,31.32152000009176
16.4875,31.338180000091903
16.4681,31.35485000009183
16.9742,31.371520000091756
16.853,31.38823000009172
16.9391,31.404880000091623
15.2235,31.421590000091587
16.261,31.43828000009153
16.6178,31.4549600000917
16.8821,31.471650000091643
16.6605,31.488350000091827
17.0264,31.505030000091995
15.8244,31.521710000092163
17.1677,31.53836000009207
16.7099,31.55502000009222
16.758,31.571720000092405
16.4131,31.588360000092536
16.6998,31.605030000092466
16.8616,31.621730000092647
16.5882,31.63840000009257
16.797,31.65508000009274
17.2385,31.671800000092947
16.7645,31.688480000093115
15.808,31.705160000093283
17.0765,31.721850000093227
16.4292,31.738530000093395
16.6333,31.75520000009332
16.8329,31.771900000093503
16.4327,31.788560000093653
17.1065,31.805290000093635
16.3545,31.82194000009354
16.8435,31.83858000009367
16.9227,31.85528000009386
16.4877,31.871960000094028
16.7703,31.888610000093934
16.6694,31.90527000009408
16.868,31.92195000009425
17.2264,31.938640000094196
16.6065,31.9553600000944
16.4183,31.97200000009453
16.8796,31.98870000009472
16.9006,32.00538000009488
16.9042,32.02206000009505
16.5695,32.03875000009499
16.9065,32.05546000009496
17.2115,32.072160000095145
15.5034,32.08884000009531
17.01,32.10552000009548
16.3592,32.12215000009537
16.9048,32.13885000009555
16.5147,32.15552000009548
17.1055,32.17223000009544
16.3432,32.188900000095366
16.8261,32.20559000009531
16.4406,32.22223000009544
17.3608,32.23893000009563
16.6112,32.25564000009559
15.8347,32.272290000095495
17.3121,32.28900000009546
16.3287,32.30567000009539
16.5555,32.32234000009531
15.5424,32.338990000095215
16.9669,32.35570000009518
16.5416,32.37237000009511
16.4495,32.389050000095274
16.6665,32.40568000009516
16.6203,32.42233000009507
16.8083,32.43901000009524
16.8703,32.4556900000954
16.7021,32.47238000009535
17.0276,32.48909000009531
16.4132,32.50576000009524
16.6754,32.52240000009537
16.8353,32.53907000009529
16.8294,32.555780000095254
16.8007,32.5724700000952
16.7556,32.589150000095366
16.6254,32.60583000009554
16.9449,32.6225100000957
16.3268,32.63916000009561
16.984,32.65584000009578
16.4775,32.67253000009572
16.9471,32.68923000009591
16.7152,32.705910000096075
15.556,32.72256000009598
17.072,32.73927000009594
16.375,32.755950000096114
16.9534,32.77262000009604
16.6649,32.789280000096184
17.0018,32.80599000009615
16.6487,32.822650000096296
16.3846,32.83933000009647
16.9108,32.85601000009663
16.7495,32.8727200000966
16.6395,32.88943000009656
16.9625,32.906080000096466
16.548,32.92279000009643
16.4877,32.939500000096395
16.9535,32.956210000096355
16.1963,32.97286000009626
16.871,32.989560000096446
16.6354,33.00624000009662
16.5436,33.02291000009654
16.6676,33.03956000009645
16.6317,33.056220000096594
16.9818,33.07291000009654
16.748,33.08958000009647
16.2729,33.10624000009661
17.0037,33.12291000009654
16.4711,33.139600000096486
16.5011,33.15625000009639
16.7894,33.17292000009632
17.0092,33.18961000009626
16.9412,33.20632000009623
16.0684,33.222990000096146
17.2152,33.239680000096094
16.1726,33.25635000009602
16.9623,33.27306000009598
16.9832,33.28971000009589
16.102,33.306380000095814
17.251,33.323060000095985
15.6661,33.33974000009615
16.6924,33.356390000096056
16.9395,33.37305000009621
16.3907,33.38973000009637
16.8864,33.40638000009628
16.8852,33.423050000096204
16.5121,33.43972000009613
16.8383,33.456420000096315
16.3878,33.47309000009624
16.8817,33.48979000009643
16.4578,33.506480000096374
17.1031,33.52320000009658
16.417,33.53986000009673
17.2986,33.55657000009669
16.2574,33.57324000009662
16.7837,33.58993000009656
16.7547,33.60659000009671
17.5566,33.62327000009687
16.5549,33.63996000009682
17.0104,33.656640000096985
16.5068,33.67333000009693
16.7605,33.69000000009686
16.5392,33.706700000097044
15.6628,33.72339000009699
16.5081,33.74010000009695
16.4228,33.7567600000971
16.6592,33.77343000009702
17.03,33.79012000009697
16.4833,33.80681000009692
16.5353,33.82346000009682
17.0098,33.84013000009674
16.3347,33.85679000009689
16.8161,33.87346000009682
17.2073,33.89010000009695
16.8552,33.9067600000971
16.6296,33.92345000009704
16.9614,33.94016000009701
16.5278,33.95682000009715
16.8916,33.973520000097345
16.4292,33.99020000009751
16.8203,34.006900000097694
16.6722,34.02360000009788
16.46,34.040270000097806
17.0427,34.05699000009801
16.3761,34.07367000009818
17.2589,34.09037000009837
16.4346,34.10703000009852
16.6876,34.12370000009844
16.171,34.140370000098365
16.4162,34.157050000098536
17.0342,34.1737300000987
16.6844,34.19038000009861
17.0714,34.207090000098574
16.3467,34.22372000009846
16.6369,34.24039000009839
16.6552,34.25704000009829
17.2418,34.27371000009822
15.5839,34.290390000098384
16.8785,34.30708000009833
16.4911,34.32377000009827
16.5962,34.34042000009818
16.5888,34.35710000009835
17.0915,34.37378000009851
16.4381,34.39047000009846
17.0783,34.4071600000984
16.3402,34.42384000009857
16.3368,34.440520000098736
16.9554,34.45720000009891
17.0778,34.47388000009907
16.3875,34.490550000099
16.9251,34.507250000099184
16.3507,34.523930000099355
16.5789,34.54058000009926
16.7886,34.55725000009919
16.8713,34.57395000009937
16.5456,34.59063000009954
16.6223,34.60731000009971
16.916,34.624010000099894
16.6686,34.64069000010006
16.7614,34.65739000010025
16.4468,34.674050000100394
16.4996,34.690730000100565
17.8017,34.70745000010077
16.0075,34.72418000010075
16.855,34.74087000010069
16.4756,34.7575900001009
16.4005,34.77427000010107
16.8341,34.79096000010101
16.7038,34.80762000010116
16.286,34.82428000010131
16.9102,34.84097000010125
16.6503,34.85765000010142
16.5925,34.87429000010155
16.9596,34.89096000010148
16.5448,34.90762000010162
16.5511,34.924260000101754
17.0609,34.940960000101946
16.4424,34.95762000010209
16.444,34.974290000102016
16.8591,34.99100000010198
16.6211,35.0076700001019
16.6178,35.024350000102075
16.6984,35.04103000010224
16.6855,35.057680000102145
16.6484,35.074340000102296
17.005,35.09105000010226
16.6441,35.107720000102184
16.9816,35.12441000010213
16.4271,35.14108000010206
16.9842,35.15776000010222
16.4092,35.174440000102386
16.6792,35.19112000010256
16.7392,35.2078100001025
16.9492,35.22451000010269
16.3598,35.241190000102854
16.8919,35.25784000010276
16.5359,35.27451000010269
16.5794,35.29117000010284
16.7237,35.307850000103
17.0311,35.32452000010293
17.1148,35.34123000010289
16.2807,35.357950000103095
16.3905,35.37462000010302
16.9981,35.39131000010297
16.7614,35.40802000010293
16.54,35.424700000103094
16.7131,35.441380000103266
16.6953,35.45805000010319
15.999,35.47475000010338
16.7928,35.49141000010353
17.7111,35.50809000010369
16.2927,35.5247400001036
16.5477,35.54142000010377
16.6794,35.5580600001039
16.6751,35.574710000103806
16.9784,35.59141000010399
16.4327,35.60809000010416
16.9706,35.62481000010436
16.3493,35.64147000010451
16.8579,35.6581700001047
16.4359,35.6748200001046
15.8058,35.69149000010453
17.5602,35.7081700001047
16.1018,35.72486000010464
16.9212,35.74157000010461
16.3252,35.758220000104515
16.673,35.77489000010444
16.8252,35.791550000104586
16.8169,35.80825000010477
16.6924,35.82493000010494
17.2904,35.841610000105106
16.5753,35.85829000010528
16.7462,35.87497000010544
16.7479,35.89164000010537
17.4118,35.90832000010554
16.0331,35.925020000105725
17.0359,35.941710000105665
16.8278,35.95839000010584
16.5751,35.97505000010599
16.8256,35.99174000010593
16.8053,36.00844000010611
16.4047,36.025120000106284
16.72,36.04179000010621
16.5303,36.05850000010617
16.5988,36.075180000106336
15.6679,36.09185000010626
16.8412,36.10855000010645
16.5609,36.1252100001066
16.9268,36.14192000010656
16.2573,36.15857000010647
16.8413,36.175230000106616
16.587,36.19190000010654
16.718,36.20858000010672
16.8569,36.22526000010688
16.4025,36.24190000010701
16.7822,36.25858000010717
16.7964,36.27524000010733
16.9232,36.29196000010753
16.2852,36.30861000010744
16.6578,36.32529000010761
16.4745,36.34198000010755
17.0117,36.35871000010753
16.3468,36.37541000010771
16.8916,36.392090000107885
16.4484,36.40879000010807
16.5564,36.42547000010824
16.6335,36.44214000010816
17.1623,36.45879000010808
16.7225,36.47547000010824
16.9046,36.4921800001082
16.4125,36.50886000010837
16.6824,36.525520000108514
16.3042,36.542180000108665
17.0648,36.55886000010884
16.5504,36.57556000010902
16.3349,36.59223000010895
16.9539,36.60894000010891
16.7167,36.62564000010909
16.6082,36.64232000010927
17.1867,36.659010000109205
16.2803,36.67567000010936
17.4243,36.69234000010928
16.5039,36.70903000010922
16.783,36.72568000010913
16.6544,36.742350000109056
16.0727,36.759060000109024
16.3177,36.775700000109154
16.7203,36.79235000010906
17.0281,36.80906000010902
16.2786,36.82569000010891
16.7078,36.84238000010885
16.5789,36.859040000109005
17.7586,36.87574000010919
16.4383,36.89242000010936
16.5959,36.90908000010951
16.7098,36.92573000010941
17.5075,36.94246000010939
16.1287,36.95916000010958
16.6636,36.975830000109504
16.707,36.99254000010946
16.4363,37.00921000010939
17.059,37.02592000010936
16.2716,37.04257000010927
17.165,37.05925000010943
16.9975,37.075950000109614
16.6463,37.092650000109806
16.3923,37.10929000010994
16.5998,37.12595000011008
15.6928,37.14261000011023
16.3622,37.15927000011038
17.561,37.17596000011032
16.4047,37.192640000110494
16.3007,37.20931000011042
16.8469,37.22602000011038
16.566,37.24269000011031
16.7484,37.25937000011047
16.7933,37.27607000011066
16.7581,37.29274000011058
16.5714,37.30944000011077
16.6129,37.32614000011096
17.1475,37.342840000111146
16.3614,37.35949000011105
16.861,37.37620000011101
16.7242,37.39287000011094
17.0629,37.40954000011087
17.0294,37.42620000011102
16.6675,37.442870000110936
16.5337,37.45955000011111
16.9127,37.47621000011126
16.5777,37.4928700001114
17.0712,37.50952000011131
16.1164,37.52620000011148
15.9198,37.54289000011142
16.567,37.55956000011135
17.1561,37.57624000011152
16.3549,37.59295000011148
16.9357,37.60966000011144
16.1844,37.62635000011139
16.9374,37.64305000011157
16.6819,37.65975000011176
16.3899,37.67643000011193
16.728,37.693100000111855
16.6118,37.70974000011199
17.4509,37.72640000011213
15.945,37.7430800001123
16.8727,37.75973000011221
16.2455,37.77637000011234
16.7324,37.7930500001125
16.9524,37.80973000011267
16.459,37.82638000011258
16.9355,37.84309000011254
16.7066,37.85982000011252
16.7767,37.87650000011269
16.7998,37.89319000011263
16.9277,37.9098700001128
16.8606,37.92657000011299
16.4903,37.94325000011315
16.5151,37.95992000011308
16.8283,37.97658000011323
16.9768,37.99330000011344
16.4165,38.00996000011359
16.934,38.02662000011373
16.5587,38.04332000011392
16.7872,38.06002000011411
16.5009,38.07670000011427
16.4683,38.09336000011442
17.2566,38.11007000011438
16.2967,38.12675000011456
16.6814,38.14343000011472
16.8598,38.16007000011485
16.8116,38.17677000011504
16.7806,38.19346000011498
16.3385,38.21013000011491
16.7509,38.226780000114815
17.0652,38.24345000011474
16.9835,38.260150000114926
16.5302,38.27680000011483
16.3676,38.293480000115
15.7116,38.31015000011492
16.8214,38.32685000011511
16.3509,38.34350000011502
17.2256,38.36018000011519
16.4183,38.37688000011537
16.7285,38.393600000115576
16.5869,38.41029000011552
16.5035,38.42695000011567
16.5477,38.4436200001156
17.2346,38.460350000115575
16.6024,38.47703000011575
17.0905,38.49372000011569
16.2081,38.51040000011586
17.0238,38.52704000011599
16.8711,38.543690000115895
16.9418,38.56036000011582
16.5385,38.57704000011599
16.7001,38.59372000011616
15.6999,38.61040000011632
16.7621,38.62703000011621
16.8929,38.6437300001164
16.5617,38.66039000011654
16.6569,38.67707000011672
16.5598,38.693760000116654
17.0465,38.71047000011662
17.2951,38.72712000011653
15.745,38.743790000116455
16.8753,38.76049000011664
16.595,38.777190000116825
16.5741,38.79388000011677
16.6972,38.81054000011692
16.4961,38.82720000011707
17.2022,38.84388000011724
16.696,38.86058000011742
16.5854,38.87725000011735
16.7649,38.89393000011752
17.0514,38.91061000011768
16.3656,38.92727000011783
16.6925,38.943950000118
16.9457,38.96066000011796
16.3362,38.97735000011791
16.9175,38.99407000011811
16.5371,39.01075000011828
16.5373,39.027400000118185
16.7638,39.044060000118336
17.0479,39.06078000011854
16.187,39.077480000118726
16.631,39.09416000011889
16.6651,39.11085000011884
16.7923,39.12751000011899
16.3567,39.14418000011891
17.1303,39.160870000118855
16.664,39.177580000118816
16.1932,39.19426000011899
17.0542,39.21096000011917
16.9073,39.22762000011932
16.6025,39.24428000011947
16.8865,39.26099000011944
16.4772,39.27764000011934
16.8272,39.29433000011928
16.5924,39.31101000011945
16.8445,39.32765000011958
17.0273,39.34432000011951
16.5787,39.361020000119694
16.4701,39.377680000119845
16.6579,39.39433000011975
16.9958,39.411030000119936
16.3489,39.42768000011984
16.9012,39.44436000012001
16.5564,39.46100000012014
16.5395,39.47768000012031
16.9617,39.49436000012047
17.3843,39.51105000012042
16.3132,39.52771000012057
17.1189,39.54442000012053
16.1863,39.56112000012072
15.5285,39.57777000012062
17.0031,39.59446000012057
16.5904,39.6111300001205
16.5285,39.62782000012044
16.5682,39.644530000120405
16.7004,39.661220000120345
16.9047,39.67789000012027
16.6762,39.694590000120456
17.3207,39.71123000012059
16.0968,39.72793000012077
16.6912,39.74464000012074
16.5036,39.7613200001209
17.425,39.77801000012085
17.6426,39.794690000121015
17.0251,39.81136000012094
16.4254,39.82804000012111
16.928,39.84472000012128
16.2912,39.86141000012122
14.7353,39.878100000121165
17.2019,39.89478000012133
16.4186,39.91143000012124
16.768,39.92812000012118
16.8839,39.94483000012114
16.9145,39.96151000012132
17.066,39.978200000121255
16.3585,39.994860000121406
16.9442,40.01153000012133
16.4496,40.02817000012146
16.6255,40.04485000012163
17.1381,40.061520000121554
16.3419,40.0782100001215
16.9808,40.09488000012143
15.5396,40.11152000012156
16.9373,40.12823000012152
16.403,40.14487000012165
16.9263,40.161590000121855
17.2093,40.178250000122006
16.791,40.19495000012219
15.5982,40.21163000012236
16.4341,40.22828000012226
17.0681,40.24498000012245
16.5906,40.26167000012239
16.5292,40.27837000012258
17.291,40.29502000012248
16.2678,40.31172000012268
16.6904,40.3283900001226
16.4571,40.34507000012277
16.7614,40.36174000012269
16.5444,40.37842000012286
17.404,40.395110000122806
17.2448,40.41177000012296
16.4972,40.42845000012312
16.3931,40.44512000012305
16.6265,40.461790000122974
16.6937,40.47845000012312
16.6909,40.49511000012327
17.6077,40.51182000012323
16.4171,40.5285300001232
16.5094,40.54524000012316
16.2688,40.561910000123085
16.7417,40.57859000012325
16.5597,40.59524000012316
16.7093,40.61192000012333
16.7787,40.62860000012349
16.5914,40.64528000012366
16.575,40.66195000012359
16.3221,40.67863000012375
17.0486,40.69530000012368
17.7107,40.71199000012362
15.3507,40.72871000012383
16.2592,40.74538000012375
16.6108,40.76206000012392
16.9721,40.77873000012385
16.3916,40.795410000124015
16.8224,40.81210000012396
16.6848,40.82878000012413
16.5464,40.84543000012403
17.0365,40.86212000012398
16.6498,40.87879000012391
16.5961,40.89543000012404
16.8648,40.912140000124
16.3709,40.92882000012416
16.8976,40.94551000012411
16.8978,40.96223000012432
16.4423,40.9789300001245
16.478,40.99562000012445
16.9696,41.01233000012441
16.2205,41.02898000012432
16.9075,41.04565000012424
16.4794,41.062330000124405
16.9791,41.079010000124576
16.3744,41.09569000012474
16.9943,41.112390000124925
16.3055,41.129030000125056
16.9107,41.14570000012498
16.4082,41.16236000012513
17.0403,41.17903000012506
16.3653,41.19570000012499
16.9996,41.21238000012515
16.4965,41.2290700001251
16.5827,41.24572000012501
16.9348,41.26241000012495
16.4083,41.279070000125095
17.2642,41.2957900001253
33.1603,41.31246000012523
10.903,41.32915000012517
8.6956,41.345800000125074
13.9624,41.36250000012527
16.3325,41.37916000012541
16.782,41.39584000012558
16.8216,41.41251000012551
16.1858,41.42917000012565
16.8104,41.44584000012558
16.5114,41.46248000012571
17.0775,41.47919000012567
16.6758,41.49587000012584
16.5036,41.51256000012579
16.811,41.52923000012571
16.532,41.54591000012588
16.6369,41.56257000012603
16.6814,41.57926000012597
16.6061,41.59594000012614
16.992,41.6126500001261
16.4564,41.62933000012627
16.9007,41.6459700001264
16.7998,41.66265000012657
16.3377,41.67934000012651
16.6863,41.69601000012644
17.2409,41.71268000012636
16.3786,41.72941000012634
16.4475,41.74610000012629
17.2656,41.762820000126496
16.2407,41.779490000126415
16.5221,41.79617000012659
16.8517,41.81287000012677
16.4791,41.829550000126936
16.882,41.84624000012688
16.3936,41.86292000012705
17.0192,41.879630000127015
16.7453,41.89630000012694
16.6973,41.91297000012686
16.7247,41.92961000012699
16.7222,41.94627000012714
16.5523,41.962950000127314
16.6988,41.97961000012746
17.0664,41.996330000127664
16.6096,42.01300000012759
16.3156,42.02968000012776
16.859,42.04635000012768
16.7422,42.06302000012761
16.5112,42.07971000012756
16.748,42.096400000127495
17.046,42.11311000012746
16.5122,42.12979000012763
17.1109,42.1464700001278
16.6058,42.163100000127685
16.8515,42.17976000012784
16.3051,42.1964700001278
16.6043,42.21317000012798
16.3091,42.22983000012813
17.2954,42.24652000012807
16.4983,42.26320000012824
17.3156,42.27985000012815
16.1812,42.29657000012836
16.1569,42.31327000012854
16.2272,42.32995000012871
17.2113,42.34667000012892
16.506,42.36334000012884
16.5467,42.37998000012897
16.6333,42.39666000012914
16.6593,42.41331000012904
16.9181,42.430020000129005
16.4689,42.44669000012893
16.7598,42.46334000012884
16.5987,42.47999000012874
16.9564,42.49670000012871
16.2861,42.51334000012884
16.6564,42.530000000128986
16.8949,42.54668000012916
17.0243,42.56338000012934
16.5575,42.58007000012929
16.6772,42.59674000012921
16.7803,42.6134400001294
16.5872,42.63014000012959
16.2051,42.646830000129526
17.1815,42.66348000012943
16.6442,42.68020000012964
16.6439,42.69689000012959
16.7718,42.71361000012979
17.5619,42.73029000012996
15.5036,42.7469800001299
16.483,42.76363000012981
16.8858,42.780300000129735
16.4499,42.796940000129865
17.1313,42.81365000012983
16.4317,42.83036000012979
16.7093,42.84700000012992
16.7823,42.86369000012986
17.2483,42.88033000013
17.1667,42.897020000129935
16.6329,42.91372000013013
16.3436,42.93040000013029
16.8208,42.94710000013048
16.4303,42.96379000013042
16.6438,42.98044000013033
16.7543,42.99710000013048
16.1964,43.013780000130645
16.3783,43.03045000013057
16.5125,43.047130000130736
17.0735,43.06380000013066
16.616,43.08046000013081
16.8305,43.097160000131
16.3597,43.1138100001309
17.1121,43.13053000013111
16.6122,43.14724000013108
16.1756,43.163910000131
16.7834,43.18059000013117
17.008,43.19728000013111
16.2942,43.21396000013128
16.9796,43.23064000013144
16.4609,43.24731000013137
16.6705,43.26397000013152
16.74,43.28066000013146
16.859,43.29732000013161
16.7105,43.31397000013152
16.3128,43.33065000013169
17.1219,43.347370000131896
16.1641,43.36403000013204
17.0147,43.38073000013223
16.9267,43.3974100001324
16.6868,43.41408000013232
16.7523,43.43079000013228
16.2302,43.447470000132455
16.7404,43.4641300001326
16.7073,43.48081000013277
17.0297,43.49752000013273
16.4076,43.51416000013286
17.7218,43.53084000013303
16.2739,43.54749000013294
17.3859,43.5641700001331
16.275,43.58085000013328
16.9422,43.5975200001332
16.6296,43.614220000133386
16.5862,43.63090000013355
16.6181,43.64757000013348
16.9856,43.66424000013341
16.6126,43.68092000013357
16.7096,43.69762000013375
16.294,43.714300000133925
17.3739,43.73096000013408
16.1927,43.74766000013426
16.4546,43.76432000013441
16.809,43.78098000013456
16.6297,43.79766000013473
15.4363,43.81434000013489
16.722,43.83100000013504
17.357,43.84770000013523
16.7552,43.86436000013538
17.6064,43.88108000013558
15.4796,43.89778000013577
16.4945,43.91444000013592
16.9994,43.93115000013588
16.6839,43.94786000013584
16.2539,43.96453000013577
17.0334,43.98124000013573
16.3262,43.9979200001359
16.8248,44.014570000135805
16.6417,44.03125000013598
16.6755,44.04789000013611
17.1125,44.06457000013627
16.444,44.081270000136456
17.3939,44.09791000013659
15.7718,44.11457000013674
16.4414,44.1312500001369
16.6919,44.14791000013705
17.0108,44.16461000013724
16.487,44.18131000013743
16.5437,44.19798000013735
16.7077,44.21466000013752
16.5424,44.23131000013743
16.7835,44.24797000013758
16.5967,44.26465000013774
16.9864,44.28134000013769
16.8304,44.298040000137874
16.1355,44.3147100001378
17.0542,44.33141000013799
16.5439,44.348100000137926
16.4436,44.36479000013787
16.9985,44.38151000013808
16.3499,44.39820000013802
16.6773,44.41488000013819
16.9293,44.431560000138354
16.953,44.448220000138505
16.5198,44.464880000138656
16.7403,44.48155000013858
16.5251,44.49819000013871
17.4194,44.51487000013888
16.8573,44.5315400001388
16.22,44.548180000138935
16.9322,44.56487000013888
16.5496,44.581550000139046
16.5785,44.59823000013922
16.7309,44.61490000013914
16.7533,44.63158000013931
16.7215,44.64828000013949
16.6364,44.66496000013966
16.6854,44.68162000013981
16.6482,44.69830000013998
17.0127,44.71501000013994
16.4164,44.73167000014009
15.6543,44.748350000140256
16.8151,44.7650400001402
16.4898,44.78173000014014
16.8457,44.79841000014032
16.7984,44.815100000140255
17.319,44.83181000014022
17.2337,44.84849000014039
15.1184,44.865180000140334
16.7965,44.88183000014024
16.7031,44.89850000014017
17.454,44.91520000014035
16.3405,44.93187000014028
16.185,44.9485400001402
17.0736,44.965250000140166
16.3312,44.98191000014031
16.701,44.99856000014022
16.7221,45.01524000014039
16.9497,45.03191000014032
16.9885,45.04862000014028
16.4672,45.06531000014022
16.4518,45.08196000014013
16.9375,45.09864000014029
16.6709,45.115320000140464
17.3043,45.13198000014061
16.4171,45.148650000140535
16.9799,45.16535000014072
16.3494,45.182020000140646
16.7188,45.19870000014082
17.0117,45.21537000014074
16.6463,45.23207000014093
16.3256,45.24875000014109
16.9153,45.26546000014106
16.6725,45.282160000141246
16.5016,45.29882000014139
16.6637,45.31551000014134
17.361,45.3321900001415
16.1942,45.34888000014145
16.4329,45.36556000014162
16.7908,45.38222000014176
17.1297,45.39888000014192
16.8413,45.41556000014208
16.8306,45.43224000014225
16.6129,45.44891000014218
15.2799,45.46560000014212
16.9389,45.482310000142085
16.7321,45.499000000142026
17.3582,45.51567000014195
16.632,45.53238000014191
16.6456,45.54907000014186
16.5151,45.565750000142025
16.715,45.58245000014221
16.784,45.599120000142136
16.6092,45.61579000014206
16.8235,45.63249000014225
16.2541,45.64914000014216
17.0488,45.66581000014208
16.4303,45.68249000014225
17.0316,45.69916000014218
17.0535,45.71585000014212
16.3776,45.732520000142046
15.4284,45.7491800001422
16.9184,45.76587000014214
16.6522,45.78255000014231
16.446,45.79921000014245
17.1158,45.81592000014242
16.3026,45.832570000142326
17.4126,45.84925000014249
16.53,45.8659000001424
17.0448,45.88258000014257
16.5234,45.89927000014251
15.6996,45.91595000014268
16.8017,45.932600000142585
16.8271,45.94928000014275
16.994,45.96595000014268
16.8645,45.9826200001426
16.7046,45.99933000014256
16.4467,46.01600000014249
16.9142,46.032720000142696
16.762,46.04941000014264
16.2935,46.06608000014257
17.0574,46.08280000014277
16.3972,46.09948000014294
16.9169,46.1161900001429
16.906,46.13291000014311
16.2963,46.14957000014326
16.7248,46.16622000014316
16.9716,46.18294000014337
16.3353,46.1995800001435
16.7737,46.216230000143405
16.6283,46.232910000143576
16.618,46.24955000014371
16.7888,46.26623000014387
16.4615,46.282870000144
16.9665,46.29951000014413
16.2497,46.316190000144296
16.7542,46.33287000014447
16.5428,46.3495100001446
16.6207,46.36620000014454
17.252,46.382870000144464
16.9472,46.39956000014441
17.0918,46.416240000144576
16.4058,46.43294000014477
16.4428,46.44964000014495
16.9644,46.466350000144914
16.6982,46.48304000014486
16.4741,46.49972000014503
17.1027,46.516430000144986
16.6569,46.53310000014491
16.6204,46.54979000014486
16.841,46.56646000014479
16.5388,46.58314000014495
16.6516,46.59979000014486
17.0249,46.61645000014501
16.4006,46.633100000144914
16.6857,46.649760000145065
16.6238,46.66644000014523
17.1083,46.68313000014518
16.3326,46.69982000014512
16.4699,46.71649000014504
17.0236,46.73318000014499
15.3464,46.74986000014516
16.9986,46.76658000014536
16.5523,46.78327000014531
17.1597,46.79995000014547
16.6847,46.81663000014564
16.8002,46.83331000014581
16.6002,46.84995000014594
16.8733,46.866640000145885
16.589,46.88333000014583
16.5814,46.90000000014575
16.6916,46.91668000014592
16.9856,46.93337000014586
16.6901,46.950080000145824
16.0849,46.96675000014575
17.2057,46.98346000014571
16.3329,47.00014000014588
17.3471,47.01685000014584
16.4196,47.03352000014577
16.5591,47.050200000145935
16.0584,47.06690000014613
16.6659,47.08358000014629
16.4945,47.10022000014642
16.8877,47.11687000014633
16.5178,47.13356000014628
16.6453,47.15021000014618
16.8686,47.166890000146346
17.5937,47.1835500001465
17.1889,47.20024000014645
16.6903,47.216930000146384
16.5249,47.233590000146535
17.057,47.250300000146495
16.5296,47.26700000014668
16.3916,47.28367000014661
17.1602,47.300380000146575
16.2434,47.31706000014674
17.1424,47.33376000014693
16.2375,47.35043000014685
15.0129,47.367090000147
17.084,47.38379000014719
16.4785,47.40049000014737
16.6434,47.41714000014728
16.9381,47.4338100001472
16.1651,47.45050000014715
17.1675,47.46717000014707
16.8809,47.48389000014728
16.4402,47.50057000014745
16.9155,47.51729000014765
16.6235,47.53401000014786
16.3599,47.550660000147765
17.8345,47.567350000147705
15.6001,47.58403000014788
16.6582,47.60069000014803
17.3996,47.61740000014799
15.8722,47.63406000014814
16.8174,47.65072000014828
16.7785,47.66740000014845
16.3524,47.68405000014836
16.691,47.70070000014827
16.7943,47.71737000014819
17.4655,47.7340200001481
16.1491,47.750690000148026
16.7001,47.76740000014799
16.4514,47.78404000014812
16.55,47.80072000014829
16.9746,47.8173700001482
16.6017,47.83405000014836
16.42,47.85074000014831
16.9641,47.86744000014849
16.7307,47.88414000014868
16.5521,47.90082000014884
16.6802,47.91753000014881
16.8032,47.93422000014875
16.6628,47.95090000014892
16.7899,47.96760000014911
16.6203,47.98428000014927
16.8264,48.0009500001492
16.1284,48.01761000014935
17.02,48.03429000014951
16.6219,48.05098000014946
16.5615,48.067700000149664
16.6418,48.084360000149815
16.9403,48.10104000014998
17.4724,48.11774000015016
15.5582,48.13443000015011
16.701,48.151130000150296
16.3947,48.16779000015045
16.6503,48.18447000015061
17.0416,48.20115000015078
16.5303,48.21782000015071
16.4179,48.2344500001506
16.9413,48.25112000015052
16.7072,48.26776000015065
16.9898,48.284440000150816
16.9728,48.30111000015074
16.2706,48.31781000015093
16.2252,48.33450000015088
16.8266,48.35118000015104
16.5519,48.36783000015095
16.9057,48.38451000015112
16.4489,48.40119000015128
16.7184,48.41788000015123
16.7107,48.43456000015139
16.6251,48.45122000015154
16.6907,48.46787000015145
16.6339,48.48451000015158
17.0182,48.501210000151765
16.3583,48.51788000015169
17.1208,48.53459000015166
16.6693,48.551240000151566
16.7488,48.56793000015151
16.6534,48.58460000015143
16.5727,48.60127000015136
16.6919,48.617940000151286
16.4356,48.634630000151226
16.7992,48.65132000015117
16.9738,48.66800000015134
16.4933,48.68470000015152
16.8679,48.701380000151694
16.5465,48.71808000015188
17.9178,48.73479000015184
15.1545,48.751460000151766
16.699,48.768150000151714
16.6445,48.78483000015188
16.9968,48.80153000015206
16.7318,48.818230000152255
16.6688,48.83491000015242
16.4698,48.851580000152346
17.022,48.86826000015251
16.6398,48.8849600001527
16.2715,48.90161000015261
16.6923,48.91830000015255
16.9954,48.93501000015252
16.3162,48.95169000015268
16.8486,48.96835000015283
16.9886,48.98500000015274
16.8942,49.00167000015266
16.4707,49.018360000152605
16.8814,49.03502000015276
15.9968,49.051660000152886
16.6952,49.06835000015283
16.5545,49.085030000153
16.6949,49.1016800001529
16.6613,49.11837000015285
16.6927,49.13504000015278
16.6919,49.15173000015272
16.6292,49.16839000015287
16.9927,49.1850600001528
17.1008,49.20173000015272
17.1395,49.21844000015268
16.6295,49.23512000015285
16.7468,49.25179000015277
15.3638,49.26847000015295
16.9677,49.28515000015311
16.6985,49.30184000015306
16.8854,49.31855000015302
16.5682,49.33526000015298
17.0668,49.351950000152925
15.9505,49.36862000015285
17.2581,49.38531000015279
17.1052,49.40201000015298
15.9404,49.41871000015316
16.4407,49.43539000015333
16.5411,49.4520700001535
16.8599,49.468740000153424
17.1042,49.48541000015335
16.9888,49.50206000015326
16.5957,49.5187500001532
16.6766,49.535460000153165
16.4607,49.55211000015307
16.2875,49.5687500001532
16.7924,49.58541000015335
16.7011,49.60209000015352
17.0039,49.61878000015346
16.2154,49.63546000015363
16.9603,49.652150000153576
16.7534,49.66884000015352
17.0327,49.68553000015346
16.3063,49.70218000015337
16.9571,49.718880000153554
17.2856,49.7355700001535
15.9906,49.75225000015367
15.7651,49.76893000015384
17.0048,49.78559000015399
16.6859,49.80228000015393
16.8778,49.81892000015406
16.3801,49.83559000015399
16.6763,49.85223000015412
16.8136,49.86891000015428
16.8761,49.88559000015445
16.6075,49.90228000015439
16.4646,49.91896000015456
16.9649,49.93566000015475
16.6072,49.952350000154695
16.4084,49.96902000015462
17.1068,49.98573000015458
16.6458,50.00244000015454
16.6785,50.01912000015472
17.0835,50.03583000015468
16.5071,50.0525000001546
16.8126,50.06919000015454
16.5801,50.08590000015451
16.2455,50.102550000154416
16.3167,50.119220000154336
16.7704,50.13590000015451
17.1912,50.152570000154434
16.284,50.16921000015456
16.8003,50.1859000001545
16.9816,50.20259000015445
16.5433,50.219270000154616
16.8555,50.23594000015454
16.2913,50.25260000015469
16.8983,50.26929000015463
16.4923,50.28598000015458
17.1121,50.30269000015454
16.3331,50.31935000015469
16.5513,50.336030000154864
16.8405,50.35271000015503
16.9736,50.36938000015496
16.7787,50.38608000015514
16.4094,50.40274000015529
16.8937,50.41945000015525
16.4704,50.43612000015518
16.3202,50.45279000015511
16.6286,50.46944000015501
16.7829,50.48611000015494
17.0273,50.50281000015512
16.7222,50.51948000015505
16.8067,50.53616000015521
16.6016,50.55283000015514
16.2737,50.56950000015507
16.8352,50.5861400001552
16.5351,50.60282000015536
16.8574,50.61950000015553
16.9615,50.63621000015549
16.983,50.652920000155454
16.2837,50.669580000155605
16.922,50.68627000015555
16.5689,50.70292000015546
16.9851,50.719590000155385
16.4181,50.73627000015555
17.2547,50.752950000155714
16.0745,50.76967000015592
16.4729,50.786390000156125
16.9255,50.80304000015603
16.1997,50.81970000015618
16.9847,50.83641000015614
16.5785,50.85310000015609
16.8558,50.869780000156254
16.9945,50.886460000156426
16.8546,50.903150000156366
16.9866,50.91986000015633
16.4736,50.936500000156464
16.3846,50.953140000156594
16.8684,50.96982000015676
16.4745,50.986490000156685
17.1944,51.00318000015663
16.2624,51.019840000156776
17.4484,51.03655000015674
16.4006,51.05320000015665
16.7433,51.069880000156815
16.6335,51.08653000015672
17.0358,51.10324000015669
16.5183,51.11991000015661
15.1373,51.13659000015678
16.8452,51.15328000015672
17.0066,51.169950000156646
16.6348,51.18666000015661
16.4114,51.20331000015652
16.6519,51.22000000015646
16.9915,51.236700000156645
16.4659,51.25339000015659
16.794,51.27006000015652
16.445,51.286760000156704
17.161,51.30346000015689
16.1522,51.32014000015706
16.579,51.33679000015697
16.8349,51.35344000015687
16.9096,51.3701100001568
16.5161,51.38679000015696
16.7807,51.40345000015712
16.8278,51.42016000015708
16.4707,51.436820000157226
16.5992,51.45349000015715
17.0866,51.47018000015709
16.5653,51.48689000015706
16.29,51.50356000015698
17.1851,51.52027000015695
16.3871,51.53697000015713
17.1923,51.55367000015732
16.49,51.57035000015749
17.3238,51.58703000015765
16.1823,51.60375000015786
16.4089,51.62043000015802
16.7954,51.63710000015795
16.7003,51.65375000015786
16.7988,51.67044000015781
16.5078,51.68709000015771
16.9843,51.703790000157895
17.2096,51.7204400001578
17.1009,51.73715000015777
17.0362,51.75380000015768
14.6377,51.77043000015756
16.6557,51.78710000015749
17.177,51.80380000015767
16.8055,51.82051000015763
16.0251,51.83718000015756
16.7932,51.85386000015773
16.9105,51.87055000015767
16.3938,51.887250000157856
16.8054,51.90389000015799
16.7339,51.92058000015793
16.4302,51.937260000158105
16.8235,51.95394000015827
16.8805,51.97060000015842
16.8326,51.98726000015856
16.2303,52.003940000158735
17.0756,52.0206200001589
16.4053,52.03726000015903
17.0553,52.0539400001592
16.4354,52.07065000015916
16.4967,52.08731000015931
16.6535,52.10399000015948
16.6423,52.12068000015943
17.0296,52.13735000015935
16.6466,52.15403000015952
16.4637,52.17071000015969
16.3225,52.18738000015961
16.6426,52.20405000015953
16.7958,52.22072000015946
16.7413,52.23738000015961
16.4086,52.254060000159775
16.6844,52.27075000015972
16.8075,52.28743000015989
16.6542,52.30409000016004
16.6534,52.32075000016019
16.7741,52.33744000016013
16.5781,52.35413000016008
16.6859,52.37081000016024
17.1403,52.38752000016021
16.8963,52.404190000160135
20.5218,52.42086000016005
13.1043,52.43754000016023
16.0283,52.45422000016039
16.8931,52.47093000016036
16.4321,52.48761000016052
17.0176,52.50431000016071
16.3742,52.52099000016088
16.6804,52.53767000016104
16.9976,52.5543300001612
16.4019,52.57101000016136
16.7903,52.587720000161326
16.5069,52.60440000016149
17.0703,52.62107000016142
16.27,52.63772000016132
16.9824,52.65442000016151
16.688,52.67110000016168
16.5102,52.68778000016184
16.7989,52.70447000016179
16.4754,52.721130000161935
16.6778,52.737810000162106
16.8481,52.75447000016226
16.2933,52.77114000016218
16.8579,52.78785000016215
16.5365,52.80453000016231
16.6035,52.82120000016224
16.7988,52.83785000016214
16.4868,52.85452000016207
16.6186,52.871190000162
17.1345,52.88790000016196
16.9176,52.9045900001619
16.3295,52.92127000016207
16.5561,52.93795000016224
16.3039,52.95461000016238
16.8494,52.97129000016256
16.2519,52.98795000016271
16.8715,53.00463000016287
16.9664,53.02131000016304
17.127,53.038020000163
16.2772,53.05467000016291
16.8705,53.07137000016309
16.6114,53.08806000016304
16.8297,53.104770000163
16.7441,53.12144000016293
16.3045,53.13812000016309
16.9473,53.15483000016306
16.4682,53.171520000163
16.9428,53.188240000163205
17.0921,53.20493000016315
16.3443,53.22161000016332
16.7067,53.23825000016345
16.7072,53.254920000163374
16.598,53.27157000016328
16.6972,53.28825000016344
16.9909,53.30495000016364
16.5593,53.3216300001638
17.374,53.33833000016399
16.8684,53.35498000016389
16.0277,53.37162000016402
16.9938,53.38832000016421
16.6344,53.4050200001644
16.4462,53.42170000016456
17.2319,53.43841000016453
16.3453,53.455090000164695
16.2387,53.471750000164846
16.9611,53.48840000016475
16.8933,53.50509000016469
16.6704,53.52178000016464
16.3802,53.5384600001648
16.9982,53.555140000164975
16.3485,53.5718100001649
16.7002,53.58848000016483
16.6643,53.605130000164735
16.6632,53.621800000164654
16.7024,53.638480000164826
16.9747,53.65519000016479
16.7912,53.67187000016496
16.5914,53.6885600001649
16.4078,53.70524000016507
17.0109,53.721940000165255
16.8174,53.73862000016542
16.4365,53.75530000016559
15.8332,53.77201000016555
16.3868,53.7887000001655
16.6086,53.80537000016543
16.8112,53.82203000016557
16.7078,53.8386700001657
16.7667,53.855320000165605
16.8239,53.87201000016555
16.5583,53.88866000016546
17.0437,53.90534000016562
16.2561,53.922020000165794
16.832,53.93869000016572
16.5029,53.955370000165885
17.0211,53.97209000016609
16.5604,53.98878000016604
16.5163,54.00547000016598
16.8423,54.022180000165946
16.6215,54.038870000165886
16.6719,54.05553000016604
16.6953,54.0722100001662
16.8424,54.08891000016639
16.5833,54.10559000016656
16.5367,54.12227000016672
16.6856,54.13892000016664
16.9253,54.15562000016682
16.342,54.17229000016675
17.1139,54.18894000016665
17.05,54.20563000016659
16.3332,54.222310000166765
17.0635,54.239020000166725
16.196,54.25568000016688
16.8985,54.272370000166816
16.7711,54.28906000016677
16.0341,54.30574000016693
16.7022,54.32238000016706
16.736,54.339050000166985
16.9345,54.35575000016717
16.6362,54.3724200001671
16.7439,54.38911000016704
16.3207,54.40575000016717
17.0777,54.42243000016734
16.9798,54.43910000016727
16.3666,54.455760000167416
16.8945,54.4724600001676
16.4193,54.489140000167765
16.9717,54.50585000016773
16.5276,54.52252000016766
16.6367,54.539170000167566
17.1081,54.55588000016753
16.3591,54.572570000167474
16.5546,54.58925000016764
16.7784,54.60590000016754
16.8996,54.62261000016751
16.3964,54.63926000016741
16.5846,54.65594000016758
16.8604,54.67259000016749
16.7287,54.68928000016744
16.6135,54.7059600001676
16.8781,54.72263000016753
16.4465,54.739300000167454
17.0239,54.75598000016762
16.1262,54.77266000016779
17.0595,54.789340000167954
16.9293,54.8060300001679
16.8153,54.822730000168086
16.4892,54.83943000016827
16.84,54.85609000016842
15.6366,54.87278000016836
16.9143,54.88945000016829
16.6428,54.90614000016824
16.5076,54.92281000016816
17.1057,54.93953000016837
16.3911,54.95619000016851
17.567,54.9728900001687
16.4656,54.98955000016885
16.8695,55.0062400001688
16.6951,55.022930000168735
16.4933,55.03960000016866
16.9763,55.05629000016861
16.6953,55.0729900001688
16.5101,55.089680000168734
16.5194,55.106320000168864
16.7953,55.12300000016904
16.6152,55.13967000016896
16.5847,55.15635000016913
16.9245,55.173040000169074
16.5237,55.189700000169225
16.8966,55.20641000016919
16.5112,55.22306000016909
16.8999,55.23975000016903
16.3385,55.25642000016896
16.9178,55.273130000168926
16.5705,55.28982000016887
16.8581,55.30650000016904
16.5025,55.3231800001692
16.6045,55.33983000016911
16.1153,55.35654000016907
16.6336,55.37320000016922
16.8982,55.38991000016918
16.9403,55.40657000016933
17.1286,55.42326000016928
15.6721,55.43991000016919
17.6819,55.45661000016937
17.29,55.47329000016954
16.546,55.489990000169726
16.275,55.50667000016989
16.5461,55.52335000017006
16.0171,55.54002000016998
16.6462,55.556670000169895
16.9305,55.57333000017004
16.6339,55.590000000169965
16.819,55.606710000169926
16.5404,55.62336000016984
16.4325,55.64001000016975
16.9588,55.65667000016989
16.7782,55.67337000017008
16.0148,55.69002000016999
16.9077,55.70671000016993
16.5477,55.723380000169854
16.9761,55.74008000017004
16.7451,55.75679000017001
17.5289,55.77348000016995
15.4105,55.790150000169874
16.804,55.80686000016984
16.6479,55.823540000170006
16.3504,55.84019000016991
17.1344,55.8568900001701
16.883,55.87358000017005
16.3029,55.890270000169984
16.4862,55.906930000170135
16.8152,55.92358000017004
17.0528,55.94025000016997
16.3551,55.95694000016991
16.6948,55.97359000016981
16.7623,55.99028000016976
16.594,56.00697000016971
16.7599,56.02365000016987
16.5955,56.04031000017002
16.4854,56.05698000016995
17.0129,56.073680000170135
16.4027,56.0903600001703
16.9264,56.10704000017047
16.533,56.12372000017064
16.368,56.14041000017058
17.0685,56.15710000017052
16.346,56.17378000017069
17.3383,56.19047000017064
16.4011,56.207150000170806
16.1077,56.22383000017097
17.0579,56.24051000017114
16.6614,56.2572200001711
16.8992,56.27391000017105
16.7099,56.290590000171214
16.4636,56.307270000171386
16.562,56.32393000017153
16.9494,56.340600000171456
16.1903,56.35726000017161
16.8873,56.37393000017153
16.4888,56.390620000171474
16.8178,56.407300000171645
16.6145,56.42395000017155
17.0023,56.4406100001717
16.4847,56.45729000017187
16.534,56.47397000017203
16.757,56.4906500001722
17.0048,56.50736000017216
16.4327,56.524040000172334
16.9498,56.54076000017254
16.3166,56.557440000172704
16.9757,56.57413000017265
16.4997,56.59083000017284
16.5708,56.60749000017299
16.5559,56.62416000017291
16.9071,56.64084000017308
16.624,56.657510000173005
16.863,56.67419000017317
16.7778,56.69085000017332
17.3365,56.70752000017325
16.4584,56.72423000017321
16.5788,56.74089000017336
16.483,56.757560000173285
17.3662,56.774250000173225
15.5401,56.7909300001734
16.6515,56.80762000017334
16.6124,56.82430000017351
17.4455,56.84095000017341
16.6759,56.85764000017336
16.7905,56.87430000017351
16.7772,56.89095000017341
16.9383,56.90761000017356
16.2823,56.92428000017349
16.8678,56.94097000017343
16.4566,56.95764000017336
16.9432,56.97434000017354
16.7449,56.991040000173726
16.7742,57.00773000017367
16.6673,57.0244000001736
16.5786,57.04111000017356
16.5089,57.05780000017351
16.5179,57.07448000017367
16.6186,57.09116000017384
16.7796,57.10781000017375
16.5949,57.12449000017392
16.6925,57.14113000017405
16.7452,57.1577900001742
16.6708,57.17447000017436
16.8762,57.19115000017453
16.6987,57.20782000017446
16.7107,57.224490000174384
16.7162,57.241200000174345
16.5418,57.257890000174285
16.6985,57.27459000017448
16.4599,57.29128000017442
16.6563,57.30796000017459
16.9832,57.32464000017475
16.593,57.34132000017492
17.0164,57.35801000017487
17.2221,57.37468000017479
16.1331,57.39136000017496
17.0749,57.40804000017513
16.4619,57.42474000017531
16.6353,57.44142000017548
16.5599,57.4580900001754
15.3363,57.474770000175575
17.1822,57.49149000017578
16.5251,57.50818000017572
16.4494,57.52486000017589
16.8699,57.54155000017583
16.9649,57.558230000176
16.7284,57.57490000017593
16.6271,57.59156000017608
16.544,57.60822000017623
17.2714,57.624930000176185
16.7451,57.64161000017636
16.5223,57.65826000017626
16.9252,57.6749500001762
16.375,57.69162000017613
17.3869,57.7083000001763
16.7197,57.72501000017626
16.3889,57.74168000017619
15.6325,57.75835000017612
17.3603,57.775040000176055
16.1183,57.79171000017598
16.5358,57.80839000017615
16.6449,57.82506000017607
17.0836,57.841740000176245
16.5191,57.858450000176205
16.3976,57.87510000017611
17.0501,57.89176000017626
17.0869,57.90845000017621
15.9629,57.92513000017637
17.1294,57.94183000017656
16.5266,57.95849000017671
16.8007,57.97517000017688
17.1072,57.991870000177066
16.4057,58.008540000176986
16.5229,58.025200000177136
16.8071,58.04190000017732
16.7788,58.05857000017725
16.4866,58.0752300001774
16.8658,58.091930000177584
16.3804,58.10858000017749
17.1129,58.12529000017746
16.2859,58.14197000017762
16.6384,58.15862000017753
16.9566,58.1753000001777
16.8565,58.19199000017764
16.5205,58.20865000017779
16.6099,58.22532000017772
17.0375,58.24203000017768
16.506,58.25871000017784
16.8282,58.27542000017781
16.4973,58.29209000017774
16.4278,58.3087700001779
16.8923,58.32545000017807
16.5663,58.34211000017822
16.8234,58.35877000017837
16.7976,58.37548000017833
16.3955,58.3921600001785
17.2587,58.40882000017864
16.3337,58.4254800001788
16.549,58.4421300001787
17.0158,58.45881000017887
16.2328,58.47550000017881
16.7973,58.49218000017898
16.2235,58.50888000017917
16.8945,58.52558000017935
16.2875,58.54223000017926
17.0415,58.55894000017923
16.2991,58.57561000017915
17.0038,58.59231000017934
16.8301,58.60903000017954
16.37,58.62569000017969
16.898,58.64239000017987
16.6312,58.65909000018007
16.1307,58.67574000017997
17.0758,58.69239000017988
17.3071,58.70908000017982
16.6368,58.72572000017995
16.8586,58.742410000179895
16.565,58.759070000180046
16.6191,58.775710000180176
17.5017,58.79239000018034
16.0978,58.80906000018027
16.5632,58.82574000018043
16.9707,58.84246000018064
16.3844,58.85915000018058
16.6778,58.87582000018051
17.1071,58.89254000018072
16.0525,58.90922000018088
16.5879,58.92589000018081
16.8362,58.942580000180754
16.5777,58.95926000018092
16.9353,58.97594000018108
16.7378,58.992620000181255
16.7858,59.00930000018142
16.1119,59.02598000018159
16.7122,59.04266000018176
16.788,59.059300000181885
16.8013,59.07597000018181
16.9613,59.09269000018202
15.8508,59.10936000018194
16.4685,59.12604000018211
16.6929,59.14270000018226
17.0476,59.15936000018241
15.8933,59.17600000018254
16.6928,59.19267000018247
19.3082,59.20935000018263
14.0499,59.2260300001828
16.5841,59.24270000018272
17.0303,59.259330000182615
22.8353,59.27601000018278
18.1043,59.29269000018295
11.3523,59.30937000018312
14.7715,59.32606000018306
16.2098,59.34274000018323
17.0557,59.35944000018341
16.7556,59.37613000018336
16.4383,59.39281000018352
16.921,59.40951000018372
17.0145,59.42622000018368
16.638,59.4428900001836
16.3345,59.45957000018377
16.3811,59.47625000018394
16.759,59.492920000183865
16.7272,59.509610000183805
16.847,59.52628000018373
16.6103,59.54294000018388
17.3616,59.55965000018384
16.4358,59.576310000184
17.0785,59.593000000183935
16.7063,59.60970000018412
16.4438,59.62638000018429
16.8973,59.64308000018448
16.653,59.65978000018466
17.2119,59.676480000184846
16.6522,59.69317000018479
16.7401,59.709890000185
16.2958,59.72655000018515
17.173,59.74327000018536
16.6602,59.75995000018552
16.2203,59.77661000018567
17.5626,59.7932800001856
15.2331,59.80997000018554
16.767,59.82666000018549
17.2233,59.843350000185424
16.2823,59.86002000018535
16.9765,59.87669000018528
16.5097,59.8933600001852
16.8358,59.910000000185335
16.569,59.92665000018524
16.3588,59.94334000018518
16.067,59.96002000018535
17.4972,59.9766800001855
16.426,59.99335000018543
16.4863,60.00998000018532
16.612,60.0266800001855
16.421,60.04334000018565
17.0897,60.06006000018586
16.2483,60.07677000018582
16.3834,60.09345000018598
16.6879,60.11012000018591
16.7274,60.1268200001861
16.7918,60.14348000018624
16.7357,60.160160000186416
16.4113,60.17684000018658
17.3875,60.19350000018673
16.9749,60.21019000018667
16.7119,60.2268600001866
16.844,60.24355000018655
16.2676,60.26022000018647
16.8892,60.27693000018643
16.4489,60.29359000018658
17.0187,60.310300000186544
16.5004,60.326960000186695
16.5373,60.34365000018664
16.3754,60.3603600001866
16.4965,60.37705000018654
16.3966,60.39371000018669
17.1437,60.41039000018686
16.2234,60.427080000186805
17.4464,60.44378000018699
16.6487,60.4605000001872
16.3336,60.47720000018738
16.4301,60.49389000018733
16.9575,60.51060000018729
16.563,60.5272500001872
16.438,60.54391000018735
16.573,60.56059000018751
16.9778,60.57725000018766
16.4376,60.59392000018759
16.5734,60.61055000018747
16.8222,60.6271900001876
16.6767,60.643820000187496
16.8493,60.66051000018744
16.5878,60.67717000018759
16.5577,60.69384000018752
16.8877,60.710530000187454
16.7611,60.727230000187646
16.4219,60.74388000018755
17.069,60.76061000018753
16.6435,60.77733000018774
16.8984,60.7940100001879
16.4905,60.81071000018809
16.1416,60.82737000018824
17.0678,60.844060000188186
16.2786,60.86074000018835
17.5565,60.877440000188535
16.3381,60.89409000018844
16.9054,60.91081000018865
16.3971,60.92744000018854
16.4147,60.94408000018867
16.873,60.960760000188834
16.2405,60.977420000188985
17.1241,60.99414000018919
16.5546,61.01082000018936
16.4508,61.02750000018953
16.7823,61.04414000018966
16.7521,61.06082000018982
16.6683,61.07747000018973
16.5881,61.0941500001899
17.1471,61.1108700001901
16.5836,61.12758000019007
16.358,61.14426000019023
16.6437,61.16090000019036
16.665,61.177550000190266
16.9522,61.19426000019023
16.3779,61.2109400001904
16.6582,61.227610000190325
16.7625,61.24428000019025
16.9288,61.26099000019021
16.413,61.27763000019034
17.0855,61.294310000190514
16.7806,61.31102000019048
16.3602,61.32771000019042
16.4695,61.344390000190586
16.953,61.36108000019053
16.3463,61.37775000019045
17.3927,61.394480000190434
16.7744,61.41120000019064
16.3824,61.42785000019055
17.1486,61.44456000019051
16.802,61.46123000019044
16.6254,61.47790000019036
16.2555,61.49460000019055
16.8273,61.51132000019075
16.5863,61.52799000019068
16.5013,61.54469000019087
16.9375,61.56137000019103
16.3274,61.578030000191184
16.8278,61.594740000191145
16.5463,61.61141000019107
16.2883,61.62807000019122
16.843,61.644730000191366
16.5303,61.661370000191496
17.1818,61.67805000019167
16.9113,61.69470000019157
16.3832,61.71140000019176
16.4733,61.72805000019167
16.4176,61.744710000191816
17.0158,61.76139000019198
16.5114,61.778040000191886
16.8096,61.79474000019208
16.8065,61.81142000019224
16.5497,61.828150000192224
16.4209,61.84480000019213
16.5911,61.8614800001923
17.0799,61.87816000019247
16.6366,61.89485000019241
16.7,61.91157000019262
16.3589,61.928220000192525
17.0614,61.94494000019273
16.2304,61.96159000019264
16.6946,61.97826000019256
17.1773,61.99493000019248
16.296,62.011610000192654
16.9137,62.02829000019282
16.8234,62.04494000019272
16.7918,62.061620000192896
16.3656,62.07826000019303
17.0588,62.09496000019321
16.5124,62.11161000019312
16.7296,62.12829000019329
16.917,62.14500000019325
16.4388,62.16164000019338
16.7015,62.17831000019331
16.962,62.19500000019325
16.4818,62.21168000019342
16.665,62.22834000019357
16.5383,62.24503000019351
17.0513,62.261720000193456
16.425,62.27840000019362
16.8609,62.295100000193806
16.4474,62.31175000019371
16.8205,62.32843000019388
16.8701,62.34511000019405
16.5818,62.361800000194
16.2991,62.37847000019392
17.0974,62.395170000194106
16.6424,62.41187000019429
16.8619,62.4285200001942
16.5935,62.44522000019438
16.8163,62.46191000019433
16.1178,62.47860000019428
17.0552,62.49531000019424
16.3933,62.5119900001944
16.9198,62.52867000019457
16.5118,62.54535000019474
16.5737,62.56201000019489
17.0503,62.578680000194815
16.8463,62.59536000019498
16.5656,62.61202000019513
16.7765,62.62868000019528
17.3427,62.64539000019524
16.4027,62.66206000019517
15.4727,62.67874000019533
17.0014,62.69540000019549
16.8445,62.71209000019543
16.6229,62.72878000019537
16.7944,62.74547000019532
16.6513,62.7621700001955
16.4959,62.77885000019567
16.8155,62.79553000019584
16.4737,62.81217000019597
17.0942,62.82887000019616
16.3548,62.845550000196326
16.6111,62.862220000196245
17.0072,62.87891000019619
16.3971,62.89557000019634
16.8717,62.91222000019625
16.8537,62.9288800001964
16.5541,62.94555000019632
17.0337,62.96223000019649
16.7931,62.97894000019645
15.6564,62.99558000019658
