Interval,Time
122.6923,81.51320000028144
3.1172,81.54658000028134
1.287,81.52989000028138
1.227,81.5632600002815
1.1055,81.57995000028144
0.9079,81.59664000028138
0.8158,81.61336000028159
0.8472,81.63005000028154
1.1737,81.64674000028148
1.471,81.66342000028165
1.7447,81.68010000028181
2.1976,81.69678000028199
1.0907,81.71347000028193
0.9392,81.7301500002821
0.8676,81.74682000028203
0.9326,81.76349000028195
1.2311,81.78016000028187
0.952,81.79685000028182
0.7011,81.81351000028197
0.7013,81.83019000028213
0.7119,81.84688000028208
0.63,81.86356000028225
0.6385,81.88022000028239
0.5962,81.89692000028258
0.5821,81.91360000028276
0.6504,81.93030000028294
0.7365,81.94699000028288
0.7843,81.96364000028278
0.9393,81.98032000028296
0.7634,81.99699000028288
1.0599,82.01370000028284
1.6955,82.04709000028298
0.7457,82.03040000028302
0.7386,82.06378000028292
0.6244,82.08047000028286
0.6327,82.09713000028302
0.6915,82.11377000028314
0.662,82.13046000028308
0.6578,82.14715000028303
0.6298,82.16384000028297
0.6223,82.1804800002831
0.6791,82.19713000028301
0.685,82.21380000028293
0.6107,82.23044000028307
0.6285,82.24712000028323
0.5921,82.2638000002834
0.6699,82.28047000028333
0.7481,82.29714000028325
1.6017,82.31381000028318
0.974,82.3304800002831
0.7172,82.34717000028304
1.0328,82.36385000028322
1.0106,82.39722000028333
0.7579,82.41389000028325
0.6058,82.43057000028342
0.5173,82.38053000028339
0.5141,82.44726000028336
0.5058,82.46394000028353
0.5071,82.4806200002837
0.5163,82.49731000028365
0.7899,82.51397000028379
0.9057,82.53064000028373
0.763,82.54731000028364
0.6473,82.56398000028356
0.5923,82.58066000028374
0.5611,82.59733000028366
0.5548,82.61400000028358
0.6317,82.63068000028376
0.552,82.6473700002837
0.535,82.66404000028362
0.5698,82.6807200002838
0.6479,82.69741000028374
0.8162,82.7140900002839
1.1495,82.73077000028407
1.4774,82.74745000028425
1.4275,82.76413000028441
1.0247,82.78081000028457
0.7116,82.8141500002849
0.6085,82.83083000028506
0.5674,82.84751000028523
0.5939,82.79749000028474
0.5869,82.86418000028515
0.5794,82.88086000028532
0.5699,82.89754000028549
3.7194,82.91422000028565
12.7927,82.93091000028559
17.4432,82.94760000028555
16.1594,82.96429000028549
16.9842,82.98099000028567
16.6144,82.99767000028584
16.5269,83.01436000028579
15.4556,83.03104000028596
16.5553,83.04772000028612
16.5743,83.06441000028606
16.6502,83.081080000286
17.265,83.09776000028616
20.4239,83.11443000028608
13.6815,83.13111000028626
17.9568,83.14778000028618
16.0895,83.16446000028634
16.8522,83.18113000028627
15.206,83.19781000028644
19.1894,83.2144900002866
15.9053,83.23115000028676
14.8326,83.24783000028692
17.5334,83.26451000028709
16.6643,83.28119000028725
16.7558,83.29786000028719
16.5981,83.31454000028735
16.5327,83.33122000028752
17.2675,83.34790000028768
16.0251,83.36458000028786
17.1785,83.38126000028802
15.7442,83.39795000028796
18.1794,83.4146400002879
14.5499,83.43132000028808
16.4912,83.44801000028802
16.5264,83.46469000028819
16.7237,83.48137000028835
16.7919,83.49805000028853
16.6567,83.51474000028847
16.825,83.53142000028863
17.0687,83.5481000002888
16.049,83.56478000028898
16.741,83.58146000028914
17.9118,83.59813000028906
15.208,83.614800000289
24.4353,83.63148000028916
11.717,83.6481700002891
14.8066,83.66485000028926
16.3477,83.68153000028944
16.501,83.6982100002896
17.0704,83.71493000028981
16.9168,83.73162000028975
16.6459,83.74834000028996
16.5613,83.76505000028992
16.3265,83.78174000028986
16.8161,83.79842000029004
16.4874,83.81508000029018
16.8162,83.83178000029037
16.5695,83.84846000029053
16.6234,83.86514000029071
16.9603,83.88181000029063
16.397,83.89848000029055
17.202,83.9151400002907
16.2782,83.9317900002906
17.4654,83.94848000029056
15.6629,83.96516000029072
17.2053,83.98185000029066
16.9988,83.99855000029085
16.7648,84.01526000029081
16.3353,84.03195000029076
16.7266,84.0486100002909
16.6346,84.06529000029107
16.7065,84.08195000029123
16.4895,84.0986300002914
18.0213,84.11529000029154
15.575,84.13197000029172
15.759,84.14865000029188
16.3525,5.01455466667423
17.0535,5.031264666674193
16.7803,5.047954666674137
16.2805,5.064644666674082
16.9703,5.081294666673988
16.6968,5.097944666673895
16.9515,5.114654666673858
16.4893,5.131334666674025
16.424,5.147994666674174
16.7252,5.1646646666741
16.6615,5.181344666674267
16.6544,5.197984666674398
16.8431,5.214634666674304
16.656,5.23130466667423
16.4865,5.247984666674398
16.9039,5.264684666674584
16.5875,5.281344666674733
16.8739,5.29804466667492
16.5844,5.314734666674863
16.8138,5.331444666674826
16.6344,5.34813466667477
16.5255,5.364814666674938
16.4973,5.381484666674863
16.7228,5.398194666674827
16.3536,5.4148646666747515
16.7618,5.431534666674677
16.9267,5.448234666674863
16.9027,5.464924666674808
16.2524,5.481614666674751
16.898,5.498294666674919
16.4963,5.514974666675087
16.9406,5.531694666675292
16.6902,5.548414666675497
16.2638,5.565064666675403
16.9076,5.58176466667559
16.4417,5.598434666675516
16.9345,5.615104666675441
17.0853,5.6317746666753665
16.3453,5.648474666675552
16.3408,5.665124666675459
16.6897,5.681784666675608
17.0057,5.698454666675534
16.701,5.715134666675702
16.3581,5.731814666675869
17.0756,5.748504666675814
16.4651,5.765194666675757
17.2805,5.781884666675702
16.7023,5.798574666675646
16.4399,5.815214666675776
16.5568,5.831894666675944
16.8798,5.848604666675906
16.5978,5.865274666675832
16.9298,5.881944666675758
17.9197,5.898664666675963
14.834,5.915334666675888
16.5445,5.932004666675813
17.1049,5.948674666675739
16.3398,5.965354666675907
16.6057,5.982054666676093
16.6364,5.998734666676261
16.9091,6.01539466667641
16.4232,6.032054666676559
16.5975,6.048704666676465
16.5855,6.065344666676596
17.5599,6.082024666676763
16.6208,6.098704666676931
16.5862,6.115394666676875
16.1424,6.132054666677024
16.6091,6.148714666677173
17.3695,6.165394666677341
16.7389,6.182064666677267
16.9484,6.19875466667721
19.4633,6.215434666677378
16.1529,6.232104666677303
13.3445,6.248774666677229
16.7586,6.265454666677397
16.8276,6.282104666677304
16.3961,6.298764666677453
17.0483,6.315464666677639
16.456,6.332134666677565
16.5519,6.348824666677508
16.6703,6.365494666677434
16.6661,6.38216466667736
17.2008,6.398894666677341
16.6906,6.415614666677546
16.2912,6.432294666677714
16.9956,6.4489946666778994
16.3731,6.465674666678067
16.9534,6.482354666678235
16.467,6.499034666678402
16.464,6.515704666678328
16.8563,6.532384666678496
16.8608,6.54907466667844
16.5668,6.565704666678328
16.8362,6.582354666678235
16.848,6.5990446666781795
16.2556,6.615704666678328
16.9888,6.632414666678291
16.3359,6.649064666678198
17.1535,6.665784666678403
16.3926,6.682474666678346
16.5622,6.699154666678514
18.2205,6.715854666678701
15.8934,6.732544666678645
17.1381,6.749234666678589
17.0303,6.765904666678514
16.3082,6.7826146666784775
15.9041,6.799274666678626
16.8632,6.81596466667857
17.1075,6.832644666678738
16.3893,6.849354666678701
16.4262,6.866044666678644
17.1994,6.882734666678589
17.7091,6.899444666678551
14.4782,6.9161046666787005
17.248,6.932824666678905
16.4063,6.949484666679054
17.1269,6.96615466667898
16.3038,6.982854666679167
16.4572,6.999494666679297
16.6186,7.016134666679427
17.0773,7.032834666679613
16.3723,7.04948466667952
17.5286,7.066154666679446
16.6034,7.082824666679371
16.9578,7.099494666679297
16.5444,7.11618466667924
16.4372,7.132874666679185
16.971,7.149554666679353
16.7194,7.166264666679315
16.3056,7.182944666679483
17.1369,7.1995846666796135
15.4791,7.216254666679538
16.8771,7.232924666679464
16.5724,7.249604666679632
16.7698,7.266264666679781
16.5636,7.28292466667993
17.0134,7.299624666680116
16.7999,7.316274666680023
16.2576,7.33292466667993
16.7827,7.349614666679874
17.3615,7.366334666680079
16.1203,7.383024666680023
16.6714,7.399714666679968
17.0132,7.416394666680135
17.0699,7.433094666680321
15.9639,7.449794666680507
16.4976,7.466454666680656
16.8866,7.4831646666806195
16.6421,7.4998446666807865
16.5583,7.516514666680712
17.2407,7.53319466668088
16.1257,7.549864666680805
16.8749,7.566544666680973
16.7885,7.5832546666809355
17.348,7.59994466668088
16.7778,7.616644666681066
16.3638,7.633324666681234
17.0229,7.650014666681178
16.3389,7.666694666681345
16.5935,7.683374666681513
17.0784,7.700054666681681
16.3238,7.716734666681848
17.0092,7.733424666681793
15.4688,7.750084666681942
16.5194,7.766724666682072
16.7034,7.78335466668196
17.0885,7.800034666682128
17.2459,7.816704666682053
16.1026,7.833394666681998
17.5555,7.8500846666819415
16.6578,7.866724666682072
17.022,7.883434666682034
17.2848,7.900094666682183
14.4755,7.916764666682109
16.6337,7.933434666682035
17.1949,7.95015466668224
16.3241,7.9668346666824075
16.6245,7.9834846666823145
17.2249,8.0001846666825
16.8125,8.016864666682668
16.5863,8.033544666682836
16.1776,8.050194666682742
16.8853,8.066854666682891
16.8072,8.083564666682854
16.4414,8.10026466668304
16.6358,8.11690466668317
17.3405,8.133614666683133
16.2292,8.150294666683301
16.9266,8.166944666683209
16.4914,8.183614666683134
16.6886,8.200294666683302
16.9249,8.21697466668347
16.5374,8.233654666683636
16.8666,8.250324666683563
16.4106,8.266994666683487
16.6704,8.283674666683655
17.0978,8.300354666683823
16.3469,8.317044666683767
16.6239,8.333714666683692
16.8421,8.350404666683637
16.6576,8.367094666683581
16.565,8.383774666683749
17.0252,8.400474666683934
16.3287,8.41714466668386
17.5554,8.433854666683823
15.8854,8.450544666683767
16.5237,8.467184666683897
17.0868,8.483884666684084
16.4794,8.500574666684027
16.9227,8.517234666684177
16.4548,8.53392466668412
16.4509,8.550604666684288
16.8013,8.567274666684215
16.6135,8.583934666684364
16.7877,8.600594666684511
16.5244,8.617264666684438
17.0838,8.6339746666844
16.4472,8.650624666684307
16.9443,8.667324666684493
16.3474,8.684004666684661
16.951,8.700694666684605
16.4726,8.717384666684548
16.8499,8.734084666684735
16.8089,8.750764666684903
16.1475,8.767424666685052
17.4959,8.784144666685258
16.2635,8.800784666685388
17.0333,8.81749466668535
16.3528,8.8341546666855
16.6449,8.850844666685443
16.9247,8.867534666685387
16.5334,8.884234666685574
17.2899,8.900884666685482
15.9743,8.917584666685666
16.2924,8.934264666685834
16.3383,8.950904666685965
16.5624,8.967594666685908
16.7182,8.984244666685816
16.9283,9.000924666685984
16.4602,9.017594666685909
16.5506,9.03423466668604
17.1719,9.05087466668617
16.3064,9.067544666686095
16.9634,9.08423466668604
16.9577,9.100944666686003
16.6914,9.117664666686206
16.2059,9.134344666686374
17.1862,9.151024666686542
17.127,9.167724666686729
16.44,9.184414666686672
16.3774,9.20109466668684
16.8268,9.217784666686784
16.633,9.23447466668673
16.6592,9.251134666686877
16.9233,9.267804666686803
16.5799,9.28445466668671
16.7042,9.301134666686877
16.6607,9.317814666687045
17.6989,9.334494666687213
16.7108,9.351174666687381
16.4598,9.367854666687547
16.7924,9.384534666687715
15.0138,9.401214666687883
16.8514,9.41791466668807
16.5221,9.434584666687995
16.6588,9.451254666687921
16.7702,9.467944666687865
16.6429,9.48461466668779
16.8654,9.501294666687958
16.5548,9.517964666687883
16.8896,9.534674666687847
16.6054,9.551374666688032
16.6992,9.568084666687994
16.6834,9.584754666687921
17.4903,9.601454666688108
16.6201,9.618144666688051
17.1783,9.634834666687995
15.8884,9.651514666688163
17.1562,9.66821466668835
16.3424,9.684904666688293
16.0214,9.701564666688443
17.2018,9.718214666688349
16.5597,9.734854666688479
16.6386,9.751514666688628
17.0498,9.768184666688555
16.3726,9.78485466668848
16.6322,9.801514666688629
16.7315,9.818204666688573
17.0782,9.834874666688497
16.3757,9.851544666688424
17.0573,9.868224666688592
16.3178,9.884904666688758
17.8501,9.901624666688964
15.338,9.918344666689169
16.8293,9.935044666689356
15.7744,9.951724666689522
17.2136,9.968444666689727
16.5205,9.985114666689652
16.656,10.00176466668956
17.4055,10.018474666689523
16.6304,10.035144666689447
16.5541,10.051824666689615
16.883,10.068494666689542
16.4552,10.085134666689672
16.5543,10.101774666689803
17.0469,10.118454666689969
17.0655,10.135114666690118
16.4787,10.151794666690286
16.9996,10.168504666690248
16.3947,10.185154666690156
16.6064,10.201824666690081
17.0049,10.218544666690287
16.3912,10.235194666690193
17.0473,10.251914666690398
16.3772,10.268594666690566
17.0524,10.285304666690529
16.3659,10.301964666690678
16.7106,10.318644666690846
15.3889,10.335284666690976
17.2048,10.35197466669092
16.0137,10.368654666691087
17.1908,10.385324666691012
17.0232,10.402044666691218
16.3509,10.418704666691367
17.0516,10.435384666691535
17.0743,10.452064666691701
16.4264,10.468744666691869
16.8824,10.485464666692074
16.5682,10.502154666692018
16.8512,10.518854666692205
16.2716,10.535534666692373
16.8978,10.55221466669254
16.6535,10.568864666692447
16.6278,10.585524666692596
16.967,10.602234666692558
17.0873,10.618884666692466
15.7225,10.635564666692634
16.2111,10.652204666692764
17.0511,10.66890466669295
16.228,10.685554666692857
16.8274,10.70227466669306
16.6198,10.718944666692988
16.6446,10.735624666693155
16.5983,10.752314666693099
17.0595,10.769004666693043
16.5206,10.785714666693005
16.3664,10.802384666692932
17.1227,10.819094666692894
16.6182,10.835784666692838
16.6442,10.852454666692763
16.9099,10.86912466669269
16.6538,10.885804666692856
17.5912,10.902484666693024
15.7291,10.91917466669297
16.5234,10.9358146666931
17.0069,10.952494666693266
16.5999,10.969184666693211
16.4916,10.985834666693117
16.7378,11.002474666693248
17.5712,11.019164666693191
16.7625,11.03582466669334
17.1674,11.052524666693527
16.1713,11.069194666693452
17.0555,11.085894666693639
16.523,11.102604666693601
16.493,11.119254666693509
16.5592,11.135924666693434
15.6985,11.15262466669362
16.4864,11.169304666693789
17.0534,11.186014666693751
16.0432,11.202694666693919
17.0392,11.219354666694068
16.761,11.23606466669403
16.3592,11.25270466669416
17.0069,11.269384666694329
17.0429,11.286094666694291
16.1349,11.302774666694459
16.83,11.319454666694627
16.6085,11.336134666694793
16.71,11.35280466669472
16.8451,11.369514666694682
16.3341,11.386174666694831
17.0997,11.402854666695
16.3118,11.419544666694943
16.8134,11.436214666694868
16.8213,11.452854666694998
16.6004,11.469554666695185
17.5059,11.486234666695353
16.3002,11.502904666695278
16.3257,11.519564666695427
16.0804,11.536204666695557
17.4509,11.552874666695484
15.8863,11.56952466669539
17.4992,11.586194666695315
16.3457,11.602844666695223
16.6971,11.619534666695166
16.7998,11.636234666695353
16.3142,11.65288466669526
16.8148,11.669584666695446
16.0488,11.686304666695651
16.3971,11.702994666695595
16.6515,11.719684666695539
16.9619,11.736394666695501
16.4736,11.753084666695445
16.5959,11.769764666695613
17.0701,11.7864646666958
16.5124,11.803124666695949
16.5316,11.819824666696135
16.5754,11.836484666696284
16.8892,11.853144666696434
16.483,11.869804666696583
16.6365,11.886484666696749
19.2672,11.903154666696675
14.1822,11.919814666696825
16.4079,11.936494666696992
17.6475,11.953184666696936
17.1301,11.969864666697104
16.5726,11.986534666697029
17.1953,12.003234666697216
16.3845,12.019884666697122
16.8487,12.036604666697327
16.3617,12.053284666697495
17.1277,12.069974666697439
16.4249,12.086674666697625
16.315,12.103354666697793
16.7303,12.119994666697924
16.8211,12.136654666698073
16.6342,12.153344666698016
16.7317,12.170024666698184
16.6161,12.186704666698352
16.5896,12.203354666698258
17.0006,12.220064666698221
17.0927,12.236714666698129
17.0569,12.253404666698072
14.5055,12.27008466669824
17.0958,12.286794666698203
16.2908,12.303484666698147
16.533,12.320144666698296
16.7697,12.33681466669822
16.673,12.353494666698388
16.6842,12.370174666698556
16.9572,12.386844666698481
16.5665,12.40352466669865
16.5102,12.420184666698798
16.652,12.436864666698966
16.8323,12.453534666698891
16.5113,12.47019466669904
17.0346,12.486904666699003
16.2252,12.50357466669893
16.9785,12.520284666698892
16.6375,12.53696466669906
16.834,12.553614666698966
17.1072,12.570284666698893
16.278,12.586964666699059
16.6848,12.603644666699227
16.9779,12.620324666699394
16.5396,12.637014666699338
16.6545,12.653684666699265
16.5193,12.670364666699431
17.0938,12.687034666699358
16.2715,12.703734666699544
16.5043,12.720424666699488
16.5531,12.737104666699656
16.598,12.75377466669958
16.935,12.770484666699543
16.4773,12.787144666699692
16.8241,12.803814666699617
16.8151,12.820504666699563
16.5152,12.837204666699748
16.6046,12.853854666699656
16.8666,12.870534666699823
16.9514,12.887224666699767
18.1977,12.903944666699973
14.6827,12.920624666700139
17.0931,12.937314666700084
16.6274,12.954024666700047
16.7681,12.970754666700028
16.8483,12.987444666699972
16.3298,13.004134666699915
16.5275,13.02084466669988
16.9517,13.037504666700029
16.5277,13.054164666700176
16.633,13.070804666700308
16.9903,13.087484666700474
16.6693,13.104144666700623
16.4477,13.120794666700531
17.1154,13.137464666700456
16.5975,13.154134666700381
16.5711,13.170784666700289
17.2935,13.187454666700214
16.4311,13.204144666700158
17.0744,13.220824666700326
15.3486,13.23751466670027
16.7857,13.254194666700437
17.1019,13.270854666700586
16.7509,13.287524666700513
16.9034,13.304194666700438
16.6725,13.320864666700363
16.4791,13.33754466670053
17.0626,13.354244666700717
16.2556,13.370914666700642
16.665,13.38759466670081
16.9363,13.404304666700773
15.9831,13.42100466670096
16.5293,13.437674666700884
16.5148,13.454354666701052
16.8155,13.471014666701201
16.5673,13.48767466670135
17.3535,13.504384666701313
16.2411,13.52103466670122
17.222,13.537704666701146
16.8655,13.554384666701313
16.9383,13.571044666701463
16.6281,13.587714666701388
16.2964,13.604404666701331
16.8137,13.621084666701499
16.6554,13.637754666701424
16.9966,13.65445466670161
16.5117,13.67111466670176
16.4345,13.687794666701928
17.0581,13.70450466670189
17.3086,13.721184666702058
15.8649,13.737864666702226
16.2295,13.754544666702394
16.5387,13.771214666702319
17.0159,13.787924666702281
16.3238,13.804614666702225
17.1796,13.821284666702152
16.8095,13.8379446667023
17.0554,13.854624666702469
16.7572,13.871304666702635
16.5119,13.887984666702803
17.7232,13.904644666702952
15.7064,13.92132466670312
17.0933,13.938054666703101
16.2234,13.954724666703028
17.0208,13.97143466670299
16.5816,13.988144666702953
16.4496,14.00482466670312
16.9087,14.021524666703305
16.3073,14.038174666703213
17.0051,14.054884666703176
16.3643,14.0715546667031
17.2031,14.088244666703046
16.1158,14.104874666702933
16.6846,14.121544666702858
17.1134,14.138214666702785
16.3721,14.154854666702915
16.7851,14.171544666702859
16.4529,14.188194666702765
17.1603,14.20490466670273
16.411,14.221554666702636
16.636,14.23824466670258
16.8878,14.254924666702747
15.4049,14.271604666702915
16.9107,14.28832466670312
16.8175,14.305014666703064
16.7497,14.32168466670299
16.7214,14.338354666702916
16.8378,14.3550546667031
16.497,14.371704666703009
16.609,14.388384666703177
17.9851,14.405064666703343
15.8532,14.421724666703492
16.648,14.438434666703456
15.6293,14.455074666703586
17.1315,14.471754666703752
16.5252,14.48843466670392
16.4057,14.505114666704088
17.1925,14.521804666704032
16.2034,14.5384846667042
17.5378,14.555194666704162
16.3044,14.571904666704127
16.3086,14.588584666704293
16.6811,14.60525466670422
16.7713,14.621934666704387
16.5695,14.638574666704518
16.7115,14.655254666704684
16.6234,14.67195466670487
17.0233,14.688644666704814
16.114,14.705324666704982
17.0615,14.721994666704909
16.5992,14.738664666704834
17.0953,14.755374666704796
16.5462,14.77206466670474
17.3662,14.788744666704908
16.0906,14.805424666705076
17.5879,14.822144666705281
16.343,14.838814666705206
17.2057,14.855454666705336
16.736,14.87214466670528
17.1935,14.888844666705467
17.0545,14.90553466670541
15.5225,14.92217466670554
15.2665,14.938824666705449
16.9145,14.955524666705635
16.67,14.972234666705598
16.3465,14.988874666705728
17.1911,15.005564666705672
16.1913,15.02224466670584
16.8194,15.038924666706007
16.6146,15.055564666706138
16.6765,15.072214666706044
16.8556,15.088894666706212
16.7917,15.10557466670638
16.6102,15.122254666706548
17.1987,15.138934666706716
17.0474,15.155664666706697
16.6616,15.172324666706846
16.728,15.189034666706808
16.593,15.205724666706752
16.4582,15.222394666706677
16.652,15.239074666706845
17.3325,15.255784666706807
16.8372,15.27249466670677
16.4399,15.289154666706919
15.4315,15.305804666706827
17.296,15.322434666706714
16.9386,15.339144666706677
16.391,15.355814666706603
17.1628,15.37251466670679
16.3096,15.389204666706734
16.9256,15.40590466670692
15.5966,15.422554666706827
16.7223,15.439214666706976
16.6774,15.455894666707144
17.1871,15.472574666707311
16.3508,15.489284666707274
16.3814,15.50593466670718
17.0724,15.522624666707124
16.4707,15.539254666707013
16.5446,15.55593466670718
17.0926,15.572584666707087
17.486,15.589264666707255
17.1398,15.605974666707217
16.5915,15.622664666707163
16.4235,15.639344666707329
16.9381,15.656024666707497
16.8031,15.67273466670746
15.8447,15.689394666707608
15.441,15.706084666707554
17.2574,15.722754666707479
16.4968,15.739474666707684
16.8268,15.756164666707628
16.5947,15.772804666707758
16.9088,15.789484666707926
16.4816,15.806154666707851
16.64,15.822804666707757
16.9994,15.839484666707925
16.2867,15.856154666707852
16.7355,15.872824666707777
16.7561,15.889504666707944
16.8885,15.90617466670787
16.3335,15.922844666707794
17.9882,15.939524666707962
15.2694,15.95617466670787
17.0549,15.972894666708074
16.32,15.989574666708242
16.6832,16.00622466670815
16.6614,16.022914666708093
16.7732,16.039604666708037
16.8538,16.056304666708222
16.7694,16.072964666708373
16.7738,16.089674666708337
16.6874,16.10634466670826
16.4049,16.123024666708428
16.4753,16.13966466670856
16.959,16.156364666708747
16.4792,16.17304466670891
16.6216,16.189704666709062
16.8043,16.20638466670923
16.6012,16.223054666709153
16.9328,16.23975466670934
16.3852,16.256394666709472
17.1656,16.273114666709677
16.2851,16.289814666709862
16.5851,16.30649466671003
17.0008,16.323184666709974
16.4587,16.3398546667099
16.8099,16.35653466671007
16.5004,16.37320466670999
16.7675,16.38988466671016
17.1613,16.40653466671007
16.1455,16.423214666710233
17.0621,16.43988466671016
16.3214,16.456554666710087
16.6705,16.473234666710255
16.6032,16.48988466671016
17.2042,16.506604666710366
16.2348,16.523284666710534
16.5442,16.539994666710495
16.8148,16.556674666710663
16.4735,16.573364666710606
16.9044,16.59005466671055
16.3777,16.60670466671046
16.6181,16.623384666710628
16.7577,16.640064666710796
16.3898,16.65674466671096
17.0609,16.67339466671087
16.4894,16.690084666710813
16.8594,16.706754666710737
16.8479,16.723454666710925
16.4636,16.74014466671087
16.6328,16.756834666710812
16.7423,16.773544666710777
16.6218,16.790224666710944
16.5279,16.806914666710888
16.6553,16.823594666711056
16.9076,16.84029466671124
16.6084,16.856994666711426
16.5519,16.873654666711577
16.9795,16.89034466671152
16.5262,16.907014666711447
16.4292,16.92368466671137
17.8944,16.94033466671128
15.5075,16.957014666711444
17.0096,16.97368466671137
16.515,16.990394666711335
16.8459,17.007054666711483
16.8201,17.02370466671139
16.4651,17.040384666711557
16.9235,17.057044666711707
16.4176,17.07371466671163
16.6471,17.0903946667118
16.7684,17.107074666711966
16.8198,17.123744666711893
16.5309,17.14041466671182
16.9268,17.157094666711988
16.3994,17.17376466671191
16.7642,17.19044466671208
16.5836,17.207124666712247
16.9625,17.223804666712415
16.3487,17.24047466671234
16.8246,17.25715466671251
16.5933,17.273834666712677
17.5088,17.290544666712638
16.142,17.30723466671258
16.3566,17.323884666712488
17.5056,17.340604666712693
16.2863,17.35728466671286
16.9315,17.373994666712825
16.5241,17.390654666712972
16.5202,17.407344666712916
16.3222,17.424024666713084
16.3748,17.440714666713028
16.7268,17.457364666712937
16.9128,17.474044666713105
17.0762,17.490754666713066
16.3607,17.507394666713196
16.9119,17.52410466671316
16.4741,17.540764666713308
16.504,17.557434666713235
17.4574,17.57413466671342
16.4856,17.590804666713346
16.8556,17.60749466671329
16.5015,17.624174666713458
16.7392,17.640854666713626
16.5146,17.657494666713756
17.1539,17.67421466671396
16.4796,17.690884666713885
16.4929,17.70755466671381
16.7762,17.724244666713755
16.9311,17.7409346667137
16.5725,17.757634666713887
16.4477,17.774284666713793
17.0753,17.790994666713754
16.5446,17.807674666713922
17.3376,17.824394666714127
16.5221,17.841034666714258
16.8752,17.8577246667142
16.3025,17.87440466671437
16.8066,17.891104666714558
17.0063,17.907744666714688
16.2075,17.92441466671461
16.4425,17.941104666714555
15.5988,17.957754666714465
16.9838,17.97445466671465
16.5302,17.9911146667148
16.7312,18.007804666714744
17.512,18.024474666714667
16.347,18.041154666714835
17.0926,18.057854666715023
16.246,18.074544666714967
16.8685,18.09123466671491
16.655,18.10791466671508
16.9912,18.124614666715264
16.4355,18.141274666715415
16.7453,18.157954666715582
16.0712,18.174624666715506
16.3778,18.19127466671541
16.788,18.20795466671558
17.1912,18.22459466671571
16.0657,18.241264666715637
16.5069,18.257924666715788
17.4396,18.274604666715952
16.9264,18.29128466671612
16.5614,18.307954666716046
17.1516,18.32465466671623
16.061,18.3413346667164
17.0651,18.358054666716605
16.396,18.37474466671655
16.6802,18.391414666716475
16.8643,18.40811466671666
16.5119,18.424794666716828
16.8951,18.441494666717016
16.3858,18.458154666717164
16.0027,18.47483466671733
16.8983,18.491474666717462
16.9551,18.508184666717426
16.4001,18.524834666717332
17.128,18.541534666717517
16.6483,18.558214666717685
16.7626,18.574914666717874
16.2986,18.59159466671804
16.8284,18.608274666718206
16.5073,18.624954666718374
16.926,18.641664666718338
16.79,18.658374666718302
16.4057,18.67502466671821
16.6333,18.691704666718376
17.5045,18.7083746667183
16.6481,18.725084666718264
16.3487,18.74173466671817
16.6821,18.758424666718113
16.5661,18.775084666718264
16.9149,18.79178466671845
16.4689,18.808434666718355
16.7367,18.82508466671826
16.8728,18.841804666718467
16.2874,18.858474666718394
17.2644,18.87513466671854
16.7791,18.89178466671845
16.8696,18.908474666718394
16.7473,18.925184666718355
16.422,18.9418746667183
17.7336,18.95852466671821
14.912,18.975214666718152
16.7513,18.991904666718096
16.4721,19.008534666717985
17.1382,19.02525466671819
16.4169,19.041934666718355
16.6777,19.058624666718302
16.9849,19.075324666718487
16.3709,19.091974666718393
16.5945,19.108634666718544
17.0157,19.125344666718505
16.4157,19.142024666718672
17.2239,19.1586946667186
16.8648,19.175384666718543
16.3613,19.19203466671845
16.6159,19.208704666718376
16.9611,19.2253746667183
16.4914,19.24201466671843
16.9565,19.258714666718618
16.3355,19.275394666718785
17.1511,19.292074666718953
16.5107,19.308764666718897
16.6967,19.325444666719065
16.8371,19.342154666719026
16.5007,19.35884466671897
16.7841,19.375564666719175
15.7594,19.39225466671912
17.2206,19.408964666719083
16.8846,19.42564466671925
16.0478,19.442364666719456
16.0733,19.459014666719362
16.742,19.47567466671951
17.1503,19.492384666719474
16.73,19.50906466671964
16.2106,19.52572466671979
16.9814,19.542394666719716
16.3934,19.559064666719642
16.721,19.57572466671979
16.5533,19.592374666719696
16.9316,19.609034666719847
16.5508,19.62572466671979
16.4748,19.64240466671996
16.8598,19.659054666719864
16.4941,19.675694666719995
16.5306,19.692374666720163
16.4615,19.70902466672007
16.8479,19.725704666720237
16.7061,19.742374666720163
16.6905,19.75905466672033
16.7428,19.775724666720258
16.5694,19.79239466672018
16.8221,19.809084666720125
16.5326,19.825764666720293
17.0519,19.842484666720498
16.5611,19.859184666720683
16.392,19.87587466672063
17.3414,19.892594666720832
15.9768,19.909274666721
16.9998,19.925964666720944
16.7309,19.942664666721132
17.626,19.9593446667213
15.351,19.976014666721223
16.9176,19.99269466672139
16.4432,20.0093446667213
16.7379,20.026014666721224
16.9839,20.042714666721412
16.6279,20.059384666721336
16.5459,20.076054666721262
16.3685,20.09271466672141
16.7656,20.10936466672132
16.9329,20.126044666721487
16.8877,20.142744666721672
16.317,20.1594146667216
16.5509,20.176094666721767
17.2179,20.192804666721727
16.5732,20.209484666721895
16.4697,20.226144666722043
16.457,20.24283466672199
17.1683,20.25955466672219
16.5649,20.276274666722397
16.4856,20.292954666722565
16.5278,20.309614666722716
16.9058,20.326324666722677
16.7254,20.343004666722845
16.709,20.35967466672277
16.7038,20.37635466672294
16.5266,20.393024666722862
16.7977,20.40972466672305
17.1593,20.42640466672322
16.4682,20.44307466672314
16.3042,20.45976466672309
16.4893,20.476444666723253
16.9672,20.4931346667232
16.6751,20.509834666723386
16.4727,20.526494666723533
16.8924,20.54318466672348
16.5221,20.559874666723424
16.5186,20.57652466672333
17.0773,20.593204666723498
16.4894,20.60987466672342
16.4573,20.626534666723572
17.0323,20.643234666723757
16.534,20.659884666723666
17.5395,20.67656466672383
16.4859,20.693244666724
17.6614,20.70988466672413
17.1244,20.726574666724076
16.5477,20.74326466672402
16.0529,20.75990466672415
15.3564,20.776564666724298
16.6994,20.793244666724465
16.5306,20.809904666724616
17.4547,20.82658466672478
16.8322,20.843254666724707
16.6977,20.859954666724896
16.4111,20.87662466672482
17.0431,20.893304666724987
17.4072,20.910004666725175
15.6512,20.92668466672534
17.0191,20.943394666725304
17.8227,20.96009466672549
15.516,20.976804666725453
16.7428,20.993514666725417
17.0334,21.01020466672536
16.2678,21.026874666725284
16.2775,21.043564666725228
16.7221,21.06022466672538
16.5646,21.076874666725285
16.9378,21.093554666725453
16.794,21.110214666725604
16.5151,21.12687466672575
17.019,21.143544666725678
16.3686,21.160184666725808
16.9705,21.17687466672575
16.5834,21.1935346667259
16.9089,21.210234666726087
16.2281,21.226914666726255
16.5422,21.243594666726423
16.6522,21.260274666726588
17.0357,21.276974666726776
16.5879,21.293684666726737
16.3709,21.310334666726646
16.6875,21.327014666726814
16.8002,21.343654666726945
16.1593,21.360324666726868
16.9095,21.377004666727036
16.1649,21.393674666726962
16.9334,21.410384666726923
16.6958,21.42708466672711
16.4539,21.443734666727018
16.7659,21.460384666726924
16.9793,21.47710466672713
16.2882,21.493784666727297
17.1095,21.510504666727503
16.7372,21.527224666727708
16.1888,21.543874666727614
17.1027,21.560584666727575
16.4876,21.5772546667275
16.6037,21.593914666727652
16.991,21.610614666727837
16.4189,21.62730466672778
17.0639,21.64398466672795
16.6259,21.660684666728134
17.1082,21.67735466672806
16.3668,21.69403466672823
16.8204,21.710744666728193
16.5894,21.7273946667281
16.7682,21.744054666728246
16.98,21.76076466672821
16.6232,21.777454666728154
16.8943,21.794134666728322
16.7175,21.810774666728452
16.5809,21.8274346667286
17.0586,21.844114666728768
16.1579,21.860754666728898
16.9839,21.877434666729066
16.6081,21.89412466672901
17.0082,21.910834666728974
16.4941,21.92748466672888
16.6722,21.944154666728807
17.0281,21.96085466672899
14.936,21.97753466672916
17.0476,21.994234666729344
16.5399,22.010894666729495
16.7561,22.0276146667297
16.8736,22.044304666729644
16.8039,22.06097466672957
16.5737,22.077644666729494
16.4369,22.09435466672946
16.4934,22.111014666729606
16.8191,22.127664666729512
16.6659,22.144374666729476
16.5392,22.161044666729403
17.3617,22.177714666729326
16.7656,22.194364666729236
16.7189,22.211004666729366
16.8792,22.227714666729327
16.4446,22.244374666729477
16.7344,22.261024666729384
16.7211,22.27769466672931
16.753,22.29440466672927
16.3901,22.311054666729177
16.9379,22.327724666729104
16.6224,22.34440466672927
16.9285,22.361114666729232
16.4152,22.37780466672918
17.1578,22.394484666729348
16.3605,22.41115466672927
15.9215,22.42783466672944
16.5075,22.444524666729382
16.9486,22.461214666729326
16.7097,22.47792466672929
16.419,22.494604666729458
17.2125,22.511324666729664
15.9874,22.527964666729794
17.2127,22.54468466673
16.6404,22.561364666730164
16.1685,22.57805466673011
16.9645,22.59473466673028
17.1602,22.61144466673024
16.2067,22.62808466673037
16.5399,22.644734666730276
16.7472,22.66142466673022
16.3649,22.67805466673011
17.1452,22.694764666730073
16.5274,22.711404666730203
16.9952,22.72808466673037
16.3532,22.74476466673054
17.0191,22.761484666730745
16.2024,22.778124666730875
16.8066,22.79480466673104
16.9083,22.811504666731228
16.5744,22.828204666731413
16.8817,22.844924666731618
16.2182,22.86158466673177
16.7703,22.878254666731692
16.6772,22.8949046667316
16.705,22.911574666731525
16.75,22.928204666731414
17.1434,22.944914666731375
17.7987,22.961604666731322
14.9232,22.97826466673147
16.8013,22.9949046667316
16.7734,23.01154466673173
17.2516,23.028234666731674
16.4655,23.04491466673184
16.6277,23.061604666731785
16.6294,23.078284666731953
16.6234,23.09496466673212
16.8655,23.11164466673229
16.6227,23.128324666732457
16.4403,23.145004666732625
17.2397,23.161684666732793
16.9303,23.178394666732753
16.5111,23.19506466673268
16.5865,23.211754666732624
17.0093,23.228444666732567
16.3497,23.245124666732735
17.0598,23.2618346667327
16.2334,23.278484666732606
17.0115,23.29518466673279
16.3459,23.31186466673296
16.7544,23.328544666733126
16.6712,23.345204666733277
16.25,23.3618746667332
16.8604,23.378564666733144
16.5248,23.395214666733054
16.82,23.411924666733015
16.4824,23.428584666733165
16.762,23.445264666733333
16.187,23.46191466673324
16.8653,23.478584666733163
16.5575,23.49526466673333
17.3903,23.51196466673352
16.0456,23.528664666733704
16.562,23.545324666733855
17.1218,23.562034666733815
16.341,23.578694666733966
16.8969,23.595404666733927
16.9248,23.612124666734132
16.0815,23.62879466673406
17.0254,23.64550466673402
16.5745,23.66220466673421
16.4924,23.678854666734114
16.5942,23.69551466673426
17.0073,23.712224666734226
16.5245,23.728884666734373
16.9104,23.74557466673432
16.578,23.762234666734468
17.2803,23.778864666734357
16.6606,23.795574666734318
16.6514,23.812224666734227
16.6809,23.828924666734412
16.6113,23.84560466673458
16.4902,23.862294666734524
16.8322,23.878934666734654
16.5358,23.89560466673458
17.5547,23.912304666734766
16.2839,23.92900466673495
17.0543,23.945724666735156
15.1349,23.962394666735083
16.9506,23.97911466673529
16.2586,23.995764666735194
18.0386,24.01246466673538
16.1599,24.029134666735306
16.6293,24.045814666735474
16.9982,24.062524666735438
16.3812,24.079154666735324
16.9748,24.09582466673525
16.7649,24.11250466673542
16.3315,24.129164666735566
17.052,24.145844666735734
16.284,24.16251466673566
17.0938,24.179194666735828
17.2638,24.195894666736013
16.0291,24.21257466673618
16.7529,24.229264666736125
16.8702,24.24595466673607
17.0205,24.262644666736016
16.5541,24.279324666736184
16.4005,24.296004666736348
16.9851,24.312674666736275
16.4949,24.329354666736442
16.5144,24.346014666736593
16.6517,24.36267466673674
17.1471,24.379384666736705
16.5054,24.39606466673687
16.5435,24.412754666736816
16.8701,24.429404666736723
16.3609,24.44605466673663
16.9528,24.462764666736593
16.5972,24.479434666736516
16.5323,24.496114666736684
17.21,24.51283466673689
16.3232,24.529524666736833
16.9475,24.546214666736777
16.2147,24.562864666736683
16.8739,24.57955466673663
16.6619,24.596244666736574
16.6099,24.612924666736742
16.807,24.629574666736648
16.6625,24.646254666736816
16.7737,24.662964666736777
16.6331,24.679624666736927
16.45,24.696284666737075
15.4604,24.712924666737205
16.765,24.729594666737132
16.7342,24.746284666737075
16.6803,24.762954666737002
17.0707,24.779664666736963
16.5271,24.79634466673713
16.5649,24.81300466673728
16.9533,24.829674666737205
16.628,24.84634466673713
17.0771,24.863054666737096
16.4965,24.879734666737264
17.0202,24.89643466673745
16.4683,24.913094666737596
16.563,24.929764666737523
16.7748,24.946424666737673
17.3035,24.96310466673784
15.1174,24.979774666737764
16.7686,24.996434666737915
16.7768,25.01310466673784
16.5772,25.029754666737748
16.6631,25.046434666737913
16.5686,25.063094666738063
16.8085,25.07975466673821
16.8519,25.096424666738137
16.8167,25.11308466673829
17.5083,25.12980466673849
17.1609,25.146524666738696
16.6178,25.16323466673866
16.31,25.179914666738828
16.6519,25.196594666738996
17.1975,25.213304666738956
16.5166,25.23001466673892
16.4445,25.246704666738864
16.5622,25.263384666739032
16.8611,25.280074666738976
16.679,25.296714666739106
16.1121,25.313384666739033
16.6819,25.330054666738956
16.5739,25.346734666739124
16.8461,25.36344466673909
16.294,25.380104666739236
16.8879,25.39675466673914
18.0678,25.41344466673909
15.9033,25.430124666739257
15.9684,25.44682466673944
16.341,25.463514666739385
16.8461,25.480194666739553
16.5768,25.496884666739497
16.7869,25.51359466673946
16.2974,25.53025466673961
16.8989,25.546944666739552
16.4336,25.56361466673948
16.9116,25.580314666739664
17.46,25.597024666739628
16.4789,25.613684666739776
16.7586,25.630354666739702
16.8315,25.64700466673961
16.5055,25.663654666739514
16.3249,25.680294666739645
17.1145,25.696994666739833
16.3792,25.71365466673998
16.6931,25.730344666739924
16.6933,25.746984666740055
16.0574,25.763634666739964
16.933,25.780304666739887
16.271,25.796984666740055
16.8976,25.81370466674026
17.236,25.830374666740187
16.5159,25.847074666740372
16.2577,25.86372466674028
17.0307,25.880434666740243
16.4772,25.897134666740428
16.3666,25.91382466674037
17.2856,25.930534666740336
16.4295,25.947214666740503
17.8854,25.96389466674067
15.238,25.9805346667408
17.3909,25.997254666741007
16.2413,26.01392466674093
16.8431,26.030604666741098
16.5402,26.047254666741004
16.9411,26.063934666741172
16.6542,26.08061466674134
16.8477,26.09727466674149
16.9905,26.113974666741676
16.6849,26.13068466674164
16.3911,26.147374666741584
17.0804,26.16405466674175
16.4552,26.180724666741675
16.6713,26.197404666741843
16.4661,26.21407466674177
16.7805,26.23073466674192
16.6356,26.247404666741843
16.9242,26.264104666742032
16.459,26.28076466674218
16.8067,26.29740466674231
16.9063,26.314114666742274
16.4258,26.33077466674242
16.6861,26.34745466674259
16.8972,26.364154666742774
16.648,26.380864666742738
16.4989,26.397564666742923
16.6026,26.41424466674309
16.9632,26.430914666743018
16.3395,26.447584666742944
16.6753,26.464274666742888
16.6594,26.480924666742794
17.1767,26.49762466674298
16.748,26.514334666742943
16.3593,26.53099466674309
16.4989,26.547644666743
17.3389,26.56432466674317
16.2759,26.58104466674337
16.4602,26.59770466674352
16.5828,26.61438466674369
17.0147,26.631084666743874
16.6324,26.64776466674404
17.1855,26.66443466674397
16.4137,26.681084666743875
16.9172,26.697764666744042
16.7927,26.71444466674421
16.8409,26.731134666744154
16.5048,26.74778466674406
16.6298,26.764464666744228
16.762,26.781164666744413
16.4198,26.797824666744564
15.5313,26.81449466674449
16.8469,26.831144666744397
16.3905,26.84783466674434
16.7415,26.86451466674451
16.5863,26.881194666744676
17.7746,26.8978646667446
16.9875,26.914534666744526
16.4778,26.931234666744714
16.447,26.947924666744658
17.2401,26.96463466674462
15.3415,26.981324666744563
17.2006,26.998034666744527
16.5911,27.014704666744453
16.4089,27.031374666744377
16.6387,27.04806466674432
16.6619,27.06471466674423
16.6991,27.081394666744394
17.1811,27.09808466674434
16.6289,27.114774666744285
17.2118,27.131454666744453
16.6149,27.148144666744397
16.6505,27.16483466674434
16.3069,27.18151466674451
16.6454,27.198194666744676
16.9454,27.21489466674486
16.5549,27.23157466674503
17.0644,27.248254666745197
16.6928,27.264894666745327
16.9547,27.281564666745254
16.5723,27.2982246667454
16.5143,27.314894666745328
16.6005,27.33153466674546
16.7896,27.34820466674538
16.2784,27.36488466674555
16.0936,27.381574666745497
16.7437,27.3982946667457
16.2766,27.414974666745866
16.608,27.43166466674581
17.1255,27.448344666745978
16.3426,27.465024666746146
16.877,27.48173466674611
16.4854,27.498414666746278
16.8989,27.515104666746222
16.4285,27.531794666746165
17.1481,27.548474666746333
16.1327,27.565114666746464
16.592,27.58178466674639
17.0388,27.598484666746575
16.551,27.615144666746723
16.7981,27.63182466674689
16.7797,27.6484746667468
16.6945,27.66518466674676
16.3978,27.681854666746688
17.7556,27.69856466674665
16.6018,27.7152246667468
16.8096,27.731904666746967
16.8367,27.748624666747173
16.7684,27.765314666747116
16.5772,27.782024666747077
16.329,27.798684666747228
17.1818,27.81537466674717
16.1841,27.832024666747078
16.8483,27.848744666747283
15.504,27.86539466674719
16.6948,27.88205466674734
16.8655,27.898754666747525
16.3473,27.915394666747655
16.9671,27.932054666747806
16.4688,27.948694666747937
17.6573,27.965374666748104
15.4635,27.982034666748252
17.0857,27.998744666748216
16.6491,28.01542466674838
16.6872,28.032134666748345
16.6934,28.04885466674855
16.1726,28.065504666748456
18.0639,28.08221466674842
16.1844,28.098874666748568
17.1556,28.115594666748773
16.2244,28.13227466674894
16.5958,28.148944666748868
16.8088,28.165584666748998
16.8924,28.18225466674892
16.5933,28.198904666748827
16.8802,28.215574666748754
16.7085,28.232274666748943
16.2748,28.248954666749107
16.0622,28.265634666749275
16.5088,28.282274666749405
16.7485,28.298954666749573
16.8721,28.315664666749537
16.4719,28.33235466674948
17.0092,28.349044666749425
16.6252,28.36573466674937
17.0725,28.382414666749536
16.3135,28.399074666749687
17.0967,28.415734666749835
16.4485,28.432424666749778
16.5581,28.449104666749946
16.735,28.465774666749873
16.6359,28.48243466675002
17.0883,28.499144666749984
16.6683,28.515824666750152
16.6118,28.532514666750096
16.3559,28.549154666750226
16.7879,28.56586466675019
16.5271,28.582534666750114
17.3342,28.59921466675028
16.4366,28.61589466675045
17.1083,28.632614666750655
16.741,28.64928466675058
16.5332,28.66594466675073
16.3893,28.68258466675086
16.9699,28.699264666751027
16.6735,28.71595466675097
16.6518,28.73263466675114
16.6517,28.749344666751103
16.3758,28.766014666751026
17.0564,28.78272466675099
16.5249,28.799384666751138
16.6288,28.81607466675108
16.4799,28.832734666751232
16.8262,28.849424666751176
16.5105,28.866074666751082
17.0748,28.882784666751046
16.7332,28.899464666751214
15.7019,28.91611466675112
16.4323,28.93279466675129
18.7898,28.949484666751232
14.5825,28.96614466675138
17.2725,28.982824666751547
16.4933,28.999544666751753
16.2733,29.01621466675168
16.7582,29.032894666751847
16.9415,29.049544666751753
16.411,29.066204666751904
16.6942,29.082894666751848
16.6316,29.099574666752016
16.5922,29.116214666752146
16.547,29.13290466675209
16.8286,29.149574666752013
16.7379,29.166224666751923
16.7123,29.182914666751866
16.6052,29.199594666752034
17.1488,29.216274666752202
16.5663,29.232984666752163
16.3307,29.24965466675209
16.9919,29.26636466675205
16.4808,29.283034666751977
17.1836,29.299734666752162
15.9419,29.31641466675233
17.1196,29.333114666752518
16.6606,29.349814666752703
16.5162,29.36648466675263
16.4676,29.383154666752553
17.1699,29.39983466675272
16.2316,29.416524666752665
16.7711,29.433184666752815
16.745,29.44987466675276
16.8712,29.466564666752703
16.389,29.48324466675287
17.0309,29.499934666752814
16.4202,29.516594666752965
16.8562,29.53328466675291
16.4472,29.549974666752853
16.7033,29.566614666752983
17.1063,29.583324666752947
16.5301,29.600034666752908
17.0308,29.61672466675285
16.7866,29.63340466675302
16.6325,29.650094666752963
16.6462,29.66677466675313
16.2487,29.683444666753058
17.0346,29.700144666753243
16.3418,29.71682466675341
17.2906,29.73350466675358
16.8026,29.75014466675371
16.4752,29.76680466675386
16.3588,29.783474666753783
16.6506,29.800114666753913
17.0972,29.8168146667541
16.6404,29.83347466675425
16.219,29.850154666754417
16.955,29.866834666754585
16.3632,29.88350466675451
17.5482,29.900204666754696
15.7818,29.916884666754864
17.1723,29.93355466675479
18.1092,29.950274666754993
14.6015,29.96695466675516
16.7285,29.98361466675531
17.3522,30.000314666755497
15.9419,30.01700466675544
16.6771,30.03365466675535
16.9842,30.05038466675533
16.5744,30.067084666755516
16.475,30.08377466675546
16.5895,30.100444666755386
16.735,30.117074666755276
16.9825,30.133784666755236
16.5845,30.150464666755404
16.8572,30.167104666755534
16.6207,30.18377466675546
16.9496,30.200484666755422
16.5624,30.21711466675531
16.4994,30.23375466675544
16.7158,30.250424666755368
16.5621,30.26709466675529
17.2428,30.283814666755497
16.2411,30.300464666755403
17.0178,30.31716466675559
16.32,30.333834666755514
16.9294,30.350514666755682
16.398,30.367174666755833
16.7016,30.383864666755777
16.7001,30.400544666755945
16.8837,30.417224666756113
16.6352,30.433914666756056
16.4713,30.450554666756187
17.2041,30.46726466675615
16.2256,30.483924666756298
16.8577,30.500644666756504
16.4228,30.51732466675667
17.0875,30.534024666756856
16.3831,30.550694666756783
16.6931,30.56737466675695
16.5543,30.584044666756874
16.7544,30.600724666757042
16.9719,30.617434666757006
16.4498,30.634094666757154
16.7027,30.65076466675708
16.8139,30.667414666756986
16.7848,30.68412466675695
16.4165,30.700774666756857
16.7776,30.71747466675704
16.5018,30.73415466675721
17.0476,30.750874666757415
17.0792,30.76758466675738
16.3135,30.784234666757285
17.1838,30.80094466675725
16.7179,30.81766466675745
16.1287,30.83433466675738
16.7863,30.85097466675751
16.8014,30.867664666757452
16.5831,30.884324666757603
16.9668,30.901034666757564
16.7132,30.91770466675749
16.3923,30.93434466675762
17.6941,30.95102466675779
15.6567,30.96766466675792
16.4656,30.98430466675805
15.8637,31.000994666757993
16.9478,31.01767466675816
17.0035,31.034344666758088
16.3043,31.051024666758256
16.7217,31.067674666758162
16.6579,31.08433466675831
16.5151,31.101014666758477
17.5271,31.117734666758682
16.4027,31.134434666758867
17.0143,31.151154666759073
16.2268,31.167864666759037
16.4895,31.18455466675898
16.5009,31.201224666758907
16.6302,31.21789466675883
16.9667,31.234574666759
16.2997,31.251244666758925
17.2651,31.267954666758886
16.5366,31.284624666758813
16.4787,31.30127466675872
17.3074,31.317944666758645
16.2796,31.334604666758793
16.6505,31.351314666758757
16.3945,31.3680046667587
16.7083,31.38468466675887
17.844,31.401354666758795
16.5514,31.41804466675874
15.9599,31.434694666758645
16.7824,31.45134466675855
16.2399,31.468034666758495
16.9808,31.48470466675842
16.9758,31.50137466675835
16.8117,31.51801466675848
16.8045,31.53472466675844
16.3563,31.551414666758383
16.9209,31.56811466675857
16.414,31.58479466675874
16.526,31.601474666758907
16.8828,31.61816466675885
16.6106,31.63484466675902
17.0032,31.651524666759187
16.7742,31.668234666759147
16.3542,31.684914666759315
16.8857,31.701594666759483
16.6976,31.718304666759447
17.2739,31.735004666759632
16.1371,31.751664666759783
16.3379,31.768344666759948
16.6607,31.785014666759874
16.9868,31.80171466676006
16.3988,31.81836466675997
16.9445,31.835034666759892
16.3335,31.85171466676006
16.7219,31.868364666759966
16.6651,31.885014666759876
17.5486,31.9016846667598
16.425,31.918384666759987
16.3773,31.935064666760155
15.691,31.951744666760323
18.1223,31.96840466676047
15.3846,31.985114666760435
16.5645,32.00177466676058
16.5265,32.01845466676075
17.1622,32.035164666760714
16.6207,32.051874666760675
16.4208,32.068534666760826
16.52,32.08521466676099
16.6898,32.10188466676092
16.9364,32.11859466676088
16.4112,32.135264666760804
17.8952,32.15195466676075
15.8128,32.168634666760916
17.8609,32.18535466676112
16.6246,32.20200466676103
16.6158,32.21866466676118
16.7596,32.235334666761105
16.4615,32.251994666761256
17.2803,32.268684666761196
16.3465,32.28535466676112
16.3129,32.30203466676129
16.841,32.31867466676142
16.7574,32.335344666761344
16.8256,32.352004666761495
16.4864,32.36867466676142
16.8345,32.385354666761586
16.4549,32.40204466676153
16.888,32.41873466676147
16.4873,32.435414666761645
16.8015,32.452074666761796
16.5429,32.468764666761736
16.9877,32.485474666761704
16.643,32.50217466676189
16.7514,32.51886466676183
16.6898,32.535574666761796
16.2574,32.55223466676194
17.1645,32.568934666762125
16.41,32.5856146667623
15.9014,32.60229466676246
16.1052,32.61897466676263
16.6883,32.63564466676256
17.0722,32.65228466676269
16.1713,32.66894466676283
16.9314,32.68561466676276
16.4528,32.702264666762666
16.962,32.718974666762634
16.6889,32.73564466676255
16.4736,32.752324666762725
16.5413,32.76899466676265
17.17,32.78570466676261
16.1774,32.80239466676256
17.1955,32.819114666762765
16.218,32.835784666762684
16.9527,32.852464666762856
16.5489,32.869154666762796
16.6817,32.88581466676295
17.1615,32.9024746667631
16.2731,32.91915466676326
16.7511,32.93586466676323
16.3919,32.95250466676336
17.7258,32.96917466676328
15.6563,32.98582466676319
16.8404,33.00250466676336
16.8346,33.01918466676353
16.4067,33.03585466676345
16.9796,33.05255466676364
16.4039,33.06924466676358
17.2583,33.085964666763786
16.4426,33.10262466676394
16.943,33.11932466676412
16.3295,33.136004666764286
17.4169,33.152714666764254
16.2621,33.169424666764215
16.4445,33.18609466676414
17.5272,33.202774666764306
16.6336,33.21942466676421
16.959,33.23608466676436
16.6849,33.252744666764514
16.8835,33.2694446667647
15.5414,33.28614466676488
16.2272,33.302824666765055
16.8491,33.31950466676522
16.3478,33.33616466676537
16.9078,33.35285466676531
16.464,33.36954466676526
16.7728,33.386234666765205
16.8415,33.40295466676541
16.6429,33.419634666765575
16.4989,33.43628466676548
16.7217,33.45292466676561
16.6796,33.46959466676554
17.0094,33.486264666765464
16.3384,33.502954666765405
16.6279,33.519614666765555
16.8158,33.53628466676548
16.3746,33.55294466676563
16.7318,33.56958466676576
17.6935,33.58624466676591
16.0951,33.602934666765854
16.8998,33.619644666765815
16.1247,33.63632466676599
16.9449,33.65301466676593
16.5611,33.66968466676585
17.309,33.686394666765814
16.99,33.70308466676576
16.1609,33.7197746667657
16.6498,33.73646466676565
17.0687,33.753134666765575
16.8538,33.769824666765516
16.4834,33.78647466676543
16.9752,33.80318466676539
16.9142,33.819864666765554
16.7082,33.83657466676552
16.5178,33.853234666765665
17.31,33.86994466676563
16.2315,33.8866246667658
17.0031,33.90332466676598
16.2909,33.92002466676617
15.9761,33.936714666766115
16.4406,33.95340466676606
17.9733,33.97005466676597
15.1571,33.986704666765874
17.1562,34.003394666765814
16.3561,34.020074666765986
16.9601,34.036714666766116
16.6703,34.05338466676604
16.2561,34.07004466676619
16.5963,34.08670466676634
17.0049,34.10336466676649
16.5219,34.12004466676665
16.6088,34.1367346667666
16.6006,34.15340466676653
17.1884,34.17007466676645
16.1618,34.1867346667666
17.0947,34.2034546667668
16.7639,34.220184666766784
16.667,34.236894666766744
16.4942,34.25358466676669
16.3587,34.27025466676662
16.7276,34.28691466676677
16.7367,34.30358466676669
16.9068,34.320274666766636
16.6962,34.336914666766766
17.04,34.35363466676697
16.1519,34.3702746667671
16.6558,34.38691466676723
16.9609,34.40356466676714
16.479,34.420234666767065
16.5524,34.43691466676723
16.626,34.45360466676718
16.754,34.47028466676734
17.2732,34.48699466676731
16.8319,34.503714666767515
16.1047,34.520354666767645
17.0586,34.53707466676785
16.2629,34.553774666768035
16.5847,34.5704546667682
16.8538,34.58716466676816
16.5082,34.60384466676833
16.9939,34.62054466676852
16.4417,34.637234666768464
16.9004,34.65389466676861
16.7564,34.67057466676878
16.7032,34.68725466676894
16.6763,34.703894666769074
17.0064,34.72058466676902
16.374,34.73725466676895
17.0192,34.75393466676911
16.4108,34.7706346667693
16.7491,34.787304666769224
16.0721,34.80397466676915
16.9234,34.8206646667691
16.6047,34.83732466676924
16.7103,34.85400466676941
16.494,34.87068466676958
17.0764,34.88736466676975
16.4848,34.90404466676991
16.7771,34.92069466676982
16.3138,34.937344666769725
17.0586,34.95404466676992
17.8739,34.97075466676988
15.3274,34.987404666769784
16.5704,35.004064666769935
16.8853,35.020774666769896
16.4863,35.03746466676984
16.6061,35.05411466676975
16.8365,35.07080466676969
16.5,35.08748466676986
16.6679,35.104164666770025
16.6844,35.12081466676993
17.0303,35.13750466676988
16.5116,35.15418466677004
16.4576,35.170864666770214
16.674,35.187504666770344
16.9865,35.204194666770285
16.6011,35.220874666770456
16.539,35.23754466677038
17.3771,35.25425466677034
15.9957,35.27094466677028
16.8723,35.287644666770476
16.4934,35.30429466677038
17.2397,35.32099466677057
16.5509,35.33767466677073
16.6523,35.35436466677068
16.7268,35.371014666770584
16.2198,35.38768466677051
16.8824,35.40437466677045
16.9789,35.4210646667704
16.2704,35.43774466677057
16.6134,35.454394666770476
16.487,35.471084666770416
16.9393,35.48775466677034
16.84,35.5044646667703
17.1728,35.52118466677051
15.9634,35.53786466677068
16.891,35.55457466677064
16.7553,35.57126466677059
16.3561,35.58790466677072
16.9755,35.60461466677068
16.6135,35.621314666770864
16.4747,35.637974666771015
16.9234,35.65465466677118
16.7552,35.671304666771086
16.5877,35.687944666771216
16.9624,35.704654666771184
16.9792,35.7213246667711
16.2758,35.737984666771254
16.8436,35.754694666771215
16.2542,35.771354666771366
16.9454,35.78804466677131
16.5224,35.80472466677148
16.935,35.821434666771445
16.1908,35.83811466677161
16.7683,35.854794666771774
16.6424,35.871454666771925
16.9852,35.888114666772076
17.6614,35.90483466677228
16.5011,35.92148466677219
15.9416,35.938154666772114
16.9968,35.95483466677228
16.3989,35.97151466677245
17.033,35.98815466677258
15.8344,36.004834666772744
16.8205,36.02155466677295
16.0449,36.03822466677288
17.2416,36.05494466677308
16.6871,36.071624666773246
16.3037,36.08830466677342
17.2699,36.10498466677358
17.0269,36.12164466677373
17.191,36.13834466677392
16.5558,36.15502466677409
17.0474,36.171704666774254
16.751,36.188384666774425
16.246,36.20508466677461
15.2847,36.22172466677474
17.1846,36.23839466677467
16.4016,36.25507466677483
16.6905,36.27174466677476
16.8376,36.28845466677472
16.4063,36.30511466677487
16.9082,36.321794666775034
16.5786,36.338474666775205
16.7731,36.35510466677509
16.7147,36.37176466677524
16.6387,36.388444666775406
17.219,36.40511466677533
16.3696,36.42180466677528
16.5264,36.438484666775445
16.8272,36.45515466677537
16.4509,36.47183466677554
16.9917,36.48853466677573
16.3516,36.505204666775654
16.8363,36.521894666775594
16.6875,36.53858466677554
16.4887,36.555264666775706
17.0112,36.57195466677565
16.2613,36.58863466677582
16.5838,36.60531466677599
16.8802,36.62199466677615
16.5135,36.6386846667761
17.0798,36.65533466677601
16.4889,36.67201466677617
16.9437,36.68870466677612
16.7625,36.70541466677608
16.6481,36.72209466677625
16.7978,36.738774666776415
16.4015,36.755434666776566
16.4786,36.77211466677673
16.835,36.78875466677686
16.9665,36.805454666777045
16.9758,36.82214466677699
16.5874,36.83883466677694
16.5626,36.85549466677708
16.8331,36.87216466677701
16.6025,36.88885466677696
16.4866,36.905504666776864
16.3197,36.92218466677703
16.7151,36.938894666776996
16.8205,36.95562466677698
16.971,36.9722946667769
17.3565,36.98896466677682
15.651,37.00566466677701
16.3797,37.02234466677718
17.1244,37.039024666777344
16.5614,37.05571466677729
16.8336,37.07242466677725
16.6862,37.08914466677746
16.7212,37.105834666777405
16.1287,37.122474666777535
17.0211,37.1391546667777
16.8429,37.155854666777884
16.2298,37.172514666778035
16.7066,37.18919466677821
16.7765,37.20585466677835
16.5563,37.222504666778256
17.3765,37.23917466677818
16.3502,37.25581466677831
16.403,37.272474666778464
16.7726,37.289184666778425
16.3048,37.305844666778576
17.0638,37.32254466677876
16.7158,37.33923466677871
16.6525,37.35595466677891
16.2325,37.37262466677883
16.6722,37.389304666779005
17.2498,37.405964666779155
16.3755,37.42264466677932
17.5662,37.439344666779505
16.1918,37.45599466677941
16.0951,37.47267466677958
16.6017,37.48932466677949
17.1613,37.50598466677964
16.514,37.52264466677978
16.395,37.539324666779954
16.6506,37.556014666779895
16.7306,37.57268466677982
16.9802,37.58940466678003
16.3746,37.60604466678016
16.9545,37.62274466678034
16.6314,37.639444666780534
16.3739,37.656114666780454
16.7941,37.672794666780625
16.6669,37.689454666780776
17.0786,37.70616466678074
16.5725,37.7228746667807
17.4031,37.739584666780665
16.724,37.756224666780795
16.3067,37.77290466678096
16.1784,37.78957466678089
16.5792,37.80622466678079
16.766,37.82291466678073
16.4697,37.839594666780904
16.7811,37.85627466678107
17.055,37.87292466678098
17.3865,37.8895946667809
16.4416,37.90625466678105
16.9304,37.92297466678126
16.3176,37.93965466678142
17.0491,37.95634466678137
16.2887,37.97302466678154
16.784,37.98969466678146
17.4043,38.00636466678139
15.4053,38.02306466678157
16.3754,38.03975466678152
16.8122,38.056404666781425
16.8411,38.07310466678161
16.6687,38.089754666781516
17.4511,38.106464666781484
16.3206,38.12311466678139
16.8555,38.13980466678133
16.5265,38.1564846667815
17.0828,38.17320466678171
16.464,38.18987466678163
17.2114,38.206544666781554
16.6591,38.223224666781725
16.7485,38.23987466678163
16.8272,38.25656466678157
16.5607,38.2732346667815
16.5362,38.289924666781445
16.7507,38.30659466678137
15.1451,38.323274666781536
17.1895,38.33995466678171
16.5134,38.35665466678189
17.2713,38.3733746667821
16.0576,38.39005466678226
16.9997,38.40676466678222
16.4247,38.423424666782374
16.9457,38.440104666782545
16.4317,38.456774666782465
16.9177,38.47348466678243
16.496,38.4901646667826
16.6053,38.50682466678275
16.6488,38.523474666782654
16.8514,38.540114666782785
16.8858,38.556824666782745
16.2973,38.57347466678265
17.1179,38.59018466678262
16.37,38.60684466678277
16.9665,38.62355466678273
16.4459,38.64022466678266
16.791,38.65693466678262
16.5954,38.673604666782545
16.5182,38.69027466678247
17.4983,38.70694466678239
16.9555,38.72361466678232
16.3814,38.74029466678249
16.362,38.756964666782416
16.4041,38.773634666782336
16.7668,38.79030466678226
16.7131,38.80697466678219
17.0546,38.82361466678232
16.7042,38.840284666782246
16.9858,38.85698466678243
16.3464,38.87367466678238
16.5785,38.89033466678252
17.6619,38.90701466678269
15.9635,38.92368466678262
16.3989,38.94037466678256
17.3408,38.95703466678271
16.3249,38.973734666782896
16.4118,38.99043466678308
16.7059,39.00711466678325
17.6142,39.0237746667834
14.9735,39.04044466678332
16.7818,39.05715466678329
16.6723,39.07384466678323
16.7749,39.09053466678318
16.4766,39.10722466678312
16.6247,39.12390466678329
16.7215,39.14054466678342
16.6921,39.15720466678357
16.7894,39.17389466678351
16.417,39.19057466678368
17.2213,39.20729466678388
16.274,39.223944666783794
16.9674,39.24061466678371
16.6281,39.25726466678363
16.1766,39.27391466678353
17.4746,39.29063466678374
16.4908,39.3073446667837
16.788,39.324064666783904
16.2901,39.340754666783845
16.9945,39.35746466678381
16.7723,39.37413466678373
16.9232,39.39085466678394
16.7005,39.407524666783864
16.9656,39.424234666783825
16.4708,39.44093466678402
16.9899,39.45760466678394
16.091,39.474294666783884
16.0401,39.490934666784014
16.8258,39.507594666784165
17.0438,39.52424466678407
16.6709,39.540924666784235
16.3771,39.55757466678414
16.4695,39.57425466678431
17.0385,39.59093466678448
16.3401,39.607604666784404
16.9009,39.62427466678433
16.7791,39.6409546667845
16.794,39.6576746667847
16.8749,39.67438466678467
17.0729,39.69107466678461
16.9175,39.70775466678478
17.5708,39.724434666784944
16.3887,39.741114666785116
17.1717,39.757804666785056
16.344,39.774494666785
17.0408,39.79119466678519
16.9161,39.807844666785094
15.6279,39.824494666785
17.2192,39.84117466678517
16.2461,39.8578446667851
17.0387,39.87452466678526
16.8525,39.89122466678545
16.5493,39.907914666785395
16.7,39.92458466678532
16.6003,39.941284666785506
16.2501,39.95792466678564
17.0699,39.97464466678584
16.6459,39.99134466678603
16.385,40.00799466678593
16.2857,40.0246746667861
15.3552,40.04133466678625
16.4956,40.057984666786155
16.7174,40.07465466678608
16.8658,40.09130466678599
16.4839,40.10795466678589
17.087,40.12466466678586
16.5846,40.141324666786005
16.8291,40.15797466678591
17.1153,40.1746746667861
16.5577,40.19136466678604
16.6586,40.208024666786194
17.0263,40.22472466678638
15.8992,40.241414666786326
16.847,40.25812466678629
16.5015,40.274814666786234
16.8113,40.291484666786154
16.4402,40.30813466678606
17.088,40.32484466678603
16.2696,40.34150466678618
17.1048,40.358204666786364
16.5735,40.374934666786345
16.3219,40.39159466678649
17.3059,40.40829466678668
16.0963,40.424974666786845
16.4217,40.44164466678677
17.054,40.458324666786936
16.3299,40.47500466678711
17.1413,40.49169466678705
17,40.508364666786974
17.0579,40.5250346667869
16.4956,40.54168466678681
16.5682,40.558354666786734
16.6672,40.57500466678664
16.5525,40.591654666786546
16.708,40.60833466678672
16.7594,40.62499466678686
17.0926,40.64171466678707
15.8096,40.6583546667872
16.7024,40.67508466678718
16.4989,40.69176466678735
16.9612,40.70843466678728
16.7009,40.72512466678722
16.5605,40.74180466678739
17.0543,40.758524666787594
16.5059,40.775214666787534
16.4985,40.791894666787705
16.6081,40.808534666787835
16.6614,40.825214666788
16.7772,40.84185466678813
16.632,40.85851466678828
16.6486,40.87518466678821
16.9138,40.89187466678815
16.452,40.90855466678832
16.9857,40.925224666788246
16.8575,40.94190466678841
16.1252,40.958584666788575
16.6653,40.9752546667885
16.8338,40.99194466678845
16.6318,41.00862466678861
17.5602,41.025304666788784
15.7764,41.04198466678895
16.9182,41.058674666788896
16.4689,41.07535466678906
16.6119,41.09200466678897
16.5839,41.10866466678912
16.8508,41.12534466678929
16.5245,41.14203466678923
16.9946,41.158734666789414
16.4082,41.175414666789585
16.9258,41.19211466678977
17.2776,41.20882466678973
15.7605,41.22548466678988
16.7317,41.24218466679007
16.3523,41.25885466678999
16.9793,41.2755746667902
16.4167,41.292244666790126
17.2,41.30892466679029
16.6942,41.325574666790196
16.8365,41.34227466679039
16.3097,41.358924666790294
17.1119,41.37560466679046
16.4373,41.392274666790385
16.4946,41.408934666790536
16.7012,41.42563466679072
16.3315,41.44227466679085
16.5507,41.458954666791016
16.907,41.47563466679119
16.6904,41.49231466679135
16.8807,41.5089746667915
16.295,41.52565466679167
16.7107,41.54230466679158
16.6726,41.5589746667915
16.788,41.575644666791426
16.7862,41.59231466679135
16.5622,41.6090046667913
16.7028,41.625684666791464
16.9512,41.64238466679165
16.4136,41.65906466679182
16.5767,41.675744666791985
16.7356,41.69242466679216
16.6965,41.70910466679232
17.2513,41.725824666792526
16.1869,41.742514666792474
16.8408,41.75918466679239
16.9865,41.775884666792585
16.5,41.79256466679275
16.9866,41.809264666792934
16.8519,41.8259746667929
16.4066,41.84266466679284
16.5137,41.859344666793014
16.8911,41.8760446667932
16.6679,41.892714666793125
16.9481,41.90939466679329
16.7139,41.92610466679325
16.0976,41.942754666793164
16.6341,41.959464666793124
16.7906,41.97613466679305
16.3703,41.99278466679296
18.6742,42.009454666792884
15.06,42.02615466679307
16.9016,42.04283466679323
16.0037,42.05950466679316
17.0221,42.07619466679311
16.8356,42.09286466679303
16.4322,42.1095446667932
16.7364,42.126194666793104
17.1788,42.14288466679305
16.5517,42.15959466679301
16.8567,42.17630466679297
16.4203,42.19299466679292
16.4174,42.209654666793064
16.5837,42.22632466679299
17.0892,42.24301466679294
16.497,42.259684666792865
16.4786,42.27636466679303
17.0358,42.293064666793214
16.4755,42.30971466679312
17.0785,42.32635466679325
16.8824,42.34302466679318
16.5617,42.35968466679333
16.5028,42.37636466679349
16.7759,42.393044666793664
16.6232,42.40969466679357
16.683,42.426364666793496
16.7904,42.44305466679344
16.548,42.45971466679359
16.9607,42.47637466679374
15.9682,42.4930546667939
16.5344,42.50970466679381
16.517,42.526374666793735
17.2081,42.54307466679392
16.1587,42.55974466679385
17.1193,42.576454666793815
16.6459,42.593154666794
16.8248,42.60986466679396
16.7628,42.626584666794166
16.5738,42.64330466679437
16.3815,42.659984666794536
17.3058,42.67670466679474
16.3578,42.69339466679469
16.4924,42.71005466679484
17.081,42.726754666795024
16.3814,42.74340466679493
16.8971,42.760084666795095
16.4565,42.776724666795225
16.7843,42.793364666795355
16.6456,42.81001466679526
16.931,42.82672466679523
16.5431,42.84338466679538
16.5812,42.8600546667953
16.945,42.876774666795505
16.4242,42.89345466679568
16.6262,42.91013466679584
16.2744,42.92679466679599
16.7488,42.943474666796156
16.962,42.960184666796124
16.8465,42.97690466679633
16.4859,42.993554666796236
17.0816,43.010244666796176
17.2095,43.02692466679635
15.417,43.04356466679648
16.983,43.06025466679642
16.8542,43.0769546667966
16.2798,43.09362466679653
16.457,43.110294666796456
16.8613,43.126934666796586
17.0808,43.14359466679674
17.1349,43.16029466679692
16.5223,43.17697466679709
16.7497,43.193684666797054
16.7806,43.210394666797015
16.2497,43.22704466679692
17.1416,43.24372466679709
16.4482,43.260454666797074
16.2709,43.277144666797014
16.9073,43.29383466679696
16.6608,43.31050466679689
16.661,43.32716466679703
16.9255,43.3438446667972
16.8643,43.36051466679713
16.5913,43.37717466679727
16.7634,43.393854666797445
17.2953,43.410544666797385
16.2212,43.427204666797536
16.5174,43.44387466679746
17.0152,43.46057466679765
16.4226,43.477244666797574
16.5812,43.493924666797746
16.8,43.510564666797876
16.1858,43.52722466679802
16.3341,43.54389466679795
16.5475,43.56057466679812
17.1014,43.57725466679828
16.5774,43.59394466679823
16.3713,43.61063466679817
17.0434,43.62731466679834
16.4372,43.64398466679826
16.8642,43.66068466679845
16.6471,43.67739466679841
16.7022,43.6940946667986
16.7835,43.710764666798525
16.6269,43.72748466679873
16.8387,43.74412466679886
16.358,43.76078466679901
16.743,43.77745466679893
17.1772,43.7941346667991
16.6818,43.81084466679906
16.3473,43.827504666799214
17.0515,43.844194666799154
16.1994,43.86084466679907
17.0875,43.87755466679903
16.6256,43.89421466679918
16.6984,43.91090466679912
16.86,43.927574666799046
17.1558,43.94430466679903
16.5099,43.960994666798975
15.8838,43.97764466679888
17.0191,43.994344666799066
16.6875,44.01101466679899
16.756,44.02770466679893
16.0018,44.04439466679888
16.3333,44.06105466679903
17.1551,44.077754666799215
16.3597,44.09443466679938
17.4716,44.111084666799286
16.438,44.12773466679919
17.0526,44.1444546667994
16.2675,44.161124666799324
17.1228,44.17781466679927
16.5381,44.194514666799456
16.3945,44.21115466679959
16.9977,44.22786466679955
16.8226,44.244554666799495
17.1723,44.261264666799455
14.991,44.27793466679938
16.9111,44.29463466679957
16.6804,44.311304666799494
16.3984,44.327964666799645
16.8812,44.344634666799564
16.5887,44.361294666799715
16.6436,44.37797466679989
16.7228,44.39463466680003
16.5881,44.41128466679994
16.847,44.42794466680009
16.496,44.444614666800014
16.7736,44.46126466679992
16.9201,44.47794466680009
16.2936,44.494624666800256
17.1061,44.51130466680043
16.4094,44.52797466680035
17.0343,44.544684666800315
16.184,44.56136466680048
16.7774,44.57804466680065
16.8875,44.594724666800815
16.3719,44.611404666800986
17.0819,44.62811466680095
16.7076,44.64479466680111
16.5627,44.66150466680108
16.4708,44.67816466680122
16.6438,44.69485466680117
17.1113,44.711534666801334
16.4619,44.72822466680128
16.5511,44.744904666801446
16.8063,44.76157466680137
16.4378,44.778254666801544
16.5313,44.79490466680145
16.7772,44.81154466680158
16.7305,44.82819466680149
17.0183,44.84489466680167
17.2357,44.86157466680184
17.8925,44.87825466680201
16.6378,44.894924666801934
16.958,44.9116046668021
16.6144,44.928314666802066
16.1917,44.94499466680223
16.7335,44.9616746668024
16.7116,44.97836466680234
20.8479,44.995044666802514
12.7917,45.01169466680242
14.5464,45.02836466680235
16.6203,45.04501466680225
16.957,45.06170466680219
16.3497,45.07837466680212
16.7293,45.09501466680225
16.7242,45.111694666802414
17.0563,45.128374666802586
17.1358,45.14507466680277
16.135,45.16176466680272
16.6134,45.17844466680288
16.6661,45.19512466680305
17.1343,45.211834666803014
16.3726,45.228494666803165
16.6284,45.245184666803105
16.7133,45.26187466680305
16.9269,45.27857466680324
16.3942,45.295264666803185
16.9044,45.31194466680335
16.3977,45.328614666803276
17.5124,45.345324666803236
16.6537,45.36200466680341
17.0305,45.37868466680357
16.9136,45.39537466680352
16.5126,45.412074666803704
16.3444,45.42874466680363
16.9998,45.445424666803795
16.6062,45.46210466680397
16.7147,45.47875466680387
16.3891,45.49544466680381
16.4326,45.51209466680372
15.8247,45.52877466680389
17.039,45.545454666804055
16.2626,45.56212466680398
16.8358,45.57879466680391
16.453,45.59547466680407
16.9212,45.612154666804244
16.9805,45.62883466680441
16.5359,45.645554666804614
16.4106,45.662234666804785
16.8753,45.67891466680495
17.0908,45.69562466680491
16.914,45.71231466680486
16.133,45.72899466680502
16.667,45.74565466680517
17.0552,45.762364666805134
16.571,45.779044666805305
16.7126,45.79574466680549
16.7404,45.81242466680566
16.5957,45.829124666805846
16.7751,45.84579466680577
17.0698,45.86247466680594
16.4616,45.87912466680584
16.5757,45.895804666806015
16.7343,45.912494666805955
16.9917,45.929154666806106
16.2671,45.94581466680626
16.8348,45.96246466680616
16.5874,45.97910466680629
17.1732,45.99578466680646
16.965,46.01250466680666
15.1571,46.02915466680657
16.8047,46.045824666806496
16.8933,46.06253466680646
16.3862,46.07921466680663
17.5859,46.09592466680659
16.2895,46.112594666806515
16.8399,46.1292946668067
16.4407,46.14597466680687
16.7017,46.16262466680678
16.5817,46.179274666806684
17.1147,46.19597466680687
16.2771,46.21265466680704
16.9443,46.229314666807184
16.6122,46.245994666807356
16.8879,46.2626546668075
16.5008,46.27936466680747
16.4625,46.29602466680761
16.7341,46.31271466680756
16.7824,46.32939466680772
16.8518,46.34610466680769
16.3192,46.36276466680784
16.6787,46.3794746668078
16.4448,46.39614466680773
17.3034,46.41283466680767
16.1003,46.42949466680782
17.4423,46.44615466680797
16.6354,46.46286466680793
16.4008,46.47953466680786
16.6754,46.49621466680802
17.2292,46.512894666808194
16.1042,46.52956466680812
17.0735,46.546244666808285
16.7147,46.562954666808245
16.4839,46.57960466680815
16.8203,46.59631466680812
16.7079,46.61300466680806
17.1247,46.629674666807986
15.3936,46.64636466680793
16.8878,46.6630446668081
16.6893,46.679694666808004
16.7226,46.696374666808175
16.9075,46.7130446668081
16.5166,46.72968466680823
17.0045,46.74639466680819
16.5121,46.763054666808344
16.4959,46.779724666808264
17.0698,46.79641466680821
16.5973,46.813114666808396
16.5257,46.82980466680834
16.4861,46.84647466680827
16.688,46.863154666808434
17.1022,46.879814666808585
16.9696,46.89649466680875
17.436,46.9131846668087
14.8629,46.92984466680884
17.3546,46.94655466680881
16.2673,46.963224666808735
16.4832,46.97987466680864
17.4873,46.996574666808826
16.196,47.01327466680901
17.3246,47.02995466680918
15.5637,47.04663466680935
16.7061,47.06331466680951
17.0169,47.07997466680966
16.6771,47.09666466680961
17.5515,47.11330466680974
17.0618,47.129984666809904
16.5939,47.146664666810075
16.4749,47.16331466680998
16.5902,47.17998466680991
16.6343,47.19667466680985
16.7527,47.21335466681002
16.8017,47.230034666810184
16.5906,47.24670466681011
16.7421,47.263384666810275
16.8631,47.28009466681024
16.3629,47.29674466681015
16.7925,47.31342466681031
16.6096,47.33009466681024
17.0515,47.3468046668102
16.447,47.36348466681037
16.9176,47.38017466681031
16.6914,47.39688466681028
16.6676,47.41359466681024
16.4619,47.430274666810405
16.7881,47.446954666810576
16.5623,47.46363466681074
16.6111,47.48030466681067
16.5705,47.49698466681084
16.9241,47.51362466681097
15.6851,47.53030466681113
16.3038,47.54697466681106
16.4828,47.56361466681119
16.8016,47.5802646668111
16.9973,47.59696466681128
16.5509,47.61364466681145
16.5997,47.63032466681162
17.0689,47.647014666811565
16.4903,47.66369466681173
17.0224,47.6804046668117
16.4828,47.697074666811616
16.8862,47.71374466681154
17.1911,47.730454666811504
16.294,47.747134666811675
16.5316,47.76378466681158
17.1714,47.78045466681151
16.6654,47.79713466681167
17.2213,47.813834666811864
16.5045,47.83053466681205
16.6331,47.84719466681219
16.9243,47.86390466681216
16.428,47.8805946668121
16.717,47.89725466681225
15.7092,47.91392466681218
16.0436,47.93060466681234
16.5577,47.947264666812494
16.5706,47.963944666812665
17.2292,47.980634666812605
16.7042,47.99732466681255
16.4652,48.01400466681272
17.7285,48.03065466681262
15.4637,48.04732466681255
16.5262,48.06399466681248
17.1348,48.08071466681268
16.7462,48.09743466681289
16.4954,48.11412466681283
16.8802,48.130834666812795
16.3922,48.1474846668127
16.8231,48.16417466681264
16.8032,48.18088466681261
16.5944,48.197584666812794
16.6333,48.214294666812755
16.6193,48.231004666812716
16.5621,48.247644666812846
16.574,48.26429466681275
16.6081,48.28096466681268
17.0331,48.297634666812606
16.264,48.31431466681278
17.1572,48.33099466681294
16.9799,48.34763466681307
17.1242,48.36432466681302
16.5953,48.38100466681318
16.788,48.39770466681337
16.2981,48.41438466681354
16.8303,48.43107466681348
16.6155,48.447774666813665
16.4775,48.46442466681358
16.9895,48.48112466681376
16.4026,48.49776466681389
16.8109,48.51443466681382
17.003,48.531114666813984
15.7658,48.547754666814114
16.3463,48.564394666814245
16.7828,48.58108466681419
16.9363,48.59777466681413
16.3006,48.61443466681428
16.9808,48.631144666814244
16.7073,48.64781466681417
16.8266,48.66449466681434
16.9509,48.68122466681432
16.4084,48.69786466681445
16.5663,48.71454466681462
16.7859,48.731214666814545
16.937,48.74791466681473
16.5048,48.76457466681488
16.4067,48.781254666815045
16.6198,48.79790466681495
16.6951,48.8145646668151
16.8504,48.83126466681529
16.4566,48.84789466681518
16.5464,48.86458466681512
16.6858,48.88127466681507
16.7884,48.89795466681523
16.5475,48.91460466681514
17.333,48.931314666815105
16.4248,48.94799466681527
17.2849,48.96470466681523
16.6323,48.98139466681518
16.4355,48.99805466681533
17.0612,49.01476466681529
17.5416,49.031454666815236
14.9192,49.0481346668154
17.0125,49.064854666815606
16.4591,49.08155466681579
16.5379,49.09819466681592
16.5753,49.11486466681585
16.5685,49.131514666815754
17.0354,49.1482046668157
16.6115,49.16491466681566
16.8661,49.18161466681585
16.4633,49.19829466681602
16.5864,49.21497466681618
16.703,49.23161466681631
16.7001,49.24826466681622
16.823,49.264964666816404
16.3484,49.281644666816575
17.7488,49.298354666816536
16.692,49.31503466681671
16.6016,49.33170466681663
17.1146,49.34834466681676
17.1209,49.36504466681695
16.3066,49.381724666817114
16.5299,49.39841466681706
17.5973,49.41514466681704
15.89,49.431804666817186
16.6419,49.44849466681713
16.5726,49.46514466681704
16.6176,49.48180466681719
16.7051,49.498464666817334
17.0703,49.51513466681726
16.3154,49.53177466681739
16.7886,49.54844466681732
16.5877,49.565114666817244
16.5964,49.58174466681713
16.7348,49.59841466681706
16.9359,49.61512466681702
16.406,49.631814666816965
16.9198,49.64851466681715
16.557,49.66519466681732
17.008,49.681914666817526
16.5359,49.69861466681771
16.3803,49.715294666817876
16.6364,49.73197466681805
15.4163,49.74865466681821
16.7875,49.76534466681816
16.8168,49.78198466681829
16.7725,49.798684666818474
16.264,49.8153546668184
17.1357,49.832054666818586
16.5558,49.848714666818736
16.4715,49.86537466681888
16.6685,49.88204466681881
16.843,49.89874466681899
17.0043,49.91545466681896
16.248,49.932134666819124
16.6455,49.948814666819295
17.067,49.96548466681922
16.8049,49.98219466681918
16.3551,49.998854666819334
16.6451,50.01551466681948
17.7364,50.03219466681965
15.6492,50.04888466681959
16.9659,50.065574666819536
16.3919,50.08224466681946
17.2597,50.09891466681939
16.7505,50.11560466681933
16.5737,50.13226466681948
17.8134,50.14892466681963
16.4435,50.16559466681955
15.4517,50.18230466681952
16.5711,50.199024666819724
16.4285,50.21570466681989
16.6706,50.23234466682002
17.8333,50.249034666819966
16.3687,50.26572466681991
17.9074,50.28242466682009
16.6064,50.29911466682004
16.9544,50.31580466681998
16.4874,50.33250466682017
16.5806,50.349164666820315
15.5267,50.365804666820445
16.0985,50.382484666820616
16.9192,50.3992146668206
16.6533,50.41589466682076
16.4093,50.43256466682069
16.8498,50.449234666820615
16.3038,50.46590466682054
16.7136,50.48254466682067
16.9341,50.4992146668206
16.9065,50.51592466682056
16.5281,50.532604666820724
17.1402,50.54931466682069
16.5506,50.5659646668206
16.5941,50.582614666820504
16.604,50.59929466682067
16.6674,50.61595466682082
16.6535,50.63263466682099
16.9883,50.64934466682095
16.4042,50.66601466682088
16.8142,50.682684666820805
16.5561,50.699374666820745
17.0937,50.71605466682092
16.721,50.7327546668211
16.3402,50.749434666821266
16.7927,50.76613466682145
16.5505,50.78281466682162
16.8124,50.79951466682181
16.611,50.81617466682196
16.8647,50.83288466682192
16.082,50.849534666821825
17.0969,50.86623466682201
16.2087,50.88289466682216
16.6052,50.89954466682207
17.1464,50.91622466682224
16.4479,50.9329046668224
16.4536,50.949584666822574
17.0348,50.96628466682276
16.4658,50.98296466682292
16.5379,50.99961466682283
17.1304,51.0163246668228
18.0404,51.03301466682274
15.2915,51.049724666822705
16.8477,51.0664446668229
16.6093,51.08316466682311
16.359,51.09984466682328
16.5188,51.11651466682321
16.9477,51.13317466682335
16.584,51.1498646668233
16.8647,51.16654466682346
16.6307,51.18321466682339
16.6408,51.199884666823316
16.6208,51.21654466682347
16.3961,51.23317466682335
17.055,51.2498346668235
16.4156,51.266494666823654
16.402,51.28317466682382
16.8576,51.299824666823724
16.9434,51.31651466682367
16.4956,51.333194666823836
16.8173,51.34986466682376
16.5095,51.36650466682389
17.1643,51.383184666824064
16.2541,51.399874666824005
17.6161,51.416554666824176
16.4654,51.43323466682434
17.1276,51.44996466682432
16.4818,51.46666466682451
16.4382,51.48332466682466
16.9437,51.50003466682462
16.46,51.516704666824545
17.1119,51.533384666824716
15.7312,51.55004466682486
16.3603,51.56671466682479
16.8394,51.58337466682494
16.9114,51.60007466682512
16.439,51.61671466682525
16.8613,51.633374666825404
16.7512,51.65004466682533
16.9334,51.66671466682526
16.5696,51.6834046668252
16.8722,51.7001246668254
16.5086,51.71681466682535
16.4693,51.733494666825514
16.6498,51.75017466682568
17.1785,51.76685466682585
16.8156,51.78356466682581
16.7689,51.800284666826016
15.9981,51.81696466682619
16.7982,51.83362466682633
16.651,51.85028466682648
16.3486,51.86693466682639
16.7905,51.88363466682657
16.3545,51.900314666826745
16.9868,51.91699466682691
16.7859,51.933684666826856
16.6146,51.95035466682678
16.7369,51.96702466682671
16.5581,51.983704666826874
16.7416,52.00039466682682
16.4832,52.01708466682676
16.9284,52.033784666826946
17.8932,52.0504446668271
15.0398,52.06712466682727
17.0822,52.08383466682723
16.4092,52.10047466682736
16.7336,52.11713466682751
16.9897,52.133834666827696
16.5358,52.150544666827656
16.8215,52.16720466682781
16.848,52.18390466682799
16.7301,52.20056466682814
16.4825,52.21722466682829
17.7267,52.23390466682846
16.7053,52.250574666828385
16.5766,52.267264666828325
16.9008,52.283944666828496
16.4742,52.30057466682838
16.8079,52.31725466682855
16.7925,52.33397466682875
16.4397,52.3506346668289
16.5643,52.36730466682883
17.1449,52.384024666829035
17.0008,52.4007046668292
16.2795,52.41735466682911
15.3114,52.43406466682907
16.0512,52.45074466682924
17.024,52.46744466682942
16.3535,52.484094666829336
17.0456,52.500764666829255
16.5903,52.51746466682945
16.5939,52.53415466682939
16.6968,52.55081466682954
16.907,52.56751466682972
16.5615,52.58423466682993
16.4527,52.60089466683008
16.592,52.617564666830006
17.0957,52.634254666829946
16.2946,52.65094466682989
16.6087,52.66760466683004
17.6763,52.68428466683021
15.8718,52.70096466683037
16.7637,52.717644666830545
16.4199,52.734304666830695
16.9941,52.7509546668306
16.5991,52.767634666830766
16.3746,52.78431466683094
16.9758,52.8009946668311
16.5636,52.81766466683103
16.5998,52.834334666830955
16.712,52.8509946668311
16.8564,52.867664666831025
16.8213,52.884324666831176
16.6443,52.90100466683135
16.6732,52.91768466683151
16.6608,52.93434466683166
16.8666,52.95104466683185
16.7012,52.967704666832
16.5686,52.98437466683192
16.5558,53.00105466683209
17.0054,53.017754666832275
16.8104,53.034464666832235
17.8205,53.05114466683241
14.8207,53.06782466683257
16.9514,53.08450466683274
16.7304,53.10118466683291
16.9841,53.117874666832854
16.5163,53.134564666832794
16.9421,53.151294666832776
16.2539,53.16798466683272
16.979,53.18466466683289
16.3766,53.2013146668328
16.9693,53.218014666832985
16.7204,53.234724666832946
16.5541,53.25139466683287
16.496,53.26807466683304
16.7247,53.28473466683319
16.9357,53.301424666833135
16.4362,53.31805466683302
16.7454,53.334734666833185
16.6448,53.3513846668331
16.5592,53.36806466683326
16.817,53.384724666833414
17.2177,53.40137466683332
16.7631,53.418094666833525
16.352,53.43477466683369
16.992,53.45146466683364
16.3387,53.46810466683377
16.8013,53.48479466683371
16.8613,53.501484666833655
16.4863,53.51816466683382
16.5941,53.53484466683399
15.9892,53.551524666834155
17.0362,53.56822466683435
16.5413,53.58487466683425
16.7469,53.60158466683421
16.289,53.61823466683412
16.7762,53.63492466683407
16.9128,53.65162466683425
16.3575,53.668284666834396
17.0677,53.68498466683459
16.5776,53.70167466683453
16.437,53.718344666834454
16.9539,53.73501466683438
16.9061,53.751714666834566
16.2534,53.76836466683447
16.6535,53.78505466683442
16.6586,53.801724666834346
17.1565,53.81840466683451
16.3904,53.83509466683446
16.4742,53.8517546668346
16.5832,53.86842466683453
16.9867,53.885114666834475
16.881,53.90177466683462
16.9234,53.91845466683479
16.3548,53.93516466683475
17.0023,53.95187466683472
16.5254,53.96859466683492
16.6015,53.985284666834865
16.9716,54.00198466683505
16.3626,54.018674666835
16.7009,54.03538466683496
18.2268,54.05209466683492
14.9738,54.06877466683509
16.577,54.085424666834996
16.7443,54.1020746668349
16.6558,54.11872466683481
17.001,54.135394666834735
16.69,54.15206466683466
16.4172,54.16873466683459
16.5111,54.18540466683451
16.5986,54.20204466683464
17.1106,54.218714666834565
16.5298,54.23541466683475
16.844,54.25212466683472
16.7404,54.26883466683468
16.1999,54.285504666834605
17.1328,54.302164666834756
16.7003,54.31881466683466
16.6815,54.33546466683457
16.5914,54.35214466683473
16.581,54.36883466683468
17.0937,54.385514666834844
16.4208,54.402174666834995
16.9636,54.41884466683492
16.5498,54.43549466683483
17.0465,54.45221466683503
16.128,54.46888466683496
16.893,54.48559466683492
16.5292,54.50228466683487
16.6244,54.51896466683503
16.6781,54.53563466683496
16.9305,54.55231466683512
16.4803,54.569014666835315
16.685,54.58567466683546
16.6109,54.60235466683563
16.9288,54.61900466683554
16.5803,54.6356846668357
16.4473,54.65233466683561
16.8196,54.66901466683578
16.5533,54.68569466683594
17.0659,54.70241466683615
16.5672,54.71909466683632
16.9384,54.73575466683646
16.9486,54.75246466683643
16.5529,54.76913466683636
16.7132,54.7858246668363
16.4995,54.80250466683647
17.0579,54.819224666836675
16.3378,54.83590466683684
16.6424,54.852584666837004
16.8107,54.86923466683692
16.7727,54.88589466683706
16.9709,54.90257466683723
17.3384,54.919254666837396
15.9361,54.93593466683757
17.053,54.95262466683751
16.3045,54.96930466683768
16.9707,54.98596466683782
16.572,55.002644666837995
16.856,55.01934466683818
15.459,55.03602466683835
17.6324,55.05269466683827
15.8968,55.06938466683822
16.9351,55.08606466683838
16.3491,55.10275466683833
16.5939,55.119404666838236
16.6631,55.13608466683841
16.7756,55.15274466683855
18.0953,55.16945466683852
16.3407,55.18614466683846
16.4802,55.20282466683863
16.8431,55.219524666838815
16.6297,55.23620466683898
15.3977,55.25284466683911
16.5336,55.26952466683928
16.6728,55.286204666839446
16.7478,55.30288466683962
16.4327,55.31956466683978
16.7752,55.33621466683969
16.891,55.35285466683982
16.4732,55.369524666839744
17.1726,55.38621466683969
17.2105,55.40291466683988
16.0141,55.41960466683982
17.6639,55.436314666839785
16.1846,55.45299466683995
16.0143,55.469684666839896
17.036,55.48636466684006
16.8156,55.50304466684023
16.7614,55.51975466684019
17.0372,55.53644466684013
15.8313,55.553094666840046
16.8809,55.56974466683995
17.4286,55.58642466684012
16.6158,55.60306466684025
16.7292,55.61977466684021
16.5001,55.63645466684038
16.5399,55.65313466684054
17.0304,55.669834666840735
16.4825,55.68648466684064
16.9109,55.70317466684058
16.3003,55.71984466684051
16.9765,55.73654466684069
16.5811,55.75324466684088
16.4508,55.76992466684105
16.9828,55.786594666840976
17.1712,55.8032646668409
15.8967,55.81996466684109
16.7197,55.83664466684125
16.6577,55.85334466684144
16.5992,55.87002466684161
17.2737,55.88671466684155
15.1166,55.9033746668417
16.8481,55.920024666841606
16.6395,55.93671466684155
16.7705,55.95340466684149
16.4285,55.97007466684142
16.9589,55.98675466684159
16.4601,56.0034046668415
16.988,56.02009466684144
16.4132,56.03675466684159
17.8114,56.05343466684176
15.4231,56.070114666841924
16.6656,56.08680466684187
16.6591,56.103464666842015
17.0715,56.12013466684194
16.6401,56.13685466684215
16.3264,56.15350466684205
17.0153,56.170214666842014
16.5744,56.18686466684193
17.4807,56.20357466684189
16.435,56.220244666841815
17.0796,56.236954666841775
16.556,56.25365466684196
16.4951,56.27034466684191
16.6171,56.28700466684205
16.5416,56.303654666841965
16.8338,56.32033466684213
16.8924,56.337004666842056
16.4384,56.35368466684222
16.7862,56.37034466684237
16.6958,56.38703466684232
16.78,56.40370466684224
16.7303,56.42036466684239
16.7323,56.437084666842594
16.9986,56.45375466684252
16.5292,56.47046466684248
16.192,56.48715466684243
16.6779,56.503824666842355
16.9283,56.52054466684256
16.4817,56.5372346668425
16.898,56.55394466684246
16.7085,56.57062466684263
16.6156,56.58729466684256
16.3946,56.60393466684269
16.8064,56.62062466684263
16.898,56.63729466684256
16.6053,56.65399466684274
16.4833,56.67067466684291
16.6068,56.687314666843044
17.0783,56.704004666842984
16.3316,56.72065466684289
17.0461,56.73734466684284
16.2549,56.754024666843
17.0015,56.77070466684317
16.3667,56.78738466684334
17.0166,56.80406466684351
15.9287,56.82072466684366
16.475,56.83739466684358
16.9417,56.85409466684377
16.6503,56.87076466684369
16.7166,56.88744466684386
17.006,56.90408466684399
17.349,56.9208046668442
16.1439,56.93748466684436
16.0306,56.95415466684429
17.0875,56.970844666844236
16.6054,56.9875546668442
17.0897,57.0042746668444
16.402,57.02097466684459
16.6909,57.03762466684449
16.6512,57.05429466684442
17.9225,57.07098466684437
15.4472,57.0876246668445
16.6468,57.10429466684442
16.7005,57.12097466684459
16.7293,57.13761466684472
16.984,57.15425466684485
16.1974,57.17089466684498
17.1464,57.18756466684491
16.3887,57.20425466684485
16.805,57.220944666844794
16.539,57.23762466684496
16.9426,57.25432466684514
16.4495,57.271024666845335
17.014,57.28774466684554
16.3676,57.304444666845725
16.603,57.32112466684589
17.865,57.33783466684586
16.4205,57.354484666845764
16.6776,57.37115466684568
16.6425,57.387834666845855
16.8562,57.40451466684602
16.7675,57.421184666845946
16.8729,57.43788466684613
16.3235,57.454534666846044
16.7566,57.47119466684619
16.8086,57.48789466684637
16.4949,57.504544666846286
16.8981,57.52124466684647
16.5319,57.53793466684641
15.1892,57.5546346668466
16.6652,57.57130466684652
16.7365,57.588004666846714
16.2739,57.604644666846845
16.8494,57.621314666846764
16.5775,57.637994666846936
16.7043,57.65465466684709
17.0046,57.67135466684727
16.4762,57.68801466684742
16.8215,57.70468466684734
16.6173,57.72136466684751
16.9873,57.7380646668477
16.1939,57.754714666847605
16.6196,57.77140466684755
16.712,57.788084666847716
17.5678,57.80477466684766
16.7552,57.82145466684783
16.5851,57.83811466684798
17.1734,57.85482466684794
16.2988,57.87150466684811
16.797,57.888164666848255
16.578,57.904824666848405
16.5244,57.92150466684858
16.7071,57.9381746668485
16.9004,57.954884666848464
16.6366,57.971574666848404
16.4906,57.988254666848576
17.0227,58.00495466684876
16.3538,58.02160466684867
17.3004,58.038294666848614
16.5125,58.054964666848534
17.9134,58.071644666848705
15.4763,58.08831466684863
16.7389,58.104994666848796
16.6397,58.12165466684895
16.693,58.1383146668491
16.5217,58.15498466684902
16.9144,58.17164466684917
15.5565,58.18832466684934
16.99,58.2050346668493
16.1187,58.22170466684923
16.9604,58.23840466684941
16.6301,58.25508466684958
16.4955,58.27176466684975
17.0632,58.28846466684993
16.4839,58.30515466684988
16.9571,58.32188466684986
16.2918,58.338564666850026
17.0357,58.35528466685023
16.539,58.37195466685016
16.5569,58.3886446668501
17.0202,58.40532466685027
16.2385,58.42201466685021
16.9287,58.43869466685038
16.6837,58.45536466685031
16.2697,58.47202466685046
17.1215,58.48869466685038
16.7018,58.505404666850346
16.3949,58.52203466685023
16.851,58.538714666850396
16.4737,58.55539466685057
16.9175,58.57208466685051
16.7198,58.588774666850455
16.5065,58.6054646668504
16.644,58.622124666850546
17.008,58.63884466685075
16.3762,58.65549466685066
16.5629,58.67213466685079
17.4376,58.68885466685099
16.6628,58.70552466685092
16.5438,58.72221466685087
16.487,58.73886466685077
16.9933,58.75556466685096
16.292,58.772234666850885
17.5122,58.78895466685109
16.4837,58.805604666850996
16.6885,58.82230466685118
16.511,58.83899466685113
16.5345,58.85563466685126
16.7163,58.8722946668514
16.8092,58.88896466685133
16.9269,58.905664666851514
16.4748,58.92231466685142
16.6675,58.93899466685159
16.6909,58.95563466685172
17.0246,58.97231466685189
16.5931,58.98897466685204
16.6465,59.005644666851964
17.2964,59.022354666851925
16.239,59.039034666852096
16.9918,59.055724666852036
16.5829,59.07238466685219
14.9716,59.08906466685235
16.9274,59.1057546668523
16.6748,59.122444666852246
17.7987,59.13915466685221
16.2285,59.15582466685213
16.781,59.1725046668523
17.0709,59.189194666852245
16.506,59.205904666852206
16.5234,59.22257466685213
15.8875,59.23924466685206
16.4941,59.255914666851986
16.7911,59.272584666851905
16.6372,59.28925466685183
16.6954,59.30590466685174
16.7556,59.322594666851685
17.2243,59.33931466685189
16.4362,59.35598466685182
16.6271,59.37264466685196
16.3915,59.38931466685189
17.0259,59.40602466685185
16.6875,59.42273466685182
16.6142,59.43944466685178
16.6816,59.456134666851725
16.4256,59.47281466685189
17.0333,59.489484666851816
16.7495,59.50613466685172
16.572,59.52278466685163
17.2809,59.539474666851575
15.7631,59.556164666851515
17.0032,59.57285466685146
16.3652,59.58950466685137
16.6447,59.6061446668515
16.7387,59.622814666851426
16.6635,59.63948466685135
16.6354,59.65616466685152
16.6924,59.67283466685144
17.1323,59.689544666851404
16.3061,59.706204666851555
16.9217,59.722894666851495
16.0885,59.739534666851625
17.0936,59.75625466685183
16.6314,59.77298466685181
16.4182,59.78965466685174
16.8984,59.80633466685191
16.7516,59.82300466685184
16.7118,59.83969466685178
16.6635,59.85634466685168
17.0759,59.87301466685161
16.6503,59.88967466685176
17.2268,59.906354666851925
16.6696,59.92302466685185
16.4542,59.939684666852
16.4932,59.95636466685217
16.9257,59.97308466685237
16.4915,59.98979466685233
16.9718,60.006474666852505
16.2918,60.02315466685267
16.8844,60.039844666852616
16.5664,60.0565446668528
17.2311,60.07322466685297
15.2389,60.089884666853116
16.9734,60.10656466685329
16.4472,60.12324466685345
16.8163,60.1399046668536
16.4682,60.156564666853754
17.0689,60.17326466685394
16.466,60.18995466685388
16.897,60.20666466685385
16.2251,60.223324666854
17.2858,60.24003466685396
16.0295,60.25669466685411
16.9622,60.273374666854274
17.5042,60.29006466685422
15.9246,60.30673466685414
16.7441,60.32344466685411
16.7051,60.34010466685425
16.9772,60.356804666854444
16.5765,60.37346466685459
16.4741,60.390154666854535
16.8474,60.40682466685446
16.47,60.4235146668544
16.5959,60.44016466685431
16.7829,60.45684466685448
16.5543,60.473514666854406
17.0245,60.49019466685457
16.1543,60.50685466685472
16.8407,60.52352466685465
16.3523,60.540194666854575
16.6411,60.556864666854494
16.7103,60.573524666854645
16.7872,60.59020466685482
16.5631,60.60688466685498
16.6216,60.62355466685491
16.7983,60.64024466685485
16.6393,60.65689466685476
16.7296,60.6735846668547
16.7026,60.69023466685461
16.9949,60.70693466685479
16.6216,60.72364466685476
16.6026,60.7403346668547
16.8161,60.75704466685467
16.5692,60.77375466685463
16.6021,60.79043466685479
17.2802,60.80713466685498
16.3448,60.82381466685515
16.9022,60.840514666855334
16.4006,60.857194666855506
16.7509,60.87384466685541
16.6498,60.89049466685532
16.6105,60.907164666855245
17.4118,60.923834666855164
16.5766,60.94050466685509
16.5048,60.95719466685504
16.7631,60.973844666854944
16.6355,60.99052466685511
16.6596,61.00717466685502
17.0483,61.02388466685498
16.5721,61.04059466685494
16.4065,61.057274666855115
17.6269,61.07395466685528
15.1857,61.090604666855185
16.8076,61.10730466685537
16.417,61.1239746668553
16.5915,61.14065466685547
16.8821,61.15735466685565
16.5519,61.17405466685584
16.6897,61.19071466685599
16.9139,61.20739466685615
16.3944,61.224074666856325
16.5914,61.24075466685649
16.9462,61.25746466685645
16.5196,61.27411466685636
16.9207,61.290824666856324
16.8262,61.30750466685649
16.6168,61.324194666856435
16.0565,61.34086466685636
17.0335,61.35753466685629
16.908,61.37421466685645
16.6846,61.390924666856414
16.8057,61.407604666856585
16.4777,61.42428466685675
16.7806,61.440984666856934
16.2941,61.457644666857085
16.714,61.47432466685726
16.8864,61.490994666857176
17.0647,61.50768466685712
16.3045,61.52438466685731
16.6334,61.541034666857215
16.4647,61.55768466685712
16.9016,61.57438466685731
17.0288,61.59106466685748
16.1924,61.60771466685738
16.604,61.62438466685731
16.8395,61.641064666857474
16.4681,61.65771466685739
17.0953,61.67440466685733
16.3254,61.69106466685748
16.8385,61.707734666857405
16.5845,61.72441466685757
16.5465,61.741064666857476
16.8337,61.75771466685738
16.7343,61.77439466685755
17.1029,61.791124666857534
16.4741,61.80782466685772
16.8158,61.8245546668577
17.0041,61.841234666857865
16.3807,61.857914666858036
16.8962,61.874624666858
16.6191,61.891314666857944
16.7057,61.908024666857905
16.6519,61.924734666857866
16.577,61.94142466685781
16.5849,61.95804466685792
16.7481,61.974704666858074
16.6674,61.99133466685796
16.6824,62.007984666857865
16.8625,62.02468466685806
16.3503,62.0413446668582
17.0215,62.05803466685815
16.4872,62.074684666858055
17.41,62.09133466685796
16.8766,62.108034666858146
15.4799,62.12471466685832
16.5711,62.14140466685826
17.0008,62.15808466685843
16.7456,62.17477466685837
16.7082,62.191444666858295
16.9268,62.208154666858256
16.267,62.22480466685817
16.7757,62.24149466685811
16.9289,62.25820466685807
16.38,62.27485466685798
17.5591,62.291584666857965
16.2628,62.308254666857884
16.6234,62.324934666858056
17.0616,62.34163466685824
16.4744,62.358334666858426
16.3744,62.374974666858556
15.9351,62.3916646668585
16.6974,62.40833466685843
16.9725,62.42500466685835
16.7941,62.44170466685854
16.8668,62.458384666858706
16.6171,62.475094666858666
17.3914,62.49179466685886
17.3679,62.508444666858765
16.7992,62.52509466685867
16.6704,62.54178466685861
16.9496,62.5584846668588
16.7366,62.57519466685876
16.4193,62.59186466685869
16.525,62.608524666858834
16.6933,62.625164666858964
16.6557,62.641804666859095
16.6415,62.658464666859246
16.8119,62.67514466685942
16.5511,62.69181466685934
16.39,62.70849466685951
15.0531,62.72515466685966
16.816,62.7418146668598
16.6734,62.75848466685973
17.1618,62.775204666859935
16.294,62.791884666860106
16.6134,62.80856466686027
17.2738,62.82524466686044
17.1738,62.84196466686064
16.4207,62.85867466686061
16.7129,62.875344666860535
16.4663,62.892014666860454
17.8749,62.90868466686038
16.1853,62.92536466686055
16.9511,62.94203466686048
16.2533,62.958714666860644
16.9387,62.975424666860604
16.484,62.992104666860776
16.6901,63.008744666860906
16.7028,63.02540466686106
16.6337,63.04208466686122
17.025,63.05879466686118
16.4357,63.07548466686113
16.8957,63.092154666861056
15.6618,63.10883466686122
16.5585,63.12554466686118
16.2395,63.142194666861094
16.7412,63.158864666861014
16.9043,63.17553466686094
17.0396,63.192234666861125
16.5683,63.20893466686132
16.4766,63.225584666861224
16.939,63.242274666861164
16.7043,63.25896466686111
16.4672,63.27560466686124
17.0329,63.29226466686139
16.5907,63.30896466686158
16.4814,63.32565466686152
16.9439,63.342364666861485
16.5345,63.35904466686165
16.4216,63.3757046668618
17.0252,63.39241466686176
16.6814,63.40909466686193
16.5259,63.42580466686189
16.1998,63.44248466686206
16.8843,63.45916466686223
16.878,63.475864666862414
16.2174,63.49253466686234
17.1673,63.509234666862525
16.5106,63.52590466686245
16.7717,63.542584666862616
16.6293,63.55925466686254
16.8338,63.57595466686273
16.4332,63.59261466686288
16.7573,63.60932466686284
16.377,63.625994666862766
30.3543,63.6426346668629
11.3396,63.659324666862844
10.5523,63.67595466686273
14.3749,63.69261466686288
16.8509,63.709294666863045
16.8988,63.725954666863196
16.3164,63.742594666863326
17.0881,63.75928466686327
16.6704,63.77596466686344
16.3273,63.792634666863364
17.0959,63.809344666863325
16.7307,63.82604466686351
17.0054,63.84272466686368
16.6645,63.85941466686362
17.5135,63.87609466686379
15.5983,63.89277466686396
16.5989,63.909444666863884
17.0934,63.926124666864055
16.3893,63.9427846668642
16.7647,63.959474666864146
16.6553,63.97612466686405
16.9462,63.992814666864
16.9839,64.0095346668642
16.4439,64.02624466686416
16.4259,64.04294466686434
16.7783,64.05965466686432
16.4118,64.07633466686448
17.3114,64.09298466686438
15.3,64.10965466686432
16.9607,64.1263546668645
17.1907,64.14305466686469
16.0742,64.1597046668646
16.4613,64.1763546668645
16.8303,64.19302466686443
16.6203,64.2097046668646
16.8483,64.22637466686452
16.4144,64.24306466686446
16.5681,64.25974466686463
16.6824,64.2764246668648
16.9651,64.29310466686496
16.4173,64.30976466686512
16.6935,64.32644466686529
16.8344,64.3431146668652
16.7825,64.35978466686514
16.7795,64.37647466686508
16.9168,64.39313466686522
17.2675,64.40984466686518
16.0981,64.42653466686514
16.697,64.44323466686532
16.6547,64.45990466686524
16.0775,64.47657466686518
16.9774,64.49327466686536
16.7661,64.5099646668653
16.9897,64.52665466686524
16.5105,64.54330466686515
16.4824,64.55997466686507
17.0943,64.57664466686501
16.4434,64.59333466686495
16.8441,64.60999466686509
17.6356,64.62667466686527
16.6925,64.64337466686545
16.3333,64.66002466686535
16.7323,64.67669466686529
16.6963,64.69334466686519
16.8643,64.71002466686535
16.3925,64.7267146668653
17.0607,64.74340466686525
16.4669,64.76009466686519
15.2821,64.77676466686512
16.6695,64.79341466686502
16.9622,64.81010466686496
17.4148,64.82682466686516
16.0564,64.84354466686537
16.3352,64.86023466686532
16.5603,64.87690466686524
16.864,64.89358466686541
16.5312,64.9102146668653
18.0833,64.92690466686524
16.1806,64.94360466686543
17.4247,64.96032466686563
15.769,64.97697466686554
16.9365,64.99364466686546
16.869,65.01032466686564
16.4021,65.02699466686556
16.617,65.04367466686573
16.9376,65.06037466686591
16.3622,65.07706466686587
17.0964,65.09371466686576
15.6564,65.11039466686593
16.9793,65.12704466686584
16.5925,65.14373466686578
17.018,65.16042466686572
16.4118,65.17706466686586
16.4968,65.19373466686578
16.707,65.21041466686596
17.2511,65.22708466686588
16.3129,65.24379466686584
16.5463,65.26046466686577
16.8732,65.27712466686592
16.7508,65.2938246668661
16.3542,65.31049466686602
17.6334,65.32713466686616
16.8544,65.34381466686632
16.4494,65.36051466686651
16.759,65.37720466686646
16.7665,65.39387466686638
16.8632,65.41055466686655
15.591,65.42723466686671
16.5977,65.44395466686692
16.6436,65.4606346668671
16.3266,65.47731466686726
16.6723,65.49399466686742
16.8603,65.51069466686761
17.2904,65.52737466686777
16.5372,65.54405466686795
16.9578,65.56076466686791
16.3637,65.57741466686781
17.9361,65.594114666868
15.8629,65.61077466686815
16.682,65.62745466686832
16.2517,65.64414466686826
16.7068,65.66082466686844
16.7154,65.67748466686858
17.0407,65.69419466686854
16.2756,65.7108746668687
17.128,65.72751466686884
17.4149,65.74420466686878
16.5182,65.76086466686893
16.8508,65.77755466686888
16.492,65.79420466686878
16.7692,65.81087466686871
16.3361,65.82754466686863
15.378,65.84421466686857
16.666,65.86084466686845
16.5949,65.87751466686838
16.6876,65.89420466686832
17.612,65.9109046668685
16.5823,65.92761466686846
16.7309,65.9443046668684
16.3134,65.96098466686858
17.0257,65.97768466686877
16.6427,65.99439466686873
16.7062,66.01108466686867
16.4095,66.02776466686883
16.8411,66.04444466686901
17.2326,66.06113466686895
16.733,66.07781466686912
18.0782,66.09449466686928
14.9042,66.11113466686942
16.6973,66.12781466686958
16.9273,66.14450466686952
16.3831,66.16116466686968
17.1288,66.17784466686985
17.0067,66.1945546668698
16.3364,66.21122466686974
17.2634,66.22791466686968
16.3234,66.24457466686982
16.751,66.26123466686998
16.4494,66.27791466687015
16.7114,66.29460466687009
16.5637,66.31126466687023
16.6668,66.32793466687016
16.7506,66.34460466687008
16.4548,66.36125466687
16.0643,66.3779746668702
16.215,66.39463466687035
17.1193,66.4113446668703
16.1418,66.42800466687046
16.8618,66.4446946668704
16.6824,66.46136466687032
16.8097,66.47805466687028
16.8946,66.49476466687024
16.6909,66.51148466687044
16.6824,66.52820466687065
16.1275,66.54485466687055
16.6909,66.56152466687048
16.7888,66.57815466687036
31.0324,66.59483466687054
11.3005,66.6115146668707
10.1969,66.62819466687087
14.447,66.6448646668708
16.3401,66.6615146668707
16.953,66.67817466687085
16.5548,66.69482466687076
16.5921,66.71150466687092
16.7567,66.72818466687109
16.3897,66.74487466687104
16.8806,66.76156466687098
16.6473,66.7782346668709
17.1054,66.79494466687088
16.46,66.81163466687082
16.5687,66.82831466687098
16.5966,66.84497466687112
16.8306,66.86164466687106
16.6763,66.87831466687098
17.1575,66.89501466687116
16.5022,66.9116846668711
17.0664,66.92839466687106
16.2463,66.945084666871
17.4079,66.96175466687093
16.4045,66.97841466687107
16.8779,66.99510466687101
16.5586,67.0117846668712
16.8763,67.02849466687115
16.3813,67.0451846668711
16.6876,67.061834666871
16.7043,67.07852466687095
17.4745,67.09516466687107
15.3831,67.11186466687126
16.6157,67.12854466687143
16.9117,67.1452546668714
16.3284,67.16192466687131
31.4064,67.17861466687125
11.3683,67.19527466687141
9.2095,67.21194466687133
14.8763,67.22866466687154
16.5242,67.2453446668717
16.8498,67.26205466687168
16.4764,67.27871466687182
16.6344,67.29536466687172
17.2876,67.3120446668719
16.3875,67.32875466687186
16.4592,67.34542466687178
16.5473,67.36209466687171
17.1192,67.37880466687167
16.4028,67.39545466687157
17.1097,67.41215466687176
16.2031,67.42881466687192
16.6424,67.44548466687183
16.7967,67.46217466687179
16.472,67.47882466687169
16.7979,67.49548466687183
16.9423,67.51216466687201
17.2288,67.52887466687197
16.6066,67.54553466687211
16.1106,67.56221466687228
16.8701,67.57890466687223
16.6851,67.59560466687242
16.3014,67.61228466687258
16.8774,67.62897466687252
16.598,67.6456546668727
16.8533,67.66235466687289
16.6611,67.67905466687307
16.4149,67.69570466687297
16.9058,67.71240466687316
16.4624,67.72908466687333
16.6051,67.74572466687346
16.6872,67.76237466687337
16.7055,67.77904466687329
16.6609,67.79570466687343
16.6749,67.81237466687337
17.0693,67.82906466687331
16.5437,67.84575466687325
16.5348,67.86242466687318
17.7366,67.87908466687333
15.6527,67.89575466687326
16.8149,67.9124446668732
16.7591,67.92914466687338
16.4449,67.94583466687332
16.6511,67.96252466687328
16.6324,67.97920466687344
17.2783,67.99585466687334
16.0217,68.01250466687326
16.4195,68.0291946668732
16.707,68.04587466687336
16.6509,68.0625446668733
16.5765,68.07921466687321
18.0953,68.09587466687337
15.5144,68.11257466687356
16.4031,68.12924466687348
16.7434,68.14592466687364
16.7867,68.16260466687382
16.7629,68.17929466687376
16.7763,68.19599466687394
16.4696,68.21266466687386
16.9149,68.22938466687407
16.4303,68.24606466687425
17.1957,68.26277466687421
16.2003,68.27944466687413
16.584,68.29612466687429
17.0583,68.31283466687427
16.4967,68.32951466687443
16.5742,68.34617466687457
16.9333,68.36286466687451
16.4293,68.3795446668747
16.7063,68.39619466687459
23.5009,68.41288466687453
10.1211,68.42955466687447
16.8563,68.44623466687463
16.795,68.46295466687484
16.1533,68.47961466687498
16.5965,68.49628466687491
17.165,68.5130146668749
16.3521,68.52968466687481
16.8793,68.546364666875
16.972,68.56307466687495
16.4395,68.57975466687512
17.9035,68.59641466687526
16.2386,68.61307466687542
15.4752,68.62971466687554
17.2513,68.6464246668755
16.4464,68.66311466687546
16.4939,68.67974466687534
17.0909,68.6964246668755
16.3534,68.71310466687568
16.7115,68.72975466687558
16.676,68.74642466687551
16.973,68.76311466687545
16.8042,68.77983466687566
16.3719,68.7965246668756
16.7094,68.81318466687576
16.6134,68.82986466687592
16.5866,68.84655466687586
16.9862,68.86323466687602
16.8247,68.87993466687621
16.6179,68.89661466687639
17.5775,68.9133346668766
15.8951,68.92999466687674
16.8072,68.94665466687688
16.3912,68.96332466687682
16.8608,68.98000466687698
16.4764,68.99666466687712
17.0161,69.01333466687706
16.4184,69.0299946668772
16.9819,69.04667466687737
16.818,69.06338466687734
16.8865,69.08005466687726
17.2966,69.09676466687722
14.7953,69.11342466687736
16.8743,69.13013466687734
16.4347,69.14679466687748
17.0414,69.16350466687744
16.6584,69.18019466687738
16.6514,69.19689466687757
16.8834,69.21355466687773
16.9222,69.23022466687765
16.3497,69.24687466687756
16.8232,69.26355466687772
16.4993,69.28023466687789
16.9287,69.29690466687782
16.6452,69.31358466687799
16.4252,69.33024466687813
17.4172,69.34693466687808
15.8463,69.36359466687823
17.0677,69.38030466687819
16.8174,69.39697466687811
15.7924,69.41364466687804
16.762,69.43030466687819
16.7237,69.44698466687836
16.8118,69.46365466687828
16.4617,69.4803246668782
16.8442,69.49701466687816
16.942,69.51371466687834
16.3477,69.53038466687826
17.0291,69.5470746668782
16.8129,69.5637746668784
16.4741,69.5804946668786
16.6516,69.59719466687879
16.6762,69.61390466687875
16.338,69.63057466687867
17.0862,69.64729466687888
16.4568,69.66399466687906
16.5414,69.6806346668792
16.9315,69.69734466687916
16.5997,69.71399466687906
16.5371,69.73064466687897
16.7042,69.7472846668791
16.8254,69.76393466687901
16.7338,69.78060466687893
16.7053,69.79730466687911
16.8359,69.81398466687929
16.6118,69.83065466687921
16.6493,69.84737466687942
16.6616,69.86405466687958
16.5897,69.88073466687976
16.625,69.89741466687992
16.9465,69.91409466688009
17.1635,69.93079466688027
16.4188,69.94747466688044
16.6484,69.9641346668806
16.8306,69.98081466688076
16.3621,69.99746466688067
16.7757,70.01411466688057
16.6524,70.03076466688049
16.5287,70.04742466688063
16.7121,70.06409466688055
17.134,70.08080466688052
17.7385,70.09747466688044
15.6353,70.11417466688063
16.3708,70.13086466688057
16.655,70.1475046668807
16.8616,70.16420466688089
16.3172,70.18086466688104
17.1373,70.19756466688122
16.349,70.21425466688117
16.9425,70.23096466688114
16.4828,70.24762466688128
16.916,70.26432466688146
16.2699,70.2809646668816
17.1071,70.29765466688154
16.5354,70.3143646668815
16.706,70.33102466688166
16.5752,70.3477146668816
16.5511,70.36437466688174
16.7373,70.38104466688168
16.8826,70.39770466688182
17.0214,70.41437466688174
16.4063,70.43104466688168
16.7812,70.44772466688184
16.9403,70.464404666882
16.3778,70.48105466688192
16.8131,70.49773466688208
17.0006,70.51444466688204
16.3092,70.5311246668822
16.7227,70.54781466688216
16.5356,70.56448466688208
16.9371,70.58118466688227
16.4443,70.59783466688218
16.8193,70.61451466688234
16.9098,70.63116466688226
17.4045,70.64788466688246
16.6762,70.66460466688267
16.2724,70.68126466688281
15.7557,70.69797466688277
16.3476,70.71465466688294
16.4718,70.7313346668831
17.0281,70.74801466688328
16.4236,70.76470466688322
16.7546,70.78137466688314
16.9451,70.79810466688312
16.4779,70.81475466688303
16.6945,70.83138466688293
16.5296,70.84805466688285
16.6694,70.86470466688276
16.7981,70.88137466688268
16.9716,70.89808466688264
16.7045,70.91478466688282
16.2097,70.931464666883
17.0623,70.94817466688296
16.3943,70.96480466688284
16.9165,70.98150466688303
16.7509,70.99823466688301
16.4964,71.01492466688296
16.9662,71.03160466688313
16.812,71.04831466688309
16.49,71.064964666883
16.9718,71.08164466688316
17.0553,71.09832466688333
15.6385,71.11498466688349
16.8023,71.13169466688345
16.551,71.14834466688335
16.8493,71.16501466688328
16.822,71.18167466688342
16.59,71.19836466688336
16.4328,71.21501466688328
17.1144,71.23172466688324
16.4448,71.24836466688336
17.608,71.26508466688357
16.2531,71.2817546668835
17.0447,71.29842466688342
16.3775,71.31510466688358
17.042,71.33179466688354
16.6652,71.3485046668835
16.3695,71.36517466688342
16.9851,71.3818746668836
16.4775,71.39853466688376
16.3507,71.41521466688393
17.3876,71.43189466688409
16.659,71.4486146668843
16.2641,71.46527466688445
16.892,71.48197466688464
16.3688,71.49861466688476
16.1647,71.51526466688468
17.2348,71.5319346668846
16.0664,71.54859466688475
17.6385,71.56526466688467
15.5337,71.58194466688484
17.3297,71.59857466688473
16.5053,71.61524466688465
16.2368,71.63192466688483
16.7574,71.64858466688497
16.7081,71.66526466688514
16.9259,71.68198466688534
16.5168,71.69868466688553
16.5432,71.71536466688569
16.7794,71.73206466688588
16.757,71.74875466688583
16.4706,71.76544466688577
16.5947,71.78209466688568
16.7938,71.79877466688585
16.6566,71.81545466688601
16.7281,71.83212466688593
17.3845,71.84881466688589
16.3481,71.86549466688605
16.8343,71.88221466688626
15.9628,71.89886466688617
17.4141,71.91553466688609
16.3679,71.93221466688625
16.5367,71.94889466688642
16.9408,71.96556466688635
17.0525,71.98227466688631
16.6183,71.99899466688652
16.8028,72.01566466688644
16.1905,72.0323246668866
16.8075,72.04899466688651
17.422,72.06567466688668
15.8803,72.08239466688688
16.363,72.09907466688706
18.0271,72.11575466688723
14.9331,72.13245466688741
16.9516,72.14913466688758
16.6503,72.16580466688751
16.4051,72.18244466688763
16.9728,72.1991546668876
16.427,72.21580466688751
17.0584,72.23251466688747
16.8273,72.24915466688759
16.4219,72.26582466688753
17.0504,72.28253466688749
16.384,72.29919466688763
17.1528,72.31584466688754
16.6004,72.33250466688769
17.3923,72.34921466688765
17.2758,72.36586466688756
16.5992,72.38253466688748
16.5977,72.39919466688764
16.8295,72.41586466688756
16.9,72.43257466688752
16.3676,72.44922466688743
16.6177,72.46592466688762
16.5682,72.48259466688754
17.0001,72.49928466688749
16.545,72.51593466688739
17.2118,72.53264466688735
15.9551,72.54934466688754
14.9468,72.56602466688771
16.8771,72.58274466688792
16.5451,72.59940466688806
17.1981,72.61610466688825
16.4368,72.63278466688841
16.9469,72.64949466688837
16.6625,72.66618466688833
16.473,72.68286466688849
17.1209,72.69955466688843
16.6574,72.7162346668886
16.5603,72.73290466688853
16.9096,72.74956466688867
15.8543,72.76623466688861
16.4983,72.78289466688875
17.0145,72.79958466688869
16.3689,72.8162346668886
16.9367,72.83290466688852
16.4044,72.84958466688869
17.0372,72.86621466688858
16.7809,72.88288466688851
16.6032,72.89957466688845
16.9686,72.9162646668884
16.4589,72.93295466688834
16.9969,72.94966466688831
16.2869,72.96633466688823
17.1263,72.9830146668884
16.8894,72.99970466688833
16.5349,73.01640466688853
16.9234,73.03312466688874
16.4627,73.0498046668889
16.5731,73.06648466688907
16.6448,73.08314466688921
17.0467,73.09985466688919
16.2845,73.11649466688931
18.0936,73.13316466688923
15.29,73.14985466688918
17.0165,73.1665246668891
16.9015,73.18322466688929
16.4871,73.19990466688945
16.3333,73.21657466688939
16.95,73.23327466688957
16.3457,73.24994466688949
17.2694,73.26661466688942
16.3215,73.28330466688936
16.5275,73.2999746668893
16.9985,73.31665466688946
16.3379,73.3333146668896
16.7385,73.34995466688974
16.6058,73.36659466688987
16.9456,73.38330466688983
16.4832,73.39995466688974
17.6344,73.4166646668897
16.2781,73.43333466688962
16.3773,73.4500446668896
16.0421,73.46675466688956
16.2715,73.48342466688948
16.7068,73.50010466688964
16.6534,73.51678466688982
16.7461,73.53347466688976
16.9999,73.55012466688966
16.4264,73.56680466688984
16.6548,73.58346466688998
16.6109,73.6001346668899
16.605,73.61677466689004
17.3088,73.63342466688994
17.0684,73.65013466688991
16.4096,73.66681466689008
16.6694,73.68348466689
16.9369,73.70018466689018
16.4935,73.71687466689013
16.5929,73.7335546668903
16.9323,73.75025466689048
16.5719,73.76691466689063
16.7327,73.78362466689059
16.8849,73.80033466689056
15.8378,73.81698466689046
16.8741,73.8336746668904
17.1564,73.85038466689038
16.3635,73.86704466689052
17.032,73.88375466689048
16.555,73.90046466689044
16.3988,73.91711466689036
17.0032,73.93382466689032
16.7029,73.95051466689026
16.5653,73.96719466689042
16.3982,73.9838746668906
17.1927,74.00054466689052
16.9902,74.01723466689046
16.7946,74.03393466689064
16.1746,74.05057466689078
16.9911,74.06726466689072
16.5116,74.08394466689089
16.521,74.10060466689104
17.2868,74.11729466689098
16.9478,74.13395466689113
15.0548,74.1506346668913
16.5497,74.16731466689147
16.9928,74.18400466689141
16.2379,74.20065466689132
17.0645,74.21735466689151
16.5012,74.23399466689163
16.76,74.25069466689182
16.8959,74.26739466689202
16.323,74.28403466689214
16.6981,74.3007146668923
16.9259,74.31742466689226
16.4118,74.33410466689244
16.7988,74.35074466689257
16.6545,74.3674346668925
16.9303,74.38409466689266
16.6626,74.40076466689258
16.646,74.4174146668925
16.6688,74.4340646668924
16.7546,74.45074466689258
16.5749,74.46742466689274
17.0979,74.48409466689266
16.4605,74.50077466689282
16.7107,74.517454666893
16.7491,74.53413466689317
16.4602,74.55081466689333
17.0505,74.56753466689354
16.3852,74.5842146668937
16.8312,74.60092466689368
16.5702,74.61760466689384
16.5643,74.63427466689376
17.0645,74.65095466689392
16.2415,74.66762466689386
16.7944,74.68429466689378
16.7171,74.70096466689371
16.7714,74.71767466689367
16.561,74.73432466689357
16.6811,74.75101466689352
16.7271,74.76767466689367
16.8752,74.78438466689363
16.4707,74.8010646668938
16.575,74.81772466689395
16.81,74.83440466689412
16.5199,74.85108466689428
16.7283,74.86776466689444
16.5931,74.88441466689436
17.3517,74.90109466689452
16.2618,74.91777466689469
16.661,74.93444466689462
16.571,74.95109466689452
16.7457,74.96778466689447
16.5698,74.98446466689464
17.4029,75.00115466689458
16.3682,75.01783466689474
17.0198,75.03453466689494
16.463,75.05122466689488
16.8102,75.06790466689505
16.4728,75.08458466689521
16.8298,75.10127466689516
16.5328,75.11794466689508
16.6075,75.134614666895
17.3733,75.15129466689518
15.2673,75.16797466689535
16.5863,75.18465466689551
16.7513,75.20131466689566
17.013,75.21800466689561
16.3782,75.23468466689577
16.6972,75.25136466689594
16.5443,75.26803466689587
16.7729,75.28471466689604
16.9886,75.30141466689622
16.8947,75.31809466689639
16.3016,75.33477466689655
16.5455,75.35145466689673
16.806,75.36815466689691
16.4674,75.38481466689706
16.7191,75.40148466689699
16.7332,75.41815466689691
16.7015,75.43484466689685
16.667,75.45152466689701
16.648,75.46817466689693
16.9637,75.48487466689711
16.4126,75.50155466689728
16.9599,75.51826466689724
16.626,75.53493466689717
16.7807,75.55161466689734
16.5598,75.56830466689728
16.8858,75.58501466689725
16.2057,75.60168466689717
17.3011,75.61836466689734
16.4043,75.6350446668975
16.7277,75.65172466689768
16.436,75.66840466689784
16.6838,75.68505466689774
16.8497,75.70172466689768
16.8356,75.7183946668976
16.5685,75.73506466689753
16.9597,75.75173466689745
16.4831,75.76841466689761
17.0227,75.78512466689757
16.6654,75.80184466689778
16.2364,75.81850466689794
16.8945,75.8351846668981
16.6414,75.85186466689827
16.8787,75.86857466689823
16.7223,75.88529466689843
15.8076,75.90197466689861
16.8422,75.91866466689855
16.4031,75.93534466689871
16.6616,75.95199466689863
17.0007,75.96866466689855
16.752,75.98535466689849
16.3069,76.00202466689842
16.6468,76.01870466689859
17.0156,76.03538466689875
16.3693,76.05202466689889
17.1636,76.0687446668991
16.5003,76.08541466689901
16.5412,76.10209466689918
16.5344,76.11876466689911
16.7643,76.13542466689925
18.1948,76.15208466689941
15.1603,76.16876466689958
16.6103,76.18544466689974
17.04,76.2021246668999
16.4346,76.21881466689985
16.904,76.23549466690002
16.3839,76.25216466689994
16.7702,76.26884466690011
16.5294,76.28552466690029
16.814,76.30220466690045
16.6058,76.31888466690062
16.977,76.33559466690058
16.3704,76.35227466690074
17.001,76.36894466690067
16.5912,76.38564466690086
17.0056,76.40228466690098
16.151,76.41894466690114
16.6166,76.4356246669013
17.1649,76.45231466690124
16.8779,76.4690246669012
16.4387,76.48571466690116
17.3037,76.5024046669011
16.0942,76.51908466690126
16.2928,76.53574466690142
16.6001,76.55240466690157
16.7704,76.5690946669015
16.6224,76.58578466690146
17.1314,76.60249466690142
16.779,76.6191946669016
16.3827,76.63583466690173
17.2914,76.65253466690191
17.5382,76.66917466690205
17.2093,76.68587466690224
16.242,76.7025546669024
17.0509,76.71926466690236
16.7795,76.73596466690255
16.2433,76.7526546669025
16.8647,76.76933466690267
16.401,76.78598466690258
16.6215,76.80266466690274
16.8541,76.81932466690289
16.4823,76.83600466690305
16.9807,76.85265466690296
16.9041,76.86933466690313
16.1583,76.88597466690327
16.7602,76.90262466690317
17.0889,76.91932466690335
14.6814,76.93596466690349
16.7542,76.95266466690367
16.3005,76.96934466690384
16.9802,76.98604466690402
16.5487,77.00272466690419
16.5827,77.01941466690414
17.0152,77.0361246669041
16.6406,77.05282466690429
16.3599,77.0694946669042
16.6165,77.08614466690412
16.9103,77.1028446669043
16.4745,77.11950466690445
16.7485,77.13618466690463
17.0544,77.15287466690457
17.6947,77.16955466690473
15.383,77.18622466690466
16.5514,77.20287466690456
16.6852,77.2195346669047
17.0291,77.23624466690468
16.5368,77.25294466690487
16.4617,77.26960466690501
17.0461,77.28632466690522
16.9942,77.30300466690538
18.7333,77.31966466690554
16.6906,77.33633466690546
16.7055,77.35303466690564
16.6676,77.36970466690558
17.0235,77.38641466690554
16.3574,77.40308466690546
15.8567,77.4197746669054
16.4684,77.43646466690535
16.911,77.45313466690527
16.5781,77.46982466690521
16.8267,77.48651466690517
16.805,77.50323466690537
16.1691,77.51989466690551
17.0822,77.53660466690548
16.3973,77.55326466690563
16.7277,77.56992466690578
16.8747,77.5865946669057
16.3328,77.60327466690588
17.0066,77.6199446669058
16.4221,77.63664466690598
15.0547,77.65330466690612
16.5896,77.66994466690626
16.9689,77.68665466690622
16.4505,77.70331466690637
17.0016,77.72002466690634
16.3223,77.7367046669065
17.3781,77.75339466690644
16.3908,77.77007466690661
16.9484,77.78676466690656
16.6151,77.80343466690648
16.4454,77.82009466690663
16.9008,77.8368046669066
16.6709,77.85348466690677
16.5202,77.87015466690669
16.5631,77.88678466690658
17.088,77.90347466690652
16.4711,77.92012466690643
16.6589,77.93679466690635
17.1445,77.95344466690626
16.6833,77.97010466690641
15.8226,77.98678466690657
16.7921,78.00343466690649
16.8638,78.02011466690665
16.6,78.03682466690661
16.7943,78.05351466690655
16.9842,78.07021466690675
16.6783,78.08691466690694
16.7352,78.10363466690714
16.429,78.12030466690706
16.6953,78.13700466690725
16.6109,78.15369466690719
17.668,78.17037466690736
15.5553,78.18704466690728
16.6302,78.2037146669072
17.1786,78.22038466690714
16.0662,78.23704466690728
16.4627,78.25370466690744
17.1771,78.27037466690736
16.3675,78.28707466690754
17.2764,78.30376466690748
16.0813,78.32043466690742
17.0947,78.33714466690738
16.2391,78.35380466690752
16.8399,78.3704846669077
16.4353,78.38717466690764
17.0762,78.4038846669076
16.4798,78.42057466690754
16.5624,78.43722466690745
17.8439,78.45393466690741
16.6738,78.47061466690758
16.3406,78.48731466690776
16.809,78.50399466690794
16.4068,78.5206746669081
16.7618,78.53734466690803
16.9531,78.55405466690799
16.3945,78.5707046669079
16.9098,78.58739466690784
16.3906,78.604074666908
16.7535,78.62071466690814
16.9168,78.63738466690806
16.481,78.654054666908
17.0021,78.67073466690816
16.3424,78.6874246669081
16.6586,78.70408466690826
17.0128,78.72076466690842
16.6387,78.73746466690861
16.629,78.75414466690877
16.3878,78.77082466690894
17.0071,78.78753466690891
16.6903,78.80420466690883
16.7487,78.82087466690875
16.1302,78.83754466690868
16.6117,78.85422466690885
16.6123,78.87090466690901
16.905,78.88756466690917
16.9517,78.90425466690911
16.5351,78.92090466690901
16.7758,78.93760466690921
16.4991,78.95425466690911
16.6799,78.97092466690904
16.8515,78.98761466690898
16.4815,79.00427466690913
15.9127,79.02094466690906
16.7609,79.03762466690922
16.7752,79.05431466690916
16.557,79.0709546669093
16.9336,79.08765466690949
16.6924,79.10434466690943
16.5034,79.12103466690937
16.9792,79.13773466690955
17.0902,79.15443466690974
17.6865,79.17111466690992
15.3621,79.1878146669101
16.8683,79.20454466691008
15.9713,79.22119466690998
16.6039,79.23787466691016
16.7257,79.2545346669103
17.0573,79.27120466691022
16.3004,79.28786466691038
16.9578,79.30454466691054
16.633,79.32120466691069
17.5951,79.33791466691065
16.3921,79.35458466691058
17.0078,79.3712546669105
16.4486,79.38794466691046
17.106,79.40464466691064
16.375,79.42134466691083
16.9433,79.43800466691097
16.8284,79.45471466691093
15.2893,79.47136466691084
17.0411,79.48806466691103
16.6581,79.50473466691095
16.4935,79.52140466691088
16.5452,79.53805466691078
17.0897,79.55473466691096
16.5812,79.57141466691112
16.5279,79.58807466691127
16.402,79.60475466691143
17.2123,79.62142466691137
16.2862,79.6381146669113
17.136,79.65478466691124
16.2837,79.67143466691114
16.3324,79.6881146669113
16.8155,79.70478466691124
17.1109,79.72148466691142
16.3173,79.73814466691157
16.9562,79.75484466691175
16.9933,79.7715346669117
16.5954,79.78823466691189
16.8123,79.80494466691185
16.1368,79.82159466691175
16.4945,79.8382846669117
16.7492,79.85495466691162
16.8727,79.87166466691158
16.8705,79.88832466691174
16.2848,79.9050046669119
16.534,79.92166466691205
16.8417,79.93832466691221
16.4589,79.95497466691211
16.7242,79.97161466691225
16.8712,79.9883246669122
16.4104,80.00500466691237
16.7275,80.02168466691253
16.6797,80.03834466691269
16.7226,80.05501466691261
16.5005,80.07169466691278
16.9838,80.08837466691294
16.8756,80.10505466691312
16.5757,80.12172466691304
16.7843,80.1384046669132
16.8671,80.15508466691338
17.8698,80.17177466691332
14.832,80.18845466691349
17.0366,80.20516466691345
16.4979,80.22184466691361
16.8856,80.23854466691381
16.3302,80.25521466691373
16.832,80.2718946669139
16.9352,80.28858466691383
16.7265,80.30526466691401
16.5271,80.32191466691391
17.102,80.3386146669141
16.5727,80.35532466691406
16.3824,80.37197466691397
16.8403,80.38866466691391
16.5309,80.40532466691407
16.9978,80.42202466691425
16.3968,80.43870466691442
17.1225,80.45537466691434
16.8423,80.47207466691454
16.5427,80.48876466691448
16.9915,80.50544466691464
