5.11751730926335,9.9508,5.15841451007873,8.4845,5.0,3.808366,1.0,15.90447,-1.060502,20.7102,342.0
5.14462391007692,18.8881,5.16612440999597,4.8456,4.0,5.962614,0.0,17.27394,0.031831,13.8251,342.0
5.15841451007873,15.4964,5.17304390994832,8.6116,2.0,7.154337,0.0,15.9282,-0.072236,9.3363,342.0
5.17962170997635,17.3556,5.18628141004592,12.8677,1.0,8.287811,0.0,17.28477,1.408397,9.0915,342.0
5.19436651002616,15.4944,5.20277711004019,15.2456,0.0,9.00847,0.0,16.20714,0.12203,12.3514,342.0
5.2107238098979,16.3478,5.22094080969691,19.6072,0.0,9.675681,0.0,16.3378,0.022763,12.0538,342.0
5.23002420924604,17.9418,5.24014340899885,17.6439,0.0,10.36452,0.0,14.91087,-0.490604,7.9055,342.0
5.24014340899885,15.7883,5.25178790930659,11.6398,0.0,10.78174,0.0,16.15704,-1.045471,13.5234,342.0
5.26092480961233,17.1026,5.27297670952976,22.7203,0.0,11.23323,0.0,16.317,-0.507038,6.2618,342.0
5.27297670952976,16.8491,5.28406250942498,9.5875,0.0,11.60762,0.0,16.76837,-1.170905,13.7206,342.0
5.29482710920274,16.8023,5.30693960934877,24.2603,0.0,11.93229,5.0,17.41174,-0.726472,14.0427,342.0
5.39186320919544,94.919,5.4027172094211,95.24409,0.0,16.81386,5.0,16.7567,0.143061,24.3585,342.0
5.39186320919544,1.8132,5.41549800988287,12.1238,0.0,15.98049,5.0,17.46697,-0.314906,37.8446,342.0
5.39186320919544,1.362,5.42794870957732,14.8472,1.0,15.21109,4.0,17.00244,1.164927,48.2324,342.0
5.39186320919544,1.4762,5.44216380920261,11.8639,2.0,14.52435,4.0,16.17541,-0.34074,61.5603,342.0
5.39186320919544,1.1681,5.45680420938879,14.4956,3.0,13.88834,4.0,16.51247,-0.981307,73.6368,342.0
5.39186320919544,1.1888,5.47016810905188,13.265,4.0,13.31109,4.0,15.13304,0.054826,73.863504,342.0
5.4027172094211,14.3281,5.4836670095101,14.5546,5.0,13.3553,4.0,16.64151,0.270559,70.385104,342.0
5.42794870957732,16.7413,5.49591690953821,13.2635,5.0,13.49639,4.0,17.32867,-0.286808,68.433296,342.0
5.44216380920261,16.5228,5.51184070948511,14.5708,4.0,13.61744,3.0,16.26004,-0.879375,65.3964,342.0
5.45680420938879,17.1969,5.52488800976425,14.1596,4.0,13.75511,3.0,16.05521,0.689058,59.3385,342.0
5.47016810905188,17.53,5.53828790970147,11.4718,4.0,13.89493,3.0,16.59388,-0.404309,59.5884,342.0
5.49591690953821,16.2789,5.55322280991822,16.529,4.0,13.98007,3.0,16.91834,-0.997376,57.4264,342.0
5.51184070948511,16.024,5.56726340949535,13.8617,3.0,14.05055,3.0,15.15841,-0.599443,53.9439,342.0
5.52488800976425,17.1307,5.58228990994394,13.6482,3.0,14.15322,3.0,16.71088,0.13059,55.0948,342.0
5.53828790970147,15.9507,5.59700881037861,17.1015,3.0,14.2112,3.0,17.27394,-1.124667,50.0461,342.0
5.55322280991822,17.2961,5.61064261011779,12.2467,3.0,14.30761,2.0,15.19311,0.176866,49.6215,342.0
5.56726340949535,16.1623,5.62524771038443,15.74,3.0,14.36381,2.0,-52.63052,-0.640001,44.3761,342.0
5.59700881037861,18.6739,5.63878601044416,13.031,3.0,14.49058,2.0,6.874267,0.128132,43.257,342.0
5.61064261011779,14.627,5.65426141023636,13.5042,2.0,14.49447,2.0,12.15243,-0.188435,44.0385,342.0
5.62524771038443,16.768,5.67037411034107,17.5482,2.0,14.55763,2.0,9.300001,-0.011802,40.4761,342.0
5.63878601044416,16.9812,5.68375521060079,13.4182,2.0,14.62313,2.0,10.79017,-0.237769,36.6015,342.0
5.65426141023636,17.4422,5.6988621102646,13.5679,2.0,14.69732,2.0,9.237635,0.352064,36.0776,342.0
5.67037411034107,16.8312,5.7129907105118,16.3069,2.0,14.75203,2.0,11.2656,-0.872803,36.324,342.0
5.68375521060079,15.0319,5.72819681093097,15.278,2.0,14.75903,1.0,8.630969,-0.45417,31.1491,342.0
5.7129907105118,18.0238,5.74302131123841,12.8492,2.0,14.83866,1.0,9.523736,-0.842037,31.8682,342.0
5.72819681093097,15.316,5.75724861118942,16.0349,1.0,14.85002,1.0,9.335903,-0.553704,29.0924,342.0
5.74302131123841,17.3054,5.77188891079277,14.5287,1.0,14.90712,1.0,9.36927,-0.154671,27.0035,342.0
5.75724861118942,15.9825,5.78767770994455,13.8934,1.0,14.93156,1.0,10.65164,0.194562,27.1994,342.0
5.77188891079277,16.6223,5.80297681037337,16.8182,1.0,14.96914,1.0,10.8135,-0.242305,23.904,342.0
5.78767770994455,17.0351,5.81702861003578,13.7393,1.0,15.01405,1.0,11.34427,-0.351172,21.8218,342.0
5.80297681037337,16.3705,5.83245691005141,14.2885,1.0,15.04291,0.0,10.51704,0.803461,21.2616,342.0
5.81702861003578,17.1307,5.84718331042677,16.5724,1.0,15.0864,5.0,9.442305,-0.279406,17.1,342.0
5.92324451077729,94.8992,5.93817821051925,90.73511,1.0,16.71524,5.0,10.09787,-0.401273,31.1285,342.0
5.92324451077729,1.9623,5.95421351026744,15.9897,0.0,16.42018,5.0,10.13384,0.26946,42.8101,342.0
5.92324451077729,0.622,5.96823721006513,12.3035,1.0,16.11041,5.0,10.19521,-0.132307,57.2377,342.0
5.92324451077729,2.4687,5.9838387100026,16.896,2.0,15.84807,5.0,10.33377,-1.421374,72.234704,342.0
5.92324451077729,0.5332,6.00059731025249,15.5301,3.0,15.55911,5.0,10.10014,0.054859,87.835904,342.0
5.92324451077729,1.1008,6.01596370991319,16.7017,4.0,15.29136,5.0,9.135007,-0.343208,85.536096,342.0
5.93817821051925,15.6898,6.03000400960445,13.3908,5.0,15.29861,5.0,9.658274,0.505125,87.5264,342.0
5.95421351026744,15.3353,6.0455168094486,17.3258,5.0,15.29926,5.0,10.79764,-1.018942,85.669296,342.0
5.96823721006513,17.8352,6.06238680891693,15.9775,5.0,15.34375,4.0,9.519308,0.107491,81.110704,342.0
5.9838387100026,17.7218,6.07676470931619,13.1631,5.0,15.38475,5.0,10.11427,-0.350776,83.768704,342.0
6.00059731025249,15.2385,6.09235430974513,17.8956,5.0,15.38227,4.0,9.515942,0.229757,80.107,342.0
6.03000400960445,16.8634,6.10818941053003,13.2043,5.0,15.40696,4.0,11.02801,-0.23911,79.504096,342.0
6.0455168094486,16.9775,6.12332981079817,16.3721,4.0,15.43271,4.0,11.28678,-0.470477,78.4686,342.0
6.06238680891693,16.2077,6.13832871057093,15.1716,4.0,15.44521,4.0,10.14324,-1.014644,74.814,342.0
6.07676470931619,16.6821,6.15281471051276,13.0277,4.0,15.46484,4.0,9.35451,-0.554611,76.046096,342.0
6.09235430974513,16.2176,6.16890861093998,17.45,4.0,15.4766,4.0,9.884277,-0.396678,75.477904,342.0
6.10818941053003,16.9157,6.18677701056004,16.3499,4.0,15.49874,4.0,10.40414,-0.864545,73.932304,342.0
6.12332981079817,16.8996,6.20192301087081,13.7956,4.0,15.51997,4.0,10.85951,-0.863512,72.911504,342.0
6.13832871057093,16.6339,6.2174757104367,15.6125,4.0,15.53659,4.0,11.92578,-0.473979,72.847696,342.0
6.15281471051276,16.7974,6.2321200100705,16.7329,4.0,15.55513,4.0,10.66965,-1.043446,72.3746,342.0
6.16890861093998,17.2548,6.24859400931746,16.7814,4.0,15.57977,4.0,10.36281,-0.550313,70.1844,342.0
6.18677701056004,15.5906,6.2632355093956,13.4005,4.0,15.57992,4.0,10.69978,0.56222,68.1322,342.0
6.20192301087081,18.5791,6.27864880952984,16.5258,4.0,15.62216,4.0,10.34535,-0.714647,64.9777,342.0
6.2321200100705,18.4557,6.29398940969259,15.3012,4.0,15.66152,3.0,12.52531,-0.399014,63.5822,342.0
6.24859400931746,16.3577,6.31075931061059,14.9627,3.0,15.67105,3.0,10.47278,-0.233081,63.9275,342.0
6.2632355093956,15.132,6.32517971098423,15.4785,3.0,15.66377,3.0,10.79065,-1.262348,65.1451,342.0
6.27864880952984,15.0147,6.34106271155179,16.2452,3.0,15.65512,3.0,10.86081,0.056385,64.0252,342.0
6.29398940969259,16.2754,6.35810591094196,15.1411,3.0,15.66328,3.0,10.24978,-1.290582,62.1918,342.0
6.31075931061059,18.917,6.37328091077507,17.0823,3.0,15.70553,3.0,9.738648,-0.256449,57.873,342.0
6.32517971098423,17.06,6.38798231072724,12.741,3.0,15.7229,3.0,10.80871,-0.255816,59.5604,342.0
6.34106271155179,16.069,6.40405341051519,17.756,3.0,15.72728,3.0,10.91388,-0.410183,57.8807,342.0
6.35810591094196,16.831,6.4198256097734,15.1511,3.0,15.74108,3.0,10.68985,-0.70155,58.1538,342.0
6.37328091077507,16.6252,6.43577601015568,16.8979,3.0,15.75199,3.0,10.59972,-0.876417,55.9866,342.0
6.38798231072724,16.6871,6.4521064106375,14.5199,3.0,15.7634,3.0,9.887783,-0.441084,56.5439,342.0
6.40405341051519,16.1873,6.46770541090518,16.7439,3.0,15.7685,3.0,10.40495,-0.196551,56.6755,342.0
6.4198256097734,15.5888,6.48389231134206,15.7208,3.0,15.76636,3.0,10.62092,-0.193918,53.366,342.0
6.43577601015568,17.8254,6.49848531093448,14.5149,3.0,15.79059,3.0,12.31448,-0.162185,54.1998,342.0
6.4521064106375,17.1555,6.51506831031293,17.9889,3.0,15.80646,3.0,10.44665,-0.277052,54.3499,342.0
6.46770541090518,16.1221,6.532490410842,16.2721,3.0,15.81009,3.0,11.62782,-0.524119,52.7671,342.0
6.49848531093448,17.1869,6.54699431080371,15.6051,3.0,15.82573,3.0,10.30019,-0.278086,49.0048,342.0
6.51506831031293,17.7989,6.56218231096864,14.0358,2.0,15.8479,3.0,9.864252,0.187047,49.7499,342.0
6.532490410842,16.4753,6.57813151180744,17.2201,2.0,15.85487,3.0,10.45482,-0.07792,50.5663,342.0
6.54699431080371,14.4108,6.59450321272016,15.2265,2.0,15.839,3.0,10.36739,-0.532087,50.262,342.0
6.56218231096864,16.7686,6.60959401261061,16.4653,2.0,15.84911,2.0,11.63555,-0.264754,48.3488,342.0
6.57813151180744,16.5842,6.62623691279441,14.6705,2.0,15.85701,2.0,9.70642,-0.359821,47.3748,342.0
6.59450321272016,16.9979,6.64110141247511,16.0236,2.0,15.86915,2.0,11.42629,-0.411388,45.8073,342.0
6.60959401261061,16.2282,6.65725231170654,14.6609,2.0,15.87293,2.0,10.63795,-0.027355,45.6638,342.0
6.62623691279441,17.3602,6.67312471196055,17.2147,2.0,15.88842,2.0,10.01322,-0.938122,42.9738,342.0
6.64110141247511,17.1488,6.68919731117785,14.4589,2.0,15.90141,2.0,10.20379,-1.250189,45.4722,342.0
6.65725231170654,15.6532,6.70576981082559,18.151,2.0,15.89888,2.0,8.627855,-0.118756,42.6304,342.0
6.67312471196055,18.3212,6.72112761065364,15.4792,2.0,15.92335,2.0,11.34882,-0.913623,42.5148,342.0
6.68919731117785,15.5428,6.73824821040034,15.4271,2.0,15.91955,2.0,10.83909,-0.58239,42.8191,342.0
6.70576981082559,16.1242,6.75288881082088,16.4281,2.0,15.92157,2.0,11.07426,-0.605257,40.6669,342.0
6.72112761065364,16.7983,6.7693070108071,14.6459,2.0,15.93017,2.0,9.751723,-0.623224,40.6143,342.0
6.73824821040034,17.6083,6.78519051056355,17.5555,2.0,15.94646,2.0,10.43049,-1.481291,40.9012,342.0
6.75288881082088,14.8372,6.80088561121374,15.1237,2.0,15.93579,2.0,10.35556,-0.956658,38.8566,342.0
6.7693070108071,17.3317,6.81716081034392,15.2873,2.0,15.94909,2.0,10.59782,-0.233925,40.0744,342.0
6.78519051056355,16.4195,6.83343781065196,17.6368,2.0,15.95352,2.0,11.87239,0.436408,39.9382,342.0
6.80088561121374,15.1785,6.84805441088974,15.0423,2.0,15.94628,2.0,11.73366,0.029541,36.9643,342.0
6.83343781065196,20.5182,6.86546671018004,17.5438,2.0,15.98861,2.0,12.45912,-0.476826,37.2387,342.0
6.84805441088974,15.1142,6.88019241020083,15.3881,1.0,15.98059,1.0,10.26349,-0.354493,32.2407,342.0
6.86546671018004,18.9441,6.8963621109724,13.9463,1.0,16.00753,0.0,9.186459,-0.05656,34.8863,342.0
6.88019241020083,15.4803,6.91370371170342,18.1252,1.0,16.00278,3.0,10.04413,-0.674927,8.0212,342.0
6.9638004116714,93.137,6.97775211185217,66.272,1.0,16.69148,4.0,10.26179,-0.691194,17.7236,342.0
6.97775211185217,3.8556,6.99321391154081,13.5627,0.0,16.57789,4.0,11.59056,-0.918761,30.8935,342.0
6.97775211185217,2.0304,7.00975811202079,15.1947,0.0,16.45028,4.0,9.561927,-0.381228,46.2591,342.0
6.97775211185217,1.4428,7.02512841206044,16.8068,1.0,16.31978,4.0,11.92249,0.265805,60.8395,342.0
6.97775211185217,1.3786,7.04257821198553,15.9591,2.0,16.19098,4.0,10.50296,-1.109962,76.6382,342.0
6.97775211185217,1.4144,7.0582131119445,17.2125,3.0,16.06468,4.0,10.65343,-0.713929,79.3274,342.0
6.99321391154081,12.0452,7.07454721163958,14.7347,4.0,16.03062,4.0,10.2836,-0.391796,77.4426,342.0
7.00975811202079,18.224,7.08946821186692,16.3388,4.0,16.04905,4.0,9.737062,-0.169363,76.788096,342.0
7.02512841206044,16.438,7.10672981198877,15.7833,4.0,16.05229,4.0,12.55303,-0.21333,76.4992,342.0
7.04257821198553,16.1321,7.1211736118421,15.8428,4.0,16.05295,4.0,10.7047,-0.524197,73.8076,342.0
7.0582131119445,16.957,7.1369708115235,14.2656,4.0,16.06036,4.0,9.862963,-1.078764,74.602096,342.0
7.07454721163958,16.6588,7.15294541139156,17.453,4.0,16.06523,4.0,9.95493,-0.539731,76.996496,342.0
7.08946821186692,15.0292,7.17019751202315,17.4231,4.0,16.05687,4.0,9.669697,-0.452398,73.5616,342.0
7.10672981198877,17.0065,7.1853409120813,13.5712,4.0,16.06447,4.0,10.45386,-0.249165,75.236704,342.0
7.1211736118421,16.3069,7.20190181117505,17.9823,4.0,16.06639,4.0,10.65633,-0.197632,74.088304,342.0
7.1369708115235,17.6322,7.21842431183904,16.4833,4.0,16.07872,4.0,10.1031,-0.263999,72.890096,342.0
7.15294541139156,16.0532,7.23451701272279,14.8545,4.0,16.07852,4.0,10.03267,-0.080866,73.7776,342.0
7.17019751202315,16.9358,7.25103651266545,17.8259,4.0,16.08517,4.0,11.34873,-0.848833,74.1484,342.0
7.1853409120813,16.3614,7.26808351185173,16.7282,4.0,16.08729,4.0,10.1935,0.2437,70.635104,342.0
7.20190181117505,17.418,7.28236291185021,13.9032,4.0,16.09745,4.0,9.697766,-0.129567,73.4678,342.0
7.21842431183904,15.3689,7.29936751164496,18.2048,4.0,16.09193,4.0,9.889133,0.116966,72.427696,342.0
7.23451701272279,18.1426,7.31705721095204,17.0988,4.0,16.10735,4.0,10.7123,0.261799,71.8908,342.0
7.25103651266545,17.4723,7.33317601121962,16.9351,4.0,16.11754,4.0,11.09057,-0.177768,68.484096,342.0
7.28236291185021,16.4212,7.34765391144902,13.0153,4.0,16.11979,4.0,10.28943,-1.030935,68.775,342.0
7.29936751164496,17.1162,7.36334121134132,17.405,3.0,16.12711,4.0,9.535601,0.253298,66.6313,342.0
7.31705721095204,16.9884,7.37966521177441,14.8443,3.0,16.1334,4.0,9.138068,-1.069369,68.1714,342.0
7.33317601121962,15.6622,7.39550801087171,17.2801,3.0,16.12998,4.0,9.997635,-0.855136,67.530896,342.0
7.34765391144902,16.0963,7.41233601141721,15.3784,3.0,16.12974,4.0,12.3383,-0.599303,69.162896,342.0
7.36334121134132,16.9466,7.42841421160847,18.5775,3.0,16.13558,3.0,9.746369,-0.18357,64.4472,342.0
7.37966521177441,15.9025,7.442970411852,11.1872,3.0,16.13392,4.0,10.69284,0.136363,67.491904,342.0
7.39550801087171,16.4264,7.45991751179099,19.4705,3.0,16.13598,3.0,10.5389,-0.781604,64.2695,342.0
7.41233601141721,17.1691,7.47639201208949,13.9467,3.0,16.14321,3.0,10.30267,-0.075571,64.251,342.0
7.42841421160847,17.3507,7.4919761121273,17.3311,3.0,16.15159,3.0,10.06894,0.361362,61.8134,342.0
7.442970411852,16.9443,7.50830201245844,14.5069,3.0,16.15706,3.0,9.996604,-0.577505,63.9378,342.0
7.45991751179099,15.4597,7.5241361130029,17.5836,3.0,16.15228,2.0,12.30497,0.052128,60.7059,342.0
7.47639201208949,18.3853,7.54095471277833,15.1578,3.0,16.16747,1.0,10.69714,-0.572739,62.8701,342.0
7.4919761121273,15.3984,7.5570961125195,17.5579,3.0,16.16228,0.0,9.399805,-0.575106,61.1331,342.0
7.50830201245844,17.1565,7.57390311174095,15.4193,3.0,16.16895,5.0,10.52137,-0.886673,14.3114,342.0
7.60624231211841,94.7592,7.62185901217163,47.9367,3.0,16.69289,5.0,9.809439,-0.85054,30.7676,342.0
7.60624231211841,1.5732,7.6382959112525,18.0283,0.0,16.59275,4.0,11.90221,0.322193,43.1012,342.0
7.60624231211841,1.6657,7.6539159109816,13.9988,1.0,16.49455,3.0,10.63557,-0.547174,59.175,342.0
7.60624231211841,1.8639,7.66997321043164,17.9377,2.0,16.39893,2.0,10.48154,-1.050241,72.749104,342.0
7.60624231211841,1.5721,7.68696981016546,15.1726,3.0,16.30265,1.0,10.29311,0.220392,91.4044,342.0
7.60624231211841,0.4565,7.70436940994114,19.0849,4.0,16.20041,0.0,9.770074,1.432125,89.6316,342.0
7.62185901217163,14.7829,7.7192220101133,13.0103,5.0,16.19133,5.0,11.97384,-0.713542,14.8093,342.0
7.7192220101133,94.0346,7.73597920965403,19.212,5.0,16.68715,5.0,11.21251,-0.779909,26.5914,342.0
7.7192220101133,1.7508,7.75179690960795,13.5318,0.0,16.59261,5.0,11.20177,-0.025876,42.2711,342.0
7.7192220101133,2.4658,7.76855360995978,18.1618,1.0,16.50376,5.0,8.548842,-0.073543,54.7582,342.0
7.7192220101133,1.7323,7.78431481029838,14.2025,2.0,16.41144,5.0,10.53371,0.35989,71.038496,342.0
7.7192220101133,1.8797,7.80080030951649,18.1598,3.0,16.32118,5.0,10.82918,-0.489477,82.975504,342.0
7.73597920965403,3.4414,7.81763270962983,15.3784,4.0,16.24168,5.0,9.066143,0.326056,91.4136,342.0
7.73597920965403,9.229,7.83404470887035,17.6673,4.0,16.19865,5.0,11.44341,-0.700411,87.401104,342.0
7.75179690960795,18.0398,7.848244109191,14.0272,5.0,16.20988,5.0,7.829577,0.072422,87.286496,342.0
7.76855360995978,17.2418,7.8640212090686,17.1269,5.0,16.21614,5.0,11.92454,-0.990845,87.215296,342.0
7.78431481029838,16.883,7.88034040946513,16.8113,5.0,16.22015,5.0,9.640011,0.285688,85.380304,342.0
7.80080030951649,16.7654,7.89704180974513,14.93,5.0,16.22342,5.0,10.45648,-0.219679,86.276,342.0
7.81763270962983,16.4945,7.91327801067382,17.3904,5.0,16.22503,4.0,9.568945,0.729154,83.2722,342.0
7.848244109191,17.8019,7.92936251033098,14.7982,5.0,16.23436,5.0,11.11351,0.232987,83.967296,342.0
7.8640212090686,16.3407,7.94503001030535,17.0371,4.0,16.23499,4.0,11.22168,-0.52388,81.815,342.0
7.88034040946513,17.217,7.96205790992826,15.0632,4.0,16.24073,4.0,10.14005,-1.022747,82.125104,342.0
7.89704180974513,17.3429,7.97837050911039,17.6521,4.0,16.24714,4.0,10.74721,0.243386,81.2664,342.0
7.91327801067382,16.0837,7.99526790995151,15.2258,4.0,16.24619,4.0,9.73598,-0.675481,82.8658,342.0
7.92936251033098,16.3759,8.01129911001772,17.9738,4.0,16.24694,4.0,9.583747,0.748852,79.739296,342.0
7.94503001030535,16.8319,8.02714111004025,13.7065,4.0,16.25028,4.0,12.30371,0.114685,80.520304,342.0
7.96205790992826,16.9162,8.04334041010588,17.6952,4.0,16.25406,4.0,9.697381,-0.549882,79.42,342.0
7.97837050911039,16.6213,8.06014290917665,15.5209,4.0,16.25614,4.0,10.34885,-0.720749,80.528896,342.0
7.99526790995151,17.592,8.07708120997995,18.7003,4.0,16.26364,4.0,9.068715,-0.810216,78.9802,342.0
8.01129911001772,15.4688,8.09286340977997,13.9204,4.0,16.2592,4.0,9.894782,0.085117,79.545296,342.0
8.02714111004025,17.1897,8.10924230981618,17.7537,4.0,16.26437,4.0,11.87995,0.89115,77.072,342.0
8.04334041010588,17.0482,8.12550410907716,14.5749,4.0,16.2687,4.0,10.93932,0.165183,78.764704,342.0
8.06014290917665,16.4113,8.14195360895246,18.1034,4.0,16.26949,4.0,12.30568,-0.244384,76.3986,342.0
8.07708120997995,16.5996,8.1575286090374,14.2336,4.0,16.27129,4.0,10.12215,-0.155451,78.595104,342.0
8.09286340977997,15.5149,8.17386720888317,17.7105,4.0,16.26718,4.0,8.398917,0.331982,76.352704,342.0
8.10924230981618,17.4097,8.19058490917087,15.1674,4.0,16.27336,4.0,11.24828,-0.935785,76.9098,342.0
8.12550410907716,17.2222,8.20683480985463,17.779,4.0,16.27846,4.0,10.14105,-1.049352,74.694704,342.0
8.14195360895246,15.6688,8.22180951014161,13.4536,4.0,16.2752,4.0,10.06662,-0.742919,75.183104,342.0
8.1575286090374,17.2092,8.23795381002128,17.697,4.0,16.28016,4.0,9.834785,-0.151286,75.427904,342.0
8.17386720888317,16.1316,8.25587181001902,16.3764,4.0,16.27938,4.0,9.632252,-1.038953,75.766896,342.0
8.19058490917087,17.2165,8.27186770923436,17.5556,4.0,16.28431,4.0,12.59512,-0.73262,72.9746,342.0
8.20683480985463,16.6054,8.2873182091862,13.8126,4.0,16.28599,4.0,11.02309,-1.130787,74.6304,342.0
8.22180951014161,16.7695,8.30417230911553,18.4249,4.0,16.28851,4.0,9.931453,-0.887354,72.892304,342.0
8.23795381002128,16.1839,8.32020500861108,14.4458,4.0,16.28797,4.0,11.00972,-0.450321,74.7412,342.0
8.25587181001902,16.7616,8.33720680885017,18.6104,4.0,16.29041,4.0,10.74129,-0.310488,73.1976,342.0
8.27186770923436,16.6133,8.3532824087888,15.0693,4.0,16.29207,4.0,12.58155,-0.417955,72.599696,342.0
8.2873182091862,16.9331,8.36877670884132,16.3346,4.0,16.29534,4.0,9.729321,-0.451122,71.1966,342.0
8.30417230911553,15.9475,8.38474370911717,14.5435,4.0,16.29357,4.0,9.550688,1.492911,73.3762,342.0
8.32020500861108,16.2701,8.40176630951464,18.4494,4.0,16.29345,4.0,10.48026,-0.092656,73.6858,342.0
8.33720680885017,16.212,8.41817510873079,16.5219,4.0,16.29304,4.0,11.73232,-0.196823,71.715504,342.0
8.3532824087888,17.2657,8.43500430881977,15.2948,4.0,16.29791,4.0,10.31579,-1.27209,73.234704,342.0
8.36877670884132,16.5037,8.45148230902851,18.0222,4.0,16.29893,4.0,7.945056,-1.076057,72.510096,342.0
8.38474370911717,17.0846,8.46774730831385,16.3632,4.0,16.30282,4.0,10.33372,0.210176,71.8354,342.0
8.40176630951464,15.7602,8.48298590816557,15.0825,4.0,16.30015,4.0,9.84909,-0.241791,72.2228,342.0
8.41817510873079,16.6325,8.49916750751436,17.0199,4.0,16.30178,4.0,12.63476,-0.174158,70.2296,342.0
8.43500430881977,17.6517,8.51644340716302,15.6579,4.0,16.30836,4.0,11.24722,-0.638025,71.203104,342.0
8.45148230902851,16.2377,8.53181180730462,17.2109,4.0,16.30802,4.0,11.36909,-0.478192,69.300704,342.0
8.48298590816557,16.9679,8.54868340678513,15.0657,4.0,16.31121,4.0,10.52346,-0.217759,69.011904,342.0
8.49916750751436,18.3097,8.56502360664308,18.0199,3.0,16.32081,4.0,10.13393,0.088774,70.2494,342.0
8.51644340716302,15.9044,8.58208260685205,17.1418,3.0,16.31882,4.0,10.89719,-0.646393,67.4446,342.0
8.53181180730462,17.1247,8.59787430614233,14.3193,3.0,16.32266,4.0,10.18686,0.66124,68.710704,342.0
8.54868340678513,15.5958,8.61341140605509,16.8624,3.0,16.31921,4.0,11.56613,-0.713527,68.4018,342.0
8.56502360664308,17.5899,8.63203410618007,17.2817,3.0,16.32521,4.0,9.857593,-1.100794,69.1188,342.0
8.58208260685205,15.5884,8.6470333058387,16.3036,3.0,16.32175,3.0,12.11746,0.190939,67.0057,342.0
8.59787430614233,16.5595,8.66353340633214,14.4496,3.0,16.32286,4.0,9.198327,-0.219128,68.532,342.0
8.61341140605509,16.2322,8.67937850579619,17.7544,3.0,16.32244,3.0,10.69719,0.364805,65.3126,342.0
8.63203410618007,17.1053,8.69521810486913,13.8886,3.0,16.32606,4.0,11.10856,-0.743562,68.2402,342.0
8.6470333058387,16.0612,8.71209630556405,18.9859,3.0,16.32484,3.0,11.04773,-0.556129,64.5849,342.0
8.66353340633214,18.4135,8.7284302059561,14.7578,3.0,16.33442,3.0,9.807295,-0.049796,66.0782,342.0
8.67937850579619,14.9372,8.7439583055675,16.4324,3.0,16.32804,3.0,9.418862,0.041237,63.783,342.0
8.69521810486913,17.3369,8.76051880605519,15.0397,3.0,16.33263,3.0,11.81403,-0.52933,65.7384,342.0
8.71209630556405,16.4671,8.77724140696228,18.4227,3.0,16.33324,3.0,10.3138,-0.258997,63.7027,342.0
8.7284302059561,16.9066,8.79396810755134,14.8701,3.0,16.33582,3.0,10.43736,0.179636,65.3358,342.0
8.7439583055675,16.6872,8.81022670678794,18.3191,3.0,16.33739,3.0,9.63873,-0.672631,62.617,342.0
8.76051880605519,16.9194,8.82633480615914,14.2008,3.0,16.33999,3.0,10.4925,-0.654998,63.7215,342.0
8.77724140696228,15.993,8.84202460572124,17.0974,3.0,16.33845,3.0,10.29066,0.238435,60.5306,342.0
8.79396810755134,17.7395,8.85812980495393,14.5488,3.0,16.34465,3.0,11.26313,-0.807932,62.9054,342.0
8.81022670678794,15.8752,8.87491040490568,18.249,3.0,16.34258,3.0,10.9255,-0.741099,60.8205,342.0
8.82633480615914,17.4601,8.89181190542877,15.3746,3.0,16.34748,3.0,10.01447,0.782734,61.2626,342.0
8.84202460572124,16.2215,8.90694830566645,16.6636,3.0,16.34693,3.0,11.18223,0.192367,56.5336,342.0
8.85812980495393,20.4992,8.92419040575624,15.7699,3.0,16.36499,3.0,9.670899,0.9104,62.7115,342.0
8.87491040490568,13.0266,8.94148150645196,19.2037,3.0,16.35053,3.0,10.39047,-1.210867,59.7576,342.0
8.89181190542877,17.2048,8.95740660652518,14.2517,3.0,16.35422,3.0,9.123133,0.259866,60.6758,342.0
8.90694830566645,16.1279,8.97312930598855,17.0444,3.0,16.35325,3.0,9.5097,-0.663601,58.8517,342.0
8.92419040575624,17.196,8.99000500515103,15.3725,3.0,16.35685,3.0,10.44927,-0.680168,61.0392,342.0
8.94148150645196,16.5792,9.00690860487521,18.7666,3.0,16.35779,3.0,10.05893,-0.812335,58.6621,342.0
8.95740660652518,15.8221,9.02199590485543,13.4437,3.0,16.35552,3.0,9.792101,-0.405702,61.7165,342.0
8.97312930598855,17.1194,9.04064050409943,20.1745,3.0,16.35875,3.0,10.43747,-0.066569,59.0064,342.0
8.99000500515103,16.8286,9.05643650423735,14.1176,3.0,16.36072,3.0,10.65623,0.245664,59.1317,342.0
9.00690860487521,16.7988,9.07202540431172,16.9237,3.0,16.36255,3.0,10.4854,0.293097,57.703,342.0
9.02199590485543,17.0065,9.08918170351535,15.5776,3.0,16.36524,3.0,10.42767,-0.04117,57.2758,342.0
9.04064050409943,16.5557,9.10403120331466,16.128,3.0,16.36603,3.0,10.26854,-0.610137,56.2362,342.0
9.05643650423735,16.7711,9.1209793034941,15.7308,3.0,16.3677,3.0,11.1737,0.197196,58.9367,342.0
9.07202540431172,15.1026,9.13738930411637,17.8034,3.0,16.3625,3.0,9.79577,-1.036871,56.0091,342.0
9.08918170351535,17.2899,9.15300140436739,14.3618,3.0,16.3663,3.0,10.12964,-0.377138,58.5001,342.0
9.10403120331466,16.1227,9.17033030372113,18.613,3.0,16.3653,3.0,9.856404,-0.677305,56.3462,342.0
9.1209793034941,17.324,9.18688870314509,15.1703,3.0,16.3692,3.0,7.732871,-0.014272,56.9361,342.0
9.13738930411637,15.376,9.20280070323497,15.9654,3.0,16.36518,3.0,11.47774,-0.891439,55.6767,342.0
9.15300140436739,18.4728,9.21877170260996,17.2128,3.0,16.37368,3.0,9.671005,0.358794,56.9606,342.0
9.17033030372113,14.1696,9.23548890184611,15.454,3.0,16.36482,3.0,9.174772,-0.002973,56.853,342.0
9.18688870314509,18.246,9.2526595024392,18.1373,3.0,16.37235,3.0,11.47654,-0.71944,55.3254,342.0
9.20280070323497,16.4201,9.26850600261241,14.8925,3.0,16.37254,3.0,7.471106,-0.072507,56.4479,342.0
9.21877170260996,16.7318,9.28536650259048,17.8536,3.0,16.37396,3.0,11.11577,0.116226,53.7484,342.0
9.23548890184611,18.1371,9.30184690188617,15.4371,3.0,16.38093,3.0,9.44694,-0.612641,54.8577,342.0
9.2526595024392,15.8327,9.3162841014564,16.9423,3.0,16.37878,3.0,9.587807,-0.170608,55.2502,342.0
9.26850600261241,16.8487,9.33368510194123,17.2407,3.0,16.38062,2.0,10.12207,-0.962175,53.4985,342.0
9.28536650259048,16.5013,9.35026310198009,14.7492,3.0,16.38109,3.0,9.872341,0.319158,52.6419,342.0
9.3162841014564,18.6295,9.36641980148852,17.783,3.0,16.38984,2.0,10.26471,0.411791,49.5215,342.0
9.33368510194123,17.2906,9.38212400116026,14.1603,2.0,16.39333,3.0,9.689275,1.109824,48.0438,342.0
9.35026310198009,20.4499,9.39945330098271,18.9686,2.0,16.40899,3.0,12.28374,-0.778543,51.2667,342.0
9.36641980148852,11.7287,9.41545490175486,14.9508,2.0,16.39099,3.0,10.07821,-0.49781,49.351,342.0
9.38212400116026,20.0237,9.43223350122571,18.108,2.0,16.40491,3.0,9.181076,-0.969977,50.8359,342.0
9.39945330098271,13.1477,9.44838370196521,14.6322,2.0,16.39248,3.0,8.972743,0.039356,51.9849,342.0
9.41545490175486,16.3615,9.46457700245082,17.5125,2.0,16.39236,2.0,10.01181,0.298789,48.7753,342.0
9.43223350122571,16.8181,9.48023130185902,13.605,2.0,16.39397,3.0,11.88598,-0.638178,50.8218,342.0
9.44838370196521,16.5409,9.49687570147216,18.59,2.0,16.39453,3.0,10.76724,0.179355,51.0686,342.0
9.46457700245082,16.1473,9.5145567022264,16.3939,2.0,16.3936,3.0,11.40661,-0.875312,51.6962,342.0
9.48023130185902,17.3652,9.53117960132658,17.9905,2.0,16.39724,2.0,9.769778,0.187621,49.0237,342.0
9.49687570147216,16.508,9.54638450127095,13.8357,2.0,16.39765,3.0,10.65324,-0.487546,51.0238,342.0
9.5145567022264,16.7744,9.56374550145119,18.7747,2.0,16.39905,2.0,9.958012,0.869087,49.3615,342.0
9.53117960132658,16.0009,9.58015260193497,14.3391,2.0,16.39758,2.0,10.31428,-0.41798,48.081,342.0
9.54638450127095,18.9955,9.59594390261918,17.7122,2.0,16.40716,2.0,9.364046,0.258653,47.8685,342.0
9.56374550145119,14.6614,9.6122638033703,14.4517,2.0,16.40074,3.0,9.551513,0.732886,49.7986,342.0
9.58015260193497,16.6731,9.62891400326043,18.5998,2.0,16.40174,2.0,8.61928,0.185219,47.6721,342.0
9.59594390261918,16.7622,9.64535500388592,14.6365,2.0,16.40306,2.0,9.833147,0.086552,49.4147,342.0
9.6122638033703,16.0576,9.66198460478336,17.7984,2.0,16.4018,2.0,8.282914,-1.505815,46.6783,342.0
9.62891400326043,16.6396,9.6773950047791,13.9054,2.0,16.40266,3.0,8.718181,0.054918,48.8561,342.0
9.64535500388592,16.5825,9.69431300461292,18.7573,2.0,16.40331,2.0,10.91215,0.296951,45.8538,342.0
9.66198460478336,18.6466,9.71179420500994,15.6449,2.0,16.41138,3.0,9.755015,0.449284,49.9887,342.0
9.6773950047791,15.389,9.72789100557566,19.5231,2.0,16.40772,2.0,12.42948,-0.271483,47.0452,342.0
9.69431300461292,14.3855,9.74285530578345,11.4423,2.0,16.4005,2.0,9.820849,-0.80075,46.8737,342.0
9.71179420500994,18.5987,9.75929160509259,18.4266,2.0,16.40832,2.0,9.227916,-0.292317,45.1416,342.0
9.72789100557566,16.6695,9.77623410429806,14.9529,2.0,16.40924,2.0,9.266283,-0.554484,47.8991,342.0
9.74285530578345,17.0314,9.79425670485944,19.7729,2.0,16.41144,2.0,9.93465,-0.768651,44.8773,342.0
9.75929160509259,16.6981,9.80948730465025,13.6761,2.0,16.41245,2.0,11.73432,-0.620718,44.7502,342.0
9.77623410429806,17.5298,9.82538740430027,17.4026,2.0,16.41637,2.0,10.39708,-0.265185,42.7301,342.0
9.79425670485944,17.0063,9.8420041045174,14.9857,2.0,16.41843,2.0,11.89815,-0.689052,44.8811,342.0
9.80948730465025,16.2836,9.85906850453466,18.4344,2.0,16.41796,2.0,10.69022,-0.630219,42.2097,342.0
9.82538740430027,15.9706,9.87396790459752,13.2987,2.0,16.41641,2.0,9.304885,1.450314,43.9494,342.0
9.8420041045174,16.853,9.89089180529118,18.5925,2.0,16.41792,2.0,9.836552,0.627147,45.0858,342.0
9.85906850453466,14.3943,9.90783040598035,15.5306,2.0,16.41094,2.0,10.25582,-0.76752,44.9785,342.0
9.87396790459752,18.0076,9.92423790507019,17.8996,2.0,16.41643,2.0,12.01149,-0.281287,43.2209,342.0
9.89089180529118,16.6348,9.94065820425749,14.8771,2.0,16.41718,2.0,8.267453,-0.790954,43.4558,342.0
9.90783040598035,16.7846,9.9562766039744,17.0195,2.0,16.41843,2.0,10.76892,-1.408021,41.5891,342.0
9.92423790507019,16.9496,9.9728183047846,15.0825,2.0,16.42024,2.0,10.42849,0.757612,43.0537,342.0
9.94065820425749,16.3902,9.98920940514654,17.854,2.0,16.42014,2.0,10.16105,-1.033755,41.7636,342.0
9.9562766039744,16.4905,10.0058455048129,15.2005,2.0,16.42038,2.0,10.79242,-0.399222,43.5024,342.0
9.9728183047846,17.5828,10.0237222043797,19.3209,2.0,16.42429,1.0,10.29969,-0.792589,41.4242,342.0
9.98920940514654,16.0984,10.0392104042694,14.0151,2.0,16.42319,0.0,13.83335,0.157544,41.9058,342.0
10.0058455048129,17.0024,10.0549446037039,17.4836,2.0,16.42513,5.0,17.37282,0.039077,12.2931,342.0
10.1051957039163,95.3109,10.1223345035687,65.6979,2.0,16.68809,5.0,16.76919,0.25841,26.8397,342.0
10.1051957039163,1.7573,10.1373327039182,16.3026,0.0,16.63848,5.0,17.18816,-0.375014,39.635,342.0
10.1051957039163,1.7307,10.1532186046243,14.526,1.0,16.58912,5.0,16.22932,-0.222837,57.9576,342.0
10.1051957039163,0.4609,10.1708326041698,18.7832,2.0,16.53589,5.0,16.33799,-0.471737,71.0382,342.0
10.1051957039163,2.2309,10.18732560426,15.3112,3.0,16.48883,5.0,-13.21404,-0.649248,88.5992,342.0
10.1051957039163,0.3939,10.2037243042141,17.9545,4.0,16.43606,5.0,-7.642834,-0.531059,88.9718,342.0
10.1223345035687,14.4902,10.220100203529,14.8629,5.0,16.4297,5.0,-2.271386,-1.509029,89.188,342.0
10.1373327039182,17.2206,10.236137304455,17.4379,5.0,16.43228,5.0,1.160714,-0.356499,87.714096,342.0
10.1532186046243,17.0353,10.2531299050897,15.5604,5.0,16.43424,5.0,-0.176949,-0.95078,89.964496,342.0
10.1708326041698,16.3458,10.2704402059317,18.5958,5.0,16.43395,5.0,2.315537,-0.493861,86.9414,342.0
10.18732560426,17.2016,10.285752305761,14.1781,5.0,16.43643,5.0,0.855174,0.782414,89.557,342.0
10.2037243042141,16.2002,10.3030408062041,18.8156,5.0,16.43567,5.0,6.817237,-0.883024,88.114096,342.0
10.220100203529,16.0543,10.3193874061108,14.6122,5.0,16.43445,5.0,2.576248,0.378638,89.9402,342.0
10.236137304455,16.2091,10.3362433053553,18.0338,5.0,16.43373,5.0,8.663559,0.27441,87.908704,342.0
10.2531299050897,17.4725,10.3528646044433,15.4408,5.0,16.43703,5.0,4.629129,-0.58071,88.727904,342.0
10.2704402059317,16.0773,10.3673291048035,16.8982,5.0,16.43589,5.0,10.3323,-0.14103,86.83,342.0
10.285752305761,17.0937,10.3842734051868,15.1939,5.0,16.43797,5.0,3.70508,0.155983,89.545696,342.0
10.3030408062041,16.6693,10.4029592042789,19.3844,5.0,16.4387,5.0,10.36626,-0.510504,87.084896,342.0
10.3193874061108,16.7411,10.4178361045197,14.2857,5.0,16.43966,5.0,6.101986,0.241309,88.308096,342.0
10.3362433053553,16.7646,10.4340452039614,17.9813,5.0,16.44067,5.0,5.245324,-0.555078,85.895104,342.0
10.3673291048035,16.9623,10.4502302045003,14.5495,5.0,16.4423,5.0,11.39636,0.372035,86.735104,342.0
10.3842734051868,16.9616,10.4665422039106,17.8033,4.0,16.44392,5.0,4.53389,-0.420052,86.1236,342.0
10.3842734051868,16.185,10.4835563031957,15.571,4.0,16.44312,5.0,6.56371,1.218861,86.6032,342.0
10.4178361045197,16.9749,10.4996302025393,17.4563,5.0,16.44476,5.0,11.95743,0.117174,84.837104,342.0
10.4340452039614,16.6596,10.515984701924,14.8913,4.0,16.44543,5.0,5.840617,-0.754512,86.3862,342.0
10.4502302045003,16.651,10.5318705020472,18.2017,4.0,16.44606,5.0,11.4667,-1.259716,85.201,342.0
10.4665422039106,17.2591,10.5497387023643,16.0717,4.0,16.44855,5.0,12.15579,-0.556903,85.190496,342.0
10.4835563031957,16.4629,10.5651187021285,16.4523,4.0,16.4486,5.0,11.43108,-0.92339,84.5312,342.0
10.4996302025393,16.481,10.5820488017052,15.8214,4.0,16.4487,4.0,12.21737,0.331066,84.090096,342.0
10.515984701924,17.2608,10.5978639014065,16.8198,4.0,16.45116,4.0,11.27565,0.077051,82.322,342.0
10.5318705020472,16.0206,10.6140567008406,14.2522,4.0,16.44986,5.0,12.10904,-1.554874,84.291696,342.0
10.5497387023643,17.698,10.6319241002202,19.6677,4.0,16.45363,4.0,10.37163,0.348359,83.709,342.0
10.5651187021285,15.639,10.6486037001014,15.0581,4.0,16.45118,5.0,7.440812,-0.629089,83.392304,342.0
10.5820488017052,17.1307,10.6638607000932,16.8187,4.0,16.45322,5.0,8.673916,-1.277837,80.398304,342.0
10.5978639014065,20.268,10.6818152992055,17.266,4.0,16.46464,5.0,7.317003,-0.494457,83.321904,342.0
10.6140567008406,13.8321,10.6977213984355,16.7555,4.0,16.45678,5.0,8.93439,-0.67546,83.7876,342.0
10.6319241002202,15.1778,10.7144435988739,15.6451,4.0,16.45297,5.0,8.059834,-0.642766,80.616304,342.0
10.6486037001014,18.5403,10.7289761984721,15.3668,4.0,16.45917,5.0,8.568549,0.384425,85.935296,342.0
10.6638607000932,14.1774,10.7484232978895,19.4971,4.0,16.45242,5.0,7.906974,-0.443751,83.042896,342.0
10.6818152992055,16.4566,10.7619629977271,13.5666,4.0,16.45243,5.0,8.622741,-0.341925,87.570704,342.0
10.6977213984355,15.3921,10.7820518976077,19.9169,4.0,16.44931,4.0,8.102189,-1.298299,81.7306,342.0
10.7144435988739,18.6174,10.7962816972286,12.7792,4.0,16.45567,4.0,7.993437,-0.384726,84.500096,342.0
10.7289761984721,14.8993,10.811998097226,17.6664,4.0,16.45112,4.0,10.68056,1.080745,80.3622,342.0
10.7484232978895,19.2342,10.8290470968932,15.0984,4.0,16.45923,4.0,8.36076,-0.23607,82.6616,342.0
10.7619629977271,14.1123,10.8442424973473,16.409,4.0,16.45241,4.0,8.805966,0.1098,81.918896,342.0
10.7820518976077,19.3571,10.8639887971804,18.6169,4.0,16.46083,4.0,9.501375,-0.516627,80.901,342.0
10.7962816972286,16.3382,10.8780909972265,15.3178,4.0,16.46047,4.0,6.911151,-0.120283,78.709504,342.0
10.811998097226,16.5387,10.8943097973242,14.353,4.0,16.4607,4.0,9.157925,-0.145104,80.61,342.0
10.8290470968932,17.4194,10.9118406968191,19.3128,4.0,16.46346,4.0,7.512499,-0.790825,79.392,342.0
10.8442424973473,14.6056,10.9268828965724,13.3872,4.0,16.45813,4.0,9.041026,-1.054048,80.3972,342.0
10.8639887971804,17.8566,10.9439538959414,18.8615,4.0,16.46213,4.0,10.16605,-0.277811,76.616896,342.0
10.8780909972265,17.2401,10.9593553962186,13.4597,4.0,16.46434,4.0,7.31167,0.069854,78.7894,342.0
10.8943097973242,16.3304,10.9761578952894,18.5026,4.0,16.46396,4.0,8.6455,-0.846393,76.001504,342.0
10.9118406968191,18.0099,10.9929979955778,15.2219,4.0,16.46834,4.0,9.840127,-0.940201,78.0832,342.0
10.9268828965724,15.3237,11.0103845959529,17.4051,4.0,16.46511,4.0,8.369083,-0.797905,77.907104,342.0
10.9439538959414,17.6442,11.0262856958434,17.4678,4.0,16.46843,4.0,7.941004,0.072091,78.659104,342.0
10.9593553962186,14.7248,11.0431111967191,15.4765,4.0,16.46353,4.0,9.941925,-0.598513,80.484704,342.0
10.9761578952894,16.6346,11.0599470967427,18.4598,4.0,16.46401,4.0,8.814048,-0.360217,76.188896,342.0
10.9929979955778,17.5733,11.0751163968816,13.2777,4.0,16.46711,4.0,9.218311,0.476679,78.037904,342.0
11.0103845959529,16.3921,11.0918487971649,18.2401,4.0,16.4669,4.0,10.29945,-0.212825,76.3444,342.0
11.0262856958434,16.5881,11.1083003962412,14.8948,4.0,16.46724,4.0,8.493193,-0.328029,78.0578,342.0
11.0431111967191,16.4495,11.1250781966373,18.1624,4.0,16.46719,4.0,9.798701,0.353509,75.481104,342.0
11.0599470967427,17.194,11.1410761969164,14.6168,4.0,16.4692,4.0,10.59941,-0.875798,78.719904,342.0
11.0751163968816,16.6363,11.159413096495,19.8744,4.0,16.46966,4.0,9.110809,-0.50156,73.287104,342.0
11.0918487971649,18.4413,11.1739831967279,13.0084,4.0,16.47507,4.0,14.71111,-0.419212,73.306704,342.0
11.1083003962412,18.0904,11.1903091976419,18.11,4.0,16.4795,4.0,15.42752,-0.791665,73.689696,342.0
11.1250781966373,15.2376,11.2075375979766,15.6356,4.0,16.47611,4.0,15.18062,-0.590039,75.678096,342.0
11.1410761969164,14.7514,11.2230570977554,16.7239,4.0,16.47141,4.0,14.21393,-0.435399,75.4434,342.0
11.159413096495,16.1426,11.2402771981433,15.9236,4.0,16.47051,4.0,14.92563,0.970395,75.5094,342.0
11.1739831967279,17.4954,11.2560531990603,17.5451,4.0,16.47329,4.0,9.103891,-0.082311,73.975696,342.0
11.1903091976419,16.6704,11.2730198996142,15.1366,4.0,16.47382,4.0,8.409898,0.062683,78.2294,342.0
11.2075375979766,16.4629,11.2917664991692,20.733,4.0,16.47379,4.0,11.41456,0.410082,73.2672,342.0
11.2230570977554,16.1312,11.3049894990399,11.1519,4.0,16.47287,4.0,9.861012,0.128781,76.091696,342.0
11.2402771981433,16.6214,11.3227898990735,19.446,4.0,16.47327,4.0,9.717965,-0.37876,75.6208,342.0
11.2560531990603,15.4375,11.3393189990893,14.9665,4.0,16.4705,4.0,8.397739,-1.405826,75.4386,342.0
11.2730198996142,17.6836,11.3551152991131,17.5003,4.0,16.47374,4.0,10.4128,-0.851818,73.632,342.0
11.2917664991692,16.9575,11.37170119863,15.1509,4.0,16.47502,4.0,8.511005,1.463949,76.114,342.0
11.3049894990399,16.4853,11.3894973983988,18.9678,4.0,16.47505,4.0,7.979611,-0.539017,72.929904,342.0
11.3227898990735,16.827,11.4044986981899,13.6416,4.0,16.47598,4.0,10.26712,0.577562,74.883296,342.0
11.3393189990893,17.1768,11.4222016986459,19.1297,4.0,16.47783,4.0,7.850618,-0.019001,72.942,342.0
11.3551152991131,16.7415,11.4382439982146,14.8006,4.0,16.47852,4.0,10.12232,0.677681,73.636304,342.0
11.37170119863,16.6305,11.454404598102,17.3242,4.0,16.47892,4.0,9.25546,-0.272773,72.246096,342.0
11.3894973983988,16.6925,11.4711930975318,15.3022,4.0,16.47948,4.0,9.604926,-0.490443,73.512304,342.0
11.4044986981899,17.138,11.4880071971565,18.4043,4.0,16.4812,4.0,12.11622,-0.791559,71.568896,342.0
11.4222016986459,16.5243,11.5042094979435,14.5802,4.0,16.48131,4.0,10.21875,0.286164,73.863,342.0
11.4382439982146,17.1456,11.5220941975713,19.4419,4.0,16.48304,4.0,7.892717,-0.956113,70.607104,342.0
11.454404598102,16.924,11.5372515972704,13.6657,4.0,16.48418,4.0,9.682238,-0.782446,71.383696,342.0
11.4711930975318,16.7886,11.5535811968148,17.5647,4.0,16.48497,4.0,9.678201,0.547456,70.457696,342.0
11.4880071971565,16.2296,11.5700675975531,15.3032,4.0,16.48431,4.0,8.617419,-0.009123,71.370496,342.0
11.5042094979435,16.5942,11.5864957980812,17.5073,4.0,16.48459,4.0,7.504373,-0.997499,71.0534,342.0
11.5220941975713,16.4578,11.6037365980446,16.1398,4.0,16.48452,4.0,9.768043,-0.69719,73.0344,342.0
11.5372515972704,16.1759,11.6205103974789,18.1567,4.0,16.48373,4.0,8.898159,-0.728585,73.128496,342.0
11.5535811968148,16.0596,11.6380058974028,16.1537,4.0,16.48265,4.0,9.262236,-0.555287,73.269696,342.0
11.5700675975531,17.0019,11.6536142975092,17.1426,4.0,16.48397,4.0,9.961413,0.02075,71.522304,342.0
11.5864957980812,17.2116,11.6692411974072,15.4641,4.0,16.48582,4.0,10.19035,-0.175337,71.549,342.0
11.6037365980446,16.6926,11.6862904969603,16.7421,4.0,16.48634,4.0,9.668744,-0.785695,70.033904,342.0
11.6205103974789,17.5906,11.7034251969308,16.0523,4.0,16.48913,4.0,10.25472,-1.036381,72.467504,342.0
11.6380058974028,15.5284,11.7199576962739,17.9614,4.0,16.48671,4.0,8.915499,-0.240612,67.7244,342.0
11.6692411974072,18.1133,11.7340717958286,13.3734,4.0,16.4908,4.0,11.93569,1.271986,71.2878,342.0
11.6692411974072,14.6894,11.7503029955551,18.2491,3.0,16.48628,4.0,9.939385,-0.074687,70.2354,342.0
11.6862904969603,17.0976,11.7680446961895,16.0448,4.0,16.48781,4.0,10.56059,-0.683791,70.7172,342.0
11.7034251969308,16.479,11.7839947966859,16.9605,4.0,16.48779,4.0,9.41825,-0.608999,70.740896,342.0
11.7340717958286,16.8963,11.8018674971536,16.92,4.0,16.48881,4.0,10.70154,-0.075611,69.322,342.0
11.7503029955551,18.0046,11.8170211967081,16.5892,3.0,16.49257,4.0,9.762995,-0.868161,68.298704,342.0
11.7680446961895,15.7549,11.8332811966538,14.7274,3.0,16.49074,4.0,9.854981,-0.10169,69.458496,342.0
11.7839947966859,17.2518,11.8506506960839,18.4118,3.0,16.49262,3.0,11.17361,-1.102119,68.305696,342.0
11.8018674971536,16.4813,11.8662030957639,15.3312,3.0,16.49259,2.0,9.033214,-0.85034,66.4571,342.0
11.8170211967081,16.6659,11.8829049952328,14.8139,3.0,16.49302,1.0,8.617887,-0.889155,68.598304,342.0
11.8332811966538,16.1546,11.8991706948727,18.2954,3.0,16.49219,0.0,8.854791,-0.657537,67.035,342.0
11.8506506960839,16.3552,11.9159724954516,14.7916,3.0,16.49186,4.0,10.6651,0.030213,7.6325,342.0
11.9342910945415,95.9858,11.9495106944814,36.5849,3.0,16.68574,5.0,9.303611,-0.583332,19.2143,342.0
11.9495106944814,3.1173,11.9650552943349,14.7001,0.0,16.65273,5.0,9.946761,0.610097,33.6199,342.0
11.9495106944814,1.6318,11.9821701943874,16.0333,0.0,16.61627,5.0,9.35559,-0.664969,51.5907,342.0
11.9495106944814,0.6004,11.9993066936731,18.571,1.0,16.57749,5.0,10.55952,-0.197528,64.8803,342.0
11.9495106944814,1.0842,12.0152382943779,14.3737,2.0,16.54007,5.0,10.41724,-0.302221,79.9742,342.0
11.9495106944814,3.2435,12.0324564948678,18.3374,3.0,16.50803,5.0,11.66475,-0.515008,84.9254,342.0
11.9650552943349,11.0135,12.0479057952762,15.9674,4.0,16.49482,4.0,10.35004,-0.182033,82.3668,342.0
11.9821701943874,16.8092,12.0643368959427,14.2475,4.0,16.49557,5.0,11.82289,-0.415815,83.996304,342.0
11.9993066936731,16.6539,12.0804265961051,18.2843,4.0,16.49595,5.0,9.590232,-1.370029,83.179104,342.0
12.0152382943779,16.6913,12.0981050953269,15.8766,4.0,16.49642,5.0,10.0335,0.061779,84.7024,342.0
12.0324564948678,14.9737,12.1133383950219,16.4934,4.0,16.49279,5.0,10.53927,-1.136454,85.745104,342.0
12.0479057952762,18.4437,12.1321994950995,19.4882,4.0,16.49743,4.0,10.05553,-0.958537,80.889104,342.0
12.0643368959427,16.6138,12.1464649951085,11.755,4.0,16.4977,5.0,11.34772,-0.93282,84.385696,342.0
12.0804265961051,16.6848,12.1644008951262,20.1832,4.0,16.49815,4.0,9.739908,0.010997,80.8066,342.0
12.0981050953269,16.3239,12.1794430948794,12.745,4.0,16.49773,4.0,10.57083,0.016014,83.356096,342.0
12.1133383950219,15.6408,12.1959888953716,18.1873,4.0,16.49572,4.0,11.23221,0.847831,81.344096,342.0
12.1321994950995,17.3061,12.2128196954727,15.297,4.0,16.49762,5.0,9.581629,0.348748,82.9622,342.0
12.1464649951085,18.1142,12.2302387952805,19.7284,4.0,16.50141,4.0,10.52062,-0.394032,79.5834,342.0
12.1644008951262,16.504,12.245490395464,13.125,4.0,16.50141,4.0,8.981254,-0.056914,79.1516,342.0
12.1794430948794,17.2145,12.2624990949407,16.7818,4.0,16.50307,4.0,9.596337,-0.621132,82.801296,342.0
12.1959888953716,16.0562,12.2803015941754,19.7055,4.0,16.50204,4.0,11.64652,0.774618,78.883296,342.0
12.2128196954727,16.6886,12.2950299941003,12.7703,4.0,16.50247,4.0,9.536503,0.302527,81.742896,342.0
12.2302387952805,16.2843,12.3123378939927,19.1465,4.0,16.50196,4.0,13.98959,0.615076,78.4346,342.0
12.245490395464,17.4132,12.328433893621,14.102,4.0,16.50407,4.0,14.37147,-0.456685,81.043904,342.0
12.2624990949407,16.5997,12.3453965932131,19.209,4.0,16.50429,4.0,13.13195,0.685489,79.587296,342.0
12.2803015941754,16.7053,12.3625805936754,15.2479,4.0,16.50475,4.0,7.591432,-0.876682,80.841696,342.0
12.2950299941003,15.6248,12.3777137938887,16.8798,4.0,16.50273,4.0,10.09641,-1.15195,80.8758,342.0
12.3123378939927,16.4261,12.3959102947265,16.4591,4.0,16.50256,4.0,10.93103,-1.244542,79.867296,342.0
12.328433893621,17.6704,12.4110882943496,16.6616,4.0,16.50522,4.0,10.17648,-0.115464,82.3254,342.0
12.3453965932131,14.9477,12.4284828947857,17.4064,4.0,16.50167,4.0,10.26727,-0.976986,78.674,342.0
12.3625805936754,19.1878,12.4441031944007,15.5358,4.0,16.50778,4.0,9.109024,-0.596754,80.473296,342.0
12.3777137938887,14.8023,12.4605284947902,16.6013,4.0,16.50391,4.0,10.43548,-0.118847,77.6422,342.0
12.3959102947265,18.0828,12.4776399955153,15.2509,4.0,16.50748,4.0,10.16821,-0.161098,80.097504,342.0
12.4110882943496,15.8716,12.4942825958133,18.3273,4.0,16.50605,4.0,10.43678,0.314671,76.021104,342.0
12.4284828947857,18.1908,12.5100903958082,14.113,4.0,16.50984,4.0,10.66445,-0.650479,80.053,342.0
12.4441031944007,14.7763,12.5270822960883,18.8089,4.0,16.50595,4.0,12.46864,-0.691415,74.899696,342.0
12.4605284947902,18.7102,12.5423988960683,13.5568,4.0,16.51089,4.0,11.09066,0.2205,77.295904,342.0
12.4776399955153,16.484,12.5595739968121,18.8797,4.0,16.51083,4.0,9.747986,0.637688,75.4064,342.0
12.4942825958133,16.7422,12.5762676969171,14.8518,4.0,16.51135,4.0,12.26545,0.599789,77.2628,342.0
12.5100903958082,16.6432,12.5931925959885,18.4994,4.0,16.51164,4.0,10.36895,0.119405,76.240896,342.0
12.5270822960883,16.496,12.6101045962423,15.474,4.0,16.51161,4.0,9.986198,-0.332037,78.010896,342.0
12.5423988960683,15.9748,12.6265409961343,17.7444,4.0,16.51042,4.0,11.22523,-0.097114,76.7656,342.0
12.5595739968121,15.4696,12.6421199962497,14.2275,4.0,16.50811,4.0,9.504279,-0.393638,79.7874,342.0
12.5762676969171,18.0893,12.658812796697,21.1081,4.0,16.5116,3.0,8.889915,0.284479,77.455,342.0
12.5931925959885,16.826,12.6747735962272,14.4932,4.0,16.5123,2.0,11.1048,0.244071,79.0742,342.0
12.6101045962423,17.0598,12.691822996363,18.6785,4.0,16.5135,1.0,9.027612,-1.323522,78.0556,342.0
12.6265409961343,16.1007,12.7083651963621,15.0812,4.0,16.51259,0.0,8.065311,-0.522115,77.7798,342.0
12.6421199962497,17.7661,12.724355796352,17.4897,4.0,16.51534,5.0,7.264095,-0.206699,10.9709,342.0
12.7419052962214,102.9141,12.7588802967221,36.1088,4.0,16.70398,5.0,10.37704,-0.778883,22.7966,342.0
12.7588802967221,2.1063,12.774487696588,13.931,0.0,16.67218,5.0,9.103914,-0.599857,39.2015,342.0
12.7588802967221,1.4239,12.792039996013,17.828,0.0,16.63903,5.0,10.39444,-0.963035,50.7708,342.0
12.7588802967221,1.6715,12.8070544963703,13.2411,1.0,16.60656,5.0,9.252721,-0.419486,68.421696,342.0
12.7588802967221,1.2507,12.8247999968007,18.8994,2.0,16.57332,5.0,10.01683,-0.321837,84.0698,342.0
12.7588802967221,0.5243,12.8416173970327,16.1721,3.0,16.53866,5.0,7.592222,0.289312,95.140304,342.0
12.7588802967221,5.8637,12.857173897326,16.9542,4.0,16.51565,5.0,12.56291,-0.479939,95.052304,342.0
12.774487696588,15.6579,12.8742222972214,15.5587,5.0,16.51381,5.0,9.241999,0.34151,95.5836,342.0
12.792039996013,16.7501,12.8899196963757,17.2702,5.0,16.51432,5.0,11.45068,-0.197041,90.8798,342.0
12.8070544963703,20.8461,12.9077796954662,16.1415,5.0,16.52359,5.0,10.28436,-0.002555,95.727296,342.0
12.8247999968007,11.6662,12.922806895338,16.5158,5.0,16.51321,5.0,11.94543,-0.612283,93.295904,342.0
12.8416173970327,17.8025,12.939806795679,15.369,5.0,16.51596,5.0,10.52719,-0.731611,92.6702,342.0
12.857173897326,17.9545,12.9558428963646,17.3212,5.0,16.51902,5.0,11.54244,0.081261,90.0756,342.0
12.8742222972214,17.6188,12.9718885971233,15.0236,5.0,16.52136,5.0,10.14709,-0.139667,96.923104,342.0
12.8899196963757,15.1871,12.9894360965118,22.0402,5.0,16.51853,5.0,10.90454,-0.071795,87.4038,342.0
12.922806895338,20.914,13.0058343959972,11.3878,5.0,16.52782,5.0,16.32449,-0.278123,94.334896,342.0
12.922806895338,11.2758,13.0228658961132,18.208,4.0,16.51674,5.0,15.54644,0.1186,93.2626,342.0
12.939806795679,17.7924,13.0395114952698,16.7173,5.0,16.51943,5.0,11.50805,0.652045,89.321104,342.0
12.9718885971233,19.1,13.055530895479,15.1583,5.0,16.52485,5.0,9.669283,0.160664,85.395104,342.0
12.9894360965118,21.561,13.0715715950355,17.6349,4.0,16.53541,5.0,11.86431,-0.068971,92.2844,342.0
12.9894360965118,9.1661,13.0889095952734,16.0595,4.0,16.51999,5.0,10.11704,-0.553424,88.204496,342.0
13.0228658961132,20.398,13.1041361950338,16.3094,5.0,16.52809,4.0,11.13847,0.225359,90.2632,342.0
13.0228658961132,13.8661,13.121674194932,15.9272,4.0,16.52254,5.0,8.244895,-0.775872,91.2714,342.0
13.0395114952698,16.1389,13.137226395309,17.1471,5.0,16.52174,5.0,11.42652,-1.228234,89.337,342.0
13.0715715950355,19.2825,13.1552669946104,17.3471,5.0,16.52747,5.0,8.4532,-1.141221,90.906704,342.0
13.0715715950355,14.3549,13.1707884948701,15.9242,4.0,16.52297,4.0,11.11815,-0.718051,88.165696,342.0
13.1041361950338,17.845,13.1868031956255,15.1029,5.0,16.52571,5.0,9.169436,-0.691989,79.5778,342.0
13.121674194932,26.2725,13.2038311958313,17.6846,4.0,16.5458,5.0,11.18637,-0.878882,93.082896,342.0
13.137226395309,5.7594,13.2229011952877,19.2647,4.0,16.52361,4.0,9.245024,-1.435675,87.469904,342.0
13.1552669946104,18.7624,13.2370114950463,13.148,4.0,16.52821,5.0,10.09204,-0.712156,89.4996,342.0
13.1707884948701,15.5866,13.2530625956133,17.6152,4.0,16.52628,5.0,8.648272,-0.588337,83.078,342.0
13.1868031956255,23.3753,13.2715688953176,16.9532,4.0,16.54028,5.0,10.85473,0.052398,90.0886,342.0
13.2038311958313,8.979,13.2868864955381,15.9898,4.0,16.52485,5.0,9.961121,-0.159142,89.850096,342.0
13.2229011952877,19.0522,13.3049392951652,18.8132,4.0,16.53,4.0,9.390351,-0.647086,80.909296,342.0
13.2370114950463,22.1633,13.3191520953551,13.2222,4.0,16.54145,5.0,10.70809,-0.63349,88.0748,342.0
13.2530625956133,10.2368,13.3361851954833,17.4038,4.0,16.52866,5.0,9.564982,-0.093163,88.530304,342.0
13.2715688953176,16.5525,13.3537599956617,17.0062,4.0,16.52871,5.0,10.99448,0.537333,85.951904,342.0
13.2868864955381,19.1184,13.3692793957889,16.539,4.0,16.53394,4.0,10.22726,-0.011354,87.153,342.0
13.3049392951652,15.1153,13.3863027952611,16.3156,4.0,16.53108,5.0,11.41454,0.182955,81.2984,342.0
13.3191520953551,22.282,13.401854195632,16.4275,4.0,16.54265,4.0,10.0161,0.179075,87.222896,342.0
13.3361851954833,8.5536,13.4180636955425,14.477,4.0,16.52661,5.0,11.04854,0.286719,90.933504,342.0
13.3537599956617,17.0146,13.4356360947713,20.7241,4.0,16.52759,4.0,9.007686,-0.350239,88.8304,342.0
13.3692793957889,16.3679,13.4520156951621,14.2635,4.0,16.52727,4.0,11.87389,-0.286436,80.8976,342.0
13.3863027952611,24.5753,13.4680977957323,16.6421,4.0,16.54333,5.0,10.45116,0.105799,88.254896,342.0
13.401854195632,8.4679,13.4850079948083,15.8245,4.0,16.52724,5.0,11.21187,0.11752,71.7398,342.0
13.4356360947713,34.8729,13.5016943952069,18.357,4.0,16.56372,4.0,8.734854,-1.197792,85.2938,342.0
13.4356360947713,2.0622,13.5185866961256,15.6126,3.0,16.53494,5.0,11.13315,-1.319885,80.538304,342.0
13.4520156951621,20.8394,13.5346137965098,16.0873,4.0,16.54347,5.0,9.627225,0.250304,82.9802,342.0
13.4680977957323,16.6654,13.552825297229,19.1071,4.0,16.54371,4.0,11.34248,-0.005465,85.069696,342.0
13.4850079948083,11.8826,13.5676799975336,13.9701,4.0,16.53451,5.0,9.451639,-0.813875,88.5446,342.0
13.5016943952069,13.687,13.5847273971885,17.1633,4.0,16.52891,5.0,11.56574,-0.278541,79.7204,342.0
13.5185866961256,24.3299,13.6016268972307,15.5031,4.0,16.54424,4.0,10.1337,-0.544378,87.048096,342.0
13.5346137965098,7.7493,13.6171084968373,15.0775,4.0,16.52699,5.0,11.24638,0.177951,84.944,342.0
13.552825297229,18.502,13.6329890964553,16.3972,4.0,16.53086,4.0,9.748492,-0.224902,78.1534,342.0
13.5676799975336,23.5479,13.6516855964437,16.7566,4.0,16.54456,5.0,12.58669,-0.883545,85.911104,342.0
13.5847273971885,8.4463,13.6670434968546,16.2118,4.0,16.52877,5.0,11.1763,-1.151452,84.4486,342.0
13.6016268972307,18.5114,13.6840530959889,17.0345,4.0,16.53263,5.0,11.09437,-0.494682,79.423104,342.0
13.6171084968373,22.7018,13.7016781968996,17.6742,4.0,16.54461,4.0,9.826275,-0.372302,82.883296,342.0
13.6329890964553,9.9174,13.7162530971691,13.3736,4.0,16.53177,4.0,12.31024,0.205451,82.157904,342.0
13.6516855964437,20.3628,13.7328496975824,19.6536,4.0,16.53918,3.0,10.17768,-0.310225,82.273904,342.0
13.6670434968546,13.1881,13.7488926975057,13.2918,4.0,16.53271,5.0,12.02775,-0.536886,87.3928,342.0
13.6840530959889,15.5536,13.7662586970255,20.6668,4.0,16.53082,5.0,9.709202,-0.906004,87.207696,342.0
13.7016781968996,15.7662,13.7826985968277,15.5808,4.0,16.52935,4.0,10.93505,-0.97801,66.3881,342.0
13.7328496975824,34.6076,13.7992556961253,13.7883,4.0,16.56405,5.0,10.89705,-0.024524,68.200704,342.0
13.7488926975057,17.44,13.8164157969877,19.2519,3.0,16.56573,5.0,12.65648,-0.885946,75.072096,342.0
13.7488926975057,10.4153,13.8323310976848,17.2858,3.0,16.55397,4.0,10.5084,-0.353305,80.469904,342.0
13.7662586970255,8.5906,13.8490072982386,13.9928,4.0,16.53877,5.0,10.28685,-0.326119,84.891504,342.0
13.7826985968277,12.8582,13.8651320980862,17.2751,4.0,16.53176,4.0,11.29702,0.402673,81.2248,342.0
13.7992556961253,18.095,13.8816700978205,14.4302,4.0,16.53473,5.0,9.581086,-0.137676,84.628704,342.0
13.8164157969877,16.3693,13.8978509986773,19.7705,4.0,16.53442,4.0,9.524604,-0.911736,81.5308,342.0
13.8323310976848,16.4682,13.9148914990947,13.3704,4.0,16.53429,5.0,10.75501,1.223626,83.775504,342.0
13.8490072982386,16.8438,13.9318915000185,19.2942,4.0,16.53488,4.0,10.05532,0.041764,80.998496,342.0
13.8651320980862,17.0043,13.9482642998919,14.0207,4.0,16.53576,4.0,10.71625,0.265922,82.103696,342.0
13.8816700978205,16.815,13.9643186004832,17.9193,4.0,16.53629,4.0,9.828605,-0.25082,81.2828,342.0
13.8978509986773,15.5791,13.9808523999527,14.7586,4.0,16.53449,4.0,11.08262,-0.703363,83.226096,342.0
13.9148914990947,18.2424,13.9987325994298,20.1857,4.0,16.53769,4.0,9.387127,-0.185106,81.138896,342.0
13.9318915000185,15.7588,14.0146172987297,13.6724,4.0,16.53624,5.0,8.566076,-0.228543,81.7864,342.0
13.9482642998919,17.5028,14.0309573980048,18.1479,4.0,16.53804,4.0,10.57074,-0.98988,81.420704,342.0
13.9643186004832,16.9722,14.0494310976937,16.6095,4.0,16.53885,4.0,10.03117,-0.7699,78.819504,342.0
13.9808523999527,16.5858,14.0638653980568,13.9817,4.0,16.53894,4.0,9.076536,-0.379095,79.600096,342.0
13.9987325994298,18.8812,14.0817079981789,19.6614,4.0,16.54329,4.0,9.096878,0.007711,78.5734,342.0
14.0146172987297,14.4206,14.0970201985911,13.3933,4.0,16.53936,4.0,10.97282,-0.091241,83.6674,342.0
14.0309573980048,14.5179,14.1138718994334,19.6124,4.0,16.53561,4.0,9.546463,-0.323192,77.704,342.0
14.0494310976937,19.4172,14.1299719000235,13.4529,4.0,16.54094,4.0,11.98691,-0.961075,80.3696,342.0
14.0638653980568,15.856,14.1468130005524,18.5214,4.0,16.53967,4.0,9.333943,-1.204759,79.154304,342.0
14.0817079981789,16.9583,14.1639539999887,15.7432,4.0,16.54045,4.0,10.90818,-0.786293,80.2066,342.0
14.0970201985911,16.1831,14.1798795992509,17.2348,4.0,16.53979,4.0,10.8132,-0.22838,80.189,342.0
14.1138718994334,16.3301,14.1978858998045,16.3122,4.0,16.5394,4.0,12.11569,-1.455615,78.729,342.0
14.1299719000235,18.1579,14.2127917995676,16.6978,4.0,16.54237,4.0,10.03079,-0.571833,79.8922,342.0
14.1468130005524,15.9509,14.2297608004883,17.1135,4.0,16.54129,4.0,11.50324,0.314021,77.116704,342.0
14.1639539999887,17.0063,14.2459655003622,14.2307,4.0,16.54214,3.0,9.523292,-0.100127,80.200096,342.0
14.1798795992509,15.029,14.262024900876,18.1126,4.0,16.53938,2.0,11.66737,-0.706421,77.686704,342.0
14.1978858998045,18.3499,14.2798659009859,15.8364,4.0,16.54267,1.0,10.91976,-0.200745,80.124304,342.0
14.2127917995676,15.0741,14.2955057015643,17.5106,4.0,16.54001,0.0,12.72039,0.299508,76.824496,342.0
14.2297608004883,18.2851,14.312028802,14.9856,4.0,16.54317,5.0,10.83548,-0.925313,15.7854,342.0
14.3287911014631,94.7381,14.3449989007786,33.6985,4.0,16.68457,5.0,11.81431,1.314133,31.0636,342.0
14.3287911014631,2.4045,14.3618317013606,17.6818,0.0,16.65879,5.0,11.50073,0.760596,43.6379,342.0
14.3287911014631,1.8625,14.3782155020162,14.4362,1.0,16.63213,5.0,12.08778,0.047268,62.4171,342.0
14.3287911014631,0.6542,14.39585620258,19.4334,2.0,16.6034,5.0,9.233227,0.798366,73.743104,342.0
14.3287911014631,2.0351,14.4108240026981,13.3609,3.0,16.57724,5.0,11.34062,-0.681229,91.1372,342.0
14.3287911014631,1.8862,14.4280792027712,19.2799,4.0,16.55091,5.0,10.65714,-0.178925,94.1046,342.0
14.3449989007786,12.7776,14.4442972019315,15.7455,5.0,16.54416,5.0,11.64639,-0.121727,93.5206,342.0
14.3618317013606,17.0061,14.4608192015439,16.4218,5.0,16.54499,5.0,9.233413,-0.841126,95.2954,342.0
14.3782155020162,15.3698,14.4778426010162,17.1453,5.0,16.54289,5.0,12.16037,0.116596,95.4234,342.0
14.39585620258,16.7432,14.4948407001793,16.8706,5.0,16.54325,5.0,8.343604,0.271419,93.6288,342.0
14.4108240026981,17.1053,14.5116796009243,15.3115,5.0,16.54425,5.0,10.59293,-0.115106,95.2548,342.0
14.4280792027712,15.1059,14.5267636012286,16.7302,5.0,16.5417,5.0,10.04333,-0.544356,94.681296,342.0
14.4442972019315,18.5069,14.544367801398,17.9334,5.0,16.54518,5.0,10.83103,-0.253396,92.7528,342.0
14.4608192015439,15.1629,14.5597662013024,13.2344,5.0,16.54273,5.0,11.06732,-0.072461,92.341296,342.0
14.4778426010162,18.7249,14.5764630008489,18.3129,5.0,16.54658,5.0,11.70493,-1.021095,91.987504,342.0
14.4948407001793,15.0315,14.5927483011037,14.6773,5.0,16.54391,5.0,10.27103,-0.119671,91.170304,342.0
14.5116796009243,18.8016,14.6089475005865,17.985,5.0,16.54788,5.0,12.2774,-0.59189,92.8632,342.0
14.5267636012286,15.1895,14.6270636003464,16.8818,5.0,16.5455,5.0,10.03538,-1.34638,92.2084,342.0
14.544367801398,17.6683,14.6430338006467,17.0135,5.0,16.54746,5.0,11.23371,-0.429019,90.7464,342.0
14.5597662013024,16.9694,14.66001399979,15.5069,5.0,16.5482,5.0,11.64086,-0.278949,91.7332,342.0
14.5764630008489,16.548,14.6760774999857,17.5344,5.0,16.5482,5.0,10.7978,-0.354279,90.399104,342.0
14.5927483011037,16.6053,14.6927594002336,15.2713,5.0,16.5483,5.0,11.72146,-1.12017,91.198896,342.0
14.6089475005865,16.9143,14.7089908011258,17.7136,5.0,16.54894,5.0,9.965595,-0.192161,91.6002,342.0
14.6270636003464,16.0017,14.7252865005285,16.4031,5.0,16.54799,5.0,11.45427,-0.634639,89.325904,342.0
14.6430338006467,17.2479,14.7419723011553,14.9737,5.0,16.5492,5.0,9.97759,-0.192699,90.1724,342.0
14.66001399979,17.0223,14.7581309005618,17.8681,5.0,16.55002,5.0,10.92518,-0.389672,89.891296,342.0
14.6760774999857,16.225,14.7757973000407,15.9442,5.0,16.54946,5.0,10.36932,-0.605699,91.721104,342.0
14.6927594002336,14.8936,14.7909942995757,16.7226,5.0,16.5466,5.0,9.519649,-1.349097,94.5276,342.0
14.7089908011258,14.7193,14.8081344999373,17.5255,5.0,16.54346,5.0,11.16448,-1.081995,90.951296,342.0
14.7252865005285,18.7771,14.8249708004296,15.2012,5.0,16.5473,5.0,9.77487,0.179255,93.074496,342.0
14.7419723011553,16.7249,14.842029100284,18.8479,5.0,16.5476,5.0,12.00016,0.414205,89.751104,342.0
14.7581309005618,17.2705,14.8578931000084,13.9461,5.0,16.54884,5.0,9.429439,-0.805171,91.0432,342.0
14.7757973000407,16.8468,14.874905500561,18.1387,5.0,16.54935,5.0,10.8688,0.185253,92.4276,342.0
14.7909942995757,15.2239,14.8909304011613,16.6077,5.0,16.54709,5.0,9.157172,0.229309,88.361904,342.0
14.8081344999373,18.3886,14.9071340020746,14.3247,5.0,16.55022,5.0,10.9195,-0.387035,90.936096,342.0
14.8249708004296,16.3954,14.9247460030019,18.968,5.0,16.54996,5.0,9.800897,-0.481992,90.2072,342.0
14.842029100284,15.9441,14.9411007035524,15.2142,5.0,16.54893,5.0,12.59229,-0.261349,90.423104,342.0
14.8578931000084,17.3665,14.9574820026755,17.589,5.0,16.55032,5.0,10.39985,-0.238312,92.714704,342.0
14.874905500561,14.8672,14.9740435034037,17.1522,5.0,16.54747,5.0,10.406,-0.009575,89.907104,342.0
14.8909304011613,18.5098,14.9917498026043,15.7023,5.0,16.55078,5.0,8.814371,-0.949687,91.410896,342.0
14.9071340020746,16.2005,15.0074711032212,17.7043,5.0,16.55019,5.0,11.37535,-0.488068,88.427,342.0
14.9247460030019,17.5598,15.0238112024963,14.5759,5.0,16.55189,5.0,9.004091,0.598737,87.696496,342.0
14.9411007035524,16.5304,15.0398428030312,15.798,5.0,16.55186,5.0,11.06884,0.287342,90.754,342.0
14.9574820026755,14.872,15.0563829038292,17.9384,5.0,16.54904,5.0,9.756092,-1.114601,88.4356,342.0
14.9740435034037,18.5145,15.0739028044045,16.1875,5.0,16.55233,5.0,11.71105,-1.142444,89.167696,342.0
14.9917498026043,17.1178,15.0903463046998,17.8491,5.0,16.55328,5.0,9.511912,-0.559086,89.513296,342.0
15.0074711032212,15.0236,15.1070691049099,15.3686,5.0,16.55072,5.0,11.27738,1.009663,89.93,342.0
15.0238112024963,17.4412,15.1237396057695,17.8577,5.0,16.55221,5.0,9.860087,-0.190609,88.9154,342.0
15.0398428030312,16.6565,15.1406764052808,15.6424,5.0,16.55238,5.0,12.39627,-0.717543,90.4298,342.0
15.0563829038292,17.3326,15.1573336049914,18.8462,5.0,16.55368,5.0,10.03516,-0.492808,88.374,342.0
15.0903463046998,16.9421,15.1743629053235,14.8857,5.0,16.55432,5.0,10.78996,0.189381,88.573696,342.0
15.0903463046998,16.5199,15.1910395044833,16.7194,4.0,16.55426,5.0,7.678101,-1.331641,90.096304,342.0
15.1070691049099,16.6117,15.2079210039228,18.151,5.0,16.55436,5.0,12.65434,-0.809085,88.731696,342.0
15.1237396057695,17.0023,15.222442404367,15.6207,5.0,16.5551,5.0,10.63069,-0.352016,86.9586,342.0
15.1573336049914,17.6779,15.2384193046018,15.9043,5.0,16.55695,5.0,12.10024,-0.372695,86.8168,342.0
15.1573336049914,16.0007,15.2554510040209,15.8654,4.0,16.55603,5.0,8.687309,-0.361928,87.483904,342.0
15.1743629053235,16.7037,15.2713890047744,17.3643,5.0,16.55627,5.0,11.47904,-1.117467,86.7824,342.0
15.2079210039228,18.2824,15.2916302056983,17.5806,5.0,16.5591,5.0,10.49451,-0.993404,86.959,342.0
15.222442404367,15.8329,15.3053031060845,16.0099,4.0,16.55792,5.0,11.93422,-1.020679,83.7846,342.0
15.2384193046018,17.1568,15.3208720060065,13.9816,4.0,16.5589,5.0,9.914641,-0.788268,86.5304,342.0
15.2554510040209,16.2694,15.3387121064588,19.0147,4.0,16.55842,5.0,13.03088,0.597137,86.1548,342.0
15.2713890047744,17.3132,15.356925806962,16.9424,4.0,16.55965,5.0,10.85312,-0.390696,90.2614,342.0
15.2713890047744,13.6616,15.3733111070469,17.7642,4.0,16.55494,5.0,11.7332,-1.128629,85.946896,342.0
15.3053031060845,19.8436,15.3883676072583,15.528,5.0,16.56028,5.0,10.25353,-1.328862,85.352896,342.0
15.3208720060065,15.109,15.4044475080445,14.5188,4.0,16.55793,5.0,11.79887,-0.043695,86.9544,342.0
15.3387121064588,16.7033,15.4231031080708,18.3012,4.0,16.55816,5.0,11.2043,-0.099228,86.3924,342.0
15.356925806962,18.0019,15.4386482080445,17.4466,4.0,16.56049,5.0,12.54678,0.223139,88.289296,342.0
15.356925806962,14.1275,15.4540666081011,16.017,4.0,16.55657,5.0,11.11477,-0.828624,86.5856,342.0
15.3883676072583,18.8879,15.4721973072737,17.184,5.0,16.56032,5.0,12.33926,-1.374128,86.4396,342.0
15.4044475080445,14.6867,15.4869216075167,14.545,4.0,16.55731,5.0,9.470996,-0.121608,87.8726,342.0
15.4044475080445,16.1203,15.5057170083746,17.5483,4.0,16.55661,5.0,11.87623,-0.057046,86.1902,342.0
15.4386482080445,16.8933,15.5205501085147,15.2104,5.0,16.55715,5.0,10.81966,-0.734398,87.783296,342.0
15.4540666081011,16.1808,15.5368406092748,17.7741,4.0,16.55655,5.0,17.3575,-0.164826,87.909696,342.0
15.4540666081011,14.8327,15.5532763088122,14.9595,4.0,16.55379,5.0,16.08013,-0.589095,86.4598,342.0
15.4869216075167,18.7134,15.5707867080346,17.2633,5.0,16.55724,5.0,16.14146,-0.032841,85.667696,342.0
15.5057170083746,18.2194,15.5864016078413,17.431,4.0,16.55989,5.0,10.84662,0.875733,85.4348,342.0
15.5205501085147,15.4269,15.6030702069402,15.1938,4.0,16.55808,5.0,10.97183,-0.301902,87.465296,342.0
15.5368406092748,17.863,15.6221153065562,19.8936,4.0,16.56016,5.0,12.88131,0.573405,86.6648,342.0
15.5532763088122,15.1928,15.6358849061653,14.4,4.0,16.55799,4.0,10.53195,-0.865369,84.3506,342.0
15.5707867080346,16.9159,15.6519652055576,14.5887,4.0,16.55855,5.0,11.6566,0.840527,85.3946,342.0
15.5864016078413,17.6505,15.6693667052314,18.6945,4.0,16.56028,5.0,10.13753,-0.045428,84.6256,342.0
15.6030702069402,15.5304,15.6854384047911,14.7679,4.0,16.55865,5.0,11.7127,-0.964301,85.599904,342.0
15.6221153065562,17.4723,15.7025274047628,18.4392,4.0,16.56009,5.0,10.70634,-0.537705,85.5902,342.0
15.6358849061653,16.4462,15.7203399045393,16.4405,4.0,16.55991,5.0,11.58177,0.912674,84.5766,342.0
15.6519652055576,17.3701,15.7352142045274,16.3518,4.0,16.56119,5.0,9.420202,0.224357,84.377904,342.0
15.6693667052314,15.696,15.7523116050288,15.5,4.0,16.55983,5.0,11.6799,0.023293,85.895904,342.0
15.6854384047911,16.9319,15.7696786047891,18.4509,4.0,16.56041,5.0,9.301769,-0.237534,84.611904,342.0
15.7025274047628,17.7743,15.7855823049322,16.4909,4.0,16.56231,5.0,11.13057,-0.420693,84.473504,342.0
15.7203399045393,15.1144,15.8021257044747,14.9765,4.0,16.56005,5.0,9.536528,0.178954,85.893696,342.0
15.7352142045274,16.4233,15.818188005127,17.8429,4.0,16.55984,5.0,10.5394,-0.223143,84.0018,342.0
15.7523116050288,17.0638,15.8355034058914,15.1667,4.0,16.56062,5.0,10.07631,-0.278239,85.1054,342.0
15.7696786047891,15.6952,15.8522494053468,16.799,4.0,16.55928,5.0,11.32133,-0.860803,86.085,342.0
15.7855823049322,17.3378,15.8685489045456,18.3174,4.0,16.56048,4.0,8.390843,0.575337,82.759,342.0
15.8021257044747,16.5328,15.8842023042962,13.2113,4.0,16.56044,5.0,10.55031,-0.500793,86.1658,342.0
15.818188005127,16.5575,15.9023878043517,19.9653,4.0,16.56044,4.0,9.010434,-0.00357,81.363,342.0
15.8355034058914,17.2199,15.9168137041852,12.4147,4.0,16.56145,5.0,10.91049,-0.645187,84.867504,342.0
15.8522494053468,16.5331,15.9347610035911,20.0332,4.0,16.56141,4.0,9.546746,-0.962904,82.097104,342.0
15.8685489045456,17.0086,15.9510964034125,14.2377,4.0,16.5621,5.0,10.43654,0.468157,83.3138,342.0
15.8842023042962,17.1169,15.9674375029281,18.3339,4.0,16.56295,4.0,9.425439,-0.888717,81.982,342.0
15.9023878043517,16.468,15.9845113037154,15.1367,4.0,16.56281,5.0,10.9862,-0.498491,84.1918,342.0
15.9168137041852,18.3946,16.0025038039312,20.6031,4.0,16.56561,4.0,9.235163,-0.606208,81.948704,342.0
15.9347610035911,14.4377,16.0172541039065,12.2422,4.0,16.56236,5.0,9.613993,0.465463,83.711904,342.0
15.9510964034125,17.381,16.0345681039616,19.0973,4.0,16.56361,4.0,9.61717,-0.877648,83.9904,342.0
15.9674375029281,15.8722,16.0506508043036,16.1496,4.0,16.56255,4.0,10.25059,-1.174717,80.9308,342.0
15.9845113037154,17.7169,16.0672469036654,14.6565,4.0,16.56431,4.0,9.877804,0.198165,82.706096,342.0
16.0025038039312,15.9993,16.0832682037726,17.7745,4.0,16.56345,4.0,12.07884,-1.102267,80.6516,342.0
16.0172541039065,17.8172,16.1007848037407,15.7623,4.0,16.56535,4.0,8.883217,0.848024,84.588704,342.0
16.0345681039616,14.5982,16.1172714037821,18.5354,4.0,16.56237,4.0,10.27879,0.265195,79.336,342.0
16.0506508043036,18.7357,16.1330540040508,13.4824,4.0,16.56566,4.0,9.911908,-0.508534,82.243,342.0
16.0672469036654,16.7486,16.1505543040112,19.6556,4.0,16.56594,4.0,9.062037,0.139292,79.2386,342.0
16.0832682037726,17.1446,16.1667428044602,14.1512,4.0,16.56681,4.0,8.787548,-1.126108,80.1814,342.0
16.1007848037407,16.3263,16.1821157047525,17.2574,4.0,16.56645,4.0,9.604017,0.055037,79.813,342.0
16.1172714037821,16.6725,16.2001484045759,16.3041,4.0,16.56661,4.0,10.68974,-0.210994,81.6066,342.0
16.1330540040508,16.3888,16.2164001045749,18.182,4.0,16.56634,4.0,7.648467,-0.451921,78.8672,342.0
16.1505543040112,17.0388,16.2322651045397,14.2997,4.0,16.56705,5.0,10.53748,0.628236,80.0058,342.0
16.1667428044602,16.9611,16.2486426038668,18.0989,4.0,16.56764,4.0,7.081005,-0.766127,80.6338,342.0
16.1821157047525,16.1418,16.2654692037031,16.7745,4.0,16.567,4.0,10.76643,-0.177669,78.5616,342.0
16.2001484045759,16.908,16.2825293028727,14.8374,4.0,16.56751,4.0,9.558708,-1.255478,80.705696,342.0
16.2164001045749,16.1701,16.2986998027191,18.3068,4.0,16.56692,4.0,10.92341,-0.914408,79.5122,342.0
16.2322651045397,15.6665,16.3153554024175,14.4731,4.0,16.56558,5.0,10.97796,-0.54504,84.7114,342.0
16.2486426038668,14.9708,16.3330762023106,20.1702,4.0,16.56321,4.0,8.818894,0.377148,81.5932,342.0
16.2654692037031,18.1001,16.3486762018874,14.9815,4.0,16.56549,4.0,9.947021,-0.202462,79.4146,342.0
16.2825293028727,17.1479,16.3654400026426,14.9691,4.0,16.56635,4.0,12.08166,0.140337,82.357104,342.0
16.2986998027191,15.8316,16.3823422035202,18.7736,4.0,16.56527,4.0,9.227327,0.523399,79.347904,342.0
16.3153554024175,17.5286,16.3984505040571,14.5189,4.0,16.56669,4.0,12.31377,-0.74569,82.322496,342.0
16.3330762023106,15.1826,16.41473770421,18.1571,4.0,16.56465,4.0,9.913678,-0.496086,79.6362,342.0
16.3486762018874,20.0097,16.4324614042416,17.3242,4.0,16.56972,4.0,12.92751,-0.518543,79.195504,342.0
16.3654400026426,15.5475,16.449346604757,15.1057,4.0,16.56822,4.0,10.88614,-0.197316,78.990096,342.0
16.3823422035202,16.5635,16.4641000051051,16.3573,4.0,16.56821,4.0,12.13085,-0.714415,77.1248,342.0
16.3984505040571,17.333,16.481155205518,15.4673,4.0,16.56933,4.0,11.19306,1.160879,82.1344,342.0
16.41473770421,14.4241,16.4988135062158,19.4345,4.0,16.56619,4.0,10.16236,-0.722627,78.5394,342.0
16.4324614042416,19.5278,16.5146731063724,15.932,4.0,16.57052,4.0,11.1833,-0.88014,75.5766,342.0
16.449346604757,16.3688,16.5299804061651,13.4054,4.0,16.57023,4.0,9.17129,-0.11183,79.5482,342.0
16.4641000051051,16.1624,16.5483257062733,20.1341,4.0,16.56963,4.0,12.38319,-1.091853,79.3654,342.0
16.481155205518,16.9219,16.5645202063024,16.7383,4.0,16.57014,4.0,10.61154,-0.344147,77.1302,342.0
16.4988135062158,15.3649,16.5799765065312,13.1297,4.0,16.56839,4.0,12.19452,-1.08332,77.932096,342.0
16.5146731063724,17.8071,16.5966072063893,18.6085,4.0,16.57019,4.0,10.51101,-0.551191,77.8886,342.0
16.5299804061651,15.458,16.6137417070568,15.4147,4.0,16.56858,4.0,12.37242,1.723508,77.720096,342.0
16.5483257062733,16.1452,16.6300093065947,15.9772,4.0,16.56797,4.0,8.967827,-1.480628,79.903,342.0
16.5645202063024,16.9095,16.6469870060682,19.0909,4.0,16.56846,4.0,12.43214,-0.160051,77.5888,342.0
16.5799765065312,17.5521,16.6641496066004,15.2387,4.0,16.56988,4.0,10.78803,-0.198001,79.0974,342.0
16.5966072063893,16.5969,16.6806179061532,18.1043,4.0,16.56992,4.0,11.63415,-0.818982,75.688704,342.0
16.6137417070568,17.353,16.6962422057986,13.9442,4.0,16.57104,4.0,11.38375,-0.766112,77.816096,342.0
16.6300093065947,16.414,16.7131045050919,18.541,4.0,16.57082,4.0,11.93452,0.613564,77.766896,342.0
16.6469870060682,15.5289,16.7302832044661,15.4801,4.0,16.56932,4.0,10.86189,-0.872459,78.6876,342.0
16.6641496066004,17.214,16.7465914040804,18.1337,4.0,16.57025,4.0,12.19869,0.340159,77.9548,342.0
16.6806179061532,16.5317,16.7623787038028,15.7988,4.0,16.57019,4.0,7.934528,-0.094643,76.588896,342.0
16.6962422057986,16.2138,16.779095903039,14.8487,4.0,16.56968,4.0,13.26365,-0.487057,78.7288,342.0
16.7131045050919,17.2453,16.7963979039341,19.3845,4.0,16.57065,4.0,10.2849,-1.290696,74.3848,342.0
16.7302832044661,18.2039,16.8120959047228,13.9676,4.0,16.57297,4.0,11.80288,-0.985278,80.769104,342.0
16.7465914040804,12.8681,16.8298675045371,19.1443,4.0,16.5677,4.0,10.77611,-1.136746,77.324,342.0
16.7623787038028,19.2664,16.845390804112,15.8203,4.0,16.57154,4.0,12.10954,1.353944,76.798704,342.0
16.779095903039,15.94,16.8627547044307,15.4143,4.0,16.57064,4.0,9.620859,-0.823249,77.262304,342.0
16.7963979039341,16.9486,16.8784908037633,17.4117,4.0,16.57118,4.0,12.46074,-0.740573,74.9826,342.0
16.8120959047228,17.5655,16.8956196028739,15.2862,4.0,16.57258,4.0,9.811743,-0.155308,77.584704,342.0
16.8298675045371,14.6617,16.9128204025328,17.2631,4.0,16.56988,4.0,11.49326,-0.771561,75.564,342.0
16.845390804112,18.7638,16.9281342029572,16.7439,4.0,16.57298,4.0,10.6598,-0.095735,75.1392,342.0
16.8627547044307,15.9798,16.945020603016,15.5542,4.0,16.57214,4.0,11.84518,0.764744,76.941104,342.0
16.8784908037633,17.5226,16.9622722025961,19.3233,4.0,16.57348,4.0,9.923146,-0.5481,76.386496,342.0
16.8956196028739,17.106,16.9790887031704,16.5517,4.0,16.57423,4.0,11.83126,0.068167,74.874,342.0
16.9128204025328,16.3972,16.9953334033489,14.8838,4.0,16.57398,4.0,8.871949,0.043854,76.4376,342.0
16.9281342029572,16.4171,17.0119278039783,17.9814,4.0,16.57376,4.0,11.69227,-0.816146,73.638704,342.0
16.945020603016,16.9871,17.0280656032264,14.1877,4.0,16.57434,4.0,10.61061,-0.315831,77.1456,342.0
16.9622722025961,13.5371,17.0450242031366,17.0442,4.0,16.5701,4.0,11.79156,0.461856,75.735296,342.0
16.9790887031704,19.281,17.0611324030906,17.8709,4.0,16.57388,4.0,10.76264,-1.088335,74.676304,342.0
16.9953334033489,16.1176,17.0779915023595,15.0574,4.0,16.57324,4.0,11.11636,-1.293142,74.332704,342.0
17.0119278039783,16.8273,17.0941693019122,16.4834,4.0,16.57359,4.0,9.4449,-0.06921,76.456896,342.0
17.0280656032264,16.4261,17.1111445017159,18.5498,4.0,16.57339,4.0,9.782233,-0.608353,76.031504,342.0
17.0450242031366,16.3434,17.128743801266,15.9189,4.0,16.57307,4.0,9.124646,0.668225,73.5426,342.0
17.0611324030906,17.7132,17.1442040009424,15.2236,4.0,16.57465,4.0,10.15205,-0.569169,76.387696,342.0
17.0779915023595,16.5902,17.1617417009547,19.4347,4.0,16.57467,4.0,9.895731,-0.762789,74.2232,342.0
17.0941693019122,16.0012,17.177314100787,13.8362,4.0,16.57388,4.0,10.33624,0.094121,74.2604,342.0
17.1111445017159,16.9744,17.1928580012172,17.0113,4.0,16.57443,4.0,8.860735,-0.838134,73.7978,342.0
17.128743801266,16.6755,17.210508801043,16.2128,4.0,16.57457,4.0,11.97444,-0.644189,74.183296,342.0
17.1442040009424,17.4774,17.2268653009087,17.8646,4.0,16.57581,4.0,10.21741,-0.844344,73.4624,342.0
17.1617417009547,16.4422,17.2440589014441,15.7194,4.0,16.57563,4.0,10.66505,-0.529999,75.0178,342.0
17.177314100787,16.4164,17.2603014018387,17.9712,4.0,16.57541,4.0,10.19528,-0.168854,72.730304,342.0
17.1928580012172,17.1175,17.2768232021481,14.8303,4.0,16.57615,4.0,9.769269,-0.080709,73.524096,342.0
17.210508801043,16.7877,17.2928467020392,17.5809,4.0,16.57644,4.0,9.672689,-1.001277,72.447296,342.0
17.2268653009087,16.5188,17.3099424019456,15.442,4.0,16.57636,4.0,11.43778,-0.353097,74.0648,342.0
17.2440589014441,16.3604,17.3265054021031,17.9777,4.0,16.57607,4.0,9.519934,0.308229,73.772304,342.0
17.2603014018387,16.4109,17.3430277016014,16.1183,4.0,16.57584,4.0,10.68009,-0.351124,75.1406,342.0
17.2768232021481,16.2237,17.3598006013781,17.5918,4.0,16.57537,4.0,12.36004,0.382957,72.606496,342.0
17.2928467020392,16.663,17.3756700009108,14.1283,4.0,16.57548,4.0,10.5551,-0.675637,75.527696,342.0
17.3099424019456,16.8381,17.3935404010117,19.7592,4.0,16.57584,4.0,12.25875,-0.723165,72.505504,342.0
17.3265054021031,17.2036,17.4097333010286,14.1812,4.0,16.57669,4.0,14.82991,-1.145693,73.556304,342.0
17.3430277016014,16.9608,17.4261684007943,18.0114,4.0,16.57721,4.0,8.701977,0.029861,71.765296,342.0
17.3598006013781,16.7279,17.4427300002426,14.9366,4.0,16.57742,4.0,10.4981,-1.228174,72.212896,342.0
17.3756700009108,16.8459,17.4586573000997,17.3011,4.0,16.57778,4.0,10.96017,1.137707,71.8308,342.0
17.3935404010117,16.1694,17.4759360998869,15.779,4.0,16.57723,4.0,8.886924,-1.109114,72.513,342.0
17.4097333010286,16.9339,17.4922382999212,17.6154,4.0,16.57771,4.0,11.00894,0.336765,71.369504,342.0
17.4261684007943,16.399,17.5087660998106,15.256,4.0,16.57747,4.0,9.165837,-1.123848,73.3508,342.0
17.4427300002426,16.5153,17.5256711989641,18.4959,4.0,16.57738,4.0,9.697065,-1.033461,72.763504,342.0
17.4586573000997,17.0205,17.5418989993632,16.4331,4.0,16.57798,4.0,11.94679,-0.677436,71.5016,342.0
17.4759360998869,16.6352,17.5588891990483,15.3729,4.0,16.57805,4.0,10.16204,0.121228,72.825504,342.0
17.4922382999212,16.5764,17.5754686985165,17.9157,4.0,16.57805,4.0,10.78337,-1.092836,74.2482,342.0
17.5087660998106,16.1298,17.5922768991441,17.5363,4.0,16.57745,4.0,10.78239,-0.575,74.677904,342.0
17.5256711989641,15.0851,17.608774099499,15.5144,4.0,16.57546,4.0,7.797114,0.723432,73.837104,342.0
17.5418989993632,17.9843,17.6251373998821,17.1432,4.0,16.57734,4.0,12.52363,-1.102456,71.4664,342.0
17.5588891990483,17.3877,17.6420029997826,15.0171,4.0,16.57842,4.0,8.858248,-0.235907,74.7332,342.0
17.5754686985165,14.857,17.6588874999434,18.1233,4.0,16.57613,4.0,12.61456,-0.655439,73.8908,342.0
17.5922768991441,17.962,17.6754366997629,17.1197,4.0,16.57797,4.0,10.93524,-0.171996,73.1926,342.0
17.608774099499,15.7985,17.692482098937,15.1003,4.0,16.57694,4.0,12.12667,-1.117919,73.0262,342.0
17.6251373998821,18.1034,17.7070694984868,17.936,4.0,16.57895,4.0,8.912636,-0.866094,71.9274,342.0
17.6420029997826,16.7471,17.7261666981503,15.6741,4.0,16.57918,4.0,12.2887,-0.786574,75.2366,342.0
17.6588874999434,15.408,17.7427579974756,18.6918,4.0,16.57763,4.0,12.01247,-0.496587,71.733296,342.0
17.6754366997629,18.3283,17.7581241978332,14.8242,4.0,16.57994,4.0,8.811656,0.389628,68.7466,342.0
17.7070694984868,18.3158,17.7749488977715,15.3289,4.0,16.58222,4.0,12.55381,-0.497022,74.1846,342.0
17.7070694984868,12.0009,17.7918916968629,17.4384,3.0,16.5762,4.0,9.907939,-0.597666,69.0828,342.0
17.7427579974756,22.217,17.808669497259,17.1154,4.0,16.5836,4.0,12.307,0.062886,71.581504,342.0
17.7427579974756,12.7806,17.8230097973719,15.2787,3.0,16.57862,4.0,9.577619,0.167095,72.830496,342.0
17.7581241978332,17.1646,17.8417779980227,18.4129,4.0,16.57939,4.0,10.85499,-0.555336,73.1732,342.0
17.7749488977715,16.0085,17.8583406982943,16.3515,4.0,16.57864,4.0,10.47577,-0.121283,70.448896,342.0
17.808669497259,19.9812,17.8754823980853,17.2555,4.0,16.58308,4.0,10.52889,-1.260524,73.559104,342.0
17.8230097973719,14.1409,17.891766297631,17.2512,3.0,16.5799,4.0,10.37177,-0.69373,72.0558,342.0
17.8417779980227,18.2866,17.9091327982023,16.7829,3.0,16.58212,4.0,9.478722,-0.419546,68.843504,342.0
17.8417779980227,15.0779,17.9220356978476,11.8866,3.0,16.58017,4.0,10.45307,0.000841,70.4482,342.0
17.8754823980853,18.7108,17.9400057978928,20.294,4.0,16.58293,4.0,10.35871,0.352838,69.3882,342.0
17.8754823980853,14.6861,17.9559182971716,13.6263,3.0,16.58047,4.0,11.6277,0.313342,70.475,342.0
17.9091327982023,17.4864,17.9728329963982,18.5729,4.0,16.58165,4.0,9.803936,-0.623257,69.375104,342.0
17.9220356978476,16.1504,17.9889237955213,15.0506,3.0,16.58109,4.0,12.21118,-0.453451,69.5272,342.0
17.9400057978928,18.5056,18.0066352952272,18.6568,3.0,16.58357,4.0,9.907524,-0.979188,69.3148,342.0
17.9559182971716,15.2632,18.022775394842,15.0505,3.0,16.58187,4.0,12.86963,-0.457925,68.681296,342.0
17.9728329963982,17.9244,18.0389143954962,17.2904,3.0,16.5836,4.0,10.49595,-0.474962,70.828496,342.0
17.9889237955213,15.7446,18.0570658948272,17.8992,3.0,16.58252,4.0,12.15406,-0.973399,68.7166,342.0
18.0066352952272,17.7329,18.0728706941009,15.6137,3.0,16.584,4.0,10.17046,0.049064,69.928896,342.0
18.022775394842,15.6657,18.0887950938195,16.8834,3.0,16.58282,4.0,11.20426,0.485127,67.741,342.0
18.0389143954962,16.805,18.1054863929749,14.6109,3.0,16.58311,4.0,9.979057,-0.444833,69.364704,342.0
18.0570658948272,16.3089,18.1217910926789,17.9333,3.0,16.58275,4.0,12.26655,0.577813,69.4916,342.0
18.0728706941009,16.179,18.1398387923837,16.3051,3.0,16.58224,4.0,7.650988,-0.906896,67.8662,342.0
18.0887950938195,17.6195,18.1558282915503,16.0004,3.0,16.58356,4.0,9.684025,-0.388212,70.820704,342.0
18.1054863929749,15.9874,18.1727688908577,18.9352,3.0,16.5828,4.0,7.508362,0.651896,69.3026,342.0
18.1217910926789,15.2873,18.1878736913204,13.7694,3.0,16.58115,4.0,8.953299,-0.329317,69.4588,342.0
18.1398387923837,18.5256,18.205713590607,18.6864,3.0,16.58363,4.0,7.976136,0.186521,68.5324,342.0
18.1558282915503,16.2767,18.2221819907427,15.345,3.0,16.58324,4.0,16.08157,-0.630402,68.7902,342.0
18.1727688908577,17.811,18.2385540902615,18.068,3.0,16.58479,4.0,4.944533,0.69594,67.7748,342.0
18.1878736913204,15.7886,18.2552154902369,14.7739,3.0,16.58378,4.0,7.511287,-0.787591,68.385296,342.0
18.205713590607,16.6711,18.2710326910019,17.2809,3.0,16.5839,4.0,6.198396,-0.293015,67.621504,342.0
18.2221819907427,16.665,18.2882506903261,15.9023,3.0,16.584,4.0,9.473912,-0.763759,68.456496,342.0
18.2385540902615,16.7012,18.3046978898346,17.5347,3.0,16.58415,4.0,7.103604,-1.250388,68.403696,342.0
18.2552154902369,16.8081,18.3208380900323,16.7596,3.0,16.58443,4.0,7.451617,-0.250439,67.0292,342.0
18.2710326910019,16.162,18.3375780899078,14.7829,3.0,16.5839,4.0,7.011479,-0.341148,67.584,342.0
18.2882506903261,17.5747,18.3545490894467,18.1336,3.0,16.58514,4.0,7.967002,-0.51734,72.326896,342.0
18.3046978898346,14.1297,18.3729531895369,18.8679,3.0,16.58206,4.0,7.23146,0.269572,68.1548,342.0
18.3208380900323,17.3495,18.387270889245,13.1769,3.0,16.58302,4.0,7.606391,-0.22977,70.3502,342.0
18.3375780899078,16.995,18.4045304888859,19.1949,3.0,16.58354,4.0,7.621315,-0.718514,68.986496,342.0
18.3545490894467,15.5389,18.4205251885578,14.1714,3.0,16.58223,4.0,8.768359,-0.714786,68.683104,342.0
18.3729531895369,19.0575,18.4378421893343,18.7529,3.0,16.58532,3.0,7.965088,-1.20976,65.6405,342.0
18.387270889245,16.4744,18.4538925895467,13.4314,3.0,16.58519,4.0,9.460439,-0.207865,67.9288,342.0
18.4045304888859,17.0042,18.4710065899417,19.2922,3.0,16.58571,3.0,3.962848,-1.20167,67.399504,342.0
18.4205251885578,16.3579,18.487966989167,15.8282,3.0,16.58542,4.0,9.09664,0.314922,69.079296,342.0
18.4378421893343,16.0177,18.5046610897407,17.6972,3.0,16.58472,3.0,7.412628,-0.698883,64.314,342.0
18.4538925895467,17.5571,18.5196415893734,12.7918,3.0,16.58593,4.0,7.22317,-1.194058,67.342,342.0
18.4710065899417,15.9891,18.5364273898304,19.0164,3.0,16.58519,4.0,8.590014,-0.683433,65.2123,342.0
18.487966989167,17.8452,18.5535252895206,15.7153,3.0,16.58675,4.0,7.482886,0.819817,68.36,342.0
18.5046610897407,14.8197,18.570400590077,17.9669,3.0,16.58456,4.0,7.95136,-0.56298,67.682704,342.0
18.5196415893734,17.5698,18.5866559892893,16.888,3.0,16.58578,3.0,8.168065,-1.066277,66.3034,342.0
18.5364273898304,15.9687,18.6031402889639,14.5999,3.0,16.58502,4.0,8.77127,0.922264,69.234896,342.0
18.5535252895206,16.4287,18.6205187886953,19.3538,3.0,16.58482,4.0,8.146878,-0.405343,69.642096,342.0
18.570400590077,14.4648,18.6373228877783,14.8672,3.0,16.58221,4.0,7.327583,-0.075982,68.4654,342.0
18.5866559892893,19.2507,18.6534251868725,18.0746,3.0,16.58549,3.0,7.929658,-1.090961,65.1406,342.0
18.6031402889639,16.3007,18.6689607864246,12.9752,3.0,16.58515,4.0,9.356133,-0.57924,69.629104,342.0
18.6205187886953,17.1754,18.6877993857488,21.6696,3.0,16.58587,3.0,8.195883,0.456352,64.8233,342.0
18.6373228877783,16.5293,18.7023609858006,11.7173,3.0,16.5858,4.0,5.46768,-0.565634,66.9331,342.0
18.6534251868725,17.359,18.7194700855762,19.4734,3.0,16.58675,3.0,8.850977,-0.0468,65.1666,342.0
18.6689607864246,16.3491,18.7363857850432,14.5773,3.0,16.58646,4.0,7.766736,-1.066266,66.516,342.0
18.6877993857488,16.8664,18.7522878851742,18.2212,3.0,16.5868,3.0,7.340043,-1.54731,65.2556,342.0
18.7023609858006,15.7256,18.7688795849681,14.4592,3.0,16.58575,4.0,7.886982,-1.053354,66.5806,342.0
18.7194700855762,17.538,18.7861023843288,18.8677,3.0,16.58691,3.0,5.606161,-0.495697,63.5243,342.0
18.7363857850432,18.9377,18.8035309836268,15.8764,3.0,16.58977,4.0,8.91774,-1.05724,67.135296,342.0
18.7522878851742,13.5985,18.8191568832844,17.2096,3.0,16.58613,4.0,8.040748,-0.562007,68.782496,342.0
18.7688795849681,16.9572,18.8367082830518,18.6048,3.0,16.58658,3.0,7.561234,-0.524921,66.0026,342.0
18.7861023843288,15.189,18.8520618826151,12.4088,3.0,16.58489,3.0,7.5517,-0.04173,66.045,342.0
18.8035309836268,18.5301,18.86898538284,18.5717,3.0,16.58724,3.0,7.767466,-0.558439,64.8973,342.0
18.8191568832844,15.0379,18.8846676833928,13.8899,3.0,16.58537,4.0,7.86041,0.449671,66.1668,342.0
18.8367082830518,19.1434,18.9023701827973,20.4127,3.0,16.58846,3.0,9.917254,-0.565684,62.5749,342.0
18.8520618826151,17.0999,18.9184717833996,13.5073,3.0,16.58908,3.0,5.724597,-0.041939,64.5907,342.0
18.86898538284,16.2027,18.9347997829318,18.2182,3.0,16.58861,3.0,7.99044,0.303887,64.1547,342.0
18.8846676833928,16.3458,18.9524205829948,15.91,3.0,16.58832,3.0,7.901007,-0.872445,65.8944,342.0
18.9023701827973,15.137,18.9675748832524,16.8831,3.0,16.58657,3.0,8.606821,-1.367777,64.5778,342.0
18.9184717833996,16.4944,18.984479283914,15.1709,3.0,16.58646,4.0,6.78733,0.747756,67.147696,342.0
18.9347997829318,17.3082,19.002264983952,19.8779,3.0,16.58733,3.0,7.700039,-0.396411,65.5576,342.0
18.9524205829948,16.5524,19.0192894842476,14.9619,3.0,16.58729,3.0,8.144329,0.113681,66.0387,342.0
18.9675748832524,16.7542,19.0349597837776,17.2357,3.0,16.58749,3.0,5.565984,1.14776,63.9658,342.0
18.984479283914,17.6655,19.0522644836456,15.5917,3.0,16.58878,3.0,8.120739,-0.771091,66.6188,342.0
19.002264983952,14.4293,19.0676286835223,17.0823,3.0,16.5862,3.0,7.478013,-0.700642,63.0536,342.0
19.0192894842476,18.4701,19.0844197832048,14.9051,3.0,16.58844,3.0,8.519945,-1.239292,64.0681,342.0
19.0349597837776,16.9094,19.1006028838456,17.9239,3.0,16.58883,3.0,9.982177,-0.500942,63.3144,342.0
19.0522644836456,16.5639,19.1180379837751,15.8093,3.0,16.5888,3.0,10.11794,-0.519213,63.8907,342.0
19.0676286835223,18.1542,19.134676784277,18.7309,3.0,16.59065,3.0,9.893611,-0.493273,63.3857,342.0
19.0844197832048,15.8502,19.1521409843117,15.3438,3.0,16.58978,3.0,10.21572,-0.016133,63.6803,342.0
19.1006028838456,17.3418,19.1681554839015,17.6359,3.0,16.59067,3.0,9.70174,-0.498251,64.5814,342.0
19.1180379837751,15.3909,19.1860904842615,16.2927,3.0,16.58925,3.0,8.569591,-0.347744,63.2511,342.0
19.134676784277,17.1193,19.2002486838028,15.788,3.0,16.58987,3.0,11.72244,-0.783137,63.5641,342.0
19.1521409843117,17.3987,19.2192712845281,17.7119,3.0,16.59083,3.0,8.631692,-0.769601,65.3585,342.0
19.1681554839015,14.0803,19.2337130848318,15.8746,3.0,16.58787,3.0,11.89344,-1.162165,63.4634,342.0
19.1860904842615,19.09,19.2508724853396,17.1956,3.0,16.59082,3.0,7.782813,-0.655155,63.6151,342.0
19.2002486838028,14.8892,19.2662987848744,15.0392,3.0,16.58881,3.0,8.729073,-0.181945,63.8805,342.0
19.2192712845281,17.7479,19.2841280857101,18.0129,3.0,16.59018,3.0,11.47583,-0.359281,61.6861,342.0
19.2337130848318,15.8116,19.2995650861412,13.6172,3.0,16.58926,3.0,8.764451,-0.818017,62.8845,342.0
19.2508724853396,17.3385,19.3162702862173,18.5369,3.0,16.59014,3.0,8.012044,-0.84116,62.7308,342.0
19.2662987848744,15.1317,19.3330082856119,14.9782,3.0,16.58843,3.0,10.54944,0.526887,63.3394,342.0
19.2841280857101,18.7617,19.3503768853843,19.37,3.0,16.59097,3.0,9.810401,-0.144853,63.446,342.0
19.2995650861412,15.8958,19.3662951849401,16.0031,3.0,16.59016,3.0,11.91947,-0.350447,61.8461,342.0
19.3162702862173,16.7429,19.3830341845751,15.1415,3.0,16.59034,3.0,8.685455,-0.158559,62.7807,342.0
19.3330082856119,16.6854,19.3992143850774,17.6194,3.0,16.59045,3.0,11.84914,-0.506771,64.2179,342.0
19.3503768853843,16.3661,19.4164848849177,17.8034,3.0,16.59019,3.0,9.095481,0.76439,60.7836,342.0
19.3662951849401,17.5958,19.4330647848547,14.1625,3.0,16.59136,3.0,11.58682,-0.473285,62.5603,342.0
19.3830341845751,16.3467,19.4492986854166,18.1224,3.0,16.59108,3.0,10.23276,-0.175131,62.6229,342.0
19.3992143850774,14.7094,19.4660589862615,14.7714,3.0,16.58889,4.0,12.02061,-0.57192,65.9105,342.0
19.4164848849177,17.4661,19.4840832855552,20.7524,3.0,16.58991,3.0,8.375953,-0.260024,59.8695,342.0
19.4330647848547,17.0042,19.4977873852476,10.9646,3.0,16.59039,3.0,11.24825,0.337107,63.6082,342.0
19.4492986854166,16.9345,19.5163400853053,20.6723,3.0,16.59079,3.0,9.633959,-0.27638,62.9577,342.0
19.4660589862615,16.6191,19.534421284683,15.9677,3.0,16.59082,3.0,9.565771,-0.535816,64.5011,342.0
19.4840832855552,15.1995,19.5492487847805,16.7432,3.0,16.58921,3.0,12.12851,-0.438296,62.7097,342.0
19.4977873852476,18.1751,19.5653585847467,16.3833,3.0,16.59104,3.0,9.001185,-0.046068,62.1283,342.0
19.5163400853053,15.8399,19.5825533848256,15.2585,3.0,16.59018,3.0,12.15633,-0.360874,59.9071,342.0
19.534421284683,18.2325,19.5986453853548,16.0103,3.0,16.59207,3.0,9.07442,-0.862442,63.3442,342.0
19.5492487847805,15.2882,19.6158219855279,18.7253,3.0,16.59057,3.0,12.17002,0.44429,59.8722,342.0
19.5653585847467,18.2066,19.6321926862001,14.7347,3.0,16.59242,3.0,10.18649,-0.460478,60.8658,342.0
19.5825533848256,17.2842,19.6485998854041,18.2775,3.0,16.59321,3.0,10.98688,-0.492746,61.517,342.0
19.5986453853548,14.9648,19.6660127863288,15.6172,3.0,16.59135,3.0,10.29372,-0.265514,62.9206,342.0
19.6158219855279,16.4647,19.6820288859308,17.8663,3.0,16.59121,3.0,10.5063,-0.582582,60.1152,342.0
19.6321926862001,17.0319,19.6979759857059,14.2271,3.0,16.59171,3.0,10.36627,-0.324294,61.8128,342.0
19.6485998854041,16.6647,19.7150283865631,18.3622,3.0,16.59179,3.0,9.787574,-0.484356,59.2964,342.0
19.6660127863288,17.3079,19.7313329856843,14.7902,3.0,16.59261,3.0,12.11004,0.584457,61.3333,342.0
19.6820288859308,16.788,19.7484521865845,18.8248,3.0,16.59283,3.0,10.53741,-0.949735,58.7904,342.0
19.6979759857059,16.4418,19.764054486528,13.8989,3.0,16.59266,3.0,11.24848,-0.246684,61.9522,342.0
19.7150283865631,16.2879,19.78148528561,19.4493,3.0,16.59231,3.0,10.27965,-0.558631,58.4109,342.0
19.7313329856843,17.1228,19.7970986859873,13.5809,3.0,16.59291,3.0,11.83791,-0.592228,59.9547,342.0
19.7484521865845,17.1096,19.8140225866809,18.6527,3.0,16.5935,3.0,16.46888,-0.099003,58.9526,342.0
19.764054486528,15.7679,19.8303905865178,14.7661,3.0,16.59257,3.0,11.23339,0.388964,60.5554,342.0
19.78148528561,16.5435,19.8471442861483,18.1467,3.0,16.59251,3.0,10.09706,-1.072818,58.943,342.0
19.7970986859873,16.7797,19.8639129856601,15.1676,3.0,16.59272,3.0,12.20974,-0.906732,59.9039,342.0
19.8140225866809,16.999,19.8801015848294,17.9587,3.0,16.59318,3.0,9.315435,-1.158914,60.0614,342.0
19.8303905865178,16.7501,19.8985089855269,16.9076,3.0,16.59336,3.0,12.50148,-0.885513,60.2079,342.0
19.8471442861483,16.4399,19.9133131857961,16.5858,3.0,16.59318,3.0,9.764031,-0.796378,58.7269,342.0
19.8639129856601,16.6384,19.9303738866001,15.157,3.0,16.59323,3.0,10.56113,-0.999581,61.4955,342.0
19.8801015848294,16.8335,19.9472439866513,19.6023,3.0,16.5935,3.0,10.6848,-1.429183,58.4767,342.0
19.8985089855269,17.2698,19.9641572870314,14.2506,3.0,16.59426,3.0,10.08334,0.217415,60.8517,342.0
19.9133131857961,15.3168,19.9800881873816,17.6911,3.0,16.59283,3.0,9.759618,-0.409123,62.1577,342.0
19.9303738866001,17.2858,19.9987109880894,18.5918,3.0,16.59361,3.0,10.99393,0.074089,60.7799,342.0
19.9472439866513,16.0713,20.0137728881091,14.6934,3.0,16.59302,3.0,10.80931,-0.480212,60.3698,342.0
19.9641572870314,17.6028,20.0306079871953,17.1922,3.0,16.59415,3.0,9.424613,-0.296632,60.4569,342.0
19.9800881873816,14.3854,20.0470094867051,14.4723,3.0,16.59169,3.0,12.73798,-0.653391,57.187,342.0
19.9987109880894,19.4308,20.0619443869218,16.2442,3.0,16.59485,3.0,10.97178,-0.898095,61.0788,342.0
20.0137728881091,14.6933,20.0818001860753,18.5018,3.0,16.59273,3.0,12.84558,-0.748554,58.1361,342.0
20.0306079871953,18.9166,20.0961537864059,15.9731,3.0,16.59532,3.0,11.40549,-1.09265,56.9094,342.0
20.0470094867051,16.6035,20.1130630858243,15.3778,3.0,16.59533,3.0,11.07652,-0.008451,60.8266,342.0
20.0619443869218,16.7378,20.1319023855031,20.6538,3.0,16.59548,3.0,10.60981,-1.41859,56.9425,342.0
20.0818001860753,16.9575,20.1464908858761,13.0732,3.0,16.59588,3.0,11.65511,-0.764838,57.4359,342.0
20.0961537864059,16.7052,20.1620138855651,17.1983,3.0,16.596,3.0,10.67013,-0.531824,57.3671,342.0
20.1130630858243,16.3926,20.1801855852827,16.3235,3.0,16.59578,3.0,11.95039,0.011152,57.0979,342.0
20.1319023855031,17.33,20.1959574846551,17.0607,3.0,16.59659,3.0,10.7836,-0.719608,55.8027,342.0
20.1464908858761,16.7231,20.2126147849485,15.428,3.0,16.59673,3.0,10.92325,-0.23804,59.7769,342.0
20.1620138855651,15.2738,20.2299210848287,19.2478,3.0,16.59527,3.0,12.49915,-0.727657,59.4772,342.0
20.1801855852827,16.4443,20.2462619850412,16.1443,3.0,16.59511,3.0,11.17625,-1.115726,58.7414,342.0
20.1959574846551,16.8544,20.2626895857975,16.1181,3.0,16.59539,3.0,11.78339,-0.07661,58.3295,342.0
20.2126147849485,16.9046,20.2807075856254,16.4941,3.0,16.59573,3.0,11.60914,-0.219503,59.9954,342.0
20.2299210848287,14.8153,20.2956380853429,16.4792,3.0,16.59378,3.0,10.63042,-0.408296,57.4543,342.0
20.2462619850412,19.0627,20.3138557849452,16.5211,3.0,16.59648,3.0,11.98395,-0.367653,59.836,342.0
20.2626895857975,14.2091,20.3287920849398,16.5909,3.0,16.59387,3.0,9.681608,0.742909,59.5231,342.0
20.2807075856254,19.0628,20.3464897843078,18.7507,3.0,16.59657,3.0,12.29064,-0.069822,57.2784,342.0
20.2956380853429,15.8876,20.3626192836091,13.6422,3.0,16.59579,3.0,10.70296,-0.258998,56.6232,342.0
20.3138557849452,18.5981,20.3788205841556,17.9425,3.0,16.59798,3.0,10.64153,-0.747121,57.1621,342.0
20.3287920849398,14.7654,20.3957400834188,15.3033,3.0,16.59598,3.0,12.87161,-0.815228,57.1428,342.0
20.3464897843078,18.8534,20.4128174828365,18.8336,3.0,16.59844,3.0,10.4481,0.192692,56.4461,342.0
20.3626192836091,16.6624,20.4287847829983,15.9663,3.0,16.59851,3.0,11.7934,-1.163984,54.1781,342.0
20.3788205841556,16.4113,20.4447048837319,14.1597,3.0,16.5983,3.0,10.75535,-0.379604,57.4119,342.0
20.3957400834188,16.1655,20.4618948837742,19.3818,3.0,16.59784,3.0,10.15339,0.350133,58.5894,342.0
20.4128174828365,13.1542,20.4787484845147,14.3321,3.0,16.5941,3.0,11.00662,-0.016225,57.9047,342.0
20.4287847829983,18.5019,20.4948011850938,17.8169,3.0,16.59617,3.0,9.851798,-0.695723,55.5056,342.0
20.4447048837319,17.0478,20.5110391853377,14.6483,3.0,16.59666,3.0,11.82892,0.05293,57.265,342.0
20.4618948837742,16.6131,20.5280322851613,18.3726,3.0,16.59668,3.0,12.58523,0.187798,54.5869,342.0
20.4787484845147,17.4026,20.5441832849756,14.7254,3.0,16.59755,3.0,11.19751,0.206123,57.3765,342.0
20.4948011850938,15.8796,20.5609556855634,18.6682,3.0,16.59677,3.0,11.56558,-0.650282,56.5742,342.0
20.5110391853377,17.7518,20.5793585861102,16.9558,3.0,16.59801,3.0,10.2676,-1.055598,55.4098,342.0
20.5280322851613,16.1523,20.5948239862919,14.9851,3.0,16.59753,3.0,11.45637,-0.533093,56.419,342.0
20.5441832849756,16.7781,20.6110207866877,17.812,3.0,16.59773,3.0,10.15343,-1.082315,56.3937,342.0
20.5609556855634,15.0959,20.6277805864811,15.0497,3.0,16.59612,3.0,11.06712,1.050133,57.026,342.0
20.5793585861102,18.4374,20.6452613864094,19.0609,3.0,16.59809,3.0,8.77517,-0.219706,53.855,342.0
20.5948239862919,16.7353,20.660350786522,13.5634,3.0,16.59824,3.0,10.4471,-1.220284,56.7655,342.0
20.6110207866877,16.2757,20.6779477857053,19.1858,3.0,16.59789,3.0,10.28568,0.00649,55.6157,342.0
20.6277805864811,16.5145,20.6946472860873,15.3672,3.0,16.5978,3.0,8.685882,-0.082771,56.8722,342.0
20.6452613864094,16.3333,20.7111644856632,17.5867,3.0,16.59752,3.0,9.626698,0.179735,54.377,342.0
20.660350786522,17.775,20.7274522855878,15.2797,3.0,16.59878,3.0,10.28219,0.010666,54.5087,342.0
20.6779477857053,16.1586,20.7440348863602,16.2905,3.0,16.59831,3.0,10.96941,-0.559757,57.2191,342.0
20.6946472860873,16.8776,20.7617029864341,19.5876,3.0,16.59861,3.0,10.17327,1.319832,54.562,342.0
20.7111644856632,16.4674,20.7771382862702,13.8113,3.0,16.59847,3.0,9.155506,-0.537878,55.8599,342.0
20.7274522855878,16.3792,20.7937053861097,17.68,3.0,16.59823,3.0,9.697984,-0.737727,54.296,342.0
20.7617029864341,18.0513,20.8099076868966,16.4832,3.0,16.59977,3.0,12.28001,0.993726,54.8005,342.0
20.7617029864341,15.0387,20.8271948872134,15.542,2.0,16.59812,3.0,9.820871,-0.823567,56.0514,342.0
20.7937053861097,16.8538,20.8438528878614,18.1143,3.0,16.59839,3.0,9.443965,0.132095,56.1326,342.0
20.7937053861097,14.7816,20.860190086998,14.8528,3.0,16.59647,3.0,8.237234,-0.38289,55.7321,342.0
20.8099076868966,18.4626,20.8771481877193,18.0617,3.0,16.59844,3.0,9.265557,-0.691673,55.47,342.0
20.8271948872134,16.6756,20.8929271874949,16.4178,3.0,16.59852,3.0,11.31087,-0.717228,55.8543,342.0
20.8438528878614,16.3294,20.9112200876698,16.7098,3.0,16.59824,3.0,9.569278,0.240584,56.6122,342.0
20.860190086998,16.9685,20.9270215881988,17.7263,3.0,16.59863,3.0,8.678227,-0.88607,56.7287,342.0
20.8771481877193,15.3423,20.9443541886285,15.4578,3.0,16.59731,3.0,9.217374,-0.560949,53.3195,342.0
20.8929271874949,18.8664,20.9589319890365,15.4569,3.0,16.59969,3.0,8.585267,1.868996,56.6123,342.0
20.9270215881988,16.0477,20.9775914894417,19.3406,3.0,16.59911,3.0,10.5975,-0.907097,54.4979,342.0
20.9270215881988,17.0949,20.9942131889984,14.9798,2.0,16.59963,3.0,9.61369,-1.376811,54.6548,342.0
20.9589319890365,17.1615,21.0103886881843,17.3183,3.0,16.60022,3.0,10.96087,-0.534925,54.4359,342.0
20.9589319890365,16.1206,21.0259544877335,15.9013,2.0,16.59972,3.0,9.745828,-1.014455,54.7264,342.0
20.9775914894417,16.5674,21.0442712875083,16.8596,3.0,16.59969,3.0,11.34542,-0.471267,55.9834,342.0
20.9942131889984,16.1991,21.0601671868935,17.4542,3.0,16.59927,3.0,10.63727,0.705524,56.7647,342.0
21.0103886881843,15.0477,21.0777502870187,15.8289,3.0,16.59765,3.0,9.769749,-0.925926,55.5117,342.0
21.0259544877335,18.7968,21.0941629866138,17.5442,3.0,16.59994,3.0,11.1365,-0.391363,52.3231,342.0
21.0601671868935,17.7857,21.1089350869879,14.5958,3.0,16.60117,3.0,7.809197,0.387916,54.6944,342.0
21.0601671868935,15.7135,21.1276764879003,18.0847,2.0,16.60025,3.0,9.964811,-0.233961,55.4279,342.0
21.0777502870187,16.4836,21.1418874878436,17.2166,3.0,16.60013,3.0,11.90312,-0.252945,53.6251,342.0
21.1089350869879,17.2704,21.1592555884272,15.4751,3.0,16.60082,3.0,9.802955,-0.765286,52.9359,342.0
21.1089350869879,16.1673,21.1749512888491,15.47,2.0,16.60037,3.0,11.59717,-0.005523,53.5917,342.0
21.1418874878436,18.6,21.1920390892774,19.2557,3.0,16.60245,3.0,9.721276,0.188823,53.4475,342.0
21.1592555884272,15.7302,21.2085004895926,15.5941,2.0,16.60154,3.0,9.842026,-0.145088,53.8293,342.0
21.1749512888491,15.9493,21.2247972898185,16.3244,2.0,16.60087,3.0,10.04936,-0.999787,52.673,342.0
21.1920390892774,17.627,21.2418972905725,16.4685,2.0,16.60193,3.0,11.10418,0.659614,53.4916,342.0
21.2085004895926,15.4185,21.2579790912569,16.2372,2.0,16.60071,3.0,9.220761,-1.485191,52.184,342.0
21.2247972898185,17.8897,21.2740765921772,16.5992,2.0,16.60204,3.0,9.291045,-0.106096,52.1412,342.0
21.2418972905725,16.0308,21.2918107919395,15.9708,2.0,16.60145,3.0,10.87569,-0.269953,54.6084,342.0
21.2579790912569,15.9049,21.3083850927651,18.3731,2.0,16.60073,3.0,9.594123,-0.48921,50.9875,342.0
21.2740765921772,17.4221,21.3240911923349,13.8061,2.0,16.60158,3.0,10.98368,-0.039063,53.1749,342.0
21.2918107919395,16.6715,21.3414546921849,18.8519,2.0,16.60165,3.0,10.75259,1.311684,53.5259,342.0
21.3083850927651,17.89,21.358975391835,18.2476,2.0,16.60297,3.0,8.998887,-0.443067,52.759,342.0
21.3240911923349,15.1555,21.375101191923,14.3822,2.0,16.60149,3.0,12.34879,0.282482,54.6492,342.0
21.3414546921849,16.2278,21.3917655926198,18.1173,2.0,16.6011,3.0,8.948591,-0.195091,50.926,342.0
21.358975391835,19.0973,21.4083683919162,15.381,2.0,16.60365,3.0,13.0996,-0.113664,52.75,342.0
21.375101191923,15.8829,21.4244448915124,17.6994,2.0,16.60292,3.0,9.629553,-0.691325,51.1817,342.0
21.3917655926198,16.8947,21.4416629914194,15.3344,2.0,16.60322,3.0,11.95821,0.256738,52.3826,342.0
21.4083683919162,15.3674,21.4568367917091,16.5772,2.0,16.60196,3.0,10.18556,0.147028,51.0992,342.0
21.4244448915124,17.6753,21.4744996912777,16.3816,2.0,16.60305,3.0,11.60942,-0.62262,53.4918,342.0
21.4416629914194,15.6573,21.4909618906677,18.0494,2.0,16.60209,3.0,7.570967,0.317073,53.2403,342.0
21.4568367917091,16.8292,21.5079325903207,16.5705,2.0,16.60232,3.0,11.89832,-0.072267,52.4445,342.0
21.4744996912777,16.5532,21.5254938900471,15.7673,2.0,16.60227,3.0,9.360791,-1.272616,53.767,342.0
21.4909618906677,16.1869,21.5415077898651,17.4997,2.0,16.60185,3.0,9.773564,0.245545,52.3751,342.0
21.5079325903207,17.6275,21.5571392904967,16.2513,2.0,16.60289,2.0,11.68773,-0.044957,50.1834,342.0
21.5254938900471,16.1667,21.5727839898318,13.9591,2.0,16.60245,3.0,10.45526,-0.810768,52.4528,342.0
21.5415077898651,16.1752,21.58985039033,18.4436,2.0,16.60201,3.0,11.27967,-0.992787,51.9146,342.0
21.5571392904967,17.3303,21.6077803894877,16.7915,2.0,16.60275,3.0,9.31382,-0.750996,53.0648,342.0
21.5727839898318,16.8664,21.6245986893773,18.0164,2.0,16.60301,2.0,12.39903,-0.268605,50.2636,342.0
21.58985039033,16.1393,21.6400302890688,13.3455,2.0,16.60255,3.0,9.309467,-0.636794,52.1009,342.0
21.6077803894877,17.6383,21.6575422883034,19.4746,2.0,16.60359,3.0,11.72542,-0.559846,49.3398,342.0
21.6245986893773,16.7605,21.6730520883575,14.0001,2.0,16.60375,3.0,11.03036,0.595889,50.0653,342.0
21.6400302890688,16.7937,21.6892635887489,17.5122,2.0,16.60394,3.0,11.30156,-0.376758,52.2424,342.0
21.6575422883034,15.7852,21.7065919889137,17.9612,2.0,16.60312,3.0,9.689868,-0.126205,51.3522,342.0
21.6730520883575,16.226,21.7233799891546,15.3457,2.0,16.60274,3.0,11.95499,0.152274,55.2995,342.0
21.6892635887489,14.7285,21.7401739889756,18.6655,2.0,16.60086,3.0,10.4211,-0.290043,52.0871,342.0
21.7065919889137,18.375,21.7572166891769,15.1715,2.0,16.60264,3.0,10.20961,-0.585453,52.1779,342.0
21.7233799891546,16.7214,21.7732656886801,16.8023,2.0,16.60275,3.0,11.87719,0.570415,54.277,342.0
21.7401739889756,17.0172,21.7914793891832,19.1259,2.0,16.60317,3.0,10.20005,0.895624,50.6598,342.0
21.7572166891769,18.0167,21.8061045892537,14.3896,2.0,16.60458,2.0,12.29281,-0.906197,51.3277,342.0
21.7732656886801,13.3798,21.8220566883683,14.048,2.0,16.60137,3.0,8.686658,-0.431223,50.6627,342.0
21.7914793891832,20.0727,21.8394874874502,19.4135,2.0,16.60482,2.0,10.27271,0.657745,52.0145,342.0
21.8061045892537,13.1606,21.8564880881459,14.5056,2.0,16.6014,3.0,11.87863,-0.078799,52.214,342.0
21.8220566883683,18.2107,21.8726279884577,18.4097,2.0,16.60299,2.0,9.667243,-1.288892,50.4469,342.0
21.8394874874502,15.6648,21.8889704886824,13.9127,2.0,16.60206,3.0,11.71855,0.437617,50.9314,342.0
21.8564880881459,19.7969,21.9066634885967,20.2654,2.0,16.60523,2.0,10.13068,0.064038,49.5819,342.0
21.8726279884577,14.4301,21.9220692887902,13.0811,2.0,16.60308,3.0,9.374676,-0.986928,51.6952,342.0
21.8889704886824,18.0143,21.9398916885257,20.1264,2.0,16.60447,2.0,10.8425,-0.933587,50.4854,342.0
21.9066634885967,14.6749,21.9556340891868,13.4655,2.0,16.60257,3.0,11.06012,-0.377466,50.9294,342.0
21.9220692887902,18.5659,21.9720827899873,19.0091,2.0,16.6045,2.0,12.15936,-0.669884,50.5181,342.0
21.9398916885257,16.0926,21.9900563899428,15.6819,2.0,16.604,3.0,9.294699,-0.331129,50.177,342.0
21.9556340891868,18.1048,22.0060093905777,17.7626,2.0,16.60548,2.0,9.933592,0.258152,49.1798,342.0
21.9720827899873,15.0772,22.0223671905696,14.0806,2.0,16.60397,3.0,13.10658,0.166528,50.3844,342.0
21.9900563899428,17.8262,22.0391948912293,19.0293,2.0,16.60518,2.0,9.481262,-0.74772,48.0355,342.0
22.0060093905777,16.0432,22.0552280917764,13.6944,2.0,16.60462,3.0,9.365428,-0.404012,48.4892,342.0
22.0223671905696,19.0083,22.0723706912249,19.4624,2.0,16.60698,2.0,12.80759,0.071705,46.922,342.0
22.0391948912293,14.8835,22.088128991425,13.3214,2.0,16.60529,2.0,10.77187,-0.109642,47.5947,342.0
22.0552280917764,18.1516,22.1051241923124,18.8177,2.0,16.60681,2.0,11.92788,-0.952916,47.0353,342.0
22.0723706912249,15.322,22.1214150916785,14.7721,2.0,16.60555,3.0,12.52403,-0.73632,49.3212,342.0
22.088128991425,17.3458,22.138500791043,19.6231,2.0,16.60627,3.0,9.997648,-0.038857,50.66,342.0
22.1051241923124,15.8242,22.1567898914218,17.1613,2.0,16.60551,3.0,11.32697,-0.877598,49.1168,342.0
22.1214150916785,17.2415,22.1715207910165,15.7071,2.0,16.60613,2.0,9.79502,0.269625,46.7399,342.0
22.138500791043,16.2113,22.1880157915875,13.8278,2.0,16.60575,3.0,12.42691,-0.751058,51.5407,342.0
22.1567898914218,16.5778,22.2066214913502,21.3703,2.0,16.60572,2.0,10.45899,0.044358,49.12,342.0
22.1715207910165,15.6453,22.22220669128,13.2305,2.0,16.60478,3.0,11.55174,-0.93262,49.9226,342.0
22.1880157915875,18.0349,22.2390372920781,18.8315,2.0,16.60617,2.0,9.986716,-0.222463,46.8241,342.0
22.2066214913502,16.0393,22.2543151918799,12.9475,2.0,16.60562,3.0,10.76042,0.392157,47.7696,342.0
22.22220669128,18.1882,22.2715284917504,19.1245,2.0,16.60716,2.0,12.48516,-0.891271,48.4045,342.0
22.2390372920781,15.2825,22.2875231914222,15.9403,2.0,16.60588,2.0,9.669898,-0.57295,46.507,342.0
22.2543151918799,17.3217,22.3048855923116,15.4025,2.0,16.60657,2.0,12.27668,0.11699,49.4825,342.0
22.2715284917504,14.2723,22.3202374922112,17.2464,2.0,16.60431,2.0,9.703758,0.361152,47.2453,342.0
22.2875231914222,19.0422,22.3384905913845,16.8042,2.0,16.60666,3.0,10.45554,0.033956,48.5284,342.0
22.3048855923116,16.9855,22.3544450914487,18.2765,2.0,16.60703,3.0,11.61692,0.054579,47.2939,342.0
22.3202374922112,17.3746,22.3723272914067,16.132,2.0,16.60777,2.0,10.77636,-0.378262,47.3938,342.0
22.3384905913845,14.1033,22.3874750910327,14.2025,2.0,16.60536,3.0,12.06634,-0.003256,50.0782,342.0
22.3544450914487,17.0201,22.4042246909812,19.7109,2.0,16.60576,2.0,11.37787,-0.474546,49.536,342.0
22.3723272914067,16.0514,22.4223394906148,15.502,2.0,16.60522,2.0,11.20665,-0.216117,48.3202,342.0
22.3874750910327,18.0303,22.4374477909878,16.8147,2.0,16.60659,2.0,12.23001,-0.676767,48.0792,342.0
22.4042246909812,15.6492,22.4549205908552,15.414,2.0,16.60567,2.0,9.478548,-0.169638,48.0494,342.0
22.4223394906148,17.2791,22.4702126905322,17.2422,2.0,16.60632,2.0,9.498544,0.846983,46.6597,342.0
22.4374477909878,16.3773,22.4871626906097,14.9871,2.0,16.6061,2.0,11.18962,-0.253649,48.2967,342.0
22.4549205908552,17.5501,22.5045163910836,19.1874,2.0,16.607,2.0,9.779362,0.67108,44.9131,342.0
22.4702126905322,17.3509,22.5203160904348,13.9666,2.0,16.60772,2.0,12.17116,-0.292533,47.5222,342.0
22.4871626906097,16.1951,22.5373384896666,18.8043,2.0,16.60732,2.0,11.69925,-1.345362,46.9025,342.0
22.5045163910836,16.2138,22.554599089548,15.5938,2.0,16.60695,2.0,10.39982,-0.225473,47.6459,342.0
22.5203160904348,16.6964,22.5705294888467,17.439,2.0,16.60703,2.0,11.92027,-0.469526,46.012,342.0
22.5373384896666,17.4375,22.5877487882972,15.8039,2.0,16.60782,2.0,12.01304,0.125631,47.1973,342.0
22.554599089548,17.1557,22.6044452879578,18.3449,2.0,16.60834,2.0,10.03392,-0.302733,46.4745,342.0
22.5705294888467,16.4403,22.6203886885196,15.7128,2.0,16.60818,2.0,10.69185,-0.208502,44.983,342.0
22.5877487882972,16.6478,22.6372799891979,15.156,2.0,16.60822,2.0,12.04482,-0.758746,48.2338,342.0
22.6044452879578,14.4764,22.6531301885843,17.7276,2.0,16.6062,2.0,9.183933,-0.271511,47.111,342.0
22.6203886885196,18.5745,22.6703516878188,17.4504,2.0,16.60806,2.0,11.92666,-0.298295,44.1946,342.0
22.6372799891979,16.5618,22.6860906872898,13.6455,2.0,16.60802,2.0,11.49107,-0.381236,48.4363,342.0
22.6531301885843,15.3321,22.7031357865781,19.6117,2.0,16.60681,2.0,11.85513,-0.249027,44.2526,342.0
22.6703516878188,17.9352,22.7191532868892,13.7134,2.0,16.60807,2.0,10.54547,-1.344838,44.3464,342.0
22.6860906872898,16.7356,22.7361186873168,16.829,2.0,16.60819,2.0,11.42363,0.402947,48.1678,342.0
22.7031357865781,14.911,22.7530236877501,18.7321,2.0,16.60659,2.0,10.0294,0.05557,46.3024,342.0
22.7191532868892,17.0038,22.7699384875596,15.1379,2.0,16.60696,2.0,11.77525,-0.123157,47.5346,342.0
22.7361186873168,16.4878,22.7859066873789,17.7201,2.0,16.60685,2.0,10.76991,-0.108364,44.2218,342.0
22.7530236877501,18.2138,22.8026390876621,14.9007,2.0,16.60836,2.0,11.90499,-0.86693,47.2686,342.0
22.7699384875596,15.1496,22.8191413879395,18.196,2.0,16.60699,2.0,10.50344,-0.084413,45.1027,342.0
22.7859066873789,17.054,22.8357196878642,14.8878,2.0,16.60741,2.0,10.94923,-0.38239,45.6675,342.0
22.8026390876621,17.8721,22.8524337876588,18.437,2.0,16.6086,2.0,9.948138,-0.805044,46.4363,342.0
22.8191413879395,16.041,22.8707989882678,16.8101,2.0,16.60806,2.0,12.39845,-0.029095,46.4117,342.0
22.8357196878642,17.2557,22.8864994887263,17.2299,2.0,16.60867,2.0,9.21613,-0.417348,44.4553,342.0
22.8524337876588,15.969,22.9021866880357,14.0128,2.0,16.60807,2.0,11.61606,-0.002711,46.2815,342.0
22.8707989882678,17.3312,22.9196608886123,19.1572,2.0,16.60875,2.0,10.18046,0.02725,43.1754,342.0
22.8864994887263,16.987,22.9351853886619,13.8804,2.0,16.6091,2.0,11.82333,0.242633,44.5105,342.0
22.9021866880357,16.9392,22.9518082877621,18.2746,2.0,16.60941,2.0,11.09801,0.094002,45.3754,342.0
22.9196608886123,16.0861,22.9686134876683,16.9501,2.0,16.60892,2.0,11.89919,-0.066267,43.9467,342.0
22.9351853886619,16.9328,22.985535687767,15.5038,2.0,16.60922,2.0,10.85904,-0.688403,49.3859,342.0
22.9518082877621,14.692,23.0027393875644,20.132,2.0,16.60744,2.0,12.1854,0.418842,44.7181,342.0
22.9686134876683,18.2948,23.0194213883951,13.6258,2.0,16.60901,2.0,10.26445,-0.853735,43.1611,342.0
22.985535687767,17.0601,23.0350907882676,15.5027,2.0,16.60943,2.0,10.40671,-0.746667,45.7606,342.0
23.0027393875644,16.8606,23.052946488373,19.4596,2.0,16.60966,2.0,11.61285,-1.127506,43.5922,342.0
23.0194213883951,16.3663,23.0687379883602,14.1992,2.0,16.60943,2.0,10.27517,-0.453529,44.723,342.0
23.0350907882676,16.9862,23.0849829884246,18.115,2.0,16.60978,2.0,9.313398,-0.166232,43.1723,342.0
23.052946488373,16.6382,23.1019644876942,15.0868,2.0,16.60981,2.0,10.38147,0.306963,46.2762,342.0
23.0687379883602,15.9023,23.1192371873185,19.0058,2.0,16.60916,2.0,9.812303,-0.652158,44.2717,342.0
23.0849829884246,15.8227,23.1349115865305,13.8186,2.0,16.60843,2.0,11.37786,0.912754,45.2057,342.0
23.1019644876942,16.8407,23.1509359860793,17.7742,2.0,16.60864,2.0,9.833235,-0.176488,45.2484,342.0
23.1192371873185,17.7077,23.1682283869013,17.7505,2.0,16.60966,2.0,9.292267,-1.182572,42.5762,342.0
23.1349115865305,16.079,23.1838496867567,13.426,2.0,16.60917,2.0,10.77291,0.497028,47.3856,342.0
23.1509359860793,15.2247,23.2018927875906,20.0144,2.0,16.60789,2.0,9.417329,-0.325194,43.5863,342.0
23.1682283869013,17.9304,23.2177186869085,14.1309,2.0,16.60911,2.0,10.32293,0.11224,43.7837,342.0
23.1838496867567,17.0951,23.2352942861617,17.2922,2.0,16.60956,2.0,8.213737,-0.380193,45.5718,342.0
23.2018927875906,16.678,23.2536899857223,18.4651,2.0,16.60962,2.0,9.967958,0.422834,45.2641,342.0
23.2177186869085,16.6503,23.2681417856365,16.3428,2.0,16.60966,2.0,11.22055,-1.653212,44.9141,342.0
23.2352942861617,16.4428,23.2860695850104,16.0943,2.0,16.6095,2.0,10.36119,-0.3053,45.7276,342.0
23.2536899857223,16.9943,23.3020295854658,17.8058,2.0,16.60986,2.0,9.827172,-0.912675,45.3115,342.0
23.2681417856365,15.1777,23.3187745846808,14.7627,2.0,16.60855,2.0,11.12777,-0.595846,43.1591,342.0
23.2860695850104,18.3722,23.3348777852952,16.2189,2.0,16.61016,2.0,9.298294,-1.070947,46.1908,342.0
23.3020295854658,14.8215,23.3509477861226,17.852,2.0,16.60853,2.0,9.52836,0.051032,42.6916,342.0
23.3187745846808,18.5255,23.3678349852562,15.0259,2.0,16.61027,2.0,8.854693,-0.425168,43.5668,342.0
23.3348777852952,16.6457,23.3837905861437,17.521,2.0,16.61031,2.0,8.171466,-0.827489,40.9075,342.0
23.3509477861226,17.088,23.3998919855803,14.4283,2.0,16.61074,2.0,7.984412,0.606505,44.1075,342.0
23.3678349852562,16.75,23.4182398859411,19.9499,2.0,16.61087,2.0,12.6762,-0.10865,41.7984,342.0
23.3837905861437,16.5494,23.4338617855683,14.2398,2.0,16.61081,2.0,8.962075,-0.701689,46.243,342.0
23.3998919855803,15.4143,23.4520863862708,19.8589,2.0,16.60973,2.0,11.91955,-0.563252,42.3326,342.0
23.4182398859411,16.636,23.4666120866314,12.7255,2.0,16.60975,2.0,9.936647,-0.872755,43.999,342.0
23.4338617855683,17.1792,23.4838289869949,18.8452,2.0,16.61027,2.0,11.46797,0.562692,42.0314,342.0
23.4520863862708,16.6927,23.500127886422,14.725,2.0,16.61034,2.0,9.397168,-0.006034,44.2741,342.0
23.4666120866314,16.5575,23.5170460855588,18.7995,2.0,16.61029,2.0,10.92899,0.35263,42.9331,342.0
23.4838289869949,16.2405,23.5337855862454,14.8993,2.0,16.60996,2.0,10.2212,-1.122265,43.3111,342.0
23.500127886422,17.6821,23.549907987006,18.0599,2.0,16.61093,2.0,8.90605,0.05885,42.4725,342.0
23.5170460855588,16.2521,23.5672465870157,15.4136,2.0,16.6106,2.0,9.875189,-0.080346,43.2023,342.0
23.5337855862454,17.0272,23.5836438862607,17.758,2.0,16.61098,2.0,9.574852,-0.274244,42.0854,342.0
23.549907987006,16.0986,23.6000481871888,14.9804,2.0,16.61052,2.0,11.54825,-0.20289,43.7383,342.0
23.5672465870157,17.4116,23.6176590872929,19.0644,2.0,16.61124,2.0,10.19441,-0.916419,41.7849,342.0
23.5836438862607,16.479,23.6337796868756,14.5246,2.0,16.61112,2.0,10.47573,-0.291916,41.8619,342.0
23.6000481871888,17.1503,23.6489313868806,17.227,2.0,16.6116,2.0,11.05727,-0.450759,43.562,342.0
23.6176590872929,15.1781,23.6678114878014,16.8779,2.0,16.61032,2.0,8.707865,-0.893617,43.4297,342.0
23.6337796868756,16.841,23.6829501874745,16.7088,2.0,16.61052,2.0,11.52005,-0.737538,42.6277,342.0
23.6489313868806,17.1281,23.6989846881479,16.3258,2.0,16.61099,2.0,9.419746,-0.355776,42.2929,342.0
23.6678114878014,16.8279,23.7170311883092,16.492,2.0,16.61118,2.0,10.65704,1.331194,44.4898,342.0
23.6829501874745,14.934,23.7329366877675,17.1308,2.0,16.60968,2.0,9.17509,-0.80193,41.3531,342.0
23.6989846881479,17.9772,23.7492199875414,14.8405,2.0,16.6109,2.0,10.98712,-0.178216,42.7402,342.0
23.7170311883092,17.0337,23.7659676875919,18.4217,2.0,16.61128,2.0,10.29132,-0.709124,39.4718,342.0
23.7329366877675,17.3722,23.7818861883134,14.1021,2.0,16.61196,2.0,10.97436,0.017651,43.7501,342.0
23.7492199875414,15.6179,23.8001380879432,19.8961,2.0,16.61107,2.0,10.02402,-0.464967,41.8948,342.0
23.7659676875919,16.8434,23.8149254880846,14.9873,2.0,16.61128,2.0,9.847338,0.051715,40.205,342.0
23.7818861883134,17.121,23.832032488659,15.4311,2.0,16.61173,2.0,11.64888,0.372829,44.585,342.0
23.8001380879432,14.4803,23.8496285881847,18.8598,2.0,16.60984,2.0,10.09921,0.524482,42.5361,342.0
23.8149254880846,18.6748,23.8676704876125,16.626,2.0,16.61167,2.0,7.81873,-1.034878,41.6366,342.0
23.832032488659,16.8441,23.8821357879788,15.9446,2.0,16.61188,2.0,11.21942,-0.889338,43.0747,342.0
23.8496285881847,16.7423,23.9000476878136,18.1801,2.0,16.61199,2.0,8.617624,-0.318954,40.8082,342.0
23.8676704876125,16.6509,23.9161933884025,14.3903,2.0,16.61203,2.0,11.03395,-0.089478,44.7555,342.0
23.8821357879788,14.3456,23.9327372889966,18.2866,2.0,16.61002,2.0,8.866067,-0.407291,40.8419,342.0
23.9000476878136,19.2395,23.9496523886919,15.3276,2.0,16.61235,2.0,12.02248,-0.498486,42.2507,342.0
23.9161933884025,15.8919,23.9653267879039,17.2984,2.0,16.61171,2.0,9.314471,0.256819,42.0591,342.0
23.9327372889966,17.5363,23.9821408875287,17.3442,2.0,16.61253,2.0,10.07112,0.44255,39.1573,342.0
23.9496523886919,16.494,23.9980397876352,13.5918,2.0,16.61242,2.0,8.960978,-0.02365,44.3082,342.0
23.9653267879039,15.3008,24.0165929868817,20.452,2.0,16.61127,2.0,12.75284,-1.028996,41.2992,342.0
23.9821408875287,17.7441,24.0329015869647,14.7349,2.0,16.61226,2.0,10.32375,1.179758,40.0033,342.0
23.9980397876352,16.7364,24.0486480873078,15.4398,2.0,16.61237,2.0,11.19658,-0.84144,41.3831,342.0
24.0165929868817,16.3392,24.0650013871491,17.7191,2.0,16.61213,2.0,9.804791,-0.338138,40.0633,342.0
24.0329015869647,17.0625,24.0819823872298,15.7424,2.0,16.61253,2.0,9.504286,-0.010845,40.2158,342.0
24.0486480873078,16.8134,24.0978291872889,16.9657,2.0,16.6127,2.0,11.48448,-0.635452,39.5337,342.0
24.0650013871491,16.5334,24.114911487326,15.8503,2.0,16.61263,2.0,8.72265,-0.624685,41.4507,342.0
24.0819823872298,17.0494,24.1320106871426,18.9666,2.0,16.61302,2.0,10.44175,-0.059518,40.6636,342.0
24.0978291872889,16.3169,24.147566286847,15.5298,2.0,16.61276,2.0,8.956596,-0.808007,39.6952,342.0
24.114911487326,17.3832,24.1658389866352,16.416,2.0,16.61343,2.0,12.57274,-0.171096,42.5468,342.0
24.1320106871426,14.5568,24.1816694866866,17.4064,2.0,16.61164,2.0,7.48584,-0.690466,38.7653,342.0
24.147566286847,18.8603,24.1982180867344,15.0785,2.0,16.6136,2.0,12.36104,-0.436626,40.3563,342.0
24.1658389866352,16.1771,24.2148857861757,17.768,2.0,16.61322,2.0,9.477445,-0.046886,41.0003,342.0
24.1816694866866,16.9468,24.2319579869509,17.5904,2.0,16.61351,2.0,11.48545,-1.002263,38.2429,342.0
24.1982180867344,16.8577,24.2474706871435,14.0999,2.0,16.61372,2.0,9.854785,0.010226,42.4274,342.0
24.2148857861757,14.828,24.2651016870514,19.0129,2.0,16.61217,2.0,11.98262,-0.361949,38.1167,342.0
24.2319579869509,18.3853,24.2808371866122,14.0784,2.0,16.61371,2.0,9.698007,-0.644524,39.0879,342.0
24.2474706871435,16.4572,24.2980856867507,17.4237,2.0,16.61357,2.0,10.4086,0.387612,39.5951,342.0
24.2651016870514,16.9082,24.314479987137,17.4142,2.0,16.61383,2.0,9.784066,-1.012517,37.9654,342.0
24.2808371866122,17.2641,24.3299469873309,15.6347,2.0,16.61439,2.0,7.769626,-0.745405,38.0194,342.0
24.2980856867507,16.2505,24.3475136868656,16.304,2.0,16.61407,2.0,11.94799,0.475108,37.7346,342.0
24.3299469873309,18.4224,24.364665787667,18.1376,2.0,16.61564,2.0,9.968363,-0.99109,38.8719,342.0
24.3299469873309,14.001,24.3809318877757,15.1377,1.0,16.61338,2.0,12.66537,0.007412,38.5935,342.0
24.3475136868656,16.7448,24.3974305875599,16.488,2.0,16.61349,2.0,8.842149,0.711668,40.4754,342.0
24.364665787667,16.1589,24.4141536876559,18.019,2.0,16.6131,2.0,11.92832,-0.513458,38.8204,342.0
24.3809318877757,16.918,24.43077618815,15.2628,2.0,16.61336,2.0,9.702988,-0.326154,40.3616,342.0
24.3974305875599,16.9034,24.4475984890014,18.445,2.0,16.61361,1.0,10.97002,-0.730309,38.3951,342.0
24.4141536876559,17.1261,24.4640722889453,15.1592,2.0,16.61405,0.0,10.6763,0.103414,40.0579,342.0
24.43077618815,17.0059,24.481067288667,18.6749,2.0,16.61439,5.0,12.07259,0.156946,12.9656,342.0
24.5305377878249,92.9911,24.5475628878921,65.892,2.0,16.67995,5.0,8.80099,1.000398,26.9237,342.0
24.5305377878249,2.5368,24.5640804879367,16.508,0.0,16.66782,5.0,10.42919,0.448623,41.8077,342.0
24.5305377878249,1.9548,24.5819684881717,16.8244,1.0,16.65521,5.0,9.782332,0.138994,58.0458,342.0
24.5305377878249,1.346,24.5983432885259,17.5825,2.0,16.64211,5.0,10.75266,-0.630475,72.6176,342.0
24.5305377878249,1.2431,24.6153013892472,15.815,3.0,16.62893,5.0,10.28595,0.083509,87.2168,342.0
24.5475628878921,1.7907,24.6319849900901,16.3906,4.0,16.61625,5.0,11.97131,-0.348005,88.501904,342.0
24.5475628878921,14.6835,24.6468573901802,15.9771,4.0,16.6146,5.0,10.63709,0.227319,86.7986,342.0
24.5640804879367,17.9621,24.6642890907824,16.2494,5.0,16.61575,5.0,11.42065,-0.885043,89.2888,342.0
24.5819684881717,16.4449,24.6817882899195,18.9392,5.0,16.6156,5.0,9.256102,0.304216,88.213904,342.0
24.5983432885259,15.2175,24.6973378900439,14.1392,5.0,16.61441,5.0,10.52798,-0.813317,86.829504,342.0
24.6153013892472,18.3442,24.7140705902129,16.9592,5.0,16.61588,5.0,9.486106,-0.768992,90.3754,342.0
24.6319849900901,14.4364,24.7309204898775,17.9826,5.0,16.61403,5.0,9.783775,-0.574155,88.8442,342.0
24.6468573901802,16.7543,24.747498890385,15.2219,5.0,16.61415,5.0,10.58249,0.184304,91.000896,342.0
24.6642890907824,16.8961,24.76376629062,19.0541,5.0,16.61439,5.0,9.464505,-0.511348,90.1488,342.0
24.6817882899195,16.3663,24.7800348903984,15.5125,5.0,16.61418,5.0,10.18208,-0.354139,87.425,342.0
24.6973378900439,17.6576,24.7965619899333,14.9336,5.0,16.61506,5.0,9.571343,-0.761999,89.346096,342.0
24.7140705902129,16.009,24.8134672902524,17.9303,5.0,16.61455,5.0,11.10598,-0.088275,88.8332,342.0
24.7309204898775,17.4323,24.8298033904284,16.9185,5.0,16.61524,5.0,9.701317,-0.049068,84.905904,342.0
24.76376629062,18.8505,24.8467085901648,14.9233,5.0,16.61713,5.0,12.68279,-0.465677,90.6208,342.0
24.76376629062,12.4754,24.862119990401,18.1899,4.0,16.61363,5.0,10.72826,-0.280666,90.019104,342.0
24.7800348903984,17.7322,24.8819730905816,17.1299,5.0,16.61458,5.0,12.3371,1.162847,88.0166,342.0
24.7965619899333,16.8492,24.8969292901456,14.8474,5.0,16.61478,5.0,9.562848,-1.680667,91.411,342.0
24.8134672902524,14.9468,24.9131904896349,18.3402,5.0,16.61337,5.0,10.15104,0.227019,88.985696,342.0
24.8298033904284,18.1697,24.9309339895844,15.7553,5.0,16.61468,5.0,11.6029,0.113077,85.784496,342.0
24.862119990401,20.0321,24.9478631895036,16.8274,5.0,16.61756,5.0,10.57607,-0.0511,90.763296,342.0
24.862119990401,12.4836,24.9645970892161,17.4549,4.0,16.61408,5.0,9.361668,-0.532665,89.0532,342.0
24.8819730905816,17.9016,24.9792834892869,16.1904,5.0,16.61516,5.0,11.79618,0.002567,89.2318,342.0
24.9131904896349,16.6174,24.9969596900046,16.7959,5.0,16.61516,5.0,10.25897,-0.431754,89.479296,342.0
24.9131904896349,15.8195,25.0120883900672,16.0681,4.0,16.6145,5.0,12.08715,0.217232,88.695504,342.0
24.9309339895844,18.4891,25.0307334903628,17.7033,5.0,16.61607,5.0,7.916467,-0.007018,85.438,342.0
24.9645970892161,18.7621,25.0462733907625,15.5044,5.0,16.61786,5.0,13.55138,-0.254624,87.9312,342.0
24.9792834892869,15.2708,25.0624701911584,17.7644,4.0,16.61674,5.0,9.461123,0.561267,88.172096,342.0
24.9969596900046,15.2717,25.0797885907814,15.5136,4.0,16.61561,5.0,10.0921,-0.007925,87.5738,342.0
25.0120883900672,17.6961,25.0959432916716,17.0957,4.0,16.61651,5.0,9.933865,-0.617633,89.3442,342.0
25.0120883900672,15.3304,25.112476692535,17.1013,4.0,16.61544,5.0,10.14243,-0.149863,85.897104,342.0
25.0462733907625,18.851,25.129260792397,15.4111,5.0,16.61731,5.0,11.47525,-0.490021,85.8114,342.0
25.0624701911584,17.8603,25.1460943920538,17.7661,4.0,16.61834,5.0,12.05507,0.084467,88.181696,342.0
25.0797885907814,15.5971,25.1649024924263,17.9672,4.0,16.61749,5.0,9.933618,-0.910247,86.193696,342.0
25.0959432916716,15.9043,25.1791638927534,13.9165,4.0,16.6169,5.0,11.79172,-0.136246,86.452704,342.0
25.112476692535,18.2964,25.1957269934937,18.5552,4.0,16.61829,5.0,10.09963,-1.014211,86.4126,342.0
25.129260792397,14.9511,25.212225892581,14.9192,4.0,16.61691,5.0,11.07572,-0.771021,86.7104,342.0
25.1460943920538,17.0336,25.2283033924177,17.3223,4.0,16.61725,5.0,9.802933,-0.945142,85.008,342.0
25.1460943920538,16.2376,25.2442095922306,14.5346,4.0,16.61694,5.0,12.17556,-0.794821,85.2942,342.0
25.1791638927534,16.8764,25.2618840923533,17.1726,5.0,16.61716,5.0,10.40602,-0.609277,86.859104,342.0
25.1957269934937,18.3367,25.2793068932369,19.9002,4.0,16.61858,5.0,12.20263,-1.01256,83.9506,342.0
25.212225892581,15.4132,25.2941481936723,12.5058,4.0,16.61758,5.0,9.976847,0.777106,86.056304,342.0
25.2283033924177,16.5332,25.3118962943554,18.6283,4.0,16.61751,5.0,12.67605,-1.023397,87.999904,342.0
25.2442095922306,16.4312,25.3304696939886,18.3835,4.0,16.61736,5.0,9.813411,-0.519559,86.924096,342.0
25.2618840923533,15.868,25.3468077946454,14.7832,4.0,16.61674,5.0,12.83242,-0.31259,86.3846,342.0
25.2793068932369,19.0675,25.3638452943414,18.5279,4.0,16.61876,5.0,10.76634,0.056804,87.1554,342.0
25.2941481936723,14.5735,25.3788895942271,15.344,4.0,16.61707,5.0,12.60082,-0.566219,85.7806,342.0
25.3118962943554,16.2333,25.3943911939859,14.858,4.0,16.61676,4.0,11.04708,1.405931,85.882,342.0
25.3304696939886,18.092,25.4121227934957,18.1934,4.0,16.61797,3.0,12.46886,-0.117156,87.093104,342.0
25.3304696939886,14.4657,25.4275523936376,15.6767,4.0,16.6162,2.0,11.10459,0.122695,84.831504,342.0
25.3468077946454,17.0347,25.4440791932866,14.7722,5.0,16.61655,1.0,10.7903,-0.080339,86.187904,342.0
25.3788895942271,16.9222,25.4623917927966,18.2792,5.0,16.6168,0.0,10.79926,-1.686955,86.718,342.0
25.3943911939859,16.9833,25.4783011926338,17.5131,4.0,16.6171,4.0,12.24009,1.50812,9.542,342.0
25.4783011926338,94.4021,25.4941509934142,17.2261,4.0,16.68075,3.0,9.220396,-0.703063,22.8928,342.0
25.4783011926338,0.6034,25.5109505942091,13.9519,0.0,16.66761,2.0,11.57432,-0.424447,38.9781,342.0
25.4941509934142,3.1089,25.5283614946529,19.1942,1.0,16.65653,1.0,10.46907,1.811548,52.7398,342.0
25.4941509934142,2.0618,25.544180794619,15.8232,1.0,16.64462,0.0,8.474956,-0.167232,68.148,342.0
25.4941509934142,1.3195,25.5626499941573,16.7269,2.0,16.63211,5.0,10.38041,-1.275422,10.602,342.0
25.5626499941573,76.3648,25.5779285943136,18.82,3.0,16.6808,5.0,9.780239,0.282848,22.9817,342.0
25.5626499941573,1.8823,25.5936587946489,14.2608,0.0,16.66875,5.0,11.90705,-0.505525,38.2427,342.0
25.5779285943136,1.9415,25.6109567945823,17.2031,1.0,16.65676,5.0,12.27618,-0.537432,51.3438,342.0
25.5779285943136,2.2686,25.6275005945936,15.3689,1.0,16.64507,5.0,10.37156,0.274176,66.8676,342.0
25.5779285943136,1.9541,25.6439126944169,17.4775,2.0,16.63313,4.0,10.99215,0.003445,80.5234,342.0
25.5779285943136,1.436,25.6608600942418,15.0905,3.0,16.6208,3.0,12.21295,-0.126534,84.944704,342.0
25.5936587946489,11.4447,25.6768558947369,15.8677,4.0,16.6166,2.0,8.151432,-0.399617,85.901296,342.0
25.6109567945823,18.3622,25.6941668940708,19.3273,4.0,16.61801,1.0,11.67872,-0.411788,83.716096,342.0
25.6275005945936,16.4655,25.7104636942968,14.2882,4.0,16.61789,0.0,11.07315,-0.494457,88.65,342.0
25.6439126944169,15.5302,25.7288448950276,20.4466,4.0,16.61701,5.0,11.34892,-0.466152,9.7617,342.0
25.7288448950276,96.3888,25.7454900955781,17.5006,4.0,16.6815,5.0,10.88303,-0.793131,22.2106,342.0
25.7288448950276,0.5566,25.7606027955189,13.0034,0.0,16.66847,5.0,12.05162,0.202986,36.6911,342.0
25.7454900955781,3.4108,25.7767934957519,17.8916,1.0,16.65777,5.0,9.396555,-0.736553,49.8211,342.0
25.7454900955781,1.8181,25.7934184959158,14.9585,1.0,16.6458,5.0,9.848734,0.087939,65.9906,342.0
25.7454900955781,1.1487,25.8107832958922,17.3066,2.0,16.63332,5.0,10.32702,0.553934,82.815504,342.0
25.7454900955781,0.4685,25.8265709960833,17.2935,3.0,16.6203,5.0,10.42919,-0.027502,82.5996,342.0
25.7606027955189,15.2527,25.8433006955311,15.0374,4.0,16.6192,5.0,10.54366,-0.718907,84.9642,342.0
25.7767934957519,15.1439,25.8605721956119,17.5089,4.0,16.61802,5.0,10.62235,-0.114677,85.949296,342.0
25.7934184959158,16.7299,25.876349796541,17.7148,4.0,16.6181,5.0,10.62343,0.123065,84.5716,342.0
25.8107832958922,16.5757,25.8933922974393,15.1974,4.0,16.61807,5.0,8.469314,-0.413111,86.509696,342.0
25.8265709960833,16.0967,25.9099336983636,18.0347,4.0,16.61765,5.0,11.43255,-0.795756,84.6144,342.0
25.8433006955311,16.8485,25.9264049986377,14.9526,4.0,16.61784,5.0,10.08416,-0.443927,83.869296,342.0
25.8605721956119,17.3648,25.9433517986909,16.6198,4.0,16.61844,5.0,11.38357,-0.854442,86.2704,342.0
25.876349796541,16.902,25.9603443993255,19.3117,4.0,16.61866,4.0,9.144802,-0.716477,82.941504,342.0
25.8933922974393,16.8453,25.9765004990622,13.5139,4.0,16.61884,4.0,9.773707,-0.455106,81.878704,342.0
25.9099336983636,16.7048,25.9922368982807,15.6353,4.0,16.61891,5.0,12.21108,0.011776,84.876704,342.0
25.9264049986377,16.7194,26.0092941978946,19.7249,4.0,16.61899,4.0,9.417235,-0.419915,83.117504,342.0
25.9433517986909,15.7211,26.025926397182,13.9635,4.0,16.61828,4.0,11.69431,-0.214853,84.7482,342.0
25.9603443993255,16.069,26.0433492967859,17.6903,4.0,16.61784,5.0,10.47236,0.723454,83.8104,342.0
25.9765004990622,18.4768,26.0588948968798,17.5378,4.0,16.61932,4.0,12.42463,-0.86265,82.586,342.0
25.9922368982807,16.3574,26.0760699976236,15.1327,4.0,16.61911,4.0,10.64824,-0.503172,81.538096,342.0
26.0092941978946,17.2081,26.0921921972185,16.1678,4.0,16.61958,5.0,12.52298,0.279051,85.5918,342.0
26.025926397182,16.1927,26.1098550967872,20.2379,4.0,16.61924,5.0,10.44921,0.114043,79.7124,342.0
26.0433492967859,21.2912,26.1271056961268,15.4121,4.0,16.62295,5.0,10.09282,-0.650163,86.3774,342.0
26.0588948968798,9.8033,26.1418951964006,16.4684,4.0,16.61754,4.0,11.70782,-0.180629,82.668304,342.0
26.0760699976236,18.7505,26.1591812958941,15.0788,4.0,16.61923,5.0,10.49155,-0.759362,84.936096,342.0
26.0921921972185,16.6516,26.175890895538,18.8808,4.0,16.61926,5.0,12.04275,-0.293836,84.326896,342.0
26.1098550967872,16.163,26.1931232949719,15.5696,4.0,16.61889,5.0,9.57775,-0.364357,82.208704,342.0
26.1271056961268,18.0561,26.2092259945348,15.9219,4.0,16.62003,5.0,12.61397,-0.657748,84.629296,342.0
26.1418951964006,15.8418,26.2252185950056,18.2617,4.0,16.61942,5.0,10.02335,-0.003319,83.247,342.0
26.1591812958941,17.4113,26.2433913955465,16.0288,4.0,16.62004,4.0,11.25906,0.05274,82.1666,342.0
26.175890895538,15.6414,26.2581691956148,14.5697,4.0,16.61927,5.0,10.26826,-0.157983,84.166896,342.0
26.1931232949719,17.3485,26.2752729961649,19.347,4.0,16.61984,4.0,11.53283,0.172578,82.4824,342.0
26.2092259945348,15.9636,26.2919826963916,14.2721,4.0,16.61933,4.0,11.90056,-0.644951,83.620304,342.0
26.2252185950056,17.3049,26.3089569965377,18.4419,4.0,16.61987,3.0,8.910136,-0.519659,82.850096,342.0
26.2433913955465,16.4481,26.3250666959211,15.6779,4.0,16.61973,2.0,11.69846,-0.85345,80.625504,342.0
26.2581691956148,16.7506,26.3411621963605,14.5255,4.0,16.61983,1.0,10.61635,-0.114762,81.157504,342.0
26.2752729961649,16.6732,26.3584317965433,17.2053,4.0,16.61988,0.0,10.72992,-1.012494,83.3942,342.0
26.2919826963916,17.4429,26.3779973974451,19.6793,4.0,16.62052,3.0,11.78926,-0.467314,9.1702,342.0
26.3779973974451,93.6592,26.3931170972064,19.4344,4.0,16.6809,4.0,10.27278,-0.153932,16.9872,342.0
26.3931170972064,2.254,26.4077851967886,10.0702,0.0,16.6696,5.0,12.02042,-0.730217,33.8743,342.0
26.3931170972064,2.5529,26.4251998970285,19.4388,0.0,16.65855,5.0,10.55555,-0.415683,49.6982,342.0
26.3931170972064,2.2735,26.4421365978196,18.0971,1.0,16.64731,4.0,10.73616,-0.175032,60.8498,342.0
26.3931170972064,2.168,26.4579576971009,13.3194,2.0,16.63599,4.0,10.62725,-0.635071,76.456096,342.0
26.3931170972064,2.496,26.4745545974001,18.1039,3.0,16.62496,4.0,9.497162,-0.199244,80.768704,342.0
26.4077851967886,11.228,26.491814496927,15.5393,4.0,16.62075,4.0,10.64299,-0.198594,85.482496,342.0
26.4251998970285,13.7826,26.5081754969433,18.4958,4.0,16.61853,4.0,11.78471,-0.459323,81.402,342.0
26.4421365978196,18.3133,26.5249868975952,14.2323,4.0,16.61985,5.0,9.043332,0.242452,83.8502,342.0
26.4579576971009,16.9083,26.541724097915,19.3587,4.0,16.62008,4.0,10.66682,-0.698223,81.5736,342.0
26.4745545974001,16.8921,26.5582939973101,14.613,4.0,16.62029,5.0,9.946083,0.021032,83.412,342.0
26.491814496927,16.6409,26.5748887965456,18.4799,4.0,16.62031,5.0,10.64523,-0.827811,84.4834,342.0
26.5081754969433,16.815,26.5921772969887,17.8849,4.0,16.62046,4.0,10.38597,-0.387481,81.485504,342.0
26.5249868975952,17.0754,26.6080882968381,14.0783,4.0,16.62081,4.0,9.531744,-0.529909,82.517104,342.0
26.541724097915,15.9169,26.6239548968151,16.9482,4.0,16.62026,4.0,10.30639,-0.786617,80.9312,342.0
26.5582939973101,17.1998,26.6417824970558,15.6126,4.0,16.62071,5.0,9.362623,-0.315953,85.5326,342.0
26.5748887965456,15.2647,26.6593924975023,19.8659,4.0,16.61966,4.0,11.36465,-0.813101,81.0968,342.0
26.5921772969887,18.9423,26.6742443973199,14.5147,4.0,16.62146,4.0,9.882123,-1.310233,81.598496,342.0
26.6080882968381,15.7929,26.6921260980889,16.2866,4.0,16.62082,5.0,9.264668,-0.181109,82.1792,342.0
26.6239548968151,17.0827,26.7079144986346,17.6626,4.0,16.62118,4.0,10.39371,-0.211556,82.294496,342.0
26.6417824970558,16.1526,26.7239799993113,16.2673,4.0,16.62082,4.0,11.52438,-1.131423,81.4674,342.0
26.6593924975023,15.0416,26.7406422002241,14.2147,4.0,16.6196,4.0,8.871809,-0.350909,81.239504,342.0
26.6742443973199,19.8298,26.7577329995111,19.6028,4.0,16.62207,4.0,9.877817,0.542487,80.863696,342.0
26.6921260980889,15.721,26.7750637000427,15.3429,4.0,16.62138,4.0,10.15515,0.019433,81.4636,342.0
26.7079144986346,14.5947,26.7908768998459,15.2371,4.0,16.61982,5.0,10.2883,0.059715,82.8778,342.0
26.7239799993113,18.4786,26.8086155997589,19.8499,4.0,16.62125,4.0,10.64843,0.048099,79.8254,342.0
26.7406422002241,16.4725,26.8240251000971,13.4202,4.0,16.62113,4.0,10.65471,-0.444958,80.530496,342.0
26.7577329995111,17.0012,26.8402287997305,17.7056,4.0,16.62142,4.0,11.28736,0.154193,80.653296,342.0
26.7750637000427,14.8875,26.8570888005197,15.0104,4.0,16.62009,5.0,9.517323,-1.226695,81.9112,342.0
26.7908768998459,17.3791,26.8738275002688,18.6366,4.0,16.62068,4.0,12.30841,-0.224713,82.334,342.0
26.8086155997589,16.2727,26.8904149010777,16.7053,4.0,16.62041,4.0,10.06381,-0.342482,78.807696,342.0
26.8240251000971,18.1897,26.9070654008538,14.6528,4.0,16.62161,5.0,8.420967,0.05917,81.787104,342.0
26.8402287997305,16.0251,26.9241019003093,19.0045,4.0,16.62115,4.0,10.64128,1.003684,81.841104,342.0
26.8570888005197,16.5471,26.9406294003129,16.6013,4.0,16.6211,4.0,9.126201,0.427339,81.124,342.0
26.8738275002688,14.233,26.9560719998553,13.5155,4.0,16.61927,4.0,10.34946,-0.525874,80.664096,342.0
26.8904149010777,19.4737,26.9749258002266,19.0135,4.0,16.62145,4.0,9.248107,-1.455322,81.692496,342.0
26.9070654008538,16.0792,26.9900743998587,17.107,4.0,16.62104,4.0,10.5169,-1.02407,81.539696,342.0
26.9241019003093,15.2263,27.0071887001395,15.0734,4.0,16.61998,5.0,10.54861,0.249983,81.622096,342.0
26.9406294003129,18.8893,27.0239189006388,18.9708,4.0,16.6217,4.0,10.77038,0.466294,80.940304,342.0
26.9560719998553,16.2144,27.0401540007442,15.5322,4.0,16.62139,4.0,9.32273,-0.687153,77.6344,342.0
26.9749258002266,18.3108,27.0569079015404,15.0051,4.0,16.62268,4.0,9.357716,0.2211,78.9332,342.0
26.9900743998587,16.4247,27.0731356013566,17.7228,4.0,16.62253,4.0,10.19796,-0.826716,78.710096,342.0
27.0071887001395,15.4308,27.0896798018366,15.2075,4.0,16.62162,4.0,9.296474,-1.274254,83.6002,342.0
27.0239189006388,14.2805,27.1071694027632,19.171,4.0,16.61985,4.0,9.648422,-0.534816,79.8986,342.0
27.0401540007442,19.1237,27.1227169027552,15.421,4.0,16.62174,4.0,12.28867,-0.338252,81.2006,342.0
27.0569079015404,16.2615,27.1417297022417,17.5655,4.0,16.62147,4.0,10.45282,-0.154007,77.7748,342.0
27.0731356013566,17.8051,27.1562016019598,14.377,4.0,16.62237,4.0,10.26741,0.032624,80.9652,342.0
27.0896798018366,15.2623,27.1728979023173,18.4522,4.0,16.62134,4.0,8.855553,-0.266954,81.911,342.0
27.1071694027632,15.9037,27.1895975014195,16.8493,4.0,16.6208,4.0,12.1156,1.33338,78.4888,342.0
27.1227169027552,18.6933,27.2067392012104,15.2709,4.0,16.62236,4.0,9.243216,-0.64014,79.511104,342.0
27.1417297022417,17.399,27.223076001741,18.4216,4.0,16.62295,4.0,11.84935,-1.307836,78.251104,342.0
27.1562016019598,15.3585,27.2393660014495,14.0979,4.0,16.62199,4.0,10.93542,-0.490232,79.615,342.0
27.1728979023173,15.7846,27.2562913009897,17.1483,4.0,16.62136,4.0,9.577652,-0.065996,79.432896,342.0
27.1895975014195,18.2434,27.2727097002789,18.0609,4.0,16.62258,4.0,10.83581,-0.54126,77.773504,342.0
27.2067392012104,16.3948,27.2893242994323,14.7351,4.0,16.62241,4.0,8.775076,-0.773236,81.259104,342.0
27.223076001741,15.2313,27.306417199783,18.7165,4.0,16.62137,4.0,10.20635,0.284588,79.419904,342.0
27.2393660014495,17.591,27.3237279998139,15.7516,4.0,16.6221,4.0,10.00802,-0.916178,77.365696,342.0
27.2562913009897,17.3113,27.3390815993771,15.2569,4.0,16.62261,4.0,7.48704,0.317056,79.181,342.0
27.2727097002789,16.6587,27.3562123989686,18.4736,4.0,16.62264,4.0,9.700636,-0.519243,78.309904,342.0
27.2893242994323,16.4523,27.3728316994384,15.5806,4.0,16.62251,4.0,12.23703,-0.657042,77.414096,342.0
27.306417199783,16.8276,27.3889810992405,15.9321,4.0,16.62267,4.0,9.445896,0.651285,79.731904,342.0
27.3237279998139,16.4541,27.4058889998123,18.7723,4.0,16.62254,4.0,11.53856,0.041412,77.947904,342.0
27.3390815993771,16.5239,27.4224521005526,14.7389,4.0,16.62247,4.0,9.737236,-0.257611,77.569696,342.0
27.3562123989686,16.9319,27.4391749007627,16.5552,4.0,16.6227,4.0,12.40581,-0.026134,79.2896,342.0
27.3728316994384,16.7621,27.4559200005606,18.4796,4.0,16.6228,4.0,8.768278,-0.599526,78.390704,342.0
27.3889810992405,16.2837,27.472901600413,15.385,4.0,16.62255,4.0,12.29024,-0.042318,79.008304,342.0
27.4058889998123,17.0328,27.4889373006299,17.6498,4.0,16.62285,4.0,8.766643,-0.858868,77.916704,342.0
27.4224521005526,15.6314,27.5051110005006,14.5396,4.0,16.62212,4.0,11.90954,-0.461718,80.0284,342.0
27.4391749007627,16.9161,27.5223609013483,19.0278,4.0,16.62233,4.0,9.494715,-0.837991,80.03,342.0
27.4559200005606,17.1054,27.5396171016619,17.1068,4.0,16.62269,4.0,10.05629,-0.3508,77.777504,342.0
27.472901600413,16.0456,27.5549403019249,13.7924,4.0,16.62226,4.0,9.271111,1.323655,80.097,342.0
27.4889373006299,17.5864,27.5730139017105,19.9055,4.0,16.62298,4.0,11.77493,-0.556063,78.5772,342.0
27.5051110005006,16.6808,27.5899528022856,15.161,4.0,16.62302,4.0,9.371026,-0.609747,79.168,342.0
27.5223609013483,15.0114,27.6056014019996,15.6028,4.0,16.62183,4.0,12.28312,1.337369,78.505904,342.0
27.5396171016619,18.9415,27.6220497023314,18.2861,4.0,16.62355,4.0,9.426568,0.281946,76.603104,342.0
27.5549403019249,16.7931,27.6389199029654,14.8822,4.0,16.62367,4.0,12.71782,0.533423,79.8648,342.0
27.5730139017105,14.8176,27.6551790032536,18.079,4.0,16.62234,4.0,10.50299,-0.773452,77.0062,342.0
27.5899528022856,18.0075,27.6720776036382,15.1483,4.0,16.62336,4.0,12.3327,-0.169127,77.580096,342.0
27.6056014019996,15.5916,27.6881847027689,16.1657,4.0,16.6226,4.0,9.306745,-0.794837,79.483904,342.0
27.6220497023314,16.2879,27.7049577031285,18.1917,4.0,16.62235,4.0,8.762763,-0.020647,77.104096,342.0
27.6389199029654,16.9571,27.720968503505,14.5767,4.0,16.6226,4.0,9.654647,-1.279112,78.9122,342.0
27.6551790032536,16.7107,27.7379855029285,18.5181,4.0,16.62266,4.0,12.43953,0.345057,76.6134,342.0
27.6720776036382,16.9311,27.7540634032339,14.6328,4.0,16.62289,4.0,7.670154,-0.302314,77.033,342.0
27.6881847027689,16.7035,27.7710742037743,17.1221,4.0,16.62295,4.0,11.04718,0.964228,77.941296,342.0
27.7049577031285,17.5538,27.7882026042789,18.4626,4.0,16.62363,4.0,8.821052,-0.479097,75.6062,342.0
27.720968503505,17.282,27.8048443049192,14.9457,4.0,16.62412,4.0,12.47963,-0.333322,77.189696,342.0
27.7379855029285,15.8186,27.8221716042608,17.4023,4.0,16.62353,4.0,9.961537,1.168003,77.037296,342.0
27.7540634032339,18.2125,27.8386970050633,18.06,4.0,16.62469,4.0,10.60865,-0.347272,77.266304,342.0
27.7710742037743,14.1133,27.8543806057423,14.3419,4.0,16.62285,4.0,11.83731,0.582208,79.670496,342.0
27.7882026042789,16.3023,27.8716386053711,18.7059,4.0,16.62262,4.0,11.19024,-0.778393,79.2434,342.0
27.8048443049192,17.2144,27.888267705217,16.7886,4.0,16.62305,4.0,10.99711,-0.439897,77.056704,342.0
27.8221716042608,16.9027,27.9046810045838,14.715,4.0,16.62325,4.0,9.324472,0.273287,80.157,342.0
27.8386970050633,16.5404,27.9224525038153,19.6396,4.0,16.62319,4.0,9.799897,-0.580634,77.291904,342.0
27.8543806057423,17.4835,27.9373028036207,14.6193,4.0,16.62382,4.0,12.20472,-0.09658,78.0116,342.0
27.8716386053711,14.5394,27.9541057031602,15.2585,4.0,16.6223,4.0,9.100597,0.519089,78.153296,342.0
27.888267705217,19.061,27.9717515036464,19.2021,4.0,16.62408,4.0,10.21357,-0.074133,77.4864,342.0
27.9046810045838,15.6235,27.9881758037955,14.9559,4.0,16.62335,4.0,10.00519,0.493924,78.534,342.0
27.9224525038153,15.6274,28.0049741044641,16.6747,4.0,16.62263,4.0,11.20209,0.56864,77.4724,342.0
27.9373028036207,18.9498,28.021353604272,17.8878,4.0,16.62432,4.0,10.5626,-0.053681,77.2406,342.0
27.9541057031602,15.9381,28.0385123044252,15.7067,4.0,16.62382,4.0,12.18161,0.23592,76.307104,342.0
27.9717515036464,16.8168,28.0530434045941,15.8828,4.0,16.62396,4.0,9.605834,-0.571044,75.738496,342.0
27.9881758037955,17.8772,28.070173105225,17.3081,4.0,16.62487,4.0,12.25568,0.052535,75.296896,342.0
28.0049741044641,16.2188,28.0876731052995,15.7778,4.0,16.62457,4.0,10.05121,-0.778079,76.906896,342.0
28.021353604272,15.9172,28.1037674061954,17.5261,4.0,16.62406,4.0,11.06633,-0.395848,74.5142,342.0
28.0385123044252,17.4687,28.1203074064106,15.0761,4.0,16.62467,4.0,10.23948,-0.941837,77.2668,342.0
28.0530434045941,14.049,28.1369153056294,16.8016,4.0,16.62281,4.0,11.04126,-0.571525,77.639296,342.0
28.070173105225,19.1904,28.1545456051826,19.5684,4.0,16.62467,4.0,9.306081,-0.289588,75.009696,342.0
28.0876731052995,16.4243,28.1702335048467,13.7885,4.0,16.62452,4.0,10.20258,0.034161,78.9944,342.0
28.1037674061954,14.4856,28.1869124043733,18.4704,4.0,16.62298,4.0,11.66054,-0.643901,76.096704,342.0
28.1203074064106,18.0847,28.2040814049542,15.1861,4.0,16.62403,4.0,10.53356,-0.583492,75.049904,342.0
28.1369153056294,17.4403,28.22046530433,16.3932,4.0,16.62462,4.0,9.690579,-0.660603,77.0868,342.0
28.1545456051826,16.7669,28.237587204203,18.804,4.0,16.62472,4.0,12.66355,-0.703,75.655296,342.0
28.1702335048467,15.7936,28.2536951042712,14.3617,4.0,16.62412,4.0,9.650437,-0.583865,76.361104,342.0
28.1869124043733,17.0366,28.2699161041528,17.742,4.0,16.62442,4.0,12.55173,1.163763,75.802,342.0
28.2040814049542,16.2903,28.2870929036289,15.7312,4.0,16.62418,4.0,12.33099,0.24869,76.079696,342.0
28.22046530433,17.2448,28.302968904376,17.5226,4.0,16.62463,4.0,10.20014,-0.671759,75.322,342.0
28.237587204203,16.2629,28.3201811052859,15.5041,4.0,16.62437,4.0,11.678,0.246839,75.627296,342.0
28.2536951042712,17.139,28.3375944048166,17.4444,4.0,16.62474,4.0,10.55869,-0.856071,76.5396,342.0
28.2699161041528,16.9769,28.3537697046995,17.8888,4.0,16.62499,4.0,12.2854,-0.838494,74.6574,342.0
28.2870929036289,16.307,28.3698825053871,14.4243,4.0,16.62476,4.0,10.7003,-0.679718,74.318096,342.0
28.302968904376,17.6075,28.3870726060122,17.2684,4.0,16.62547,4.0,12.42136,-0.371259,77.228304,342.0
28.3201811052859,15.3872,28.4037412051111,18.2968,4.0,16.62458,4.0,10.58854,0.259532,77.110896,342.0
28.3375944048166,16.2739,28.4214890059084,16.1563,4.0,16.62433,4.0,10.39351,0.362404,74.5244,342.0
28.3537697046995,17.0797,28.4360801056027,14.4932,4.0,16.62465,4.0,9.773359,-0.633657,76.0318,342.0
28.3698825053871,16.5308,28.4527587052435,18.0402,4.0,16.62459,4.0,12.37206,0.610308,75.241696,342.0
28.3870726060122,16.7958,28.4701787047088,16.0035,4.0,16.62471,4.0,9.827071,-0.170376,76.0316,342.0
28.4037412051111,14.9587,28.4859219044447,15.7487,4.0,16.62352,4.0,12.56169,-0.546586,73.828704,342.0
28.4214890059084,19.6361,28.5019298046827,17.4325,4.0,16.62567,4.0,10.89402,-0.163642,74.1796,342.0
28.4360801056027,15.5279,28.5192458052188,15.8789,4.0,16.62489,4.0,10.54776,0.508028,73.974896,342.0
28.4527587052435,17.0622,28.53607060574,16.8567,4.0,16.6252,4.0,11.65247,-0.466717,76.2398,342.0
28.4701787047088,16.3423,28.5531949065626,18.6073,4.0,16.625,4.0,8.126396,-1.031174,74.821504,342.0
28.4859219044447,16.8394,28.5699892062694,15.4211,4.0,16.62515,4.0,11.12256,-0.370543,77.5592,342.0
28.5019298046827,15.7026,28.5866282060742,18.4395,4.0,16.62449,4.0,12.22979,-1.377738,75.5414,342.0
28.5192458052188,17.6689,28.602430306375,15.6505,4.0,16.62523,4.0,9.374676,0.089951,73.528496,342.0
28.53607060574,17.0245,28.6191965062171,15.0118,4.0,16.62552,4.0,11.79139,-0.725006,75.443904,342.0
28.5531949065626,16.2112,28.6359140053391,18.1259,4.0,16.62522,4.0,10.26284,0.267574,74.0476,342.0
28.5699892062694,17.1086,28.6527626048774,15.7124,4.0,16.62557,4.0,11.80277,0.525017,75.058896,342.0
28.5866282060742,15.2121,28.6691988054663,16.2231,4.0,16.62457,4.0,9.406817,-0.107787,75.483696,342.0
28.602430306375,18.421,28.6865878049284,18.8458,4.0,16.62584,4.0,12.22257,-0.467843,72.7288,342.0
28.6191965062171,16.7913,28.702069205232,14.0377,4.0,16.62595,4.0,11.05514,0.41861,74.726,342.0
28.6359140053391,14.9944,28.7191937053576,16.9921,4.0,16.6248,4.0,9.911638,0.694752,75.590896,342.0
28.6527626048774,17.2346,28.7357990061864,18.0966,4.0,16.62523,4.0,13.09925,0.198526,74.164,342.0
28.6691988054663,16.388,28.7520498065278,14.9606,4.0,16.62506,4.0,9.691706,-0.356347,75.616096,342.0
28.6865878049284,17.3682,28.7693553073332,18.8204,4.0,16.62559,4.0,12.17293,-0.066353,75.842096,342.0
28.702069205232,16.8408,28.786432207562,17.0688,4.0,16.62574,4.0,11.49088,-0.684693,73.001296,342.0
28.7191937053576,16.9152,28.8019673079252,14.0717,4.0,16.62594,4.0,9.635087,-1.25536,73.748,342.0
28.7357990061864,16.4203,28.8192811086774,17.1668,4.0,16.6258,4.0,9.900743,0.424829,75.440096,342.0
28.7520498065278,16.6323,28.8357017077506,18.3256,4.0,16.6258,4.0,10.41729,-0.458496,75.4108,342.0
28.7693553073332,15.3622,28.8529217075557,15.3313,4.0,16.62492,4.0,9.220448,1.112555,72.066496,342.0
28.786432207562,19.1773,28.8689109068364,15.8323,4.0,16.62671,4.0,11.06997,-0.92061,75.2952,342.0
28.8019673079252,15.3179,28.8859114069492,18.5465,4.0,16.62579,4.0,11.46155,-0.36205,73.661,342.0
28.8192811086774,16.3835,28.9022100064903,14.7498,4.0,16.62562,4.0,10.21895,-0.692042,76.469296,342.0
28.8357017077506,16.4292,28.9197381064296,19.237,4.0,16.62548,4.0,11.80549,-0.3766,71.8176,342.0
28.8529217075557,18.4498,28.935177506879,13.7975,4.0,16.62676,4.0,10.89446,-0.240325,73.604,342.0
28.8689109068364,15.3175,28.952183207497,17.1043,4.0,16.62584,4.0,13.07797,-0.722727,78.5166,342.0
28.8859114069492,16.2757,28.9698222074658,21.1873,4.0,16.6256,4.0,9.738096,-0.001704,76.0258,342.0
28.9022100064903,16.9528,28.9859902076423,14.4621,4.0,16.62583,4.0,12.10935,-0.18602,73.191104,342.0
28.9197381064296,16.982,29.0020538084209,14.1605,4.0,16.62608,4.0,8.85851,-0.438556,74.3134,342.0
28.935177506879,16.9878,29.0183918084949,18.0963,4.0,16.62633,4.0,12.74565,0.585027,65.8772,342.0
28.9698222074658,23.2472,29.0350395087153,14.8108,4.0,16.63094,4.0,10.50984,0.079826,75.2854,342.0
28.9698222074658,7.8225,29.0521559081972,17.23,3.0,16.62481,4.0,12.3983,-1.37119,74.190896,342.0
28.9859902076423,18.7787,29.0682794079185,17.6846,4.0,16.62631,4.0,10.20263,0.896487,73.930704,342.0
29.0020538084209,16.0618,29.0856391079724,15.8006,4.0,16.62591,4.0,11.92163,-0.581899,74.0178,342.0
29.0183918084949,17.1279,29.1014853082597,17.2148,4.0,16.62626,4.0,10.4702,-1.180879,72.7728,342.0
29.0350395087153,16.5893,29.1180194076151,15.3444,4.0,16.62624,4.0,11.66972,0.27094,74.4002,342.0
29.0521559081972,16.7718,29.1350838076323,18.4077,4.0,16.62634,4.0,10.52236,-0.428262,71.991504,342.0
29.0682794079185,17.7827,29.1519169081002,15.3651,4.0,16.62714,4.0,12.15417,-0.739441,70.2344,342.0
29.1014853082597,18.5419,29.1686832085252,16.7839,4.0,16.62847,4.0,9.700274,-0.579598,73.107296,342.0
29.1014853082597,14.6753,29.1852600090206,17.5555,3.0,16.62711,4.0,11.79059,-1.31327,72.266704,342.0
29.1180194076151,16.7923,29.2019678093493,15.9441,4.0,16.62723,4.0,11.17121,0.331151,74.361504,342.0
29.1350838076323,17.091,29.2198178097606,19.1946,4.0,16.62755,4.0,10.9069,-1.484681,71.887504,342.0
29.1519169081002,16.8032,29.2340223100036,14.3296,4.0,16.62767,4.0,10.80808,-1.06522,71.916096,342.0
29.1686832085252,16.4635,29.2521673105657,16.4824,4.0,16.62756,4.0,11.09066,-0.013391,72.8394,342.0
29.1852600090206,16.9387,29.2688871100545,17.8612,4.0,16.62777,3.0,11.21186,1.407932,69.128096,342.0
29.2019678093493,17.7304,29.2842949097976,14.0674,4.0,16.62853,2.0,10.69064,-0.713661,74.701504,342.0
29.2198178097606,14.368,29.3021677089855,19.8926,4.0,16.62697,1.0,12.465,0.573112,70.3898,342.0
29.2340223100036,18.0806,29.3178850086406,13.7706,4.0,16.62798,0.0,10.65227,0.095489,70.5822,342.0
29.2521673105657,16.8418,29.3347173081711,17.0316,4.0,16.62812,5.0,13.16535,0.031343,12.1308,342.0
29.3519250089303,94.9893,29.3679180080071,36.5381,4.0,16.68202,5.0,9.878281,0.286433,25.8017,342.0
29.3519250089303,1.9769,29.3853423083201,15.6465,0.0,16.67191,5.0,11.50162,-0.575293,39.3386,342.0
29.3519250089303,2.0091,29.4025869080797,15.5452,1.0,16.66184,5.0,12.68579,-0.408114,53.1707,342.0
29.3679180080071,3.1287,29.4171534078196,16.9614,2.0,16.65255,5.0,10.43627,-1.168581,69.836896,342.0
29.3679180080071,0.7353,29.4348489074036,17.4005,2.0,16.64163,5.0,10.42016,0.857056,82.727104,342.0
29.3679180080071,2.1207,29.451815106906,15.011,3.0,16.63168,5.0,11.09049,0.549284,88.4366,342.0
29.3679180080071,11.3504,29.4671742068604,17.0597,4.0,16.62806,5.0,9.521111,-0.313248,86.1942,342.0
29.3853423083201,17.2831,29.4840601077303,15.058,5.0,16.62851,5.0,11.74606,-0.605075,84.3944,342.0
29.4171534078196,18.7147,29.5009319083765,16.8976,5.0,16.62994,5.0,10.06937,-0.199378,91.0386,342.0
29.4171534078196,12.2154,29.517919507809,18.8595,4.0,16.62692,5.0,11.35809,-0.971112,88.403504,342.0
29.4348489074036,17.5363,29.5345550077036,14.9004,5.0,16.62754,5.0,10.66911,-0.521128,91.0564,342.0
29.451815106906,15.6196,29.5512858079746,18.2807,5.0,16.62685,5.0,9.937081,-0.053485,89.368704,342.0
29.4671742068604,17.2009,29.5684612086043,15.5138,5.0,16.62725,5.0,12.96194,-1.100415,88.824096,342.0
29.4840601077303,16.6358,29.5844665085897,16.0817,5.0,16.62725,5.0,9.118916,0.574249,88.3116,342.0
29.517919507809,17.633,29.6002986086532,17.1198,5.0,16.62794,5.0,10.99515,-0.235647,88.2214,342.0
29.517919507809,16.2643,29.61793010775,16.1862,4.0,16.62769,5.0,12.17268,-0.298763,88.3698,342.0
29.5345550077036,16.8947,29.6347257075831,17.031,5.0,16.62787,5.0,11.06588,-0.321269,90.293296,342.0
29.5512858079746,15.8027,29.6510736076161,17.7271,5.0,16.62731,5.0,11.93651,0.199713,88.3262,342.0
29.5684612086043,17.3616,29.6681671077386,15.393,5.0,16.62781,5.0,11.58243,-0.933154,87.9368,342.0
29.6002986086532,17.661,29.6829207073897,17.2708,5.0,16.62851,5.0,12.34838,0.16484,89.2842,342.0
29.6002986086532,15.767,29.7004179079086,17.1455,4.0,16.62793,5.0,9.993115,-0.79503,88.5904,342.0
29.61793010775,16.678,29.716234607622,15.9526,5.0,16.62796,5.0,11.07605,-0.165956,89.177,342.0
29.6510736076161,16.783,29.7329844068736,17.3695,5.0,16.62807,5.0,11.27545,-0.369045,88.4656,342.0
29.6510736076161,16.8099,29.7499639075249,16.0976,4.0,16.62819,5.0,10.48116,-1.557319,87.1622,342.0
29.6829207073897,17.0302,29.7675202079117,15.727,5.0,16.62846,5.0,12.01797,-0.530556,90.1722,342.0
29.6829207073897,15.0392,29.7841049078852,18.0488,4.0,16.62738,5.0,10.86529,-0.071635,87.3144,342.0
29.716234607622,18.8336,29.7994934078306,15.9755,5.0,16.62888,5.0,9.880754,-0.475727,85.772496,342.0
29.7329844068736,18.6371,29.8172873072326,17.106,4.0,16.63023,5.0,12.38086,-0.514928,87.191104,342.0
29.7499639075249,14.5826,29.8344462066889,15.9899,4.0,16.62885,5.0,9.98303,-0.376991,88.574304,342.0
29.7499639075249,15.1166,29.8513294067234,16.5373,4.0,16.62783,5.0,12.53926,-0.378004,89.344096,342.0
29.7675202079117,16.7733,29.8672718070447,17.5043,5.0,16.62793,5.0,11.75474,-0.236857,87.2508,342.0
29.7994934078306,17.7778,29.8846134077758,15.6851,5.0,16.6287,5.0,10.95292,-0.342047,89.2288,342.0
29.7994934078306,15.2281,29.8992801075801,17.2322,4.0,16.62776,5.0,11.93086,0.029163,89.0644,342.0
29.8172873072326,17.2603,29.9168410068378,17.0695,5.0,16.62819,5.0,12.24613,-0.184727,87.1734,342.0
29.8344462066889,16.9114,29.9338206062093,15.0192,5.0,16.62838,5.0,10.72243,0.088783,89.192304,342.0
29.8672718070447,16.1612,29.9506385056302,18.1809,5.0,16.62806,5.0,12.20013,-0.340207,90.2084,342.0
29.8672718070447,14.7978,29.9677709052339,15.8132,4.0,16.62683,4.0,12.32829,-0.227397,86.0862,342.0
29.8992801075801,20.878,29.9828326050192,16.7552,5.0,16.62968,3.0,10.9219,-0.035547,87.208704,342.0
29.8992801075801,13.2536,29.9989922046661,14.3841,4.0,16.62742,2.0,12.27386,-0.253747,88.5808,342.0
29.9168410068378,17.4387,30.0158957038075,18.8023,5.0,16.62797,1.0,10.44255,0.978104,87.0438,342.0
29.9338206062093,16.763,30.033144004643,15.2262,5.0,16.62806,0.0,11.89334,0.2279,88.8466,342.0
29.9506385056302,16.5495,30.0497421044856,18.352,5.0,16.628,5.0,9.832127,-0.601913,11.3036,342.0
30.0497421044856,94.98631,30.0669014044106,17.4427,5.0,16.68038,5.0,16.40812,-0.321598,26.0556,342.0
30.0497421044856,0.7071,30.0821168040857,15.4582,0.0,16.66971,5.0,16.13811,0.51187,40.8376,342.0
30.0497421044856,2.2367,30.1012915046886,17.0184,1.0,16.66008,5.0,16.579,1.409419,55.7059,342.0
30.0497421044856,1.5988,30.1178873041645,16.4666,2.0,16.65003,5.0,10.40225,0.274029,72.550304,342.0
30.0669014044106,1.529,30.1343877045438,18.3735,3.0,16.63995,5.0,10.51885,-0.543051,84.230096,342.0
30.0669014044106,2.0412,30.1491601048037,13.7208,3.0,16.63022,5.0,10.3117,0.648685,86.6142,342.0
30.0821168040857,15.5605,30.1660995045677,17.956,4.0,16.62951,5.0,9.3657,-0.365366,91.344304,342.0
30.0821168040857,13.3094,30.1848665038124,18.0283,4.0,16.6273,5.0,10.16921,0.178991,85.9218,342.0
30.1012915046886,18.5991,30.1981166042387,13.1757,5.0,16.62861,5.0,10.3937,-0.103941,88.532704,342.0
30.1343877045438,16.868,30.2162517048419,19.4794,5.0,16.62877,5.0,11.03133,-0.860875,85.852,342.0
30.1491601048037,17.1485,30.2320466041565,14.4671,4.0,16.62912,5.0,11.39678,-1.271953,87.915504,342.0
30.1660995045677,16.7157,30.2494930047542,18.7794,4.0,16.62917,5.0,9.069471,-0.191429,84.156,342.0
30.1848665038124,18.4481,30.2656523045152,14.688,4.0,16.63038,5.0,11.54985,0.0487,87.651504,342.0
30.1981166042387,14.7762,30.2829619050026,18.2712,4.0,16.62915,5.0,11.20481,-1.136981,85.377104,342.0
30.2162517048419,18.412,30.2991081047803,16.148,4.0,16.63033,5.0,9.837166,0.560864,88.752496,342.0
30.2320466041565,15.0259,30.3175741042942,18.4013,4.0,16.62927,5.0,11.23361,-0.343317,85.5178,342.0
30.2494930047542,17.9484,30.3318363046274,14.7111,4.0,16.63014,5.0,8.789741,-0.385679,87.344896,342.0
30.2656523045152,15.8484,30.34957740549,17.6667,4.0,16.62963,5.0,9.892375,-0.126743,85.133504,342.0
30.2829619050026,16.269,30.3650950053707,14.0578,4.0,16.62939,5.0,11.57915,1.08216,86.7712,342.0
30.2991081047803,16.2069,30.3817374045029,17.8543,4.0,16.62911,5.0,10.26273,-0.166007,84.599904,342.0
30.3175741042942,19.4713,30.3982480047271,17.2902,4.0,16.63098,5.0,9.9537,-0.45357,86.066896,342.0
30.3318363046274,13.515,30.4147933041677,14.9809,4.0,16.62893,5.0,11.65258,-0.765906,88.6494,342.0
30.34957740549,15.445,30.4315976044163,18.0274,4.0,16.62815,5.0,10.07494,-0.709719,87.774096,342.0
30.3650950053707,18.5349,30.4494827045128,17.6586,4.0,16.6294,5.0,9.565217,1.383866,86.9718,342.0
30.3817374045029,15.9059,30.4660724038258,15.1044,4.0,16.62893,5.0,11.33638,-0.080876,85.085504,342.0
30.3982480047271,18.0593,30.4810553034768,16.1719,4.0,16.62987,5.0,9.607743,-0.182381,87.865296,342.0
30.4147933041677,15.6505,30.4988796031103,18.4412,4.0,16.62923,5.0,10.47024,0.452079,86.2968,342.0
30.4315976044163,16.3223,30.5151386028156,14.7427,4.0,16.62902,5.0,10.26051,-0.130311,87.56,342.0
30.4494827045128,17.5811,30.5331133035943,18.8439,4.0,16.62965,5.0,9.41997,-0.078908,87.1638,342.0
30.4660724038258,16.8377,30.5483749033883,16.4413,4.0,16.62979,5.0,9.843406,0.0696,86.662304,342.0
30.4810553034768,15.0544,30.5649878038093,14.5532,4.0,16.62875,5.0,9.668119,0.247691,84.375696,342.0
30.4988796031103,19.222,30.5819777036086,16.9342,4.0,16.63045,5.0,10.21393,1.114137,84.516496,342.0
30.5151386028156,17.0168,30.5972398035228,17.1664,4.0,16.6307,5.0,9.131276,0.120397,86.3968,342.0
30.5331133035943,15.5707,30.6165492031723,17.4418,4.0,16.63001,5.0,10.24038,0.112242,84.550896,342.0
30.5483749033883,18.1255,30.6317658033222,16.2792,4.0,16.63099,5.0,9.093521,0.026365,84.002,342.0
30.5649878038093,16.2787,30.6470055030659,15.7383,4.0,16.63076,5.0,10.19321,-0.533516,83.0256,342.0
30.5819777036086,16.8563,30.6644761031494,15.871,4.0,16.63091,5.0,9.722008,-1.252827,85.736704,342.0
30.5972398035228,15.8022,30.6810927027836,18.5246,4.0,16.63037,5.0,9.2416,-0.146584,82.782496,342.0
30.6165492031723,17.9282,30.6979713020846,14.9735,4.0,16.63121,5.0,10.44701,0.440777,85.145504,342.0
30.6317658033222,14.5906,30.7148122014478,16.9425,4.0,16.62988,5.0,9.300463,-1.220481,85.0574,342.0
30.6470055030659,18.5957,30.7318374020979,18.5074,4.0,16.63116,5.0,7.953803,-0.010656,83.8938,342.0
30.6644761031494,16.0403,30.7478670021519,14.8849,4.0,16.63078,5.0,10.65106,-0.229415,86.193696,342.0
30.6810927027836,15.3768,30.7644826015458,17.6753,4.0,16.62996,5.0,8.716335,0.600714,83.648,342.0
30.6979713020846,18.02,30.7809764007106,15.4664,4.0,16.63087,5.0,10.41512,0.29391,83.9168,342.0
30.7148122014478,16.8259,30.7984301010147,17.095,4.0,16.63099,5.0,9.714127,0.527462,85.244496,342.0
30.7318374020979,16.1224,30.8151160003617,17.4601,4.0,16.63066,5.0,11.79498,-0.636136,85.6038,342.0
30.7478670021519,15.2142,30.830001800321,15.5734,4.0,16.62974,5.0,11.24482,0.524466,84.7674,342.0
30.7644826015458,17.1537,30.8473229007795,16.306,4.0,16.63008,5.0,7.959481,-0.724532,87.211504,342.0
30.7809764007106,16.2721,30.8648635009304,18.7184,4.0,16.62985,5.0,12.07176,-0.82943,85.3156,342.0
30.7984301010147,17.6627,30.8818433014676,15.7943,4.0,16.63052,5.0,10.06081,0.925672,87.064304,342.0
30.8151160003617,15.2298,30.8980995016173,16.9479,4.0,16.62961,5.0,8.301286,0.196274,87.383904,342.0
30.830001800321,16.8366,30.9147110013291,17.1556,4.0,16.62975,5.0,10.13809,-0.910524,84.4012,342.0
30.8473229007795,17.5603,30.9311505006626,14.5996,4.0,16.63035,5.0,8.223338,-0.424939,85.2816,342.0
30.8648635009304,16.6272,30.9484975012019,17.4858,4.0,16.63035,5.0,9.499336,0.355546,86.080896,342.0
30.8818433014676,16.4975,30.9641429008916,17.3075,4.0,16.63026,5.0,11.25503,-0.438869,86.8662,342.0
30.8980995016173,15.8608,30.9819460017607,16.6398,4.0,16.62976,5.0,9.684832,1.357216,84.833696,342.0
30.9147110013291,18.1408,30.9970209021121,16.1022,4.0,16.63074,5.0,10.61993,0.015301,84.898496,342.0
30.9311505006626,16.0452,31.0144381020218,16.1105,4.0,16.63036,5.0,12.46553,-0.890495,85.076496,342.0
30.9484975012019,16.5738,31.0313287023455,16.7513,4.0,16.63033,5.0,10.80543,-0.142593,86.26,342.0
30.9641429008916,16.9006,31.0476513020694,18.0939,4.0,16.6305,5.0,9.913624,-0.228105,84.091904,342.0
30.9819460017607,17.3155,31.0647158026695,15.1529,4.0,16.63094,5.0,9.314139,-0.407094,84.6848,342.0
30.9970209021121,16.3181,31.0803035022691,16.9054,4.0,16.63074,5.0,11.99615,-0.052103,84.7724,342.0
31.0144381020218,17.3604,31.0972317019477,17.446,4.0,16.63121,5.0,9.434669,-0.710312,84.179904,342.0
31.0313287023455,16.4194,31.1143285026774,15.8179,4.0,16.63107,5.0,10.24488,-0.034221,86.149504,342.0
31.0476513020694,15.5644,31.1309903031215,17.5334,4.0,16.63039,4.0,10.151,-0.36833,84.778,342.0
31.0647158026695,16.0566,31.1474849032238,14.6853,4.0,16.63002,5.0,7.953395,-0.122939,88.447904,342.0
31.0803035022691,15.179,31.1645529037341,18.849,4.0,16.62909,5.0,10.31259,0.129152,87.0484,342.0
31.0972317019477,18.53,31.1811130037531,17.1297,4.0,16.63031,4.0,9.721205,-0.091149,82.981296,342.0
31.1143285026774,17.436,31.1971043040976,13.3697,4.0,16.63082,5.0,10.97729,-0.51935,82.058896,342.0
31.1309903031215,18.3069,31.2129285046831,17.3922,4.0,16.63189,5.0,10.1153,-0.462765,82.683904,342.0
31.1474849032238,16.8597,31.2300383048132,17.4756,4.0,16.63204,4.0,11.64671,0.21823,83.099104,342.0
31.1645529037341,14.9245,31.2472231043503,15.3405,4.0,16.63095,4.0,12.39412,-0.589441,80.803104,342.0
31.1811130037531,18.3604,31.2634239038453,16.0638,4.0,16.63205,5.0,9.68603,-0.486194,81.904096,342.0
31.1971043040976,17.8601,31.2808599034324,18.9609,4.0,16.63283,5.0,12.01564,0.152368,86.107,342.0
31.2129285046831,12.4926,31.2984845032915,16.6955,4.0,16.6302,4.0,8.192148,-0.635768,82.0698,342.0
31.2300383048132,18.4314,31.3130365032703,14.3937,4.0,16.63134,5.0,7.309149,-0.241131,83.470304,342.0
31.2472231043503,17.1499,31.3295865040272,18.55,4.0,16.63167,5.0,10.92285,-0.339275,84.051296,342.0
31.2634239038453,16.2304,31.3477981034666,16.811,4.0,16.63142,5.0,9.651465,-0.483788,87.265,342.0
31.2808599034324,13.898,31.3641168028116,17.1116,4.0,16.62968,5.0,11.31147,-0.151481,86.9494,342.0
31.2984845032915,17.6277,31.3806089032441,17.3354,4.0,16.63032,4.0,10.62334,0.214842,83.5346,342.0
31.3130365032703,17.6487,31.3971048034728,14.219,4.0,16.63096,5.0,9.948594,-0.241897,84.582096,342.0
31.3295865040272,16.1363,31.4138995036483,17.1745,4.0,16.63065,4.0,11.52973,-1.129236,84.963104,342.0
31.3477981034666,17.2641,31.4304364044219,17.6564,4.0,16.63105,3.0,10.63957,-0.680355,84.186704,342.0
31.3641168028116,14.7804,31.4463921040297,13.9924,4.0,16.62988,2.0,9.545831,-0.684234,85.443696,342.0
31.3806089032441,17.1004,31.4631931036711,18.3572,4.0,16.63017,1.0,10.96928,0.129587,81.8678,342.0
31.3971048034728,18.4035,31.4794755037874,14.8272,4.0,16.6313,0.0,9.553588,-0.864853,84.118,342.0
31.4138995036483,16.1056,31.4964031036943,18.3559,4.0,16.63096,4.0,11.22248,-0.370793,8.2233,342.0
31.4964031036943,93.2126,31.5133091043681,17.3182,4.0,16.67934,5.0,11.22076,-0.864233,20.3056,342.0
31.5133091043681,3.9306,31.529142703861,16.0131,0.0,16.67129,5.0,8.523197,0.185537,34.6501,342.0
31.5133091043681,1.7162,31.5463963039219,16.0584,0.0,16.66186,5.0,11.63264,0.818942,52.0558,342.0
31.5133091043681,0.6959,31.5645333044231,18.1096,1.0,16.65179,5.0,12.61866,-1.026989,66.3099,342.0
31.5133091043681,1.5299,31.5793630043045,15.7746,2.0,16.64226,5.0,9.512634,-0.433205,82.1316,342.0
31.5133091043681,1.719,31.5979568036273,17.5411,3.0,16.63287,4.0,12.17181,-0.264921,82.0154,342.0
31.529142703861,13.6759,31.6122099040076,13.5685,4.0,16.631,5.0,11.10375,0.33731,85.344496,342.0
31.5463963039219,16.8923,31.6302014039829,20.2232,4.0,16.63117,4.0,10.18179,-0.165934,81.4122,342.0
31.5645333044231,16.5456,31.6450929036364,12.6027,4.0,16.63111,5.0,11.67063,-0.795461,87.0768,342.0
31.5793630043045,15.3569,31.6641459027305,21.0217,4.0,16.63031,4.0,12.12076,0.767973,82.976,342.0
31.5979568036273,18.0839,31.6801064023748,13.9902,4.0,16.63123,5.0,8.501258,-1.138358,84.1746,342.0
31.6122099040076,17.0262,31.6977126030251,18.2172,4.0,16.63148,5.0,9.710089,-0.628089,83.5538,342.0
31.6302014039829,16.3614,31.7121992027387,15.752,4.0,16.63131,5.0,9.861605,-0.520565,84.2976,342.0
31.6450929036364,17.4685,31.7313807019964,18.2001,4.0,16.63183,4.0,11.40572,-0.146541,85.637,342.0
31.6641459027305,14.5476,31.7474659020081,15.8867,4.0,16.63053,4.0,9.14219,-0.735363,83.320096,342.0
31.6801064023748,18.6547,31.7623904021457,16.3373,4.0,16.63179,4.0,10.18943,-1.302885,82.4538,342.0
31.6977126030251,16.571,31.7799089020118,15.705,4.0,16.63175,4.0,10.89026,-0.537807,82.8054,342.0
31.7121992027387,14.8886,31.7954365024343,15.2398,4.0,16.63066,5.0,9.247027,0.374171,84.313696,342.0
31.7313807019964,18.3617,31.813303203322,19.8878,4.0,16.63174,5.0,9.839158,-0.376951,83.337296,342.0
31.7474659020081,17.1828,31.8301899032667,16.1874,4.0,16.63209,5.0,11.89359,-1.054957,82.3736,342.0
31.7623904021457,16.8832,31.8454430028796,15.9196,4.0,16.63225,5.0,9.163065,-0.287413,83.1212,342.0
31.7799089020118,15.9425,31.8629935029894,16.6893,4.0,16.63182,4.0,11.51434,-0.015847,79.821504,342.0
31.7954365024343,18.5202,31.8791389036924,15.2203,4.0,16.63299,5.0,9.690763,-0.782001,82.2236,342.0
31.813303203322,15.7495,31.8958106040955,18.162,4.0,16.63244,5.0,10.63449,-0.783755,85.255904,342.0
31.8301899032667,15.0064,31.9147889036685,18.0363,4.0,16.63143,4.0,12.73291,-0.125033,81.8692,342.0
31.8454430028796,16.2665,31.9283349039033,12.871,4.0,16.6312,5.0,12.14913,-0.430823,85.7658,342.0
31.8629935029894,16.9993,31.9465197036043,20.8952,4.0,16.63143,4.0,9.091551,-0.224529,82.3572,342.0
31.8791389036924,16.5625,31.9623077036813,13.1537,4.0,16.63139,5.0,6.287657,-0.098386,86.1458,342.0
31.8958106040955,15.3898,31.9791906038299,19.1788,4.0,16.63062,4.0,12.85971,-0.21465,82.635296,342.0
31.9147889036685,17.9883,31.9958405038342,14.477,4.0,16.63146,4.0,10.03705,-0.182314,82.8888,342.0
31.9283349039033,16.7782,32.0126000037417,17.0316,4.0,16.63155,4.0,8.557701,0.472522,81.629296,342.0
31.9465197036043,17.8626,32.0280576040968,16.6029,4.0,16.63231,4.0,11.86176,-0.286738,81.073696,342.0
31.9623077036813,16.2425,32.045442304574,15.6864,4.0,16.63207,4.0,10.37723,-0.980698,81.5184,342.0
31.9791906038299,15.5975,32.0615323046222,16.0542,4.0,16.63143,5.0,11.45972,0.170582,82.441104,342.0
31.9958405038342,17.4631,32.0781450038776,18.3738,4.0,16.63195,4.0,9.548629,1.196006,84.765696,342.0
32.0126000037417,16.2234,32.096067304723,18.5479,4.0,16.63169,4.0,11.97489,-0.527891,80.7714,342.0
32.0280576040968,17.8928,32.1121354056522,13.9874,4.0,16.63247,5.0,9.23205,0.687912,84.764096,342.0
32.045442304574,15.6633,32.1293098060414,19.5818,4.0,16.63188,4.0,11.24121,-0.149459,81.2036,342.0
32.0615323046222,16.9863,32.1454820064828,13.4099,4.0,16.63209,4.0,9.381578,-0.765477,84.468,342.0
32.0781450038776,15.6558,32.1624549059197,18.9195,4.0,16.63149,4.0,8.116638,-0.629395,77.644304,342.0
32.096067304723,21.0475,32.178509905003,14.2235,4.0,16.63421,4.0,10.6606,-0.164242,79.748304,342.0
32.1121354056522,13.1602,32.1938868053257,15.2639,4.0,16.63207,4.0,10.33472,0.523626,82.8536,342.0
32.1293098060414,16.875,32.212043305859,19.9801,4.0,16.63222,4.0,11.31709,-0.270398,79.5172,342.0
32.1454820064828,17.5945,32.2280633058399,14.2578,4.0,16.63281,4.0,8.097291,0.854908,80.0768,342.0
32.1624549059197,16.737,32.2454222049564,17.296,4.0,16.63288,4.0,10.20479,-0.355302,80.045696,342.0
32.178509905003,17.2659,32.2611690051854,17.2349,4.0,16.63327,4.0,10.53946,-0.779012,79.042704,342.0
32.1938868053257,15.9766,32.2774924058467,14.9736,4.0,16.63287,4.0,9.495477,-0.545922,79.597296,342.0
32.212043305859,16.9145,32.2950748056173,17.4684,4.0,16.63304,4.0,9.848795,-0.420476,81.789696,342.0
32.2280633058399,16.5677,32.3123194053769,18.7598,4.0,16.633,4.0,12.25984,-0.459951,78.758096,342.0
32.2454222049564,17.3859,32.3280205056071,14.3544,4.0,16.63346,4.0,9.274174,-0.419126,80.1018,342.0
32.2611690051854,16.2983,32.3439966049045,17.6413,4.0,16.63325,4.0,10.5546,-0.001278,81.4778,342.0
32.2774924058467,16.9671,32.3624574057758,18.3425,4.0,16.63346,4.0,11.93979,-0.104054,79.900896,342.0
32.2950748056173,16.3499,32.3784718066454,14.7733,4.0,16.63329,4.0,8.706502,-1.27363,77.2216,342.0
32.3123194053769,18.487,32.3948994074017,15.8068,4.0,16.63442,4.0,11.90821,0.957767,79.39,342.0
32.3280205056071,15.3353,32.410048507154,17.5039,4.0,16.63362,4.0,10.82622,-0.507527,79.796496,342.0
32.3439966049045,15.2736,32.4279894065112,15.6799,4.0,16.63279,4.0,12.43908,-0.037104,77.362496,342.0
32.3624574057758,19.7448,32.4449491072446,17.3119,4.0,16.63469,4.0,10.41995,0.072769,81.391296,342.0
32.3784718066454,14.5786,32.4618412069976,18.6054,4.0,16.63344,4.0,10.33423,-0.313179,79.0806,342.0
32.3948994074017,16.3364,32.4779819063842,14.0254,4.0,16.63326,4.0,12.30138,-0.200227,79.7524,342.0
32.410048507154,17.4303,32.4942021071911,18.1018,4.0,16.63374,4.0,9.917954,-0.582772,78.525904,342.0
32.4279894065112,16.1709,32.510944807902,14.9438,4.0,16.63346,4.0,9.93693,-0.643044,80.391504,342.0
32.4449491072446,17.287,32.5280147083104,19.1523,4.0,16.63386,4.0,13.04913,0.221589,81.6264,342.0
32.4618412069976,15.5934,32.5448630079627,16.8281,4.0,16.63323,4.0,10.65443,-0.84985,79.5064,342.0
32.4779819063842,17.334,32.5610057078302,15.214,4.0,16.63365,4.0,10.1668,1.535653,78.1548,342.0
32.4942021071911,17.3228,32.5777441076934,15.9708,4.0,16.63407,4.0,11.72063,-0.576709,79.932096,342.0
32.510944807902,16.2857,32.5941917076707,18.0624,4.0,16.63386,4.0,9.365579,-0.545356,82.150896,342.0
32.5280147083104,14.6984,32.6127979084849,16.9174,4.0,16.63269,4.0,10.45493,-0.46115,77.059504,342.0
32.5448630079627,18.9183,32.6270375084132,13.8271,4.0,16.63407,4.0,12.07727,0.057286,79.841104,342.0
32.5610057078302,15.6316,32.6438676081598,18.4118,4.0,16.63346,4.0,10.97184,-0.284698,78.9676,342.0
32.5777441076934,16.3272,32.6608085073531,15.4537,4.0,16.63328,4.0,12.38561,-0.576711,81.394896,342.0
32.5941917076707,14.5296,32.677905106917,16.9567,4.0,16.63201,4.0,9.83375,-0.272379,80.9264,342.0
32.6127979084849,18.4546,32.6935442071408,17.9856,4.0,16.63311,4.0,11.03585,-0.470475,79.204304,342.0
32.6270375084132,16.8805,32.7109083067626,15.1584,4.0,16.63326,4.0,10.09501,-0.478088,79.900704,342.0
32.6438676081598,15.8081,32.7271237075329,16.5066,4.0,16.63276,4.0,12.34446,-0.004428,80.2472,342.0
32.6608085073531,17.6487,32.7435298077762,17.9925,4.0,16.63337,4.0,10.51065,0.66666,79.0278,342.0
32.677905106917,16.6681,32.7606292068958,15.4511,4.0,16.63339,4.0,10.28211,-0.593106,78.587,342.0
32.6935442071408,17.5745,32.7761038066819,17.1306,4.0,16.63396,4.0,11.6393,-0.127046,79.3436,342.0
32.7109083067626,15.2011,32.7938824063167,15.9579,4.0,16.6331,4.0,9.816011,-0.073412,79.2606,342.0
32.7271237075329,17.7731,32.8099162066355,17.6897,4.0,16.63378,4.0,12.36398,-0.554309,80.096704,342.0
32.7435298077762,16.3843,32.8264207066968,17.2203,4.0,16.63363,4.0,11.83687,-0.26941,78.4546,342.0
32.7606292068958,16.9577,32.8441026071087,15.315,4.0,16.63383,4.0,10.39579,-0.350258,78.3862,342.0
32.7761038066819,16.0493,32.8602644065395,15.9807,4.0,16.63348,4.0,12.28793,-0.233012,79.912704,342.0
32.7938824063167,16.9048,32.8768647061661,18.4315,4.0,16.63364,4.0,10.19044,-0.113628,80.8748,342.0
32.8099162066355,16.2784,32.8938557067886,17.2402,4.0,16.63343,4.0,11.06541,0.242238,77.5546,342.0
32.8264207066968,16.868,32.9092991063371,13.5501,4.0,16.63357,5.0,12.42605,-0.351156,82.418704,342.0
32.8441026071087,16.7485,32.928752806969,21.6093,4.0,16.63364,4.0,10.57611,-0.795721,80.802304,342.0
32.8602644065395,16.9949,32.9444180065766,15.3969,4.0,16.63385,4.0,11.62261,-0.198002,80.198496,342.0
32.8768647061661,14.4654,32.9602748071775,13.8425,4.0,16.63255,4.0,12.31411,0.507874,80.2208,342.0
32.8938557067886,18.7193,32.9768817080185,18.7414,4.0,16.6338,4.0,10.16026,-0.785855,77.3864,342.0
32.9092991063371,16.6139,32.9928654087707,13.7797,4.0,16.63379,4.0,12.04941,0.574998,78.394096,342.0
32.928752806969,15.1806,33.0090092094615,16.1877,4.0,16.63292,4.0,12.11683,0.866125,80.394304,342.0
32.9444180065766,18.9477,33.0269498089328,20.9475,4.0,16.6343,4.0,10.25586,-0.108612,79.376496,342.0
32.9602748071775,15.8982,33.0447406088933,14.8833,4.0,16.63387,4.0,11.49866,-0.270473,77.286096,342.0
32.9768817080185,17.5086,33.0599859086797,15.4145,4.0,16.63439,4.0,10.46852,0.013428,79.630304,342.0
32.9928654087707,16.0144,33.0764171080664,18.3583,4.0,16.63402,4.0,12.5555,-0.349124,79.2312,342.0
33.0090092094615,16.8436,33.0929438089952,16.4445,4.0,16.63414,4.0,10.14143,-0.093722,79.976496,342.0
33.0269498089328,14.3172,33.110134809278,15.0626,4.0,16.63276,4.0,9.661455,-0.626485,77.781,342.0
33.0447406088933,19.4991,33.1257862085477,17.3054,4.0,16.63447,4.0,12.4968,-0.401975,79.1856,342.0
33.0599859086797,16.3847,33.1435153083876,17.7867,4.0,16.63432,4.0,9.208175,-1.072525,79.4894,342.0
33.0764171080664,15.2789,33.1607347084209,15.5823,4.0,16.63351,4.0,10.66991,-0.650159,77.930304,342.0
33.0929438089952,18.2575,33.1759423082694,16.6979,4.0,16.63448,4.0,11.69237,-1.183177,79.3876,342.0
33.110134809278,16.6226,33.1937873074785,18.0797,4.0,16.63447,4.0,10.03107,-0.823604,79.631,342.0
33.1257862085477,13.6112,33.209489907138,13.8547,4.0,16.63268,4.0,11.77732,-0.344296,79.0472,342.0
33.1435153083876,18.2673,33.226943907328,17.683,4.0,16.63365,4.0,10.31422,-0.254947,80.2432,342.0
33.1607347084209,17.606,33.2439354071394,18.8017,4.0,16.63422,4.0,11.79029,0.364337,79.7526,342.0
33.1759423082694,14.8725,33.2602597074583,14.3814,4.0,16.63318,4.0,12.24728,0.262687,76.3348,342.0
33.1937873074785,18.9845,33.2758833076805,15.5667,4.0,16.63457,4.0,10.68583,-0.663267,79.027296,342.0
33.209489907138,16.0884,33.2928926069289,18.7808,4.0,16.63425,4.0,12.73316,-0.023461,77.404304,342.0
33.226943907328,16.1511,33.3091900069267,14.528,4.0,16.63396,4.0,10.83778,-0.037183,79.6918,342.0
33.2439354071394,16.3091,33.3261035066098,18.5958,4.0,16.63377,4.0,12.8305,-0.198183,77.167904,342.0
33.2602597074583,17.433,33.3427206072956,14.9091,4.0,16.63424,4.0,12.3345,0.900938,77.292496,342.0
33.2758833076805,16.6776,33.3594909068197,16.8015,4.0,16.63427,4.0,10.48335,-0.881612,78.912304,342.0
33.2928926069289,16.5931,33.376034906134,18.2127,4.0,16.63424,4.0,12.17456,-0.659437,77.5644,342.0
33.3091900069267,16.5261,33.3927851058543,15.178,4.0,16.63418,4.0,11.38641,0.359745,78.3918,342.0
33.3261035066098,15.4906,33.4078716058284,16.3185,4.0,16.63351,4.0,9.952967,0.109526,79.077,342.0
33.3427206072956,18.2328,33.4260044060647,18.9176,4.0,16.63445,4.0,12.23386,0.342667,77.1012,342.0
33.3594909068197,16.9339,33.4429805055261,14.9578,4.0,16.63463,4.0,10.15208,0.060797,77.523504,342.0
33.376034906134,16.2624,33.459528606385,16.6841,4.0,16.63441,4.0,9.987183,0.547622,77.7236,342.0
33.3927851058543,17.8612,33.475786305964,18.0629,4.0,16.63513,4.0,11.90646,-1.48544,78.075,342.0
33.4078716058284,14.6585,33.4927863068879,15.0082,4.0,16.63397,4.0,8.881812,-1.053214,75.757696,342.0
33.4260044060647,18.3247,33.5087113063782,16.0069,4.0,16.63496,4.0,10.88854,-0.091623,77.751296,342.0
33.4429805055261,17.0774,33.5261602066457,19.0699,4.0,16.63522,4.0,12.26085,-0.68379,76.024704,342.0
33.459528606385,16.7206,33.5427738074213,14.9946,4.0,16.63527,4.0,9.678874,-0.712712,76.074704,342.0
33.475786305964,16.2086,33.55901000835,16.2584,4.0,16.63502,4.0,11.31983,-0.789788,77.7274,342.0
33.4927863068879,16.8119,33.5758825074881,18.4644,4.0,16.63512,4.0,11.3018,0.23248,76.2508,342.0
33.5087113063782,16.658,33.592800706625,15.1807,4.0,16.63514,4.0,10.03398,-0.642641,76.042496,342.0
33.5261602066457,15.4933,33.607954306528,15.2849,4.0,16.63447,4.0,10.95244,-0.618364,78.587104,342.0
33.5427738074213,17.1819,33.6263533066958,19.7262,4.0,16.63479,4.0,11.70021,-0.124389,76.280304,342.0
33.55901000835,16.3947,33.6417361069471,14.096,4.0,16.63465,4.0,11.01092,-0.313911,76.812304,342.0
33.5758825074881,17.2079,33.6595444064587,17.7316,4.0,16.63498,4.0,11.88179,0.141808,77.9694,342.0
33.592800706625,16.7293,33.6757160071284,17.8866,4.0,16.63504,4.0,10.97971,-0.329419,76.987504,342.0
33.607954306528,16.9945,33.6933266073465,16.0116,4.0,16.63525,4.0,12.52849,-0.733686,79.4346,342.0
33.6263533066958,14.7009,33.7088463073596,17.1481,4.0,16.63412,4.0,12.34322,-0.217023,74.401296,342.0
33.6417361069471,19.1943,33.7248354079202,14.1604,4.0,16.63561,4.0,9.402041,-0.933813,75.021296,342.0
33.6595444064587,15.6375,33.7409169087186,16.2571,4.0,16.63503,4.0,12.24576,-0.360475,77.1124,342.0
33.6757160071284,18.1529,33.7588618090376,20.244,4.0,16.63591,4.0,10.39649,0.360059,77.687104,342.0
33.6933266073465,15.661,33.7774743093178,16.2348,4.0,16.63535,4.0,11.83991,-0.04062,77.3736,342.0
33.7088463073596,14.4721,33.7916035093367,14.1591,4.0,16.63409,4.0,12.07149,-0.539548,75.034,342.0
33.7248354079202,19.1552,33.8084122091532,16.8147,4.0,16.63555,4.0,9.886119,0.046298,77.686496,342.0
33.7409169087186,16.4141,33.8259056098759,19.0665,4.0,16.63543,4.0,12.15749,0.108211,79.208704,342.0
33.7588618090376,15.1087,33.8437937106937,16.6308,4.0,16.63454,4.0,11.03712,-0.828398,77.239104,342.0
33.7774743093178,18.9376,33.8609404098243,16.9692,4.0,16.63588,4.0,11.93401,-0.835519,79.7066,342.0
33.7916035093367,16.2928,33.8779836092144,18.7583,4.0,16.63568,4.0,11.03368,-0.748287,78.806496,342.0
33.8084122091532,16.4041,33.8951585087925,15.5041,4.0,16.63554,4.0,12.15854,0.014727,78.032304,342.0
33.8259056098759,15.9633,33.9102979088202,15.1881,4.0,16.63515,4.0,11.33982,-0.87697,80.000096,342.0
33.8437937106937,16.6029,33.9272095086053,18.5711,4.0,16.63513,4.0,10.07535,-1.453066,78.6948,342.0
33.8609404098243,17.0007,33.9431380080059,15.6949,4.0,16.63535,4.0,12.2784,-0.797714,77.919904,342.0
33.8779836092144,16.2765,33.96029530745,15.501,4.0,16.63514,4.0,11.63409,-0.599507,78.1076,342.0
33.8951585087925,16.8045,33.97591430787,16.9999,4.0,16.63524,4.0,9.960398,-0.062441,78.0162,342.0
33.9102979088202,16.2053,33.9936415078118,16.1056,4.0,16.63499,4.0,10.43092,0.076941,81.844096,342.0
33.9272095086053,15.8893,34.0116107081994,19.7174,4.0,16.63456,4.0,12.56429,0.050317,78.9484,342.0
33.9431380080059,18.1267,34.0266506085172,15.2302,4.0,16.63542,4.0,11.14597,-0.777349,76.6922,342.0
33.96029530745,17.0641,34.0430580088869,14.8082,4.0,16.63567,4.0,11.77077,-0.624215,78.4942,342.0
33.97591430787,16.4547,34.0609872089699,18.2556,4.0,16.63556,4.0,12.64737,-0.474151,78.4008,342.0
33.9936415078118,17.183,34.0769065087661,17.0914,4.0,16.63588,4.0,11.83681,-0.363404,79.812096,342.0
34.0116107081994,15.2493,34.0952533083037,16.6584,4.0,16.63508,4.0,12.58571,-0.482005,76.065904,342.0
34.0266506085172,18.5325,34.109928808175,14.7855,4.0,16.63617,4.0,12.35594,0.246963,77.403504,342.0
34.0430580088869,16.2946,34.1259903078899,17.6325,4.0,16.63597,4.0,10.37126,-0.906001,76.006896,342.0
34.0609872089699,16.5007,34.1426882082596,15.1039,4.0,16.63589,4.0,11.57808,-0.427589,77.1074,342.0
34.0769065087661,15.0737,34.1589235076681,16.1742,4.0,16.635,4.0,9.763149,-0.379629,77.643904,342.0
34.0952533083037,18.7733,34.1764136077836,19.3088,4.0,16.63622,4.0,10.73341,-0.767072,76.738304,342.0
34.109928808175,17.0198,34.194116008468,16.1143,4.0,16.63644,4.0,12.35605,-0.051071,75.0686,342.0
34.1259903078899,16.5805,34.2092374088243,14.9109,4.0,16.63641,4.0,10.8528,0.374626,77.726,342.0
34.1426882082596,16.4039,34.226485309191,19.0609,4.0,16.63628,4.0,11.7635,-0.73439,79.371696,342.0
34.1589235076681,15.0687,34.2430181084201,16.7139,4.0,16.63538,4.0,12.16964,-0.000897,78.585504,342.0
34.1764136077836,15.7054,34.2598815085366,14.9193,4.0,16.63485,4.0,9.944101,-0.205986,79.374496,342.0
34.194116008468,17.3193,34.2763602090999,18.1153,4.0,16.63524,4.0,12.54049,0.342295,77.308304,342.0
34.2092374088243,17.0512,34.2930793082342,14.9771,4.0,16.63548,4.0,12.17583,-0.241087,78.930096,342.0
34.226485309191,14.8679,34.3095419080928,16.49,4.0,16.63447,4.0,10.70487,0.081455,79.0308,342.0
34.2430181084201,18.6156,34.3264069082215,18.7158,4.0,16.6356,4.0,12.37077,-0.280488,77.085504,342.0
34.2598815085366,16.9355,34.3430969091132,14.9899,4.0,16.63577,4.0,10.17417,0.643314,77.901904,342.0
34.2763602090999,15.3057,34.3594730095938,16.1217,4.0,16.63501,4.0,9.73069,-0.567113,78.0184,342.0
34.2930793082342,18.055,34.3760182103142,18.1712,4.0,16.63582,4.0,12.2894,-0.144488,77.152,342.0
34.3095419080928,16.4709,34.3929602103308,15.6039,4.0,16.63573,4.0,11.74769,-0.480015,75.6472,342.0
34.3264069082215,17.3569,34.4089372111484,15.8603,4.0,16.63614,4.0,10.04671,0.369244,78.274,342.0
34.3430969091132,16.0135,34.4260179111734,18.6316,4.0,16.63578,4.0,11.33599,-0.146263,77.993,342.0
34.3594730095938,17.0325,34.4443250102922,16.7512,4.0,16.63601,4.0,12.13925,-0.458969,76.0408,342.0
34.3760182103142,16.3933,34.4589759102091,14.4409,4.0,16.63587,4.0,10.21609,-0.400083,75.7854,342.0
34.3929602103308,17.3408,34.4759386098012,17.0853,4.0,16.63627,4.0,12.09499,0.086455,78.5994,342.0
34.4089372111484,16.0501,34.4929677089676,18.8651,4.0,16.63594,4.0,9.483313,-0.436282,79.376096,342.0
34.4260179111734,14.9817,34.5083866091445,15.7572,4.0,16.635,4.0,12.31579,0.26038,75.1706,342.0
34.4443250102922,18.461,34.5248066084459,14.2576,4.0,16.63604,4.0,11.83572,-1.12146,77.676096,342.0
34.4589759102091,16.5837,34.5420149089769,19.0865,4.0,16.63601,4.0,7.272356,-0.634227,79.110896,342.0
34.4759386098012,16.8252,34.560232908465,18.2603,4.0,16.63611,4.0,9.437963,-0.120841,78.1712,342.0
34.4929677089676,14.7195,34.575959908776,13.7798,4.0,16.63503,4.0,11.91167,0.006031,78.2046,342.0
34.5083866091445,18.4242,34.5926829082891,18.4568,4.0,16.63604,4.0,10.43668,-0.443618,77.9774,342.0
34.5248066084459,16.3186,34.6089350087568,16.0909,4.0,16.63586,4.0,12.25714,0.128012,79.198304,342.0
34.5420149089769,15.4223,34.627068108879,16.6442,4.0,16.63518,4.0,11.65248,-0.797745,75.4624,342.0
34.560232908465,19.4239,34.6427205083892,15.6867,4.0,16.63675,4.0,10.59222,0.768283,77.1922,342.0
34.575959908776,16.6291,34.6591500090435,18.3597,4.0,16.63675,4.0,11.42276,-1.054749,78.021904,342.0
34.5926829082891,14.89,34.6753155095503,15.719,4.0,16.63576,4.0,10.83503,-0.534223,76.160304,342.0
34.6089350087568,17.5189,34.6925910087302,15.656,4.0,16.63626,4.0,12.12094,0.569502,75.613696,342.0
34.627068108879,17.3806,34.7081175083295,16.8339,4.0,16.63668,4.0,10.33917,-0.618221,77.201696,342.0
34.6427205083892,16.2254,34.7254664087668,17.8133,4.0,16.63645,4.0,11.60412,0.620456,77.7268,342.0
34.6591500090435,15.0037,34.7427239092067,15.5291,4.0,16.63553,4.0,11.44689,-0.280267,74.288,342.0
34.6753155095503,18.9816,34.7583100087941,15.5422,4.0,16.63685,4.0,10.51964,-0.07229,76.800704,342.0
34.6925910087302,16.5754,34.7756264079362,19.0884,4.0,16.63681,4.0,11.20202,0.482287,78.221904,342.0
34.7081175083295,14.6211,34.7932483088225,16.042,4.0,16.63568,4.0,8.636849,-1.095336,74.6234,342.0
34.7254664087668,18.6717,34.8083318090066,15.0718,4.0,16.63682,4.0,10.93462,-0.602817,76.812496,342.0
34.7427239092067,16.7575,34.8257358083501,18.9467,4.0,16.63689,4.0,11.0822,-0.19338,74.0662,342.0
34.7583100087941,16.4587,34.8410564083606,13.721,4.0,16.63679,4.0,9.847421,-0.917392,76.170096,342.0
34.7756264079362,16.201,34.8594690077007,18.2954,4.0,16.63655,4.0,12.41304,0.269369,76.178496,342.0
34.7932483088225,17.1513,34.8750488078222,17.1596,4.0,16.63684,4.0,9.145267,0.614748,76.062896,342.0
34.8083318090066,16.9315,34.8935228073969,16.8154,4.0,16.637,4.0,12.00719,-0.666394,74.646096,342.0
34.8257358083501,17.0926,34.909088707529,15.676,4.0,16.63726,4.0,11.60341,-0.466248,74.793,342.0
34.8410564083606,15.5069,34.9248794084415,15.6559,4.0,16.63662,4.0,15.78424,-0.125094,76.262496,342.0
34.8594690077007,16.1545,34.940910008736,17.6205,4.0,16.63635,4.0,8.321617,-0.826946,79.322496,342.0
34.8750488078222,14.9971,34.9583932096139,18.0581,4.0,16.63544,4.0,9.30528,-0.260583,74.926,342.0
34.8935228073969,19.0808,34.9750743089244,14.6835,4.0,16.6368,4.0,10.39209,0.304828,76.913696,342.0
34.909088707529,16.7273,34.9920570096001,18.714,4.0,16.63685,4.0,10.05803,0.866457,76.391504,342.0
34.9248794084415,16.0948,35.0074646100402,15.5804,4.0,16.63655,4.0,9.284952,-0.369653,76.552304,342.0
34.940910008736,15.1209,35.0247249100357,15.2739,4.0,16.63571,4.0,10.90379,-0.641462,77.542704,342.0
34.9583932096139,18.5289,35.0427015107125,19.5183,4.0,16.63676,4.0,10.46985,-0.520272,75.5624,342.0
34.9750743089244,16.3274,35.0583968106657,14.3468,4.0,16.63659,4.0,12.04209,0.561402,76.714096,342.0
34.9920570096001,15.1666,35.0747153107077,16.3181,4.0,16.63577,4.0,11.77255,-0.850858,76.6352,342.0
35.0074646100402,19.0002,35.0919178109616,18.9206,4.0,16.63709,4.0,9.537583,-0.852323,74.693696,342.0
35.0247249100357,17.1916,35.1073636105284,15.2502,4.0,16.6374,4.0,11.26847,-1.212011,76.9956,342.0
35.0427015107125,14.7874,35.1260954113677,17.0889,4.0,16.63637,4.0,9.613443,-0.260771,73.1538,342.0
35.0583968106657,18.7754,35.1410195110366,14.9333,4.0,16.63755,4.0,10.73095,-1.123756,75.550496,342.0
35.0747153107077,16.6194,35.1584654105827,19.0161,4.0,16.63754,4.0,11.27776,-0.995932,78.1054,342.0
35.0919178109616,14.7533,35.1753271101043,17.3111,4.0,16.6365,4.0,10.78447,-0.575664,73.716496,342.0
35.1073636105284,18.724,35.1916843103245,14.3345,4.0,16.63766,4.0,11.2287,-0.076314,74.779,342.0
35.1260954113677,16.7254,35.207944710739,17.7846,4.0,16.63771,4.0,10.82576,0.287555,73.896304,342.0
35.1410195110366,15.9593,35.2247135108337,15.0795,4.0,16.63733,4.0,9.734623,-0.968774,74.716704,342.0
35.1584654105827,15.5149,35.2408366100863,16.3323,4.0,16.63671,4.0,10.97201,0.227123,75.027104,342.0
35.1753271101043,18.4397,35.2577938092873,18.7492,4.0,16.63771,4.0,10.32347,-0.696237,75.405696,342.0
35.1916843103245,14.8951,35.2750379098579,15.2736,4.0,16.63674,4.0,9.806756,-0.479523,77.683504,342.0
35.207944710739,16.9154,35.2922218097374,19.1927,4.0,16.6369,4.0,10.48593,0.301701,76.4614,342.0
35.2247135108337,17.0447,35.3081078091636,15.8231,4.0,16.63712,4.0,9.745964,-0.636461,74.173696,342.0
35.2408366100863,16.6581,35.3241768097505,14.3703,4.0,16.63713,4.0,10.27611,-1.001795,76.0186,342.0
35.2577938092873,17.3496,35.3420926099643,19.194,4.0,16.63753,4.0,11.18375,0.01212,73.6614,342.0
35.2750379098579,16.7593,35.3580126101151,14.4013,4.0,16.63759,4.0,9.761474,-0.440902,75.7372,342.0
35.2922218097374,14.6592,35.3747560093179,16.7352,4.0,16.6365,4.0,10.41398,-0.461068,74.6344,342.0
35.3081078091636,17.6396,35.3898779088631,16.536,4.0,16.63706,4.0,9.937037,1.119476,75.3766,342.0
35.3241768097505,17.2887,35.4075428089127,18.0317,4.0,16.63741,4.0,10.57712,-0.484728,74.8284,342.0
35.3420926099643,15.2627,35.424129509367,14.7215,4.0,16.63666,4.0,10.6695,-0.950132,73.680304,342.0
35.3580126101151,19.194,35.4419390102848,18.0372,4.0,16.63806,4.0,9.792461,-0.699936,76.386704,342.0
35.3747560093179,15.5275,35.4587600110099,18.2337,4.0,16.63745,4.0,10.7375,-0.04454,77.875296,342.0
35.3898779088631,14.9934,35.4747062111273,16.4818,4.0,16.63655,4.0,10.13068,-0.096844,72.872496,342.0
35.4075428089127,18.2166,35.489994911477,13.2129,4.0,16.63742,4.0,9.689902,0.348552,73.328496,342.0
35.424129509367,17.6158,35.5078527107835,18.0717,4.0,16.63795,4.0,11.30087,-1.036271,74.2366,342.0
35.4419390102848,16.5888,35.5240245107561,17.4967,4.0,16.63793,4.0,9.745724,0.215818,74.8994,342.0
35.4587600110099,14.2603,35.540412209928,14.9234,4.0,16.63663,4.0,10.56443,1.522816,73.420704,342.0
35.4747062111273,19.1146,35.5579028092325,17.6354,4.0,16.63798,4.0,10.43633,0.075403,75.128704,342.0
35.489994911477,16.3869,35.5743244085461,18.0946,4.0,16.63784,4.0,12.68194,-0.470469,72.6912,342.0
35.5078527107835,16.9573,35.590479709208,14.5459,4.0,16.63802,4.0,10.50484,-0.182486,73.2146,342.0
35.5240245107561,16.8611,35.6078561097383,17.3581,4.0,16.63814,4.0,11.91104,0.11224,74.8036,342.0
35.540412209928,16.6092,35.6242325101048,18.1973,4.0,16.63813,4.0,10.18355,-1.378941,72.420896,342.0
35.5579028092325,18.0885,35.6398350102827,15.71,4.0,16.63892,4.0,9.365971,0.152007,74.820496,342.0
35.5743244085461,12.8824,35.6572799095884,15.278,4.0,16.63687,4.0,10.54318,-0.729426,74.8234,342.0
35.590479709208,19.2285,35.6748069087043,19.2305,4.0,16.63828,4.0,10.15598,-0.018397,72.9466,342.0
35.6078561097383,15.9317,35.6902750087902,14.0555,4.0,16.6379,4.0,10.3184,-0.36924,74.4178,342.0
35.6242325101048,15.3282,35.7073141084984,16.801,4.0,16.63718,4.0,8.571969,0.252634,73.6124,342.0
35.6398350102827,18.6118,35.7234944077209,17.8044,4.0,16.63826,4.0,11.47829,-0.183554,72.1862,342.0
35.6572799095884,16.6447,35.7400716068223,15.2177,4.0,16.63826,4.0,10.15376,0.097037,72.5484,342.0
35.6748069087043,17.2699,35.7573369061574,17.6318,4.0,16.63861,4.0,8.756341,-0.694547,74.7392,342.0
35.6902750087902,16.2614,35.7746668057516,18.4515,4.0,16.6384,4.0,12.20479,0.339123,73.369696,342.0
35.7073141084984,17.2639,35.7918429048732,15.8949,4.0,16.63874,4.0,9.360626,-0.741627,72.433,342.0
35.7234944077209,16.2817,35.807370104827,15.344,4.0,16.63855,4.0,11.5212,-0.697432,73.756704,342.0
35.7400716068223,16.6561,35.8237840039656,17.9798,4.0,16.63856,4.0,9.37334,-0.828862,76.712496,342.0
35.7573369061574,14.8862,35.841802504845,17.8421,4.0,16.63761,4.0,11.31607,-0.899032,76.6304,342.0
35.7746668057516,15.3112,35.8572873044759,15.2283,4.0,16.63688,4.0,9.675454,-0.733558,73.5868,342.0
35.7918429048732,18.1946,35.8737450037152,15.1505,4.0,16.63773,4.0,10.15606,0.498417,73.243696,342.0
35.807370104827,17.3926,35.8908368032426,17.0493,4.0,16.63814,4.0,8.387847,0.428167,76.3826,342.0
35.8237840039656,15.0645,35.9076613038778,18.2032,4.0,16.63729,4.0,10.30418,-1.144919,72.229904,342.0
35.841802504845,19.954,35.9228492034599,15.8044,4.0,16.63908,4.0,9.266727,0.043727,73.0488,342.0
35.8572873044759,15.0447,35.9405331043527,15.86,4.0,16.63822,4.0,11.83933,-0.300225,71.851104,342.0
35.8737450037152,17.1502,35.9568106038496,15.9519,4.0,16.6385,4.0,10.61066,1.00967,72.9286,342.0
35.8908368032426,16.3229,35.9729631030932,17.4006,4.0,16.63832,4.0,9.952632,-0.352642,74.6542,342.0
35.9076613038778,14.9949,35.9907539030537,16.7205,4.0,16.63744,4.0,11.60086,-0.379331,72.853504,342.0
35.9228492034599,18.3661,36.0073521034792,16.5736,4.0,16.63837,4.0,10.20358,-0.04609,73.852304,342.0
35.9405331043527,17.0897,36.023984904401,18.0794,4.0,16.63861,4.0,9.175433,-1.390896,73.467104,342.0
35.9568106038496,16.4656,36.039755503647,16.0967,4.0,16.63852,4.0,10.69822,1.284638,73.020496,342.0
35.9729631030932,15.8035,36.0570182027295,15.3401,4.0,16.63807,4.0,11.15777,-0.118074,71.3908,342.0
35.9907539030537,18.6545,36.0737281022593,17.0262,4.0,16.63916,4.0,9.346725,-1.497556,73.741504,342.0
36.0073521034792,16.2935,36.0904654031619,18.6425,4.0,16.63897,4.0,11.23573,-0.727918,72.9476,342.0
36.023984904401,15.3414,36.1068293033168,14.5465,4.0,16.63827,4.0,9.018042,-0.773796,73.466096,342.0
36.039755503647,16.357,36.1239345027134,16.8755,4.0,16.63812,4.0,9.210131,-0.504258,74.0152,342.0
36.0570182027295,18.5402,36.1416561035439,19.0993,4.0,16.63914,4.0,11.29129,-0.269923,72.210304,342.0
36.0737281022593,16.6435,36.1561276037246,14.8293,4.0,16.63915,4.0,10.9895,0.103785,71.947104,342.0
36.0904654031619,16.4241,36.1739619038999,16.1591,4.0,16.63903,4.0,10.45136,-0.482877,71.1428,342.0
36.1068293033168,17.0811,36.1902669034898,16.2766,4.0,16.63927,4.0,9.643374,-0.51092,73.630704,342.0
36.1239345027134,16.2195,36.2076921034604,18.7073,4.0,16.63904,4.0,9.989856,-0.628503,73.4112,342.0
36.1416561035439,15.6048,36.2229011030868,15.3853,4.0,16.63849,4.0,10.88452,0.172346,72.440896,342.0
36.1561276037246,16.3174,36.2396121034399,15.347,4.0,16.63832,4.0,11.643,0.256026,69.855,342.0
36.1739619038999,18.2445,36.2553536025807,15.6579,4.0,16.63918,4.0,9.751158,-1.495488,72.4296,342.0
36.1902669034898,16.8044,36.2732758028433,19.3815,4.0,16.63927,4.0,11.40702,-0.826435,75.4144,342.0
36.2076921034604,14.7099,36.2904876032844,17.692,4.0,16.63823,4.0,11.09762,0.030816,72.585904,342.0
36.2229011030868,16.844,36.3066620035097,14.0181,4.0,16.63834,4.0,9.223277,0.401169,73.4718,342.0
36.2396121034399,16.5181,36.3227799041197,17.4004,4.0,16.63828,4.0,10.96922,0.056908,71.427904,342.0
36.2553536025807,17.2073,36.3390368046239,15.1662,4.0,16.63858,4.0,9.923903,0.044743,74.765104,342.0
36.2732758028433,14.8065,36.3570260042325,18.1404,4.0,16.63761,4.0,11.08345,-0.147095,73.318304,342.0
36.2904876032844,18.3447,36.3730331035331,16.8978,4.0,16.63852,4.0,10.62497,0.581444,74.0286,342.0
36.3066620035097,17.2465,36.3902266034856,17.9562,4.0,16.63884,4.0,9.795588,-0.410481,73.675104,342.0
36.3227799041197,14.7953,36.4067712025717,14.4415,4.0,16.63786,4.0,10.85264,0.71452,70.899904,342.0
36.3390368046239,19.331,36.4233410032466,16.598,4.0,16.63929,4.0,11.17798,-0.809419,73.4588,342.0
36.3570260042325,16.0332,36.4404962034896,18.5835,4.0,16.63897,4.0,9.090931,-0.021157,72.5544,342.0
36.3730331035331,15.5324,36.4565372029319,14.5938,4.0,16.63838,4.0,9.928992,0.248637,71.199904,342.0
36.3902266034856,18.3129,36.4734870037064,16.9581,4.0,16.63927,4.0,9.611557,-0.069134,72.738896,342.0
36.4067712025717,16.4432,36.4900769041851,17.9813,4.0,16.63917,4.0,9.088095,0.369279,71.3838,342.0
36.4233410032466,17.326,36.5055290041491,15.9765,4.0,16.63953,3.0,11.11506,-0.69834,60.5629,342.0
36.4404962034896,15.9753,36.5234004044905,16.0808,4.0,16.63918,3.0,10.26448,-0.38543,54.9362,342.0
36.4565372029319,16.9962,36.5234004044905,6.0639,4.0,16.63937,3.0,9.58938,0.084064,57.087,342.0
36.4734870037064,16.6418,36.5404049037024,11.0147,4.0,16.63937,3.0,9.579519,0.096342,55.6272,342.0
36.4900769041851,15.0032,36.5557998036966,17.1539,4.0,16.6385,3.0,10.11066,-0.211051,56.65,342.0
36.5055290041491,18.2569,36.5734679037705,16.7975,4.0,16.63936,3.0,10.63146,0.418256,50.4274,342.0
36.5234004044905,16.7124,36.5901154046878,17.7345,4.0,16.6394,3.0,10.51123,0.347808,53.2796,342.0
36.5557998036966,19.6127,36.6054495051503,13.3909,3.0,16.64097,3.0,9.044921,-0.315943,57.9667,342.0
36.5734679037705,15.9057,36.6226146053523,18.7569,2.0,16.64058,3.0,10.52174,-1.058894,55.1656,342.0
36.5734679037705,12.1956,36.639531204477,16.8818,2.0,16.63823,3.0,10.25333,-0.606391,56.57,342.0
36.5901154046878,17.2177,36.6557085048407,14.4163,3.0,16.63854,3.0,9.439036,-0.042634,57.0146,342.0
36.6054495051503,17.4581,36.6733994055539,18.8626,3.0,16.63897,3.0,10.25156,-0.514377,55.4238,342.0
36.6226146053523,15.0734,36.6899108048528,15.5175,3.0,16.63815,3.0,9.350851,0.28595,56.1629,342.0
36.639531204477,18.0057,36.706419704482,16.4483,3.0,16.63887,3.0,11.29974,-0.650032,56.5403,342.0
36.6557085048407,16.7145,36.7225540038198,17.4227,3.0,16.63891,3.0,9.082092,-0.837647,54.7134,342.0
36.6733994055539,16.1299,36.7402846030891,16.5041,3.0,16.63864,3.0,8.586343,-0.903862,56.0217,342.0
36.6899108048528,17.9864,36.7565099038184,16.1588,3.0,16.63935,3.0,11.85049,0.67419,55.7932,342.0
36.7225540038198,16.3635,36.7725846040994,17.6813,3.0,16.6392,3.0,11.08839,0.350341,55.4223,342.0
36.7225540038198,14.6659,36.7878703037277,14.4277,2.0,16.63816,3.0,10.24353,0.233564,54.3357,342.0
36.7402846030891,18.9296,36.80705850292,18.5596,3.0,16.63937,3.0,11.53698,0.080389,54.4323,342.0
36.7725846040994,18.2406,36.8240819023922,17.152,3.0,16.64021,3.0,12.13525,0.242114,55.7357,342.0
36.7878703037277,15.961,36.8379213027656,16.0573,2.0,16.63985,3.0,9.798432,0.12735,53.3757,342.0
36.7878703037277,16.467,36.8562163021415,17.7705,2.0,16.63976,3.0,9.741247,-0.542314,53.4755,342.0
36.80705850292,17.0242,36.8729422017932,14.6649,3.0,16.63997,3.0,11.96136,-0.410278,56.8085,342.0
36.8379213027656,17.9313,36.8892502021044,18.0453,3.0,16.64064,3.0,10.03871,-0.713642,55.3862,342.0
36.8379213027656,11.9533,36.9043768020347,15.271,2.0,16.63819,3.0,9.880059,-0.401706,56.3073,342.0
36.8562163021415,18.3671,36.9232144011185,16.944,3.0,16.63909,3.0,9.398736,-0.49377,53.7119,342.0
36.8729422017932,16.7866,36.9396497001871,17.7072,3.0,16.63917,3.0,8.694611,-0.898633,55.4895,342.0
36.9043768020347,17.1037,36.9542118003592,14.5085,3.0,16.63941,3.0,11.08059,-0.277337,54.8653,342.0
36.9043768020347,17.0023,36.9740287000313,18.7799,2.0,16.6396,3.0,10.56425,1.176195,54.8654,342.0
36.9232144011185,16.4474,36.987998300232,15.8226,3.0,16.6395,3.0,9.541714,-0.61492,56.5701,342.0
36.9542118003592,17.2373,37.0056475000456,17.2662,3.0,16.63981,3.0,12.18048,-0.622734,55.3539,342.0
36.9542118003592,15.0011,37.0228132000193,16.6763,2.0,16.63896,3.0,10.45324,-1.019661,53.1606,342.0
36.987998300232,18.1245,37.0395524995402,16.9086,3.0,16.63973,3.0,12.25891,0.344012,57.2078,342.0
37.0056475000456,17.4033,37.055035399273,15.2089,2.0,16.64013,3.0,10.53437,-1.379993,55.5668,342.0
37.0056475000456,14.1586,37.0718865990639,18.2056,2.0,16.63884,3.0,9.859633,1.026602,52.2426,342.0
37.0228132000193,18.0265,37.088350398466,16.3857,3.0,16.63956,3.0,10.47914,0.349877,54.3418,342.0
37.055035399273,18.0751,37.1041236985475,14.7661,3.0,16.64031,3.0,11.05291,1.338452,53.3608,342.0
37.0718865990639,16.98,37.1219454985112,19.0636,2.0,16.64049,3.0,9.57102,-0.895101,53.3178,342.0
37.088350398466,17.2868,37.1387091986835,16.3205,2.0,16.64082,3.0,10.43013,-0.295865,53.8186,342.0
37.1041236985475,15.3276,37.1552304979414,15.2835,2.0,16.64014,3.0,9.520361,1.15599,53.6205,342.0
37.1219454985112,17.0676,37.1718204971403,17.5535,2.0,16.64036,3.0,12.58209,-0.547799,52.955,342.0
37.1387091986835,16.6531,37.1874356968328,16.4556,2.0,16.64037,3.0,8.994793,0.338612,53.7535,342.0
37.1552304979414,16.699,37.2060443973169,16.0472,2.0,16.6404,3.0,13.013,-0.767834,54.4142,342.0
37.1718204971403,16.2001,37.2210032977164,16.9833,2.0,16.64017,3.0,8.634123,0.51715,55.325,342.0
37.1874356968328,17.2564,37.2394083980471,17.9333,2.0,16.64049,3.0,11.27205,0.715108,53.9832,342.0
37.1874356968328,14.8469,37.2567377984524,15.7414,2.0,16.63956,3.0,9.689201,-0.624022,55.2599,342.0
37.2210032977164,17.3526,37.2710616989061,16.0119,3.0,16.63993,3.0,10.57036,0.271175,55.2036,342.0
37.2210032977164,15.9569,37.2887504985556,17.232,2.0,16.63957,3.0,9.00381,-0.241957,52.9509,342.0
37.2394083980471,17.4047,37.3058182979003,17.3481,3.0,16.63997,3.0,9.740299,-0.187889,58.097,342.0
37.2710616989061,16.6294,37.3210757980123,14.3774,3.0,16.63997,3.0,10.04609,0.082692,54.7477,342.0
37.2887504985556,15.5855,37.340962397866,20.7308,2.0,16.63942,3.0,10.97493,-0.941569,53.0664,342.0
37.2887504985556,16.0733,37.3542119981721,12.7239,2.0,16.63913,3.0,12.36575,0.60717,53.841,342.0
37.3210757980123,19.5475,37.3716837977991,17.8655,3.0,16.64063,3.0,9.087592,-0.230845,54.3089,342.0
37.3210757980123,16.3943,37.3884869972244,17.1679,2.0,16.6405,3.0,9.556822,0.00464,53.1236,342.0
37.3542119981721,16.0513,37.4050159966573,16.5332,3.0,16.6402,3.0,10.26972,0.024407,53.8351,342.0
37.3716837977991,17.3362,37.4203072963282,16.1508,2.0,16.64056,3.0,10.21406,0.139374,53.043,342.0
37.3884869972244,16.0873,37.4386337967589,16.7842,2.0,16.64027,3.0,11.62659,-1.027573,54.5769,342.0
37.4050159966573,16.9624,37.4541424969211,16.1707,2.0,16.64044,3.0,10.09541,-0.256168,51.0881,342.0
37.4203072963282,16.9508,37.4734675968066,18.501,2.0,16.6406,3.0,8.694869,-0.812342,53.9481,342.0
37.4386337967589,17.2889,37.4868952967227,13.7842,2.0,16.64093,3.0,12.45453,-0.830118,54.0274,342.0
37.4541424969211,15.0973,37.5042250975966,17.9563,2.0,16.64014,3.0,8.191145,0.46089,52.0221,342.0
37.4734675968066,19.0791,37.5240676980466,19.1577,2.0,16.64139,3.0,11.67166,-0.101202,52.7662,342.0
37.4868952967227,14.5341,37.5369494976476,12.5421,2.0,16.64031,3.0,9.129893,0.287985,54.5258,342.0
37.5042250975966,16.5925,37.5539456969127,17.3229,2.0,16.64028,3.0,11.28753,-0.022539,55.0121,342.0
37.5042250975966,17.123,37.5721003962681,18.8827,2.0,16.64053,3.0,10.88477,0.296237,54.7576,342.0
37.5369494976476,16.5028,37.588862597011,17.0032,3.0,16.64046,3.0,10.91637,-0.263878,52.0014,342.0
37.5539456969127,16.8119,37.6049027973786,16.5444,2.0,16.64055,3.0,11.86464,-1.486557,53.1884,342.0
37.5721003962681,17.0394,37.6205473979935,14.2817,2.0,16.64075,3.0,12.43892,0.004575,51.2422,342.0
37.588862597011,16.9221,37.6381965978071,18.1082,2.0,16.6409,3.0,10.70051,-0.57949,53.9239,342.0
37.6049027973786,17.6137,37.6538872970268,15.667,2.0,16.6414,3.0,8.784402,0.117272,54.2521,342.0
37.6205473979935,14.67,37.6705748969689,17.3654,2.0,16.64039,3.0,11.43392,-0.723926,53.969,342.0
37.6381965978071,16.6352,37.6888287970796,16.9616,2.0,16.64038,3.0,8.485639,-1.088885,54.6575,342.0
37.6538872970268,16.1507,37.7038452969864,15.8556,2.0,16.64013,3.0,11.70836,-0.150439,50.0895,342.0
37.6705748969689,18.3814,37.722209696658,19.0834,2.0,16.64102,3.0,9.424078,0.463603,53.8031,342.0
37.6888287970796,16.9671,37.7364348964766,12.3994,2.0,16.64119,3.0,11.83226,-0.460082,50.8251,342.0
37.7038452969864,14.8241,37.7548606963828,18.5238,2.0,16.64026,3.0,13.21192,-1.0864,51.9054,342.0
37.722209696658,19.8579,37.7705520959571,16.8924,2.0,16.6419,3.0,9.85789,0.614476,50.6439,342.0
37.7364348964766,14.7565,37.7863516965881,15.8338,2.0,16.64094,3.0,12.23653,-0.011518,53.0194,342.0
37.7548606963828,17.0317,37.8033996960148,15.7592,2.0,16.64114,2.0,11.56803,-0.095511,53.3277,342.0
37.7705520959571,15.3314,37.8201686954126,17.7067,2.0,16.64047,3.0,10.97318,-1.58665,51.9719,342.0
37.7863516965881,17.2736,37.8368976945058,17.5821,2.0,16.6408,3.0,12.62924,-0.263208,52.5771,342.0
37.8033996960148,16.797,37.8541846936569,15.4538,2.0,16.64088,3.0,11.7941,0.043849,46.4747,342.0
37.8201686954126,15.2568,37.8698349939659,15.858,2.0,16.64017,3.0,9.670682,0.246187,50.7501,342.0
37.8368976945058,23.7237,37.8863054933026,17.6114,2.0,16.64377,3.0,11.9498,-0.188272,53.1553,342.0
37.8541846936569,12.5717,37.9031693926081,16.8747,2.0,16.6417,3.0,10.94452,-0.607299,53.4489,342.0
37.8698349939659,13.9652,37.9207274923101,16.3426,2.0,16.64035,3.0,9.236018,-0.472651,54.0948,342.0
37.8863054933026,16.0233,37.9362654918805,16.3163,2.0,16.64003,3.0,11.09691,-0.059222,52.2466,342.0
37.9031693926081,18.3371,37.9545328924432,18.9976,2.0,16.64089,3.0,11.93245,0.112419,53.4273,342.0
37.9207274923101,16.5463,37.9705957928672,14.6975,2.0,16.64085,3.0,11.05831,-0.328567,52.1026,342.0
37.9362654918805,14.7695,37.9868965921924,15.9359,2.0,16.6399,3.0,12.01615,-0.217138,55.8068,342.0
37.9545328924432,19.7908,38.0041576912627,18.48,2.0,16.64149,3.0,11.33091,-0.403002,51.8969,342.0
37.9705957928672,15.2234,38.0238653915003,18.9361,2.0,16.64078,3.0,9.346672,1.51872,53.3158,342.0
37.9868965921924,16.8604,38.0369630912319,12.9276,2.0,16.64089,3.0,11.9767,-0.848686,53.0253,342.0
38.0041576912627,16.3823,38.0538429906592,17.8012,2.0,16.64076,3.0,10.50295,-0.643694,51.2125,342.0
38.0041576912627,16.8038,38.0713070901111,16.5155,2.0,16.64084,3.0,12.19822,-0.357651,53.226,342.0
38.0369630912319,17.0605,38.0867540901527,15.2598,3.0,16.64105,3.0,9.637881,0.12599,52.796,342.0
38.0538429906592,15.579,38.1031721895561,17.5771,2.0,16.64051,3.0,9.479467,-0.863182,51.9962,342.0
38.0713070901111,18.2536,38.1204261900857,17.8404,2.0,16.64133,3.0,10.89994,-0.120875,53.4085,342.0
38.0867540901527,16.3211,38.1374354893342,15.5045,2.0,16.64117,3.0,11.5667,-0.547735,53.3507,342.0
38.1031721895561,14.8575,38.1533480891958,16.2691,2.0,16.64027,3.0,10.13348,-0.798732,52.9608,342.0
38.1204261900857,17.511,38.1701424894854,17.4527,2.0,16.64071,3.0,9.854686,-0.323615,50.875,342.0
38.1374354893342,17.3119,38.1881471900269,16.936,2.0,16.64104,3.0,12.66129,-1.490648,53.3817,342.0
38.1533480891958,16.9778,38.2031723903492,14.8921,2.0,16.64121,3.0,10.88115,-0.339276,51.9189,342.0
38.1701424894854,15.2866,38.2198277907446,17.7786,2.0,16.64053,2.0,12.06211,-0.924353,52.962,342.0
38.1881471900269,18.5374,38.237013890408,17.0981,2.0,16.64149,1.0,11.73848,-1.068293,51.7251,342.0
38.2031723903492,15.5173,38.2536880904809,16.55,2.0,16.64092,0.0,10.37978,-0.08892,54.9244,342.0
38.2198277907446,15.5933,38.2696892907843,14.3433,2.0,16.64039,5.0,11.86294,-0.495487,8.9877,342.0
38.237013890408,17.0597,38.2879801904783,20.267,2.0,16.64061,5.0,11.98813,-0.527223,24.579,342.0
38.3203464895487,96.222,38.3366963900626,50.276,2.0,16.68056,5.0,10.62881,-0.172276,35.8816,342.0
38.3203464895487,0.6694,38.3540405891836,16.2755,0.0,16.67252,5.0,11.81265,-1.33203,51.4112,342.0
38.3366963900626,3.8403,38.3706084899604,15.127,1.0,16.66609,5.0,11.31288,1.472267,66.375,342.0
38.3366963900626,0.4662,38.3866884894669,15.9957,1.0,16.65797,5.0,11.99505,0.469945,82.8268,342.0
38.3366963900626,1.614,38.4021988892928,16.5768,2.0,16.65043,5.0,10.93269,-0.295577,83.309,342.0
38.3366963900626,1.4998,38.4199964897707,17.9513,3.0,16.64284,5.0,10.34702,-0.312482,86.284496,342.0
38.3540405891836,14.3834,38.4363645901904,14.8656,4.0,16.64171,5.0,11.67119,-0.976848,85.5392,342.0
38.3706084899604,15.0279,38.4532798910514,18.0182,4.0,16.6409,5.0,12.32612,-1.451636,87.815904,342.0
38.3866884894669,16.7971,38.4694027910009,16.0372,4.0,16.64098,5.0,10.52268,-0.148754,84.863904,342.0
38.4021988892928,15.1449,38.4882039902732,17.4216,4.0,16.64024,5.0,9.91143,-0.758897,86.2086,342.0
38.4199964897707,18.3737,38.5032492903993,15.4216,4.0,16.6411,5.0,13.00333,-0.36286,87.466496,342.0
38.4363645901904,16.7799,38.5198750896379,18.1249,4.0,16.64117,5.0,8.023155,-0.743529,86.794304,342.0
38.4532798910514,15.2905,38.5361700905487,16.5478,4.0,16.6405,5.0,9.260177,-0.700649,84.924496,342.0
38.4694027910009,16.1063,38.5532158901915,15.4338,4.0,16.64023,5.0,12.05728,-0.151464,85.182496,342.0
38.4882039902732,18.5363,38.5697049899027,16.6656,4.0,16.64117,5.0,9.944948,-1.105944,87.557904,342.0
38.5032492903993,16.8584,38.5859211897478,17.1164,4.0,16.64128,5.0,12.80524,-0.009317,84.4822,342.0
38.5198750896379,15.7897,38.6034882897511,18.1648,4.0,16.64086,5.0,13.25165,0.568305,84.439904,342.0
38.5361700905487,17.9931,38.6201066905633,14.931,4.0,16.64153,5.0,8.931997,-0.854243,85.766704,342.0
38.5532158901915,16.9903,38.6369139896706,16.9459,4.0,16.6417,5.0,10.68766,0.340533,84.6902,342.0
38.5697049899027,16.7576,38.6538807889447,18.0724,4.0,16.64176,5.0,11.90633,-0.568848,84.342896,342.0
38.5859211897478,15.6896,38.6696785883978,14.6125,4.0,16.64129,5.0,10.17955,0.249379,84.5328,342.0
38.6034882897511,17.5987,38.6857702890411,17.2683,4.0,16.64177,5.0,10.36966,0.602929,86.9548,342.0
38.6201066905633,17.039,38.703112189658,17.2126,4.0,16.64196,4.0,11.94644,0.299465,82.8042,342.0
38.6369139896706,16.112,38.7195590892807,18.5328,4.0,16.6417,5.0,11.27382,-0.726807,84.9282,342.0
38.6538807889447,16.269,38.7351194890216,12.1186,4.0,16.64152,5.0,10.1187,-0.350651,86.644096,342.0
38.6696785883978,17.316,38.7529682898894,19.4502,4.0,16.64185,5.0,11.17254,-0.72712,84.170496,342.0
38.6857702890411,15.5009,38.7709787907079,17.2139,4.0,16.64128,4.0,11.10817,-0.401965,82.62,342.0
38.703112189658,16.7689,38.7858815910295,14.2867,4.0,16.64135,5.0,9.655048,-0.432946,84.7598,342.0
38.7195590892807,17.9068,38.8020909903571,16.3557,4.0,16.64197,5.0,12.44412,-0.289954,86.3452,342.0
38.7351194890216,16.9482,38.8195614898577,19.0874,4.0,16.64212,4.0,11.39177,-0.372103,81.6438,342.0
38.7529682898894,14.0158,38.8368238890544,15.6013,4.0,16.64083,5.0,9.219835,-0.255129,85.2406,342.0
38.7709787907079,17.8212,38.8508605891839,13.1363,4.0,16.64141,5.0,11.47691,-1.768336,84.458704,342.0
38.7858815910295,16.9005,38.869233389385,20.4808,4.0,16.64154,5.0,12.54945,-0.315864,84.9242,342.0
38.8020909903571,17.286,38.8849257891998,16.5039,4.0,16.64186,4.0,10.40032,0.028569,81.355904,342.0
38.8195614898577,15.1616,38.9019574886188,15.6264,4.0,16.64112,5.0,12.50896,-0.04829,81.645104,342.0
38.8368238890544,18.6819,38.9181828880683,15.1131,4.0,16.64213,4.0,10.54755,-0.442609,83.037904,342.0
38.8508605891839,18.8848,38.9350101882592,19.1743,4.0,16.64324,4.0,12.27495,-0.081978,82.5652,342.0
38.869233389385,13.0813,38.9518937887624,14.4737,4.0,16.64148,5.0,12.1071,-0.746397,84.2062,342.0
38.8849257891998,17.1348,38.9685062887147,16.6758,4.0,16.64173,5.0,10.52933,0.03248,84.480896,342.0
38.9019574886188,16.4855,38.9849803885445,18.1117,4.0,16.64165,4.0,11.98564,-0.038556,81.803504,342.0
38.9181828880683,17.5084,39.0021019885316,17.7825,4.0,16.64207,4.0,12.30036,-0.392824,80.232096,342.0
38.9350101882592,16.6308,39.0183049878106,13.9534,4.0,16.64207,5.0,10.01433,-0.162112,84.488096,342.0
38.9518937887624,17.0355,39.0340932877734,15.4639,4.0,16.64226,5.0,11.69709,0.11444,86.636896,342.0
38.9685062887147,16.5422,39.0529115879908,20.7977,4.0,16.64221,4.0,11.64641,-1.356643,83.2362,342.0
38.9849803885445,15.0618,39.0691553885117,17.2061,4.0,16.64144,5.0,10.21758,0.406719,83.319104,342.0
39.0021019885316,16.351,39.0848029879853,12.9503,4.0,16.64129,4.0,11.8499,-0.797328,79.407904,342.0
39.0183049878106,18.7274,39.1027439879254,18.8093,4.0,16.64232,5.0,12.47562,0.354053,87.5398,342.0
39.0340932877734,18.071,39.1178073883057,14.1754,4.0,16.64302,5.0,10.04056,-0.127458,82.7172,342.0
39.0529115879908,12.9555,39.1367825884372,21.0719,4.0,16.64121,4.0,11.66122,0.840612,82.4754,342.0
39.0691553885117,19.3718,39.1524455882609,14.5626,4.0,16.64255,4.0,12.05941,-0.288002,82.0074,342.0
39.0848029879853,15.6311,39.1688993889838,15.375,4.0,16.64205,4.0,10.22286,-0.920948,82.533504,342.0
39.1027439879254,17.2354,39.1851633898914,16.7675,4.0,16.64234,4.0,11.68504,-1.488537,82.118896,342.0
39.1178073883057,16.416,39.2018909901381,16.9608,4.0,16.64223,5.0,13.03608,-0.221591,83.036,342.0
39.1367825884372,16.0087,39.2182235904038,15.5911,4.0,16.64192,5.0,9.941128,0.223884,84.529904,342.0
39.1524455882609,17.3313,39.2346771899611,18.2432,4.0,16.64226,4.0,12.48265,-0.714155,83.072,342.0
39.1688993889838,16.3808,39.2519354894757,17.8859,4.0,16.64213,4.0,11.38706,-0.49213,80.956304,342.0
39.1851633898914,16.719,39.2691007889807,15.2382,4.0,16.64217,4.0,10.13329,0.318794,83.856896,342.0
39.2018909901381,16.5459,39.2857116889209,16.3452,4.0,16.64212,4.0,10.759,-0.301048,83.127696,342.0
39.2182235904038,16.6991,39.3026898894459,16.4512,4.0,16.64215,5.0,10.25145,0.1655,83.1794,342.0
39.2346771899611,15.0114,39.3182756891474,14.2853,4.0,16.64136,5.0,12.72474,0.585366,83.342304,342.0
39.2519354894757,19.0472,39.334944688715,19.1072,4.0,16.64253,4.0,13.10469,1.133221,81.359904,342.0
39.2691007889807,16.7576,39.3510667895898,16.9075,4.0,16.64259,4.0,9.489816,-0.361417,80.508096,342.0
39.2857116889209,16.502,39.3683804897591,14.5203,4.0,16.64252,4.0,9.899855,-0.079653,80.639696,342.0
39.3026898894459,16.5526,39.3840131899342,15.7,4.0,16.64247,5.0,12.37663,-0.75424,84.6894,342.0
39.3182756891474,17.5929,39.401785989292,17.7238,4.0,16.64293,4.0,12.19781,-0.277897,84.630304,342.0
39.334944688715,14.0837,39.4181766891852,18.1327,4.0,16.64169,4.0,9.765248,-1.244615,80.620896,342.0
39.3510667895898,15.8308,39.4338182890788,15.7716,4.0,16.6413,4.0,11.6228,-0.15358,81.583504,342.0
39.3683804897591,18.893,39.450953389518,14.8912,4.0,16.64239,4.0,11.28943,1.168359,79.8534,342.0
39.3840131899342,16.297,39.4679316887632,17.2718,4.0,16.64222,5.0,9.153779,-0.460217,85.0758,342.0
39.401785989292,17.7778,39.4841555887833,16.0296,4.0,16.64277,5.0,10.29972,-0.686695,80.616096,342.0
39.4181766891852,14.7719,39.5019808886573,19.9902,4.0,16.64187,4.0,11.74655,0.591236,80.5134,342.0
39.4338182890788,18.8177,39.5181747889146,14.3575,4.0,16.64292,4.0,9.81214,-0.107937,82.9712,342.0
39.450953389518,16.1062,39.5343912886456,16.0038,4.0,16.64266,5.0,10.7544,-0.395332,83.978896,342.0
39.4679316887632,15.2516,39.5519111892208,17.709,4.0,16.64199,5.0,11.88902,-0.34023,84.0016,342.0
39.4841555887833,17.2624,39.5684052901343,18.2692,4.0,16.64229,4.0,11.52728,-0.936555,82.5808,342.0
39.5019808886573,16.1758,39.584152190946,16.1981,4.0,16.64206,4.0,12.06234,-0.8087,79.823296,342.0
39.5181747889146,15.3057,39.6006595911458,13.8848,4.0,16.64142,5.0,8.973317,-1.247113,81.978496,342.0
39.5343912886456,19.1932,39.6171203916892,16.4355,4.0,16.64265,5.0,10.3791,-0.418593,85.4046,342.0
39.5519111892208,17.0457,39.6346757924184,19.2003,4.0,16.64284,4.0,12.20326,0.652325,83.493696,342.0
39.5684052901343,13.997,39.6518823923543,17.4231,4.0,16.64157,4.0,10.58674,-0.901025,79.7512,342.0
39.584152190946,18.2145,39.6696192929521,16.3155,4.0,16.64232,5.0,10.13353,-0.281067,82.429904,342.0
39.6006595911458,17.9503,39.6842486932874,14.1952,4.0,16.64296,4.0,10.11863,-0.353346,83.7668,342.0
39.6171203916892,16.3005,39.701616993174,18.9781,4.0,16.64279,4.0,11.96745,-0.151016,81.572,342.0
39.6346757924184,13.8279,39.7168677933514,15.1718,4.0,16.64144,4.0,10.9674,-0.312817,81.731296,342.0
39.6518823923543,17.6159,39.7338163927197,15.4134,4.0,16.6419,4.0,12.50591,-0.249489,81.8738,342.0
39.6696192929521,17.8149,39.7517075929791,17.9836,4.0,16.64247,3.0,12.96879,-0.434602,81.760704,342.0
39.6842486932874,18.3867,39.7685542926192,18.5185,4.0,16.64331,2.0,10.28928,-0.167525,80.700704,342.0
39.701616993174,13.997,39.7841351926327,13.8832,4.0,16.64203,1.0,10.81122,-0.080254,82.897696,342.0
39.7168677933514,18.7829,39.8020782917738,17.7221,4.0,16.64306,0.0,12.53757,-0.336993,78.7918,342.0
39.7338163927197,16.2389,39.8183737918735,18.4355,4.0,16.64287,5.0,10.11225,-0.436378,17.9177,342.0
39.7517075929791,17.8356,39.8341734912246,13.7296,4.0,16.64344,6.0,10.03422,-0.129088,35.3019,342.0
39.8519517909735,94.3802,39.8675521910191,33.5059,4.0,16.68076,5.0,11.74892,-0.792161,48.3614,342.0
39.8519517909735,2.1121,39.8837435916066,19.4947,0.0,16.67377,5.0,10.27159,-0.343434,62.9139,342.0
39.8519517909735,1.9863,39.9017255920917,15.0456,1.0,16.66673,5.0,11.9316,-0.404574,78.5368,342.0
39.8519517909735,0.5189,39.9171185921878,15.0709,2.0,16.65899,6.0,12.07913,-0.654576,95.237504,342.0
39.8519517909735,1.4333,39.9342165924609,17.0556,3.0,16.65169,6.0,10.00065,-0.333613,97.3238,342.0
39.8519517909735,1.3775,39.9504987932742,18.0771,4.0,16.64438,5.0,11.64859,0.02138,99.0114,342.0
39.8675521910191,14.9293,39.9672560933977,17.0164,5.0,16.64355,5.0,12.16798,-1.191735,98.0562,342.0
39.8837435916066,14.8735,39.9839488938451,16.5738,5.0,16.64271,5.0,10.63119,-1.379365,97.702096,342.0
39.9017255920917,16.7043,40.0016612932086,15.7356,5.0,16.64274,5.0,11.66076,-0.809607,97.7402,342.0
39.9171185921878,17.0967,40.0169849935919,16.7425,5.0,16.64295,5.0,12.44233,0.685131,99.846,342.0
39.9342165924609,17.2743,40.0340855941176,17.3121,5.0,16.64326,5.0,10.44627,-0.151246,97.902496,342.0
39.9504987932742,14.1227,40.0501058939844,16.228,5.0,16.64205,5.0,10.34008,-0.101897,97.5258,342.0
39.9672560933977,16.9996,40.0669554937631,15.0568,5.0,16.64222,5.0,12.53571,-0.471044,96.917696,342.0
39.9839488938451,17.775,40.0844628941268,17.4047,5.0,16.64276,5.0,12.08722,1.028594,97.9158,342.0
40.0016612932086,18.3926,40.1004953943193,17.7771,5.0,16.6436,5.0,9.852035,0.089234,96.928496,342.0
40.0169849935919,15.3349,40.1168613936752,16.3321,5.0,16.64297,5.0,10.73217,-0.180445,96.540304,342.0
40.0340855941176,16.0999,40.1337315943092,15.1118,5.0,16.64272,5.0,13.11561,-0.652892,97.136896,342.0
40.0501058939844,17.7918,40.1508895941079,17.4031,5.0,16.64326,6.0,10.66517,0.029079,98.173504,342.0
40.0669554937631,17.035,40.1671955939382,17.6311,5.0,16.64345,5.0,9.036546,-1.131169,99.114704,342.0
40.0844628941268,16.8411,40.1842836942524,17.877,5.0,16.64354,5.0,11.9012,-0.417783,96.513904,342.0
40.1004953943193,15.4021,40.200838893652,16.3464,5.0,16.64295,6.0,10.07504,0.271436,98.177104,342.0
40.1168613936752,18.4748,40.2185555938631,15.8705,5.0,16.64382,6.0,10.62671,-0.802888,98.495904,342.0
40.1337315943092,15.8475,40.2342861946672,17.5189,5.0,16.64344,5.0,10.61297,-0.11258,98.1664,342.0
40.1508895941079,16.8903,40.2516260948032,17.1997,5.0,16.64356,5.0,11.56855,0.872028,98.9894,342.0
40.1671955939382,15.867,40.2669929945841,15.5372,5.0,16.64319,5.0,9.816592,-0.67322,96.796096,342.0
40.1842836942524,14.4616,40.2841981938109,15.2849,5.0,16.64216,5.0,10.75952,-0.078456,96.201,342.0
40.200838893652,18.3143,40.3004623940215,16.1201,5.0,16.64295,5.0,11.74647,-1.241257,98.874304,342.0
40.2185555938631,16.6141,40.3163851937279,16.0214,5.0,16.64294,5.0,11.54848,0.538887,98.7476,342.0
40.2342861946672,15.69,40.3329896936193,18.3602,5.0,16.64249,5.0,10.36746,-0.480437,96.698096,342.0
40.2516260948032,16.439,40.3494284944609,16.312,5.0,16.64239,5.0,11.48049,-0.534792,95.253,342.0
40.2669929945841,18.0166,40.3670701952651,15.9666,5.0,16.64304,5.0,12.57588,0.246669,97.1608,342.0
40.2841981938109,17.3958,40.3830585954711,15.9507,5.0,16.6434,5.0,10.12377,-0.592735,98.1356,342.0
40.3004623940215,16.0608,40.4010564954951,17.9679,5.0,16.64312,5.0,10.71862,-1.22729,96.084,342.0
40.3163851937279,17.5208,40.4175595948473,18.4947,5.0,16.64354,5.0,12.28556,-0.400742,96.626,342.0
40.3329896936193,15.635,40.432982894592,13.5833,5.0,16.64306,5.0,9.971657,-0.390249,95.9248,342.0
40.3494284944609,16.4193,40.4499911954626,16.9603,5.0,16.64295,5.0,12.89491,0.021889,97.487904,342.0
40.3670701952651,17.8649,40.4669974958524,17.1632,5.0,16.64353,6.0,11.23554,-1.237201,97.853296,342.0
40.3830585954711,15.5616,40.482835595496,17.1247,5.0,16.64302,5.0,10.71229,-0.587873,97.6802,342.0
40.4010564954951,18.1592,40.5007174955681,18.5237,5.0,16.64374,5.0,10.53573,0.79844,96.064,342.0
40.4175595948473,15.7705,40.5168969957158,15.5967,5.0,16.64332,5.0,11.49424,-0.177155,95.644304,342.0
40.432982894592,17.5634,40.5343301957473,15.9472,5.0,16.64376,6.0,12.47959,-0.487622,99.285696,342.0
40.4499911954626,15.9529,40.5498451953754,15.5328,5.0,16.64343,5.0,11.49054,0.022323,98.3588,342.0
40.4669974958524,16.6537,40.5681505957618,20.2947,5.0,16.64344,5.0,10.06505,-1.179322,96.599904,342.0
40.482835595496,15.3216,40.5828915955499,14.3942,5.0,16.64281,5.0,12.02441,0.916578,96.581104,342.0
40.5007174955681,16.2781,40.5993949947879,14.8076,5.0,16.64264,5.0,9.947101,-0.755579,94.451104,342.0
40.5168969957158,17.8839,40.6168591948226,17.5759,5.0,16.64323,5.0,10.99987,0.078215,98.0756,342.0
40.5343301957473,18.0427,40.6329825939611,15.914,5.0,16.64388,5.0,12.36506,0.232285,98.9926,342.0
40.5498451953754,15.3356,40.6503313938156,18.9575,5.0,16.64327,5.0,9.486255,-0.007224,96.6372,342.0
40.5681505957618,15.2091,40.6662970939651,16.1262,5.0,16.6426,5.0,11.77752,-0.37983,94.838896,342.0
40.5828915955499,17.8226,40.6834487942979,15.4663,5.0,16.64315,5.0,12.06768,-0.237973,95.883296,342.0
40.5993949947879,17.549,40.6991310948506,15.751,5.0,16.64358,5.0,9.812222,-0.77247,97.4298,342.0
40.6168591948226,16.8776,40.7171028954908,17.9205,5.0,16.64368,5.0,11.19702,-0.434892,97.8568,342.0
40.6329825939611,16.5611,40.7336659962311,18.1069,5.0,16.64365,5.0,10.74708,0.151975,99.146096,342.0
40.6503313938156,15.5014,40.7496042968705,15.9444,5.0,16.64311,5.0,12.45699,0.714649,94.303504,342.0
40.6662970939651,15.9479,40.7664120970294,17.2292,5.0,16.64279,5.0,10.07222,-0.039545,96.1468,342.0
40.6834487942979,18.8001,40.7822822974995,13.9487,5.0,16.6438,5.0,9.401624,-0.631949,95.871,342.0
40.6991310948506,16.0127,40.800108297728,17.8567,5.0,16.6435,5.0,11.71143,0.650295,97.704,342.0
40.7171028954908,17.2084,40.8170398985967,16.9308,5.0,16.64376,5.0,10.56267,-0.14702,98.4624,342.0
40.7336659962311,16.1446,40.8333355979994,17.9769,5.0,16.64353,5.0,12.12397,0.048322,95.660704,342.0
40.7496042968705,15.9537,40.8496041977778,16.7224,5.0,16.64321,5.0,12.42699,-1.469642,94.034896,342.0
40.7664120970294,18.3737,40.8658147985116,15.5612,5.0,16.64402,5.0,10.31343,-0.477696,93.811504,342.0
40.7822822974995,16.6773,40.8824559981003,15.0509,5.0,16.64403,5.0,11.68215,-0.493847,96.272304,342.0
40.800108297728,17.3372,40.8996252985671,17.1138,5.0,16.64436,5.0,9.121445,0.709335,94.7162,342.0
40.8170398985967,16.1793,40.9157673986629,18.6389,5.0,16.64414,5.0,9.935849,0.85438,96.2166,342.0
40.8333355979994,15.4556,40.9321249993518,13.8996,5.0,16.64359,5.0,12.20551,0.118052,93.268704,342.0
40.8496041977778,16.781,40.9502116991207,18.2809,5.0,16.64365,6.0,9.64782,-1.161773,99.0484,342.0
40.8658147985116,18.3923,40.9658456994221,15.4427,5.0,16.64446,5.0,11.88798,0.000345,95.7712,342.0
40.8824559981003,14.7159,40.9841513996944,20.4951,5.0,16.64356,5.0,11.79074,-0.4219,94.4908,342.0
40.8996252985671,17.6805,40.9990825997666,14.4033,5.0,16.64405,5.0,11.8908,-0.67882,94.7302,342.0
40.9157673986629,16.4128,41.0156841995195,15.1326,5.0,16.64394,6.0,10.49215,0.151038,96.997904,342.0
40.9321249993518,17.3356,41.0332636991516,17.5744,5.0,16.64426,5.0,12.40816,-0.306788,95.680496,342.0
40.9502116991207,16.7464,41.0504226991907,19.013,5.0,16.64431,5.0,11.01472,-0.492006,98.281504,342.0
40.9658456994221,16.4951,41.0654155993834,15.1777,5.0,16.64424,5.0,9.417548,0.192626,96.2404,342.0
40.9841513996944,13.8547,41.0822923993692,16.4557,5.0,16.64294,5.0,9.569473,-0.143255,94.059904,342.0
40.9990825997666,18.1483,41.1000423999503,16.1068,5.0,16.64364,5.0,13.00156,-1.094351,95.033696,342.0
41.0156841995195,18.9352,41.1171200005338,16.7536,5.0,16.6447,5.0,11.5664,-0.349333,98.814496,342.0
41.0332636991516,16.1922,41.1324112005532,17.1657,5.0,16.6445,5.0,10.70692,0.600509,95.868,342.0
41.0504226991907,13.3647,41.149238999933,17.1462,5.0,16.64298,5.0,12.42546,-0.627452,95.0918,342.0
41.0654155993834,16.8119,41.1651588007808,13.864,5.0,16.64305,5.0,11.42469,-0.167757,95.856704,342.0
41.0822923993692,18.5216,41.1827212013304,17.7634,5.0,16.64392,5.0,9.968206,-0.668657,95.902896,342.0
41.1000423999503,17.0885,41.199099201709,17.8352,5.0,16.64413,5.0,12.05717,-0.744597,97.802,342.0
41.1171200005338,16.8264,41.2159463018179,16.8715,5.0,16.64421,5.0,11.34435,-0.071143,93.84,342.0
41.1324112005532,15.6064,41.2331651020795,17.5055,5.0,16.64374,5.0,9.783751,0.604501,93.608704,342.0
41.149238999933,18.4583,41.2494831029326,14.4957,5.0,16.64457,5.0,10.71013,-0.732904,93.061104,342.0
41.1651588007808,16.8916,41.266111003235,16.6588,5.0,16.64469,5.0,12.03719,0.005911,96.2012,342.0
41.1827212013304,17.3467,41.2830183040351,16.8383,5.0,16.64501,5.0,9.481652,-0.185019,99.4168,342.0
41.199099201709,14.7515,41.2995278034359,17.8517,5.0,16.64414,5.0,12.05496,-0.358958,93.675104,342.0
41.2159463018179,17.014,41.3175878040493,20.2298,5.0,16.64431,5.0,11.90646,-1.179245,92.387104,342.0
41.2331651020795,18.3199,41.3321083039045,12.5772,5.0,16.64508,5.0,10.7367,-0.089226,93.399104,342.0
41.2494831029326,16.3225,41.3487049043179,15.0335,5.0,16.64493,5.0,12.16164,0.252355,94.401904,342.0
41.266111003235,16.7181,41.3664037045091,17.73,5.0,16.64496,5.0,11.1655,0.481759,95.092496,342.0
41.2830183040351,16.7258,41.3827697038651,17.7277,5.0,16.645,5.0,9.351204,-0.976566,94.427696,342.0
41.2995278034359,14.8907,41.3982268041,15.5813,5.0,16.6442,5.0,10.09529,0.092896,92.579,342.0
41.3175878040493,16.8119,41.4161585038528,16.1469,5.0,16.64427,5.0,11.39042,-0.231775,92.345904,342.0
41.3321083039045,17.9631,41.4318662034348,16.1135,5.0,16.64488,5.0,10.04686,-0.782989,92.7878,342.0
41.3487049043179,17.2518,41.4491815036163,17.0193,5.0,16.64516,5.0,8.844745,0.36769,93.8696,342.0
41.3664037045091,16.9022,41.4649602035061,17.3422,5.0,16.64528,5.0,10.25323,0.343519,92.2294,342.0
41.3827697038651,15.0243,41.4824922038242,16.1061,5.0,16.64453,5.0,11.74275,0.368962,94.773296,342.0
41.3982268041,17.9934,41.4990124041215,16.3522,5.0,16.64515,5.0,11.33634,-0.527809,96.638304,342.0
41.4161585038528,14.4499,41.5160000035539,16.9931,5.0,16.64414,5.0,9.771866,-0.627782,95.311504,342.0
41.4318662034348,16.9108,41.5329594044015,18.7757,5.0,16.64427,5.0,10.6032,-0.516504,95.1558,342.0
41.4491815036163,16.8236,41.5481762047857,15.4966,5.0,16.64435,5.0,11.38177,0.255852,91.919104,342.0
41.4649602035061,16.6754,41.5668502040207,16.5186,5.0,16.64436,5.0,12.07249,-0.823694,94.228096,342.0
41.4824922038242,17.3617,41.5808661039919,14.1255,5.0,16.64469,5.0,11.31061,-0.559025,95.1246,342.0
41.4990124041215,15.6509,41.5988072045147,17.9597,5.0,16.64424,5.0,11.22958,1.567507,96.878,342.0
41.5160000035539,16.682,41.6149908043444,17.578,5.0,16.64425,5.0,11.28824,-0.649936,94.2468,342.0
41.5329594044015,15.2812,41.6316438037902,17.0345,5.0,16.64363,5.0,9.855209,0.528075,94.2982,342.0
41.5481762047857,17.0712,41.6479369029403,14.4391,5.0,16.64383,5.0,10.39568,-0.418742,93.836496,342.0
41.5668502040207,17.5571,41.6654986031353,17.6084,5.0,16.64424,5.0,11.6989,1.010982,94.5632,342.0
41.5808661039919,17.4288,41.6823109034449,16.9663,5.0,16.6446,5.0,11.30455,-0.411683,97.054496,342.0
41.5988072045147,16.9223,41.6984524037689,17.6487,5.0,16.64473,5.0,9.302994,-0.341716,95.0612,342.0
41.6149908043444,14.6682,41.7154972031713,17.1591,5.0,16.64383,5.0,11.39942,-1.261959,91.7666,342.0
41.6316438037902,18.6703,41.7322915028781,16.6761,5.0,16.64475,5.0,11.16279,0.042562,94.8662,342.0
41.6479369029403,17.3539,41.7480103019625,14.0586,5.0,16.64507,5.0,8.702636,0.609279,95.2778,342.0
41.6654986031353,15.5322,41.7666176017374,18.6316,5.0,16.64457,5.0,10.51062,0.137774,96.048496,342.0
41.6823109034449,16.549,41.7820543013513,16.96,5.0,16.64452,5.0,10.99314,-1.345541,95.193296,342.0
41.6984524037689,16.1503,41.7989120017737,16.9243,5.0,16.6443,5.0,11.35512,-0.75068,93.712096,342.0
41.7154972031713,16.4602,41.8141084015369,15.6013,5.0,16.64421,5.0,9.286483,0.589563,92.398304,342.0
41.7322915028781,18.5036,41.8329085018486,17.0227,5.0,16.64506,5.0,10.54052,-0.059328,93.793696,342.0
41.7480103019625,16.2131,41.8480215016752,14.8984,5.0,16.64486,5.0,11.83436,0.434003,95.8392,342.0
41.7666176017374,17.0735,41.865028001368,18.4686,5.0,16.64506,5.0,12.81574,-0.408777,95.5546,342.0
41.7820543013513,15.4555,41.8822987005115,17.5006,5.0,16.64452,5.0,10.06992,-0.927547,93.954304,342.0
41.7989120017737,16.3287,41.8979628998786,16.0441,5.0,16.64437,5.0,9.016226,-0.811313,92.976304,342.0
41.8141084015369,17.7175,41.9161435998976,16.1289,5.0,16.64486,5.0,11.64084,-0.613544,94.5688,342.0
41.8329085018486,16.9806,41.9316183999181,15.9981,5.0,16.64501,5.0,10.87578,-0.223322,95.3818,342.0
41.8480215016752,16.1388,41.9485413003713,17.7221,5.0,16.64478,5.0,12.34864,0.49491,97.278096,342.0
41.865028001368,16.512,41.965640200302,17.3251,5.0,16.64472,5.0,10.84993,-0.637359,92.706704,342.0
41.8822987005115,14.9097,41.9820985011756,16.8057,5.0,16.64394,5.0,10.5895,-0.260061,92.7706,342.0
41.8979628998786,18.2015,41.997826801613,13.6303,5.0,16.64464,5.0,9.271477,0.99748,94.606304,342.0
41.9161435998976,16.9314,42.0148316007107,16.9939,5.0,16.64477,5.0,11.47525,-0.328118,95.6792,342.0
41.9316183999181,17.181,42.0321246013045,19.0162,5.0,16.64502,5.0,11.51641,-0.955789,94.930096,342.0
41.9485413003713,14.765,42.0478840004653,15.838,5.0,16.64417,5.0,9.569544,0.747229,90.3402,342.0
41.965640200302,17.9821,42.0649095997214,17.233,5.0,16.64477,5.0,11.61812,-0.552004,91.061696,342.0
41.9820985011756,18.2912,42.0804073996842,13.7003,5.0,16.64551,5.0,11.30179,-0.798043,93.0572,342.0
41.997826801613,16.1409,42.0971782002598,16.862,5.0,16.64528,5.0,9.954959,0.245685,94.2368,342.0
42.0148316007107,16.9745,42.1146853994578,18.9697,5.0,16.64543,5.0,10.61936,-0.245661,94.092096,342.0
42.0321246013045,15.1029,42.1308212988079,16.2849,5.0,16.64474,5.0,5.11052,0.775772,93.930496,342.0
42.0478840004653,16.6333,42.1470624990761,16.4853,5.0,16.64473,5.0,10.74112,-0.273935,93.278096,342.0
42.0649095997214,17.0705,42.164021698758,16.9082,5.0,16.64492,5.0,10.22499,-1.056274,91.2552,342.0
42.0804073996842,16.748,42.1817159987986,16.0958,5.0,16.64497,5.0,10.07027,-0.648122,94.2942,342.0
42.0971782002598,18.0885,42.197866499424,16.0645,5.0,16.64562,5.0,8.973704,-0.777625,95.0986,342.0
42.1146853994578,14.679,42.2140359003097,17.718,5.0,16.64474,5.0,12.22284,0.72541,95.281904,342.0
42.1308212988079,15.6316,42.2301676999778,16.4429,5.0,16.64428,5.0,10.09861,0.14984,92.5878,342.0
42.1470624990761,16.1119,42.2469270005822,16.2871,5.0,16.64404,5.0,9.862561,-1.216271,91.222096,342.0
42.164021698758,18.2689,42.2642673999071,15.5748,5.0,16.64477,5.0,12.08913,0.022375,93.9846,342.0
42.1817159987986,18.1864,42.2810622006655,16.8206,5.0,16.64546,5.0,9.864335,0.259811,94.4964,342.0
42.197866499424,16.0958,42.2981227003038,18.8568,5.0,16.64522,5.0,10.98537,-1.052454,94.4756,342.0
42.2140359003097,15.1725,42.3137198006734,15.6841,5.0,16.64456,5.0,11.17792,0.579703,91.958896,342.0
42.2301676999778,16.5836,42.3317435001954,16.5631,5.0,16.64453,5.0,10.39223,0.604917,82.533104,342.0
42.2469270005822,18.7707,42.3480532998219,16.2534,5.0,16.64548,4.0,10.53099,-0.812675,78.0678,342.0
42.2642673999071,16.7241,42.36411249917,15.9335,5.0,16.64552,4.0,11.00596,-1.277044,75.430896,342.0
42.2810622006655,15.8916,42.36411249917,7.2582,5.0,16.64518,4.0,9.967671,0.633244,74.8468,342.0
42.2981227003038,15.0821,42.3803292000666,10.6128,5.0,16.64448,4.0,12.17982,-0.542358,75.569,342.0
42.3137198006734,17.3317,42.396972800605,14.6942,5.0,16.64479,4.0,10.26079,-1.265959,78.3132,342.0
42.3317435001954,17.4897,42.4137959005311,16.9135,5.0,16.64516,4.0,9.750354,0.546327,77.185696,342.0
42.3480532998219,17.6256,42.4305989006534,18.3393,5.0,16.6456,4.0,10.3317,-0.854931,75.832704,342.0
42.36411249917,13.9208,42.4471014002338,16.6649,5.0,16.64439,4.0,9.202283,-0.381864,74.5728,342.0
42.3803292000666,18.5244,42.4641266008839,17.3959,4.0,16.64523,4.0,11.18058,-0.449595,78.113696,342.0
42.396972800605,17.1831,42.481873000972,15.8298,4.0,16.64547,4.0,9.770244,-0.641633,76.9436,342.0
42.4137959005311,16.1996,42.497060100548,14.9505,4.0,16.64527,4.0,11.13956,-0.319494,78.396,342.0
42.4305989006534,15.8572,42.5147956004366,19.3863,4.0,16.64491,4.0,10.83466,-0.138802,75.0986,342.0
42.4471014002338,16.6164,42.5299925999716,15.446,4.0,16.6449,4.0,9.768759,-0.331187,75.977,342.0
42.4641266008839,16.8642,42.5481453007087,18.3159,4.0,16.645,4.0,11.89997,-1.144709,77.7596,342.0
42.481873000972,17.1353,42.5638607004657,13.8461,4.0,16.64522,4.0,9.762931,-0.083548,76.9662,342.0
42.497060100548,16.999,42.5816663010046,17.8683,4.0,16.64538,4.0,10.57186,0.162491,77.765904,342.0
42.5147956004366,15.132,42.5972497006878,16.9146,4.0,16.6447,4.0,9.951395,0.005724,75.2046,342.0
42.5299925999716,17.0129,42.6131119998172,16.2189,4.0,16.64487,4.0,9.913533,-0.033474,73.9146,342.0
42.5481453007087,18.338,42.6318665994331,19.1373,4.0,16.64562,4.0,9.646094,-1.052443,78.835696,342.0
42.5638607004657,16.5593,42.648148198612,13.9973,4.0,16.64558,4.0,11.0745,-0.137132,78.196304,342.0
42.5816663010046,17.1738,42.6639609979466,15.8832,4.0,16.64581,4.0,9.511287,-0.733491,75.746704,342.0
42.5972497006878,15.03,42.6820532986894,19.9507,4.0,16.6451,4.0,9.767309,-0.16302,76.176,342.0
42.6131119998172,16.6089,42.6982591981068,15.9694,4.0,16.64508,4.0,11.64395,0.330405,74.0646,342.0
42.6318665994331,18.1464,42.7138736983761,15.6963,4.0,16.64575,4.0,9.219409,-0.620866,76.591104,342.0
42.648148198612,16.2292,42.7299080984667,16.6578,4.0,16.64556,4.0,9.541176,-0.322332,79.0012,342.0
42.6639609979466,17.1567,42.7469359980896,15.0447,4.0,16.64579,4.0,10.89877,0.914148,77.489104,342.0
42.6820532986894,14.3072,42.7636659974232,16.8331,4.0,16.64475,4.0,9.988843,-0.50718,75.542,342.0
42.6982591981068,17.2141,42.7818041974679,19.6234,4.0,16.64501,4.0,10.17433,0.26509,73.6066,342.0
42.7138736983761,16.2681,42.7965977974236,14.7559,4.0,16.64484,4.0,10.77079,-0.692613,73.275904,342.0
42.7299080984667,18.9189,42.8138069976121,16.9713,4.0,16.64585,4.0,10.42542,0.141188,75.8222,342.0
42.7469359980896,16.7897,42.8300695978105,14.8556,4.0,16.64591,4.0,9.130795,0.37703,76.273104,342.0
42.7636659974232,16.8631,42.8467925973237,16.5305,4.0,16.646,4.0,10.03597,0.172957,73.535296,342.0
42.7818041974679,14.8762,42.8641359973699,17.4224,4.0,16.64522,4.0,10.66163,-1.194382,74.881296,342.0
42.7965977974236,16.9231,42.8803168982267,17.3726,4.0,16.64535,4.0,10.06995,0.42872,73.9044,342.0
42.8138069976121,16.9663,42.8959601987153,14.2285,4.0,16.64549,4.0,9.36048,-0.638012,73.812,342.0
42.8300695978105,17.8545,42.9151897989213,19.2003,4.0,16.64602,4.0,11.60601,0.31535,76.6402,342.0
42.8467925973237,16.8843,42.9308836981654,15.9237,4.0,16.64613,4.0,7.532313,-1.135442,76.4082,342.0
42.8641359973699,17.7276,42.9486041981727,17.6173,4.0,16.6466,4.0,11.45121,-0.434751,75.731696,342.0
42.8803168982267,13.8841,42.9638162981719,16.7127,4.0,16.64539,4.0,10.22337,0.770965,75.417696,342.0
42.8959601987153,17.0164,42.9820191990584,16.7833,4.0,16.64555,4.0,9.700443,-1.013567,73.5086,342.0
42.9151897989213,16.5535,42.9979173988104,15.8767,4.0,16.64551,4.0,9.806182,-0.655729,75.5474,342.0
42.9308836981654,16.9404,43.0145855993032,16.6266,4.0,16.64564,4.0,10.29178,0.809021,75.868096,342.0
42.9486041981727,17.1943,43.0299511989579,15.2843,4.0,16.64588,4.0,10.15571,0.872367,74.756304,342.0
42.9638162981719,16.5984,43.047025998123,18.6365,4.0,16.64586,4.0,10.62895,0.421069,73.540096,342.0
42.9820191990584,14.9192,43.0637447973713,15.2394,4.0,16.6451,4.0,8.769942,-0.619927,74.931904,342.0
42.9979173988104,17.7089,43.080057698302,16.5961,4.0,16.64557,4.0,11.61755,0.395586,74.9546,342.0
43.0145855993032,17.3729,43.0965608982369,16.1568,4.0,16.64589,4.0,10.31264,-0.566499,76.076896,342.0
43.0299511989579,16.662,43.1129457978532,18.0536,4.0,16.64589,4.0,7.794967,-0.523133,73.099696,342.0
43.047025998123,16.4655,43.1290323985741,16.4873,4.0,16.64581,4.0,11.88933,1.030643,74.2726,342.0
43.0637447973713,16.8518,43.1474707992747,17.9742,4.0,16.6459,4.0,11.20938,-0.525248,76.996704,342.0
43.080057698302,16.832,43.1629883991554,13.854,4.0,16.64598,4.0,8.969633,1.163289,75.2044,342.0
43.0965608982369,16.0019,43.1801804983988,17.1743,4.0,16.6457,4.0,8.604131,-1.215916,74.4238,342.0
43.1129457978532,15.0612,43.1964490981773,17.785,4.0,16.64501,4.0,8.708327,0.602441,74.701504,342.0
43.1290323985741,17.4563,43.2120472984388,15.664,4.0,16.64536,4.0,11.06551,-0.378601,73.600096,342.0
43.1474707992747,17.8681,43.228886297904,17.0869,4.0,16.6459,4.0,9.601099,-1.217776,75.603296,342.0
43.1629883991554,16.8301,43.2460965970531,17.1081,4.0,16.64598,4.0,10.57293,-0.818674,77.5282,342.0
43.1801804983988,16.2702,43.2628641976044,15.1675,4.0,16.64582,4.0,9.852157,-0.707151,77.3292,342.0
43.1964490981773,15.0059,43.279884996824,17.0082,4.0,16.6451,4.0,9.525948,-0.534024,73.02,342.0
43.2120472984388,17.4755,43.2974959975109,19.4039,4.0,16.64546,4.0,10.31681,0.041703,74.225504,342.0
43.228886297904,16.4632,43.3138047968969,16.2613,4.0,16.64538,4.0,7.876716,-0.926702,73.3846,342.0
43.2460965970531,17.6365,43.3288504965603,13.3256,4.0,16.64581,4.0,12.11776,-1.050148,76.830096,342.0
43.2628641976044,16.9819,43.3469990957528,18.1885,4.0,16.64596,4.0,10.2417,-0.87908,76.4694,342.0
43.279884996824,16.8492,43.3629973959178,16.0072,4.0,16.64605,4.0,9.986076,0.007426,72.799904,342.0
43.2974959975109,15.0103,43.3800097964704,18.4548,4.0,16.64534,4.0,10.79207,-1.08922,72.1864,342.0
43.3138047968969,17.0416,43.396615697071,16.6806,4.0,16.64551,4.0,11.67645,0.518083,73.0208,342.0
43.3288504965603,18.1917,43.4128486979753,14.522,4.0,16.64618,4.0,10.61102,-0.04301,74.441,342.0
43.3469990957528,17.0006,43.4290407970548,16.3869,4.0,16.64634,4.0,9.670897,-0.396985,74.486896,342.0
43.3629973959178,16.488,43.4465617965907,17.3215,4.0,16.64627,4.0,10.8558,0.202529,71.559296,342.0
43.3800097964704,15.1437,43.461923096329,16.5636,4.0,16.64561,4.0,11.64025,1.537673,72.0682,342.0
43.396615697071,18.6792,43.4801415968686,18.7239,4.0,16.6465,4.0,10.66558,-0.296165,71.6878,342.0
43.4128486979753,16.044,43.4948700964451,13.1167,4.0,16.64624,4.0,10.43797,-0.009415,76.1574,342.0
43.4290407970548,16.6547,43.5120421964675,17.1628,4.0,16.64624,4.0,10.73662,-0.899329,76.409504,342.0
43.4465617965907,17.2643,43.5289637967944,16.9006,4.0,16.64651,4.0,11.06192,-0.375157,76.120896,342.0
43.461923096329,13.6141,43.545952597633,18.0669,4.0,16.64519,4.0,8.70821,-0.595323,73.54,342.0
43.4801415968686,18.5972,43.5640268977731,18.8482,4.0,16.64604,4.0,10.65009,-0.00209,71.567904,342.0
43.4948700964451,16.5664,43.5799138974398,16.2773,4.0,16.64601,4.0,11.35577,0.375604,76.554496,342.0
43.5120421964675,16.8964,43.5963311977684,14.3151,4.0,16.64611,4.0,9.518727,-0.33054,76.8768,342.0
43.5289637967944,17.3933,43.611847197637,15.4205,4.0,16.64644,4.0,7.230165,-0.192453,74.3308,342.0
43.545952597633,14.2012,43.629523197189,19.1871,4.0,16.64538,4.0,10.93762,-0.630185,73.17,342.0
43.5640268977731,16.5195,43.6461491975933,16.843,4.0,16.64532,4.0,9.778829,-0.523971,72.2276,342.0
43.5799138974398,19.6676,43.6631488967687,17.1202,4.0,16.64663,4.0,9.902457,-0.423092,74.4304,342.0
43.5963311977684,15.7538,43.6796370968223,14.5921,4.0,16.64625,4.0,11.28702,0.115414,75.307,342.0
43.611847197637,16.8396,43.6956090964377,15.8977,4.0,16.64633,4.0,10.35119,0.135109,73.718304,342.0
43.629523197189,15.0902,43.7128841970116,17.2956,4.0,16.64566,4.0,9.154596,-0.495496,72.624,342.0
43.6461491975933,16.9648,43.7293966971338,17.8376,4.0,16.6458,4.0,10.29034,-0.332401,72.5036,342.0
43.6631488967687,18.8601,43.7462579980493,17.2711,4.0,16.64675,4.0,10.66365,-0.118206,71.8738,342.0
43.6796370968223,16.2508,43.7630299981683,15.1562,4.0,16.64658,4.0,9.854285,0.226889,75.0934,342.0
43.6956090964377,17.8065,43.7806813977659,17.6867,4.0,16.64708,4.0,9.559971,0.019084,73.985504,342.0
43.7128841970116,16.2861,43.7961889980361,15.654,4.0,16.64692,4.0,11.30509,0.658142,73.8806,342.0
43.7293966971338,15.1859,43.8132215971127,18.4055,4.0,16.6463,4.0,10.17249,0.557631,71.3124,342.0
43.7462579980493,16.5299,43.8283482966945,15.4252,4.0,16.64624,4.0,9.716891,0.001827,71.142,342.0
43.7630299981683,18.1131,43.8460376961157,18.0037,4.0,16.64688,4.0,9.807896,-1.080255,74.3918,342.0
43.7806813977659,17.0082,43.8625798961148,14.4592,4.0,16.64703,4.0,12.1055,0.06891,73.773904,342.0
43.7961889980361,17.1531,43.8797276960686,16.9782,4.0,16.64725,4.0,8.484806,-0.18479,72.0608,342.0
43.8132215971127,14.0892,43.8970472952351,17.3238,4.0,16.64615,4.0,16.37441,0.02294,73.305104,342.0
43.8283482966945,16.9325,43.91319339443,16.3142,4.0,16.64627,4.0,16.01582,-0.468756,71.388496,342.0
43.8460376961157,18.2308,43.9297940945253,16.52,4.0,16.64695,4.0,8.130558,-0.238385,71.2018,342.0
43.8625798961148,17.1279,43.9466844936833,18.3674,4.0,16.64716,4.0,8.498069,0.082741,71.3288,342.0
43.8797276960686,17.4666,43.9638407928869,15.5503,4.0,16.64751,4.0,10.01297,0.051558,69.9466,342.0
43.8970472952351,16.1876,43.9797466928139,16.0003,4.0,16.64731,4.0,10.65705,-0.280501,74.116304,342.0
43.91319339443,16.6082,43.9965648921207,16.735,4.0,16.6473,4.0,10.72309,0.116567,70.231504,342.0
43.9466844936833,18.7545,44.0127296922728,17.3788,4.0,16.6482,4.0,9.41449,-0.043338,70.866,342.0
43.9466844936833,13.2145,44.0296399919316,17.3769,3.0,16.64673,4.0,11.19086,-0.415901,71.3694,342.0
43.9638407928869,17.9554,44.0452314922586,14.0713,4.0,16.64729,4.0,9.814356,0.450409,75.357504,342.0
43.9797466928139,16.8104,44.0627197930589,17.4637,4.0,16.64736,4.0,10.41829,0.441844,72.876704,342.0
43.9965648921207,15.9603,44.0791347930208,16.4427,4.0,16.64707,4.0,9.638859,0.612182,73.746096,342.0
44.0127296922728,13.521,44.095350493677,17.5112,4.0,16.64573,4.0,10.85874,0.928783,72.6712,342.0
44.0296399919316,18.3587,44.1109621934593,15.8751,4.0,16.64646,4.0,9.377101,0.080268,71.661504,342.0
44.0452314922586,16.8176,44.1284057926387,17.6864,4.0,16.64653,4.0,9.471433,-0.537781,75.3038,342.0
44.0627197930589,16.7146,44.1459641922265,15.6392,4.0,16.64656,4.0,10.67934,0.224135,75.072496,342.0
44.0791347930208,17.0024,44.161949692294,15.9924,4.0,16.64672,4.0,10.6564,0.019488,74.016304,342.0
44.095350493677,14.5713,44.1788328923285,18.2132,4.0,16.64583,4.0,10.18139,-1.011985,73.919296,342.0
44.1109621934593,16.6704,44.1952217929065,16.4537,4.0,16.64584,4.0,8.660556,0.177242,72.0286,342.0
44.1284057926387,18.4141,44.2119717933238,17.3428,4.0,16.64659,4.0,10.37052,-0.016284,73.797904,342.0
44.1459641922265,16.6942,44.2288838941604,16.5968,4.0,16.64661,4.0,10.06902,-0.197893,74.4444,342.0
44.161949692294,17.4294,44.2460786942393,15.5456,4.0,16.64695,4.0,8.639332,-0.59753,75.8398,342.0
44.1788328923285,15.3419,44.2632558941841,17.1029,4.0,16.64639,4.0,10.66828,0.176733,71.796704,342.0
44.1952217929065,16.1601,44.2792086936533,16.8064,4.0,16.64618,4.0,10.04477,-0.929492,71.358896,342.0
44.2119717933238,17.0019,44.2961537931114,18.3974,4.0,16.64634,4.0,9.473712,-1.790624,70.0304,342.0
44.2288838941604,18.8847,44.3130267933011,14.8426,4.0,16.64729,4.0,7.584785,-0.063556,72.5378,342.0
44.2460786942393,17.0423,44.3297199942172,16.6429,4.0,16.64746,4.0,12.11246,-1.009138,72.687904,342.0
44.2792086936533,17.9149,44.3452172940597,16.5446,4.0,16.64799,4.0,9.299384,-0.654263,70.1664,342.0
44.2792086936533,13.7031,44.3609922947362,16.2107,3.0,16.64674,4.0,8.721493,-1.011111,72.235104,342.0
44.2961537931114,18.1433,44.3789519956335,18.2925,4.0,16.64738,4.0,11.08133,-0.891759,74.7294,342.0
44.3130267933011,16.8736,44.3954100953415,14.3516,4.0,16.64747,4.0,11.36847,-0.610528,74.659504,342.0
44.3297199942172,15.304,44.4127355953678,17.3721,4.0,16.64691,4.0,8.923792,-0.595397,72.9162,342.0
44.3452172940597,15.7533,44.4293489949778,18.2479,4.0,16.64653,4.0,9.963624,-0.82006,70.653504,342.0
44.3609922947362,16.1711,44.445307395421,16.1013,4.0,16.64632,4.0,13.47366,-0.308597,71.733104,342.0
44.3789519956335,18.2667,44.4619457954541,16.523,4.0,16.64701,4.0,9.630638,-0.784592,73.9192,342.0
44.3954100953415,17.3444,44.4787032948807,15.0805,4.0,16.64731,4.0,9.769363,-1.610487,73.4168,342.0
44.4127355953678,16.6146,44.4963192949072,17.7322,4.0,16.64729,4.0,10.78341,0.524895,72.150496,342.0
44.4293489949778,14.5901,44.510991695337,16.7373,4.0,16.64642,4.0,12.28796,0.133584,72.336304,342.0
44.445307395421,16.9388,44.5295034954324,16.4373,4.0,16.64655,4.0,9.781328,-0.845165,71.580304,342.0
44.4619457954541,17.7949,44.5459046950564,16.5433,4.0,16.64703,4.0,11.9529,0.464986,74.360304,342.0
44.4787032948807,17.7402,44.5627176957205,17.9096,4.0,16.64749,4.0,11.92066,-1.092858,73.297104,342.0
44.510991695337,17.1517,44.5783522957936,16.3958,4.0,16.64771,4.0,10.4493,1.203998,72.8174,342.0
44.510991695337,15.0705,44.5965815959498,17.8499,3.0,16.64704,4.0,9.306792,0.253774,74.5692,342.0
44.5295034954324,16.4281,44.6116075962782,15.3749,4.0,16.64695,4.0,11.99779,0.074813,74.890704,342.0
44.5459046950564,16.6689,44.6298393961042,16.1784,4.0,16.64696,4.0,13.17671,-0.416848,74.8568,342.0
44.5627176957205,14.892,44.6464728955179,16.6431,4.0,16.64622,4.0,9.013416,-0.330481,72.4888,342.0
44.5783522957936,16.8693,44.6624712962657,17.1905,4.0,16.64631,4.0,8.445965,-0.556452,71.454496,342.0
44.5965815959498,16.7313,44.6786856967956,16.6979,4.0,16.64635,4.0,12.13961,-0.743276,71.025,342.0
44.6116075962782,18.8829,44.694910697639,16.5139,4.0,16.64729,4.0,9.956758,-0.164832,73.580496,342.0
44.6298393961042,17.5217,44.7131738979369,16.487,4.0,16.64766,4.0,12.4464,0.377139,74.2938,342.0
44.6464728955179,15.9545,44.7279969975352,15.5474,4.0,16.64737,4.0,8.014726,0.34791,71.879504,342.0
44.6624712962657,15.8963,44.7448903974146,18.4283,4.0,16.64705,4.0,10.09309,-0.961706,69.8956,342.0
44.6786856967956,16.6252,44.7616709973663,17.3387,4.0,16.64704,4.0,11.36515,-0.368079,72.3196,342.0
44.694910697639,18.1876,44.7785325981677,15.7731,4.0,16.64769,4.0,11.23968,-0.345152,68.6814,342.0
44.7279969975352,17.4057,44.7948137987405,15.4379,4.0,16.64801,4.0,10.91755,-0.872143,73.6938,342.0
44.7448903974146,17.2345,44.8133432995528,19.6402,3.0,16.64825,4.0,11.97568,-0.18854,69.809696,342.0
44.7616709973663,17.1784,44.8278655996546,13.5394,3.0,16.64848,4.0,10.37053,-1.230037,70.435504,342.0
44.7616709973663,12.8558,44.8451666003093,17.8678,3.0,16.64688,4.0,9.135361,-0.130727,69.7416,342.0
44.7948137987405,19.4299,44.8622695012018,15.5619,4.0,16.64805,4.0,10.54149,-0.31685,70.020096,342.0
44.8133432995528,17.2824,44.8787885019556,17.8914,3.0,16.64832,4.0,9.603506,-1.322616,71.5702,342.0
44.8278655996546,16.3452,44.8952405015007,15.6693,4.0,16.64819,4.0,9.792379,-0.834182,71.1258,342.0
44.8451666003093,16.2072,44.9125107014552,16.4668,3.0,16.64801,4.0,12.15285,-0.487703,70.9872,342.0
44.8451666003093,15.1031,44.9289736011997,16.6603,3.0,16.64736,4.0,9.688543,-0.897464,73.1862,342.0
44.8787885019556,16.7228,44.9454673016444,16.2731,4.0,16.64739,4.0,9.38494,0.286749,73.985696,342.0
44.8952405015007,18.8751,44.9630531007424,18.7502,3.0,16.64832,4.0,11.51584,-0.162113,71.132096,342.0
44.8952405015007,12.6841,44.9780351007357,14.8657,3.0,16.64666,4.0,12.46403,-0.594329,71.346704,342.0
44.9125107014552,18.5039,44.9965156009421,19.3025,4.0,16.64744,4.0,11.40645,0.267855,71.2814,342.0
44.9289736011997,16.4973,45.0110789006576,13.6436,4.0,16.64738,4.0,9.913616,0.127106,72.482,342.0
44.9454673016444,17.5115,45.0279397005215,17.7256,4.0,16.64774,4.0,10.78438,-0.77286,70.0502,342.0
44.9780351007357,17.6964,45.0450416011736,17.6473,4.0,16.64818,4.0,12.5393,-0.888285,68.811,342.0
44.9780351007357,14.4134,45.0619731014594,15.5978,3.0,16.64724,4.0,11.90446,-1.04141,67.302,342.0
45.0110789006576,18.9664,45.0785452006385,16.5339,4.0,16.64821,4.0,12.50135,-0.152066,70.1096,342.0
45.0279397005215,16.3803,45.0939372004941,15.1404,3.0,16.6481,4.0,9.171113,0.446499,68.6768,342.0
45.0450416011736,17.9294,45.1099602999166,16.4202,3.0,16.64863,4.0,11.45693,-0.049005,69.190496,342.0
45.0619731014594,16.3226,45.127963299863,19.1315,3.0,16.6485,4.0,12.09414,-0.480074,69.899296,342.0
45.0785452006385,16.4442,45.1438134005293,15.026,3.0,16.64841,4.0,11.02889,0.197257,69.645504,342.0
45.0939372004941,16.1629,45.1607862999663,16.6597,3.0,16.64821,4.0,9.40056,-1.185978,69.6588,342.0
45.1099602999166,16.0037,45.1775913992897,16.7126,3.0,16.64794,4.0,9.844585,-0.882813,70.136496,342.0
45.127963299863,18.3663,45.1967604001984,18.131,3.0,16.64866,4.0,12.60231,0.354123,71.4836,342.0
45.1438134005293,15.5214,45.2120130006224,15.5194,3.0,16.64819,4.0,12.81447,0.563753,71.5818,342.0
45.1607862999663,16.3308,45.2271945010871,16.8209,3.0,16.64806,4.0,10.2543,-0.50129,71.0432,342.0
45.1775913992897,16.7848,45.2439297009259,18.133,3.0,16.64811,4.0,9.471205,0.800067,70.5612,342.0
45.1775913992897,16.5055,45.2619322016835,16.5841,3.0,16.64805,4.0,9.797074,0.464324,70.976,342.0
45.1967604001984,15.2387,45.2770261019468,14.6997,4.0,16.64747,4.0,12.24894,-0.386919,71.760496,342.0
45.2271945010871,17.1846,45.2940000016242,16.7028,4.0,16.64769,3.0,9.910078,0.669738,70.7532,342.0
45.2439297009259,18.0572,45.313385002315,18.4718,3.0,16.64828,2.0,11.38051,-0.262705,70.189,342.0
45.2439297009259,14.1927,45.326918002218,14.9766,3.0,16.64726,1.0,12.61578,-0.746581,70.277104,342.0
45.2770261019468,19.0878,45.3446990028024,18.0996,4.0,16.64827,0.0,11.27305,0.572111,68.18,342.0
45.2940000016242,16.3836,45.3621375020593,15.8189,3.0,16.64816,5.0,9.39739,-0.703097,11.5495,342.0
45.2940000016242,16.4821,45.3772851023823,16.5591,3.0,16.64809,5.0,12.15923,-0.207834,24.3127,342.0
45.326918002218,17.3226,45.3940196018666,15.2171,4.0,16.64837,5.0,11.08318,-0.575688,37.5451,342.0
45.4105382021517,94.03271,45.4298684019595,37.4,3.0,16.68039,5.0,9.284919,-0.46334,54.6171,342.0
45.4105382021517,0.7952,45.4434041017666,13.5596,0.0,16.67382,5.0,12.20536,-0.412163,69.0764,342.0
45.4105382021517,2.3528,45.4598526014015,15.6025,1.0,16.6679,5.0,15.4937,0.657014,84.585504,342.0
45.4105382021517,1.9214,45.479655100964,18.9728,2.0,16.6618,5.0,11.98628,-0.650449,87.570304,342.0
45.4298684019595,1.7053,45.4939015014097,16.1653,3.0,16.65563,5.0,9.127089,-0.198547,86.9896,342.0
45.4298684019595,1.814,45.5131566012278,17.3274,3.0,16.6495,5.0,10.7291,-0.820921,87.1458,342.0
45.4434041017666,13.6488,45.5291118016466,16.6284,4.0,16.64826,5.0,12.29933,-0.616136,88.2522,342.0
45.4598526014015,15.8572,45.5439696013927,15.2765,4.0,16.64793,5.0,11.89149,0.236801,87.941,342.0
45.4598526014015,16.5985,45.5600826013833,16.7746,4.0,16.64791,5.0,10.45294,-0.368348,85.124704,342.0
45.4939015014097,16.6476,45.5777838006616,17.7331,5.0,16.64791,5.0,10.08016,-0.634191,85.672304,342.0
45.5131566012278,17.2108,45.5938956998289,16.8998,4.0,16.64815,5.0,10.14889,-0.419144,87.7208,342.0
45.5291118016466,17.7901,45.6103143002838,14.9915,4.0,16.64862,5.0,11.05835,0.098133,89.2138,342.0
45.5439696013927,16.2941,45.6269167996943,16.8418,4.0,16.64847,5.0,10.95295,-0.284812,86.2878,342.0
45.5600826013833,15.3617,45.6441383995116,17.3907,4.0,16.64794,4.0,10.28912,0.156426,85.268704,342.0
45.5777838006616,17.68,45.6636072993279,19.173,4.0,16.64837,3.0,10.70114,0.054067,89.094896,342.0
45.5938956998289,17.6637,45.6782657997683,14.7559,4.0,16.64878,2.0,12.2953,1.108708,85.502096,342.0
45.6103143002838,15.0768,45.6936456002295,14.039,4.0,16.64814,1.0,11.53405,0.199856,87.1246,342.0
45.6269167996943,16.242,45.7118715010583,20.0769,4.0,16.64797,0.0,10.39579,0.900369,88.7138,342.0
45.6441383995116,16.7118,45.7271302007139,13.1095,4.0,16.64799,5.0,10.70794,-0.370421,11.6161,342.0
45.6441383995116,17.332,45.7441089004278,18.9533,4.0,16.64828,5.0,12.24557,0.194789,24.6943,342.0
45.6636072993279,14.4443,45.7609005011618,16.0544,5.0,16.64737,5.0,11.48271,-0.193152,39.7369,342.0
45.7609005011618,96.64249,45.7778035011142,19.5307,5.0,16.68018,5.0,10.51867,-0.910249,55.4269,342.0
45.7609005011618,0.6495,45.7942588012666,13.7185,0.0,16.67361,5.0,9.283833,-0.91397,70.315104,342.0
45.7609005011618,2.015,45.8102019019425,17.0596,1.0,16.6676,5.0,9.582092,-1.154906,84.2396,342.0
45.7778035011142,1.9309,45.8275426011533,17.6186,2.0,16.66157,5.0,10.35084,-0.143166,85.247104,342.0
45.7778035011142,2.0054,45.8443651013076,16.8935,2.0,16.65557,5.0,9.478331,-0.82652,88.384096,342.0
45.7778035011142,1.9403,45.861058101058,15.8807,3.0,16.64954,5.0,8.921421,0.563049,86.218096,342.0
45.7942588012666,14.2716,45.8768870010972,15.2628,4.0,16.64857,5.0,10.02871,0.379129,85.11,342.0
45.8102019019425,15.5292,45.8948135003448,18.6663,4.0,16.64811,5.0,11.38605,-0.876506,83.3766,342.0
45.8275426011533,17.7373,45.9098637001589,15.5708,4.0,16.64856,5.0,11.91095,-0.47693,85.671296,342.0
45.8443651013076,17.9245,45.9280167007819,16.8156,4.0,16.64908,5.0,12.53397,-0.105787,86.2544,342.0
45.861058101058,16.2936,45.9428842011839,14.562,4.0,16.64893,5.0,10.81591,-0.869319,86.1664,342.0
45.8768870010972,15.896,45.9599901009351,18.189,4.0,16.64862,5.0,11.14937,0.319044,84.7694,342.0
45.8948135003448,16.7931,45.9771888013929,17.3762,4.0,16.64868,5.0,11.82632,-0.137599,84.3672,342.0
45.9098637001589,16.3343,45.9931347016245,16.2455,4.0,16.64856,5.0,12.52075,0.645858,86.573504,342.0
45.9280167007819,17.2954,46.0101841017604,15.914,4.0,16.64882,5.0,11.20287,-0.480569,86.7096,342.0
45.9428842011839,15.625,46.0258419010788,15.2062,4.0,16.6484,5.0,9.348006,1.186147,87.0114,342.0
45.9599901009351,15.928,46.0429458003491,18.1336,4.0,16.64811,5.0,12.40843,-0.76315,85.5742,342.0
45.9771888013929,17.2987,46.0599403008819,17.4343,4.0,16.64837,5.0,12.09179,-0.853647,85.836096,342.0
45.9931347016245,17.4719,46.077057801187,17.7902,4.0,16.64871,5.0,11.57412,-0.053497,88.4454,342.0
46.0101841017604,16.3908,46.0938088018447,14.9547,4.0,16.6486,5.0,11.09486,-0.584672,87.076896,342.0
46.0258419010788,16.0409,46.1100598014891,16.2843,4.0,16.64836,5.0,9.213099,0.103643,87.339104,342.0
46.0429458003491,15.5956,46.1279222015291,18.2046,4.0,16.64793,5.0,10.25974,-0.544103,85.914496,342.0
46.0599403008819,17.4181,46.1432759016752,16.0493,4.0,16.64824,5.0,10.95537,-0.043114,85.408704,342.0
46.077057801187,18.3485,46.1617992017418,18.628,4.0,16.64893,4.0,12.06845,-1.0108,83.541,342.0
46.0938088018447,15.791,46.1772053018212,14.3656,4.0,16.64858,5.0,8.41735,0.325605,87.845504,342.0
46.1100598014891,16.7775,46.1938452012837,16.2535,4.0,16.64864,5.0,10.66475,0.246305,86.488,342.0
46.1279222015291,16.4069,46.2089264011011,14.5392,4.0,16.64854,5.0,12.5018,-0.448159,83.973696,342.0
46.1432759016752,15.9888,46.2275652019307,20.2928,4.0,16.64827,5.0,11.57017,-0.30459,85.1328,342.0
46.1617992017418,17.9176,46.2438370017335,16.56,4.0,16.64878,5.0,12.30136,-1.081599,84.0902,342.0
46.1772053018212,17.1669,46.2598144011572,14.6712,4.0,16.64899,5.0,9.987303,0.096985,84.7344,342.0
46.1938452012837,16.3456,46.2774470010772,17.5024,4.0,16.64887,5.0,10.50581,0.386153,86.4662,342.0
46.2089264011011,17.0533,46.2932401010767,16.0,4.0,16.64904,5.0,11.6842,0.053098,85.916496,342.0
46.2275652019307,16.7819,46.3105238014832,17.4194,4.0,16.64909,5.0,12.57209,-0.33514,85.764496,342.0
46.2438370017335,14.9794,46.3263690015301,16.7106,4.0,16.64841,5.0,11.29729,-0.713225,86.929904,342.0
46.2598144011572,18.1062,46.3439411008731,17.557,4.0,16.649,5.0,9.837459,-0.814873,86.3958,342.0
46.2774470010772,16.2205,46.3602389013395,16.0847,4.0,16.64883,5.0,10.53869,-0.235935,88.8772,342.0
46.2932401010767,15.1539,46.375939601101,16.3183,4.0,16.64823,5.0,9.953499,-0.7113,84.445104,342.0
46.3105238014832,17.1162,46.3939961018041,16.5639,4.0,16.64841,5.0,12.64942,-0.996947,85.839696,342.0
46.3263690015301,15.9671,46.4135575024411,18.4489,4.0,16.64814,5.0,11.43905,0.395713,87.219904,342.0
46.3439411008731,17.7148,46.4259608024731,13.282,4.0,16.64857,5.0,11.1528,-0.597648,85.95,342.0
46.3602389013395,16.07,46.4419357022271,17.4643,4.0,16.64834,5.0,9.81984,1.051144,88.818896,342.0
46.375939601101,16.8495,46.4606632022187,18.2624,4.0,16.64842,5.0,9.742225,-0.648801,84.837504,342.0
46.3939961018041,17.8068,46.4780569029972,16.5235,4.0,16.64889,5.0,10.82877,-0.662146,86.907104,342.0
46.3939961018041,14.218,46.4947329023853,17.0657,4.0,16.64791,4.0,12.42023,0.277711,83.442496,342.0
46.4259608024731,18.477,46.5098029021174,14.5048,5.0,16.64864,5.0,11.95,0.738906,83.8998,342.0
46.4419357022271,15.1905,46.5268884021789,17.2501,4.0,16.64805,5.0,9.951047,-0.892371,84.520896,342.0
46.4606632022187,17.8306,46.5418294025585,14.366,4.0,16.64853,5.0,12.70659,-0.659748,87.109,342.0
46.4780569029972,18.3967,46.5600989023224,18.8712,4.0,16.64923,4.0,11.06355,0.418297,83.489104,342.0
46.4947329023853,16.4279,46.5758723029867,17.0494,4.0,16.64915,3.0,12.27426,0.896373,81.83,342.0
46.5098029021174,16.116,46.593816802837,18.699,4.0,16.64893,2.0,8.416401,-0.505157,85.589696,342.0
46.5268884021789,16.7138,46.6095215035602,13.1059,4.0,16.64896,1.0,10.65545,-0.302671,88.204896,342.0
46.5418294025585,17.2501,46.6251893034205,15.5681,4.0,16.6492,0.0,12.17379,-1.031306,82.157696,342.0
46.5600989023224,15.8985,46.6437937030569,19.6542,4.0,16.6489,4.0,11.23769,-0.066878,7.7146,342.0
46.5758723029867,15.0914,46.6606037029997,17.7057,4.0,16.64827,5.0,8.868771,-0.385964,21.9794,342.0
46.593816802837,18.8898,46.67556120269,12.842,4.0,16.64917,5.0,10.33465,-0.158374,35.8739,342.0
46.67556120269,94.754,46.6928908023983,20.3104,4.0,16.6805,5.0,10.524,0.367889,49.6815,342.0
46.6928908023983,2.4594,46.7107823025435,16.7239,0.0,16.6748,5.0,11.01623,0.112481,65.8578,342.0
46.6928908023983,2.1916,46.7264676019549,16.0991,0.0,16.66899,5.0,10.95886,0.054602,80.158496,342.0
46.6928908023983,2.091,46.7423414010555,15.8878,1.0,16.66315,5.0,10.42707,0.310571,84.255296,342.0
46.6928908023983,0.6319,46.7602826002985,16.804,2.0,16.65673,5.0,9.929506,0.214506,84.9908,342.0
46.6928908023983,1.5625,46.7765117008239,15.8625,3.0,16.65069,5.0,12.71138,1.578004,85.705904,342.0
46.7107823025435,11.8747,46.7925324011594,15.9724,4.0,16.64878,5.0,11.59766,-0.537491,85.5262,342.0
46.7264676019549,15.9464,46.8091458007693,16.6819,4.0,16.6485,5.0,10.40367,-0.561863,84.255504,342.0
46.7423414010555,17.4411,46.8261355012655,18.1725,4.0,16.64882,5.0,10.17981,0.451059,83.142,342.0
46.7602826002985,17.8832,46.8448926005512,17.7027,4.0,16.64931,4.0,9.316919,0.230502,82.5516,342.0
46.7765117008239,16.1026,46.8595709009096,14.8295,4.0,16.64909,5.0,11.4672,-0.998473,85.739296,342.0
46.7925324011594,16.7649,46.8753438005224,15.6367,4.0,16.64914,5.0,11.41933,0.210896,83.2318,342.0
46.8091458007693,16.7199,46.8920921003446,16.1289,4.0,16.64916,5.0,11.26109,-0.689054,86.7166,342.0
46.8261355012655,15.0608,46.9095829008147,18.252,4.0,16.64853,5.0,10.0589,0.009703,85.593296,342.0
46.8448926005512,18.3648,46.9254772001877,15.8853,4.0,16.64922,5.0,6.469591,-0.817063,84.760496,342.0
46.8595709009096,14.9285,46.9429312003776,18.3808,4.0,16.64853,5.0,10.53846,0.012589,84.593504,342.0
46.8753438005224,17.5695,46.9592651007697,16.4591,4.0,16.6489,4.0,12.14954,-0.070173,83.2224,342.0
46.8920921003446,18.0092,46.9760798001662,17.1619,4.0,16.64944,5.0,11.0647,0.266737,86.2086,342.0
46.9095829008147,15.5044,46.9929448002949,15.3549,4.0,16.64898,4.0,9.984873,0.576901,85.1088,342.0
46.9254772001877,16.8049,47.0090036997572,15.4166,4.0,16.64905,5.0,11.0472,-0.858252,85.4588,342.0
46.9429312003776,15.1587,47.0266268001869,18.144,4.0,16.64845,5.0,11.55285,-0.484482,87.529296,342.0
46.9592651007697,16.52,47.0425001000986,15.42,4.0,16.6484,5.0,12.0788,-1.419908,84.286096,342.0
46.9760798001662,16.8234,47.0593991009519,17.1739,4.0,16.64847,5.0,11.70346,-0.12555,83.843296,342.0
46.9929448002949,16.8385,47.0765188010409,18.9082,4.0,16.64855,4.0,11.00901,-0.59315,81.493696,342.0
47.0090036997572,18.8504,47.0919342013076,15.6059,4.0,16.64942,5.0,11.54357,-0.628277,85.755,342.0
47.0266268001869,16.2256,47.1094220010564,15.7959,4.0,16.64925,5.0,11.84316,-0.906403,86.243104,342.0
47.0425001000986,17.3843,47.1250244006515,15.0205,4.0,16.64954,5.0,11.4899,-0.015752,85.270096,342.0
47.0593991009519,15.449,47.1430601011962,19.7101,4.0,16.64907,5.0,9.358852,0.111076,83.714304,342.0
47.0765188010409,15.9045,47.1592374015599,16.3924,4.0,16.64877,4.0,10.50768,-0.45369,82.189904,342.0
47.0919342013076,17.2493,47.1753195021302,16.2755,4.0,16.64901,5.0,10.64231,-0.010712,86.970496,342.0
47.1094220010564,17.7432,47.1929646022618,16.2005,4.0,16.64944,5.0,13.15665,0.150791,86.1202,342.0
47.1250244006515,16.622,47.2089319024235,15.0844,4.0,16.64943,5.0,11.84315,-0.764323,84.797104,342.0
47.1430601011962,15.0134,47.2264453023672,19.7933,4.0,16.64878,4.0,10.90768,1.247918,81.953696,342.0
47.1592374015599,16.1779,47.2423348017037,15.6613,4.0,16.6486,5.0,10.5134,-0.025444,83.682896,342.0
47.1753195021302,18.2774,47.2587245013565,16.6193,4.0,16.64924,5.0,12.72755,0.195099,86.6788,342.0
47.1929646022618,17.4316,47.2754734009504,14.6026,4.0,16.64955,5.0,11.76362,-1.254618,86.812704,342.0
47.2089319024235,16.5933,47.2932132016867,18.3074,4.0,16.64953,4.0,11.43539,0.916908,81.5932,342.0
47.2264453023672,14.7195,47.3096233010292,17.7159,4.0,16.64877,4.0,10.43331,-0.599052,82.598,342.0
47.2423348017037,16.9435,47.3260762002319,17.0758,4.0,16.64888,5.0,9.919309,-0.268465,85.1244,342.0
47.2587245013565,18.3401,47.3416629005224,13.1356,4.0,16.64955,5.0,9.887523,0.344752,86.573696,342.0
47.2754734009504,16.5129,47.3593017011881,17.5185,4.0,16.6495,5.0,12.48108,-0.641471,83.443696,342.0
47.2932132016867,16.2817,47.3762777019292,18.7915,4.0,16.64935,4.0,10.49404,0.903491,81.151504,342.0
47.3096233010292,15.3732,47.3925266023725,16.8226,4.0,16.64885,5.0,10.1787,-0.280152,81.717904,342.0
47.3260762002319,19.5345,47.4106610026211,16.4165,4.0,16.64999,5.0,9.896218,-0.007324,84.101,342.0
47.3416629005224,16.6179,47.4252669028938,14.3134,4.0,16.64997,5.0,10.93939,0.453461,85.730496,342.0
47.3593017011881,17.179,47.4424588028342,17.7435,4.0,16.65018,5.0,10.56335,0.277596,85.886,342.0
47.3762777019292,15.1303,47.4590582028031,17.5169,4.0,16.64959,5.0,12.31666,-0.619773,85.311696,342.0
47.3925266023725,14.651,47.4753429032862,16.2763,4.0,16.6488,4.0,10.49075,-0.256285,83.599904,342.0
47.4106610026211,17.4495,47.4929485041648,17.6258,4.0,16.64911,5.0,9.631071,0.38223,84.884304,342.0
47.4252669028938,16.838,47.5090303048491,16.2428,4.0,16.64919,4.0,10.23391,-0.515003,84.086896,342.0
47.4424588028342,16.588,47.525496404618,14.8981,4.0,16.64916,5.0,10.74945,-0.160141,87.042,342.0
47.4590582028031,15.4862,47.5418775044382,16.7469,4.0,16.64871,5.0,11.39622,-1.256174,86.1028,342.0
47.4753429032862,16.2518,47.5580441039056,15.4548,4.0,16.64855,4.0,10.32514,-1.145199,82.762704,342.0
47.4929485041648,17.0181,47.5756754036993,19.9725,4.0,16.64869,4.0,9.640004,-0.27717,83.1628,342.0
47.5090303048491,17.2787,47.5921787042171,16.3422,4.0,16.64894,4.0,9.481973,-0.79679,82.856496,342.0
47.525496404618,17.7093,47.6083676051348,14.3684,4.0,16.64936,5.0,12.50399,-1.198326,85.3216,342.0
47.5418775044382,16.3061,47.6253677047789,16.731,4.0,16.64922,5.0,12.14967,-0.891307,83.3328,342.0
47.5580441039056,17.3931,47.6422822047025,17.0586,4.0,16.64952,5.0,9.781403,0.163551,83.6104,342.0
47.5756754036993,15.4689,47.6588391046971,17.9331,4.0,16.64905,4.0,10.58354,-0.31342,81.5588,342.0
47.5921787042171,18.1111,47.6745309047401,16.1544,4.0,16.64963,4.0,9.992174,-0.805583,81.6598,342.0
47.6083676051348,17.2951,47.6921581048518,17.5396,4.0,16.64988,5.0,12.9462,-1.398,85.399296,342.0
47.6253677047789,16.4826,47.7085736040026,14.4309,4.0,16.64981,5.0,12.70127,-1.240356,85.215504,342.0
47.6422822047025,16.7246,47.7251542042941,16.825,4.0,16.64984,5.0,10.40519,-0.503285,85.9108,342.0
47.6588391046971,14.8513,47.7424430046231,18.5908,4.0,16.64914,4.0,10.76603,-0.339666,80.901504,342.0
47.6745309047401,16.9788,47.7587915044278,16.7949,4.0,16.64927,4.0,10.92611,0.032617,83.300096,342.0
47.6921581048518,16.6044,47.7760528046638,17.3165,4.0,16.64925,5.0,10.66095,-1.002162,85.8018,342.0
47.7085736040026,17.5307,47.7909420048818,12.5038,4.0,16.6496,4.0,11.21052,0.387558,84.9014,342.0
47.7251542042941,15.7707,47.8088296046481,18.1678,4.0,16.64925,5.0,11.79188,0.020271,85.9304,342.0
47.7424430046231,15.8576,47.8265425050631,18.3595,4.0,16.64894,5.0,10.7163,-0.563894,81.2544,342.0
47.7587915044278,16.1589,47.842350804247,15.2576,4.0,16.64875,4.0,10.91856,-0.97548,83.402704,342.0
47.7760528046638,17.0494,47.8588071046397,18.0785,4.0,16.64891,5.0,11.28158,-0.999766,82.763904,342.0
47.7909420048818,20.2545,47.8744316045195,15.577,4.0,16.65031,4.0,12.35347,-0.772091,80.863104,342.0
47.8088296046481,14.7081,47.8910391051322,16.856,4.0,16.64956,4.0,12.17718,-0.688856,84.031,342.0
47.8265425050631,17.2303,47.9090543054044,16.605,4.0,16.64978,5.0,9.963362,-0.779822,84.915696,342.0
47.842350804247,16.9605,47.9244464058429,15.0456,4.0,16.6499,5.0,10.92464,-0.413837,83.166304,342.0
47.8588071046397,14.4068,47.94163460657,17.5772,4.0,16.64903,5.0,11.00833,0.691661,85.6488,342.0
47.8744316045195,17.0322,47.9584823064506,17.9222,4.0,16.64918,4.0,11.39959,-0.759039,81.842304,342.0
47.8910391051322,18.7909,47.9752610065043,17.0321,4.0,16.65001,4.0,4.84748,0.315343,82.829504,342.0
47.9090543054044,15.0849,47.9925232063979,17.5677,4.0,16.6494,4.0,10.88237,-1.128033,83.6154,342.0
47.9244464058429,17.4739,48.0084027070552,13.6668,4.0,16.64972,3.0,12.83389,0.359265,83.606704,342.0
47.94163460657,15.8174,48.0253677070141,16.8044,4.0,16.6494,2.0,12.56936,-0.530601,82.3944,342.0
47.9584823064506,15.6371,48.0417529065162,16.423,4.0,16.64901,1.0,10.87572,0.64878,81.974304,342.0
47.9752610065043,17.0314,48.0570306060836,17.0225,4.0,16.64916,0.0,10.83404,-0.4357,85.531,342.0
47.9925232063979,17.8731,48.0752836065367,16.6814,4.0,16.64963,5.0,10.10304,-1.263215,9.6771,342.0
48.0084027070552,16.9226,48.0920320069417,16.4804,4.0,16.64974,5.0,10.92064,0.846887,22.5796,342.0
48.0253677070141,17.3546,48.1108818063512,20.9105,4.0,16.65001,4.0,12.61706,0.559405,34.0833,342.0
48.1108818063512,92.3964,48.1267772065476,16.5459,4.0,16.67938,3.0,9.874033,-0.314342,48.9694,342.0
48.1108818063512,2.252,48.1423226064071,15.1587,0.0,16.67379,2.0,11.07183,1.096395,66.7643,342.0
48.1267772065476,2.2999,48.1581375068054,13.7946,1.0,16.66822,1.0,9.399901,0.673906,80.511104,342.0
48.1267772065476,1.4087,48.1745949061587,16.2934,1.0,16.66231,0.0,12.20262,-0.361048,83.108,342.0
48.1267772065476,1.6687,48.1921340068802,19.4631,2.0,16.65651,5.0,10.9803,-0.978054,8.649,342.0
48.1267772065476,0.5725,48.2085054060444,14.3192,3.0,16.65028,5.0,10.70951,-0.611393,20.9257,342.0
48.1423226064071,14.6769,48.2240000059828,17.2741,4.0,16.64952,5.0,11.13481,-0.530638,37.1057,342.0
48.2240000059828,93.84911,48.2416260065511,19.3899,4.0,16.67937,4.0,8.644595,0.967654,49.7009,342.0
48.2416260065511,2.53,48.2580342059955,14.8064,0.0,16.6739,4.0,11.29534,-0.86805,64.0602,342.0
48.2416260065511,2.0441,48.2755096061155,18.2229,0.0,16.66825,5.0,12.0596,-0.300872,82.114096,342.0
48.2416260065511,1.7002,48.2921069068834,14.295,1.0,16.66247,5.0,8.751394,-0.670817,86.8882,342.0
48.2416260065511,0.4212,48.3072773069143,14.7798,2.0,16.6562,4.0,9.425648,-0.567704,83.506304,342.0
48.2416260065511,1.2597,48.3246349077672,19.3122,3.0,16.65025,3.0,10.37865,0.150576,80.880896,342.0
48.2580342059955,13.3485,48.3424570076168,18.1619,4.0,16.64898,2.0,10.35849,-0.324649,81.8016,342.0
48.2755096061155,18.1237,48.3576325075701,14.7029,4.0,16.64955,1.0,11.94754,-1.360151,83.063696,342.0
48.2921069068834,17.8645,48.3745763069019,15.2403,4.0,16.65002,0.0,11.77775,1.215864,83.336704,342.0
48.3072773069143,17.3693,48.3907203068957,18.2882,4.0,16.65029,5.0,8.79645,0.273416,19.7395,342.0
48.3246349077672,14.124,48.4079526076093,15.3853,4.0,16.64932,6.0,10.68817,1.340708,35.5778,342.0
48.3424570076168,16.4356,48.4248880082741,16.7083,4.0,16.64924,5.0,10.36372,-0.059229,49.2858,342.0
48.4425118090585,96.6598,48.458068809472,33.0616,4.0,16.68004,5.0,12.1564,1.417192,64.3619,342.0
48.4425118090585,2.3679,48.4741245089099,18.2056,0.0,16.67453,5.0,12.26622,0.714434,78.549504,342.0
48.4425118090585,2.103,48.4920058092102,15.8121,1.0,16.66892,5.0,11.49525,0.700435,95.448704,342.0
48.4425118090585,0.8265,48.5082039097324,15.8999,2.0,16.66283,6.0,10.76725,-0.583831,98.423296,342.0
48.4425118090585,1.6589,48.5240311091766,15.8465,3.0,16.65707,5.0,13.18804,-0.153917,99.7168,342.0
48.4425118090585,1.2475,48.5417218087241,18.1478,4.0,16.65115,5.0,10.63378,-0.01121,97.935696,342.0
48.458068809472,15.3305,48.5582861090079,18.3038,5.0,16.65064,5.0,11.35599,-0.420024,95.906896,342.0
48.4741245089099,14.3745,48.5740667087957,15.668,5.0,16.64977,5.0,10.38333,-0.484228,96.9444,342.0
48.4920058092102,19.5128,48.5909833079204,17.7304,5.0,16.65087,6.0,10.31031,-0.859213,98.9124,342.0
48.5082039097324,16.2103,48.6078580087051,14.1816,5.0,16.6507,6.0,10.18107,-1.342216,100.193296,342.0
48.5240311091766,15.7917,48.6247301092371,16.8295,5.0,16.65037,5.0,10.94946,0.428974,100.172704,342.0
48.5417218087241,17.3113,48.6418644087389,19.2773,5.0,16.65062,5.0,10.97073,-0.755091,94.143,342.0
48.5582861090079,14.782,48.6580066094175,16.0641,5.0,16.6499,5.0,12.33382,-0.111391,95.2466,342.0
48.5740667087957,16.3442,48.6739383088425,16.3225,5.0,16.64979,5.0,10.34101,-0.488271,94.952704,342.0
48.5909833079204,20.2025,48.6904295096174,14.172,5.0,16.65115,5.0,11.75012,-1.587687,99.093504,342.0
48.6078580087051,15.5514,48.7070938097313,16.6549,5.0,16.65073,5.0,11.80063,-1.349986,97.6806,342.0
48.6247301092371,16.9592,48.7240788089111,16.6644,5.0,16.65084,6.0,12.29141,-0.830848,98.1788,342.0
48.6418644087389,14.049,48.7417127089575,18.1896,5.0,16.64985,5.0,10.88102,-0.70793,98.051696,342.0
48.6580066094175,16.4046,48.7571911085397,14.9908,5.0,16.64976,5.0,11.03853,-0.339445,96.4468,342.0
48.6739383088425,18.7025,48.7740002088249,19.2008,5.0,16.65054,5.0,9.711991,0.644994,97.013296,342.0
48.6904295096174,15.6238,48.7899025082588,15.4958,5.0,16.65015,5.0,12.52689,0.301444,98.5812,342.0
48.7070938097313,17.8912,48.8078814074397,16.2861,5.0,16.65062,5.0,11.99877,-1.257593,97.067,342.0
48.7240788089111,16.3513,48.8247015066445,16.9168,5.0,16.65051,6.0,10.85789,0.242197,100.1276,342.0
48.7417127089575,15.7959,48.8419099058956,17.3643,5.0,16.65018,5.0,11.83799,-0.447686,98.263696,342.0
48.7571911085397,16.6649,48.8573409058154,15.1509,5.0,16.65019,5.0,11.39465,-0.118123,98.242304,342.0
48.7740002088249,15.6622,48.8740411065519,18.7216,5.0,16.64981,5.0,10.93403,-0.124391,95.9914,342.0
48.7899025082588,17.8754,48.8904600068927,16.0115,5.0,16.65028,5.0,12.41564,-0.604306,96.608496,342.0
48.8078814074397,17.8642,48.9071510061622,17.8463,5.0,16.65074,5.0,12.05331,-0.990805,97.350704,342.0
48.8247015066445,16.15,48.923805905506,13.8947,5.0,16.65055,6.0,9.296856,-0.081742,99.835696,342.0
48.8419099058956,16.8647,48.940853305161,17.481,5.0,16.65063,6.0,9.677993,-1.407583,102.083104,342.0
48.8573409058154,16.8119,48.9570361059159,17.5535,5.0,16.65069,5.0,13.0006,0.169608,94.578096,342.0
48.8740411065519,14.4779,48.9738803058863,16.9636,5.0,16.64987,5.0,11.45879,-1.744786,96.828096,342.0
48.8904600068927,17.5985,48.9929788056761,19.8453,5.0,16.65023,4.0,12.09872,-1.252126,97.6578,342.0
48.9071510061622,17.8459,49.0060976054519,10.3396,5.0,16.65068,3.0,10.28919,-0.916931,97.418096,342.0
48.923805905506,15.6513,49.0240136049688,17.9015,5.0,16.6503,2.0,10.25441,-0.659145,98.1988,342.0
48.940853305161,16.898,49.0401048045605,17.7261,5.0,16.65039,1.0,12.38171,0.817817,97.230896,342.0
48.9570361059159,15.3069,49.0568505041301,15.0672,5.0,16.64989,3.0,12.64054,0.010938,99.222704,342.0
48.9738803058863,16.5226,49.0740313045681,17.3149,5.0,16.64984,5.0,11.96778,-0.143487,17.7121,342.0
48.9929788056761,18.608,49.0900406036526,17.6477,5.0,16.65058,5.0,12.04819,-1.277519,33.6477,342.0
49.0060976054519,16.881,49.1076835040003,18.8521,5.0,16.65067,5.0,9.969486,-0.287965,48.136,342.0
49.1076835040003,94.6469,49.1236526034772,13.136,5.0,16.68023,6.0,13.50103,-0.365494,64.0068,342.0
49.1076835040003,2.5292,49.1418855041265,18.4637,0.0,16.67487,5.0,12.98463,0.003649,77.520496,342.0
49.1076835040003,0.8898,49.157690603286,15.378,1.0,16.66889,5.0,12.73174,-0.083346,91.576,342.0
49.1076835040003,2.2638,49.1740158032626,18.1342,2.0,16.66344,5.0,11.31148,-0.783097,95.6824,342.0
49.1076835040003,2.3345,49.1901069041342,15.8479,3.0,16.65801,5.0,9.100862,-1.176777,96.2974,342.0
49.1076835040003,0.6803,49.205826703459,16.0494,4.0,16.65197,5.0,9.472487,-0.300757,97.9322,342.0
49.1236526034772,13.466,49.2239738032222,16.2572,5.0,16.65076,5.0,11.80922,-0.133281,99.4066,342.0
49.1418855041265,15.4312,49.2400453034788,16.0459,5.0,16.6503,5.0,13.05276,0.010024,99.919504,342.0
49.157690603286,17.0898,49.2569784037769,18.7246,5.0,16.65047,5.0,10.51029,1.073279,98.0608,342.0
49.1740158032626,14.6727,49.2732192035764,16.1466,5.0,16.64972,5.0,10.31095,-0.199097,94.924704,342.0
49.1901069041342,17.1929,49.2905454039574,17.7051,5.0,16.64993,5.0,9.838446,0.233271,96.749904,342.0
49.205826703459,17.782,49.3069074042141,15.923,5.0,16.65035,5.0,11.8938,-1.264178,97.1844,342.0
49.2239738032222,17.8854,49.3231522049755,14.7491,5.0,16.65082,5.0,12.64858,-0.239628,97.117504,342.0
49.2400453034788,15.6827,49.3407949041575,17.5149,5.0,16.65046,6.0,12.00066,-0.285701,99.8592,342.0
49.2569784037769,15.6261,49.3568404037505,16.0618,5.0,16.65007,6.0,10.80738,0.182046,96.7678,342.0
49.2732192035764,17.2647,49.3739781044424,17.1879,5.0,16.6503,5.0,10.18028,-0.401314,95.896,342.0
49.2905454039574,16.1169,49.3907114043832,18.8571,5.0,16.6501,5.0,11.67602,-0.086225,95.995296,342.0
49.3069074042141,19.2878,49.4072067048401,16.196,5.0,16.65109,5.0,10.6372,-0.303139,95.1468,342.0
49.3231522049755,16.5604,49.4230225048959,15.6886,5.0,16.65106,5.0,11.63083,0.443164,96.5738,342.0
49.3407949041575,16.1838,49.4391774050891,16.2838,5.0,16.65088,6.0,9.867678,-0.131137,101.159296,342.0
49.3568404037505,16.8016,49.4570921044797,15.9512,5.0,16.65094,5.0,11.08753,-0.298466,98.721904,342.0
49.3739781044424,16.225,49.4747727047652,17.6517,5.0,16.65078,4.0,9.731601,0.048644,98.1126,342.0
49.3907114043832,14.1372,49.4915857054293,18.722,5.0,16.64983,3.0,11.92535,0.021484,95.077696,342.0
49.4072067048401,16.8089,49.5061549050733,14.3709,5.0,16.64989,2.0,11.59701,0.232118,97.002896,342.0
49.4230225048959,16.5994,49.5238356059417,15.9901,5.0,16.64988,1.0,10.91862,-0.806911,95.555104,342.0
49.4391774050891,18.6223,49.5394065063447,15.5864,5.0,16.65062,3.0,11.25164,0.091728,100.9208,342.0
49.4570921044797,16.7291,49.5560958068818,18.6543,5.0,16.65064,5.0,11.38104,-0.184606,20.7688,342.0
49.4747727047652,17.379,49.5738389063627,15.9339,5.0,16.65092,5.0,9.660737,-0.610669,35.4937,342.0
49.4915857054293,14.0474,49.5899466071278,19.4087,5.0,16.64994,5.0,10.75747,-1.679284,48.0586,342.0
49.5899466071278,95.5332,49.6067424062639,15.3812,5.0,16.67952,5.0,11.39936,-0.911213,64.5748,342.0
49.5899466071278,2.1935,49.6239797063172,16.9266,0.0,16.67409,5.0,11.31822,0.018247,80.8364,342.0
49.5899466071278,2.5177,49.6391594065353,15.0843,1.0,16.66879,5.0,10.58418,-0.584847,93.954,342.0
49.5899466071278,1.6679,49.6569992071018,18.1719,2.0,16.66317,5.0,9.851911,-0.368061,97.380896,342.0
49.5899466071278,0.4759,49.6755020068958,16.7376,3.0,16.65711,5.0,12.43417,-0.613009,96.958704,342.0
49.5899466071278,1.3337,49.6901543065906,14.45,4.0,16.65137,5.0,11.61711,-0.559401,98.771104,342.0
49.6067424062639,13.4464,49.7071795072407,16.874,5.0,16.65017,5.0,11.81547,-0.292486,97.1934,342.0
49.6239797063172,16.4494,49.7231256067753,16.0267,5.0,16.6501,5.0,10.95458,-0.768722,97.351904,342.0
49.6391594065353,17.0272,49.7419501058757,18.8399,5.0,16.65024,5.0,11.72291,0.76539,95.0248,342.0
49.6569992071018,17.9023,49.7566050058231,16.3234,5.0,16.65071,5.0,10.68565,-0.905066,95.746304,342.0
49.6755020068958,17.3258,49.7755114054307,17.4817,5.0,16.65096,5.0,11.69605,0.398839,93.0744,342.0
49.6901543065906,16.5805,49.790006604977,14.2528,5.0,16.65093,5.0,12.34986,0.295595,94.453696,342.0
49.7071795072407,16.1314,49.8068409049883,16.8598,5.0,16.65074,5.0,10.78261,-0.280684,96.480096,342.0
49.7231256067753,17.8098,49.8218493051827,15.1306,5.0,16.65117,5.0,10.9757,-0.478259,98.235904,342.0
49.7419501058757,17.1125,49.8402867056429,18.4915,5.0,16.65134,5.0,10.27479,-1.336864,97.597296,342.0
49.7566050058231,14.4688,49.8567634057254,16.5086,5.0,16.65053,5.0,10.32482,-0.06849,98.006,342.0
49.7755114054307,16.1207,49.8729648049921,17.8625,5.0,16.65033,5.0,11.43501,-0.224715,95.960304,342.0
49.790006604977,17.5266,49.8898718059063,16.887,5.0,16.65066,5.0,10.98027,0.439873,94.742304,342.0
49.8068409049883,17.1229,49.9070321060717,17.5308,5.0,16.65084,5.0,10.81916,0.354166,94.7864,342.0
49.8218493051827,17.084,49.9240995068103,15.0395,5.0,16.651,5.0,9.064705,-0.312927,94.689296,342.0
49.8402867056429,16.86,49.9398432075977,15.64,5.0,16.65107,5.0,10.87798,-0.269649,96.300496,342.0
49.8567634057254,16.475,49.9564298074692,16.5189,5.0,16.65101,5.0,10.88036,-0.211695,96.6862,342.0
49.8729648049921,16.8163,49.9732187073678,16.7193,5.0,16.65107,5.0,10.98266,-0.337027,97.5536,342.0
49.8898718059063,15.8181,49.9905241075903,17.4281,5.0,16.65076,4.0,11.42729,-1.207421,94.947696,342.0
49.9070321060717,17.2597,50.0062191076577,17.6441,5.0,16.65099,3.0,9.787215,0.662672,96.804496,342.0
49.9240995068103,16.4837,50.0238563083112,17.3509,5.0,16.65092,2.0,12.08883,0.438931,95.142496,342.0
49.9398432075977,16.9941,50.039921708405,14.3897,5.0,16.65105,1.0,11.36203,0.559783,94.478496,342.0
49.9564298074692,16.2451,50.0562642086297,18.0997,5.0,16.6509,2.0,9.760727,-0.447575,98.393296,342.0
49.9732187073678,17.4607,50.073059508577,15.7987,5.0,16.6512,5.0,10.30215,1.145608,17.7932,342.0
49.9905241075903,16.8055,50.0897882077843,16.1415,5.0,16.65126,5.0,10.4347,-0.452303,35.2624,342.0
50.0062191076577,14.6664,50.1060624085367,18.5788,5.0,16.65052,5.0,12.00083,1.17605,46.792,342.0
50.1060624085367,95.0973,50.123006908223,14.4973,5.0,16.6796,5.0,10.91612,-0.252839,61.6814,342.0
50.1060624085367,2.2658,50.1410064082593,19.7329,0.0,16.67426,5.0,10.82243,-0.456097,77.4144,342.0
50.1060624085367,2.3882,50.1568452082574,13.9184,1.0,16.66897,5.0,11.03907,0.030237,93.049,342.0
50.1060624085367,0.6148,50.1721497084945,15.5031,2.0,16.66302,5.0,11.14012,-0.413813,95.5014,342.0
50.1060624085367,1.3126,50.1893314085901,17.0451,3.0,16.65734,5.0,9.879575,-0.014454,96.1582,342.0
50.1060624085367,1.2231,50.2061519082636,16.8568,4.0,16.65163,5.0,10.12539,-0.650242,98.6226,342.0
50.123006908223,15.7856,50.2228111084551,18.2395,5.0,16.65131,5.0,8.924503,-0.593949,93.197904,342.0
50.1410064082593,15.5356,50.2389891091734,16.1925,5.0,16.6509,5.0,10.19945,-0.303802,96.082096,342.0
50.1568452082574,16.6823,50.2597768083215,19.1568,5.0,16.65091,5.0,10.67134,-0.002578,94.508496,342.0
50.1721497084945,18.6715,50.2730171084404,13.2436,5.0,16.65166,5.0,10.6776,-0.475762,96.3204,342.0
50.1893314085901,16.2007,50.2919335085899,19.0863,5.0,16.65149,5.0,10.13166,-0.136513,97.647,342.0
50.2061519082636,17.0933,50.3059675088152,15.5094,5.0,16.65165,5.0,10.08021,-0.67933,92.825296,342.0
50.2228111084551,15.0284,50.3227323079482,16.8418,5.0,16.65105,5.0,10.21275,-0.02052,93.123296,342.0
50.2389891091734,16.5221,50.3420709082857,17.8489,5.0,16.65101,5.0,10.37664,0.453074,95.617104,342.0
50.2597768083215,18.8207,50.3559903083369,14.0011,5.0,16.65181,5.0,11.47145,-0.467285,96.9648,342.0
50.2730171084404,16.5068,50.3728935075924,16.7989,5.0,16.65175,5.0,9.694102,-0.192475,96.6468,342.0
50.2919335085899,16.4739,50.3903016084805,18.9671,5.0,16.65169,5.0,9.004578,0.800203,92.6142,342.0
50.3059675088152,15.0485,50.406624908559,16.3965,5.0,16.6511,5.0,9.880962,-1.152661,91.8096,342.0
50.3227323079482,16.4917,50.4246323080733,16.1736,5.0,16.65104,5.0,11.08811,-0.936702,94.4446,342.0
50.3420709082857,19.0843,50.4395869076252,15.0512,5.0,16.65194,5.0,8.10323,-0.03398,96.9962,342.0
50.3559903083369,16.3073,50.4552121069282,15.5013,5.0,16.65181,5.0,11.20642,-0.391819,95.7208,342.0
50.3728935075924,16.7048,50.4728097077459,19.3397,5.0,16.65183,5.0,9.976826,1.503604,92.592704,342.0
50.3903016084805,14.3986,50.489679608494,16.9506,5.0,16.651,5.0,11.08208,-0.58924,93.668304,342.0
50.406624908559,16.4609,50.5067019090056,15.1855,5.0,16.65093,5.0,9.833275,-0.386752,94.3082,342.0
50.4246323080733,18.415,50.5218521086499,15.2856,5.0,16.65158,5.0,10.8111,0.025348,96.297904,342.0
50.4395869076252,16.4562,50.5393348084763,17.531,5.0,16.65151,5.0,10.99596,0.350114,96.5332,342.0
50.4552121069282,17.7718,50.5561039084569,18.4157,5.0,16.65192,5.0,10.9812,0.124116,93.6478,342.0
50.4728097077459,14.6198,50.5727817090228,16.6052,5.0,16.65117,5.0,11.35868,-0.950997,93.698304,342.0
50.489679608494,16.6853,50.5892690094188,16.92,5.0,16.65118,5.0,9.254919,-1.606408,95.7864,342.0
50.5067019090056,17.7014,50.6060428088531,14.8154,5.0,16.65157,4.0,11.0345,-0.247051,96.569904,342.0
50.5218521086499,16.0678,50.6220181090757,16.1184,5.0,16.65136,3.0,8.38024,-1.013609,94.470304,342.0
50.5393348084763,16.9805,50.6397039098665,19.0682,5.0,16.65148,2.0,11.38555,-0.680398,95.2526,342.0
50.5561039084569,14.2585,50.6563870096579,15.0416,5.0,16.6506,1.0,10.31125,-0.595955,92.9332,342.0
50.5727817090228,17.8555,50.6720338100567,15.7564,5.0,16.65104,0.0,9.315286,0.083331,92.895,342.0
50.5892690094188,17.6863,50.6888862093911,18.4669,5.0,16.65142,5.0,10.36168,-1.153223,11.898,342.0
50.6060428088531,17.4178,50.705623109825,15.0984,5.0,16.6517,5.0,10.4778,-1.017192,28.5706,342.0
50.6220181090757,16.9607,50.7226656107232,16.921,5.0,16.65181,5.0,11.98841,-0.903984,45.557,342.0
50.7226656107232,96.25591,50.7378166103736,15.2584,5.0,16.68092,5.0,12.21495,0.554439,60.48,342.0
50.7226656107232,1.5465,50.7561193099245,18.2172,0.0,16.67539,5.0,9.732309,-1.00692,76.2954,342.0
50.7226656107232,0.5546,50.7719246102497,17.5406,1.0,16.6695,5.0,11.3564,-0.70219,92.342096,342.0
50.7226656107232,1.8352,50.788515410386,16.7575,2.0,16.66408,5.0,11.34606,0.381249,94.7372,342.0
50.7226656107232,1.1833,50.8052999107167,16.9985,3.0,16.65843,5.0,11.27767,-1.042343,94.734496,342.0
50.7226656107232,0.5068,50.8219610108063,16.5525,4.0,16.65253,5.0,9.804323,0.002486,95.263904,342.0
50.7378166103736,13.2932,50.8394521111622,15.6904,5.0,16.65131,5.0,10.93249,0.852715,95.5624,342.0
50.7561193099245,16.6112,50.8561143120751,16.6067,5.0,16.65129,5.0,10.75588,-0.636556,97.717696,342.0
50.7719246102497,15.4138,50.871924511157,15.943,5.0,16.65084,5.0,9.264061,-0.532327,95.686896,342.0
50.788515410386,16.843,50.8893844103441,17.1403,5.0,16.65091,5.0,9.33062,-0.691398,96.3552,342.0
50.8052999107167,16.3235,50.9066076101735,18.4884,5.0,16.65079,5.0,11.28329,0.859331,93.9642,342.0
50.8219610108063,18.118,50.9220921099186,16.0772,5.0,16.65133,5.0,11.20945,-1.104668,93.037296,342.0
50.8394521111622,16.9924,50.9399389103055,17.6598,5.0,16.65145,5.0,9.407043,-1.310128,91.7184,342.0
50.8561143120751,17.0693,50.9561222102493,14.6781,5.0,16.6516,5.0,11.07691,1.818538,96.097,342.0
50.871924511157,16.8225,50.9720940105617,15.895,5.0,16.65166,5.0,9.626185,-0.620876,95.504896,342.0
50.8893844103441,18.184,50.9890406113118,16.8649,5.0,16.65222,5.0,10.45976,0.688311,91.5226,342.0
50.9066076101735,13.2314,51.0065705105662,17.605,5.0,16.65098,5.0,10.54603,0.243966,94.6414,342.0
50.9220921099186,16.637,51.0227774102241,16.045,5.0,16.65097,5.0,11.9807,-0.48985,95.3662,342.0
50.9399389103055,19.1763,51.0379735101014,15.1935,5.0,16.65189,5.0,16.97577,-0.96092,94.3218,342.0
50.9561222102493,16.1567,51.0555153097957,19.275,5.0,16.65171,5.0,7.877568,0.08694,93.7066,342.0
50.9720940105617,16.354,51.0719483103603,17.0788,5.0,16.6516,5.0,10.95823,-0.441625,94.856896,342.0
50.9890406113118,18.0261,51.0893516112119,16.9815,5.0,16.6521,5.0,12.01176,-0.825307,93.6656,342.0
51.0065705105662,16.3778,51.1051525119692,15.7622,5.0,16.652,5.0,9.684376,-0.755443,96.262896,342.0
51.0227774102241,16.5368,51.1229190118611,17.6865,5.0,16.65196,5.0,10.16989,-0.222912,94.5032,342.0
51.0379735101014,16.9804,51.1381750116125,15.789,5.0,16.65208,5.0,9.493834,0.612293,96.0182,342.0
51.0555153097957,13.8254,51.1556872120127,16.4224,5.0,16.65105,5.0,9.51195,0.657317,96.0416,342.0
51.0719483103603,16.98,51.171967911534,15.2192,5.0,16.65117,5.0,10.88322,-0.586955,94.8546,342.0
51.0893516112119,15.9063,51.1895619118586,17.4207,5.0,16.6509,5.0,10.75776,0.981773,94.7244,342.0
51.1051525119692,16.6952,51.2061125123873,16.7323,5.0,16.65092,5.0,9.668525,-0.472499,94.7138,342.0
51.1229190118611,17.5233,51.2224135128781,16.3216,5.0,16.65124,5.0,9.421207,-0.075171,95.5288,342.0
51.1381750116125,17.7362,51.2386791137978,17.6054,5.0,16.65163,5.0,11.07904,0.053357,94.5686,342.0
51.1556872120127,16.6499,51.2551192129031,16.6397,5.0,16.65163,5.0,10.88351,0.247585,92.651,342.0
51.171967911534,16.7299,51.2722130129114,17.5442,5.0,16.65166,5.0,10.14651,0.127344,92.703904,342.0
51.1895619118586,16.823,51.2885153135285,15.8773,5.0,16.65172,5.0,7.621683,-0.586124,94.9406,342.0
51.2061125123873,17.0369,51.3051702128723,15.1084,5.0,16.65186,5.0,9.512355,0.112666,95.187104,342.0
51.2224135128781,17.4648,51.3227143129334,17.5305,5.0,16.65215,5.0,12.11923,0.25801,96.0538,342.0
51.2386791137978,14.3071,51.339450112544,16.5264,5.0,16.6513,5.0,8.692499,0.297933,94.3958,342.0
51.2551192129031,16.6668,51.3561783125624,16.9126,5.0,16.65131,5.0,12.23367,-0.552699,96.122496,342.0
51.2722130129114,17.0002,51.3726757122204,17.8666,5.0,16.65144,5.0,9.924543,0.781177,93.762304,342.0
51.2885153135285,17.6063,51.3883502120152,15.9475,5.0,16.65178,5.0,10.51762,-0.797506,92.441504,342.0
51.3051702128723,15.3573,51.4054021118209,17.0839,5.0,16.65131,5.0,7.636656,0.688039,92.9468,342.0
51.3227143129334,19.365,51.4220828125253,17.0046,5.0,16.65229,5.0,10.56672,-1.14638,95.5392,342.0
51.339450112544,16.1728,51.4389234120026,14.8839,5.0,16.65212,5.0,10.15783,-0.604081,94.3926,342.0
51.3561783125624,16.0184,51.4556977124885,16.4912,5.0,16.65189,5.0,9.18519,-0.113089,95.6594,342.0
51.3726757122204,14.422,51.4724623123184,17.0133,5.0,16.65109,5.0,8.939867,-0.766962,94.5756,342.0
51.3883502120152,17.1322,51.4886239124462,15.9848,5.0,16.65126,5.0,9.709599,-0.37197,94.1954,342.0
51.4054021118209,16.43,51.5061553129926,17.6976,5.0,16.65118,5.0,11.09592,-1.357573,94.051104,342.0
51.4220828125253,18.8407,51.5219625132158,17.755,5.0,16.65197,5.0,9.079806,-0.918529,92.851904,342.0
51.4389234120026,16.7791,51.5383799141273,16.3987,5.0,16.65201,5.0,10.15716,-0.583357,91.703696,342.0
51.4556977124885,16.9267,51.557119213976,16.7829,5.0,16.65211,5.0,9.98928,-0.102398,93.1358,342.0
51.4724623123184,16.9236,51.5728918137029,15.723,5.0,16.65221,5.0,12.07208,0.00307,97.3042,342.0
51.4886239124462,16.4744,51.5882655140013,15.3262,5.0,16.65215,5.0,10.53659,-0.403913,94.480496,342.0
51.5061553129926,15.979,51.6058062147349,17.4099,5.0,16.65191,5.0,9.809862,0.812551,94.562896,342.0
51.5219625132158,14.931,51.6226035151631,19.0992,5.0,16.65129,5.0,10.20907,-0.490887,95.076704,342.0
51.5383799141273,17.5789,51.639578115195,14.755,5.0,16.65162,5.0,10.94627,1.320043,93.6736,342.0
51.557119213976,17.5392,51.6553691159934,17.6215,5.0,16.65194,5.0,12.38883,0.116558,94.1824,342.0
51.5728918137029,17.264,51.6730027161539,17.7767,5.0,16.65216,5.0,10.90286,0.100763,90.8422,342.0
51.5882655140013,16.729,51.6882715160027,15.3255,5.0,16.65219,5.0,10.1172,-1.417009,92.267696,342.0
51.6058062147349,15.8378,51.7048413166776,16.3473,5.0,16.65189,5.0,8.97693,0.551819,93.941,342.0
51.6226035151631,17.6664,51.720815316774,14.3249,5.0,16.65226,5.0,10.67121,0.18623,96.461,342.0
51.639578115195,16.2531,51.7385640172288,17.6786,5.0,16.65211,5.0,11.02845,-0.484784,94.269696,342.0
51.6553691159934,14.427,51.7546851178631,16.0995,5.0,16.65132,5.0,9.482387,0.475213,93.984304,342.0
51.6730027161539,17.0895,51.7729716179892,19.6104,5.0,16.65147,5.0,10.08106,-0.386617,94.272,342.0
51.6882715160027,16.2436,51.7884176177904,14.0507,5.0,16.65133,5.0,8.100842,0.115057,93.6946,342.0
51.7048413166776,18.8718,51.8051353180781,18.5867,5.0,16.65212,5.0,10.38414,-0.535458,92.676304,342.0
51.720815316774,17.66,51.8227468179539,17.9473,5.0,16.65248,5.0,10.78171,0.366802,91.908304,342.0
51.7385640172288,16.6127,51.8389166174456,16.035,5.0,16.65247,5.0,12.89308,0.026932,91.122496,342.0
51.7546851178631,16.7498,51.854843118228,15.7307,5.0,16.6525,5.0,9.24757,-0.903805,94.165904,342.0
51.7729716179892,15.9443,51.8718646178022,15.1755,5.0,16.65225,5.0,9.336384,0.489277,94.321296,342.0
51.7884176177904,16.0331,51.8868861179799,15.2469,5.0,16.65203,5.0,11.31249,1.923192,95.1424,342.0
51.8051353180781,14.7593,51.9049914181232,17.8024,5.0,16.65135,5.0,10.46802,-0.819113,92.3114,342.0
51.8227468179539,17.6881,51.9226036183536,17.8476,5.0,16.65172,5.0,11.08384,-1.507055,91.2238,342.0
51.8389166174456,16.9203,51.9385923184454,17.7365,5.0,16.65182,5.0,10.34616,0.56319,90.1732,342.0
51.854843118228,18.4868,51.9541925182566,15.6552,5.0,16.65247,5.0,10.2841,-0.384141,92.6552,342.0
51.8718646178022,16.7476,51.9716818174347,15.6589,5.0,16.65251,5.0,9.377468,1.338324,91.886096,342.0
51.8868861179799,16.8664,51.9874989176169,15.8155,5.0,16.65258,5.0,9.939805,-0.229122,95.840096,342.0
51.9049914181232,14.9979,52.0049609178677,17.4789,5.0,16.65199,5.0,10.26962,0.187147,94.720496,342.0
51.9226036183536,16.688,52.0208188174292,15.9186,5.0,16.65201,5.0,10.35671,-1.46281,92.767696,342.0
51.9385923184454,14.9198,52.0395780177787,18.8839,5.0,16.65139,5.0,8.560913,0.081433,94.202,342.0
51.9541925182566,17.7975,52.0548209175467,16.6668,5.0,16.6518,5.0,11.92206,-0.773364,91.4058,342.0
51.9716818174347,18.3738,52.070958416909,16.4201,5.0,16.65241,5.0,11.10661,0.520064,92.2066,342.0
51.9874989176169,16.0838,52.0883638169616,17.5185,5.0,16.65221,5.0,9.493041,-0.429508,91.842,342.0
52.0049609178677,16.1905,52.1039085173979,13.3932,5.0,16.65204,5.0,9.618276,-1.44648,94.2082,342.0
52.0208188174292,17.2156,52.1216846173629,18.0274,5.0,16.65224,5.0,9.201522,-1.048952,95.325696,342.0
52.0395780177787,16.5802,52.1380482176319,16.2033,5.0,16.65222,5.0,11.34595,-0.790824,93.108496,342.0
52.0548209175467,14.7775,52.1538573177531,17.1432,5.0,16.65155,5.0,10.74461,-1.010496,90.709104,342.0
52.070958416909,17.4981,52.1715420177206,18.6264,5.0,16.65185,5.0,13.03087,-1.293968,90.813696,342.0
52.0883638169616,18.577,52.1882262183353,16.3481,5.0,16.65254,5.0,10.80606,0.873399,90.9318,342.0
52.1039085173979,16.3115,52.2039260184392,13.9111,5.0,16.65241,5.0,10.40524,-0.080181,91.895904,342.0
52.1216846173629,17.5014,52.221662919037,17.6064,5.0,16.65272,5.0,8.354108,-0.86518,94.054304,342.0
52.1380482176319,16.3327,52.238010619767,16.4499,5.0,16.6526,5.0,11.90128,0.414904,93.691104,342.0
52.1538573177531,14.9524,52.2539858194068,15.9161,5.0,16.652,5.0,12.97895,0.021395,92.338896,342.0
52.1715420177206,15.9578,52.2719395188615,18.1152,5.0,16.65176,5.0,9.981224,-0.646496,92.9538,342.0
52.1882262183353,18.1302,52.2883048197255,17.7666,5.0,16.65228,5.0,8.924496,-0.652333,91.8038,342.0
52.2039260184392,16.9879,52.3056195201352,15.6361,5.0,16.6524,5.0,12.72817,-0.316498,91.218896,342.0
52.221662919037,16.0119,52.3217213200405,16.6257,5.0,16.65217,5.0,9.071801,0.057271,91.965696,342.0
52.238010619767,16.9664,52.3380335206166,15.8155,5.0,16.65228,5.0,9.002081,-0.185945,94.025696,342.0
52.2539858194068,16.9726,52.3546134205535,16.3875,5.0,16.6524,5.0,9.55278,-1.057675,91.540896,342.0
52.2719395188615,16.8657,52.3719355212525,17.6124,5.0,16.65247,5.0,10.3146,-0.928672,91.490496,342.0
52.2883048197255,14.493,52.3884852221236,16.5528,5.0,16.65171,5.0,10.15991,-0.126969,93.139,342.0
52.3056195201352,18.5472,52.4047417221591,16.0621,5.0,16.65238,5.0,10.9466,-0.897452,92.1534,342.0
52.3217213200405,17.4056,52.4205000223592,17.3642,5.0,16.65264,5.0,11.62393,-0.096397,93.122096,342.0
52.3380335206166,16.4857,52.4380835229531,18.1239,5.0,16.65258,5.0,11.593,-0.395549,91.387696,342.0
52.3546134205535,16.6742,52.4538582237437,15.6876,5.0,16.65259,5.0,10.07063,-0.23375,93.727904,342.0
52.3719355212525,16.5625,52.4715299243107,17.5358,5.0,16.65256,5.0,9.018745,-0.00812,91.5934,342.0
52.3884852221236,17.2894,52.4868948245421,15.5498,5.0,16.65278,5.0,10.83687,-0.604566,93.560896,342.0
52.4047417221591,16.3315,52.507391625084,18.6714,5.0,16.65267,5.0,11.84887,0.366388,93.693504,342.0
52.4205000223592,15.2465,52.5207668254152,13.1119,5.0,16.65218,5.0,12.37127,-0.435164,92.100304,342.0
52.4380835229531,15.4732,52.5381012251601,17.4399,5.0,16.65176,5.0,10.78825,-0.160316,94.207696,342.0
52.4538582237437,16.3869,52.5547852246091,16.5191,5.0,16.65167,5.0,11.5517,0.307516,93.843904,342.0
52.4715299243107,17.0576,52.5702851247042,15.4899,5.0,16.65181,5.0,9.822049,-0.955156,93.653904,342.0
52.4868948245421,16.3572,52.5868655238301,18.4382,5.0,16.65171,5.0,10.01195,-0.040467,93.328304,342.0
52.507391625084,18.0912,52.6047885231674,17.7267,5.0,16.65221,5.0,9.49972,-1.095011,91.1304,342.0
52.5207668254152,17.478,52.6217110231519,17.2926,5.0,16.6525,5.0,10.79377,0.168545,89.684496,342.0
52.5381012251601,16.5321,52.6383155230433,16.2017,5.0,16.65246,5.0,12.02641,-0.22804,93.3098,342.0
52.5547852246091,16.7401,52.6545598227531,14.5411,5.0,16.65249,5.0,10.53156,-0.807839,92.178096,342.0
52.5702851247042,17.0235,52.6699111228809,15.5773,5.0,16.65262,5.0,11.76302,0.188517,92.7968,342.0
52.5868655238301,14.5286,52.6881340229884,18.154,5.0,16.65188,5.0,11.21008,-0.430836,89.898704,342.0
52.6047885231674,16.9297,52.7039958229288,15.7969,5.0,16.65197,5.0,8.977056,0.377911,91.493504,342.0
52.6217110231519,17.0332,52.7215404221788,17.6516,5.0,16.65211,5.0,10.02367,-0.388757,91.410304,342.0
52.6383155230433,18.2786,52.7370652221143,15.38,5.0,16.65268,5.0,10.87851,-0.637241,91.454496,342.0
52.6545598227531,17.0439,52.7555804215372,18.6382,5.0,16.65281,5.0,12.50906,-0.554193,90.3444,342.0
52.6699111228809,16.4951,52.7719901222736,16.4114,5.0,16.65276,5.0,9.44644,0.524455,91.3034,342.0
52.6881340229884,16.4452,52.7885490227491,16.4898,5.0,16.65269,5.0,9.703539,0.309402,92.336,342.0
52.7039958229288,17.0588,52.804529922083,15.9473,5.0,16.65283,5.0,10.07678,0.113752,91.5904,342.0
52.7215404221788,16.3975,52.8201970215887,17.3566,5.0,16.65274,5.0,10.52734,-0.954536,90.863696,342.0
52.7370652221143,16.756,52.8376397211105,17.7879,5.0,16.65277,5.0,12.09729,0.034176,90.932,342.0
52.7555804215372,16.6631,52.853925621137,15.917,5.0,16.65278,5.0,8.949757,0.343701,91.231904,342.0
52.7719901222736,17.2834,52.8703022208065,16.5584,5.0,16.653,5.0,9.938241,-0.066184,90.238896,342.0
52.7885490227491,16.8868,52.8870910201222,16.9542,5.0,16.65308,5.0,9.969593,1.441618,90.740304,342.0
52.804529922083,16.275,52.9057145193219,16.5736,5.0,16.65295,5.0,12.01894,-0.604695,91.0722,342.0
52.8201970215887,15.4473,52.9200191190466,14.454,5.0,16.65253,5.0,10.3594,-0.078008,90.136,342.0
52.8376397211105,16.2266,52.936914219521,16.7269,5.0,16.65238,5.0,9.292548,-0.134371,91.857904,342.0
52.853925621137,16.6136,52.9538721190766,16.945,5.0,16.65237,5.0,8.868236,-0.493877,93.1284,342.0
52.8703022208065,16.8608,52.9698486188427,15.9286,5.0,16.65244,5.0,12.38082,0.459773,91.898496,342.0
52.8870910201222,16.921,52.9881114186719,18.6376,5.0,16.65253,5.0,11.5059,-0.118622,90.2922,342.0
52.9057145193219,16.8896,53.0046752179042,18.1595,5.0,16.65261,5.0,9.374484,-0.280065,92.0938,342.0
52.9200191190466,16.7953,53.0203465176746,15.5648,5.0,16.65266,5.0,9.203682,-0.554508,91.578496,342.0
52.936914219521,16.5661,53.0370320184156,14.96,5.0,16.65263,5.0,9.433695,-1.013532,90.421296,342.0
52.9538721190766,16.7218,53.0538161182776,18.5223,5.0,16.65266,5.0,11.77391,-0.055356,92.789104,342.0
52.9698486188427,16.5567,53.0715738190338,16.0413,5.0,16.65262,5.0,10.67787,-0.193509,91.0224,342.0
52.9881114186719,16.9362,53.087384919636,15.7789,5.0,16.65272,5.0,9.810277,-0.662335,90.4786,342.0
53.0046752179042,15.0795,53.104793719016,17.4472,5.0,16.65218,5.0,10.18323,-0.299761,91.019296,342.0
53.0203465176746,16.9359,53.1200211187825,15.1681,5.0,16.65228,5.0,9.208022,-0.04044,89.5108,342.0
53.0370320184156,17.9485,53.1373051190749,17.4049,5.0,16.65273,5.0,9.615265,-0.243753,91.899104,342.0
53.0538161182776,15.7693,53.1536487182602,16.3038,5.0,16.65242,5.0,11.34741,-1.135092,91.0248,342.0
53.0715738190338,18.8244,53.1709352182224,17.3159,5.0,16.65317,5.0,11.26733,-0.11636,93.1134,342.0
53.087384919636,13.9241,53.1872410187498,16.3125,5.0,16.65223,4.0,12.46506,-0.35271,79.8698,342.0
53.104793719016,18.7663,53.2037032181397,17.8903,5.0,16.65296,4.0,9.139909,-0.41936,74.638,342.0
53.1200211187825,16.1421,53.2218089187518,18.2384,5.0,16.65278,4.0,9.449135,0.143245,72.086304,342.0
53.1373051190749,17.3732,53.2379560181871,16.2253,5.0,16.65303,4.0,11.73346,-0.100197,73.959,342.0
53.1536487182602,16.5116,53.2379560181871,4.4073,5.0,16.65298,4.0,11.65374,0.493952,73.168304,342.0
53.1709352182224,16.776,53.2556112175807,11.544,5.0,16.65302,4.0,11.24515,-1.250855,73.130896,342.0
53.1872410187498,16.8266,53.2698630178347,14.2747,5.0,16.65309,4.0,9.961092,0.043338,74.104304,342.0
53.2037032181397,14.8519,53.2864783173427,16.7246,5.0,16.65246,4.0,10.45746,1.052624,74.488304,342.0
53.2218089187518,17.0484,53.3028427166864,16.266,5.0,16.6526,4.0,9.56791,0.176741,74.743,342.0
53.2379560181871,18.2541,53.3200248172507,18.2084,5.0,16.65315,4.0,11.78646,0.011858,72.002,342.0
53.2556112175807,16.3555,53.3370663179085,17.3274,4.0,16.65305,4.0,11.61096,-0.996872,73.836896,342.0
53.2698630178347,16.8604,53.3539880188182,17.2485,4.0,16.65312,4.0,9.671897,-1.055452,74.7628,342.0
53.3028427166864,17.3068,53.3707756185904,17.5562,4.0,16.65335,4.0,9.526148,0.320768,74.959504,342.0
53.3028427166864,16.5354,53.3868908183649,13.7937,3.0,16.65331,4.0,8.854155,-0.935136,72.003904,342.0
53.3200248172507,15.3296,53.4041674183682,17.1563,4.0,16.65285,4.0,13.00316,-0.36084,71.821,342.0
53.3370663179085,17.0235,53.4206057181582,17.9478,4.0,16.65298,4.0,11.49038,-0.218765,73.1024,342.0
53.3539880188182,16.5513,53.4371877172962,16.748,4.0,16.65294,4.0,9.777959,-0.076573,75.358704,342.0
53.3707756185904,17.7662,53.4536952180788,14.8099,4.0,16.65333,4.0,11.17284,0.554871,75.4722,342.0
53.3868908183649,16.9065,53.4701690180227,16.7229,4.0,16.65341,4.0,9.741772,-0.236761,73.457696,342.0
53.4041674183682,16.07,53.4875496188179,17.3509,4.0,16.65321,4.0,10.81475,0.047007,71.2542,342.0
53.4206057181582,15.6621,53.5039923181757,17.9184,4.0,16.65287,4.0,10.60863,-0.19993,72.762896,342.0
53.4371877172962,16.581,53.5204130178317,16.694,4.0,16.65285,4.0,10.65354,-1.559541,74.5786,342.0
53.4536952180788,18.1488,53.5363350184634,16.1339,4.0,16.65336,4.0,12.26234,0.046748,76.628704,342.0
53.4701690180227,16.7929,53.5531262187287,14.589,4.0,16.65341,4.0,11.30157,0.161637,74.062304,342.0
53.4875496188179,15.8105,53.5704918196425,17.3199,4.0,16.65312,4.0,10.06177,0.809426,73.023696,342.0
53.5039923181757,14.6258,53.5868373187259,16.4401,4.0,16.65242,4.0,9.680429,0.271615,71.921504,342.0
53.5204130178317,16.7978,53.6042071180418,18.847,4.0,16.65247,4.0,8.759861,0.468034,72.708496,342.0
53.5363350184634,18.2791,53.6193795176223,15.7119,4.0,16.65303,4.0,11.74649,-0.352284,74.154304,342.0
53.5531262187287,17.1584,53.6359483180568,16.1196,4.0,16.65321,4.0,11.59313,-0.540502,73.347504,342.0
53.5704918196425,17.5586,53.6539097176865,16.5039,4.0,16.65352,4.0,11.81874,0.29788,74.196304,342.0
53.5868373187259,15.8756,53.67065161746,16.6145,4.0,16.65325,4.0,11.44595,0.036562,71.242,342.0
53.6042071180418,15.2076,53.6872480167076,16.6533,4.0,16.65275,4.0,11.41726,-1.113656,71.6694,342.0
53.6193795176223,17.6201,53.7040422158316,16.8131,4.0,16.65309,4.0,11.59267,-0.153074,73.356704,342.0
53.6359483180568,16.7788,53.7216805154458,17.6269,4.0,16.65313,4.0,7.322285,-0.383628,72.769696,342.0
53.6539097176865,18.4873,53.7371280156076,15.5362,4.0,16.65376,4.0,7.433466,0.457692,71.617696,342.0
53.67065161746,16.4514,53.7531740162522,16.8738,4.0,16.65369,4.0,8.924584,0.382543,72.0224,342.0
53.6872480167076,16.6319,53.7703711166978,18.3185,4.0,16.65368,4.0,11.7815,-1.085806,73.5054,342.0
53.7040422158316,17.0116,53.7871700171381,16.4255,4.0,16.6538,4.0,12.13682,-0.384423,73.3174,342.0
53.7216805154458,16.4226,53.8028064165264,15.2792,4.0,16.65372,4.0,9.324538,0.755256,72.83,342.0
53.7531740162522,17.8885,53.8204602170736,18.2829,4.0,16.65415,4.0,11.65446,-0.686683,72.443504,342.0
53.7531740162522,13.9048,53.8379446174949,15.3876,3.0,16.65321,4.0,11.02507,-0.395722,71.6926,342.0
53.7703711166978,16.5679,53.8542121183127,16.3797,4.0,16.65318,4.0,8.293428,-0.865461,72.6974,342.0
53.7871700171381,16.8841,53.8705957178026,16.3965,4.0,16.65326,4.0,10.13691,-0.3239,72.5938,342.0
53.8028064165264,16.5147,53.8867542184889,16.1278,4.0,16.65321,4.0,8.564057,-0.017139,75.688496,342.0
53.8204602170736,18.9822,53.9037099182606,18.2308,4.0,16.654,4.0,10.92081,-0.689278,72.789696,342.0
53.8379446174949,16.2697,53.9205946177244,17.2733,4.0,16.65387,4.0,12.77162,-0.061617,73.4344,342.0
53.8542121183127,16.3897,53.9368744175881,16.2987,4.0,16.65378,4.0,10.12294,-0.705664,73.5928,342.0
53.8705957178026,14.9639,53.9543913174421,18.0449,4.0,16.65321,4.0,8.616183,0.34257,75.755104,342.0
53.8867542184889,18.0029,53.9699170170352,15.1213,4.0,16.65367,4.0,10.56302,0.053704,77.2946,342.0
53.9037099182606,15.4974,53.9861761173233,16.1243,4.0,16.65327,4.0,11.97296,-0.768961,74.2766,342.0
53.9205946177244,14.8902,54.0026507182047,15.0579,4.0,16.65267,4.0,10.3313,0.250943,72.443696,342.0
53.9368744175881,16.8909,54.0217980174348,19.0436,4.0,16.65275,4.0,11.60084,0.195276,73.0334,342.0
53.9543913174421,15.9337,54.0381897175685,17.473,4.0,16.65251,4.0,11.54318,-0.696328,71.4756,342.0
53.9699170170352,17.3553,54.0535969175398,14.3513,4.0,16.65274,4.0,15.28232,-0.426432,70.980704,342.0
53.9861761173233,18.3581,54.0702860169113,16.5103,4.0,16.65333,4.0,11.78446,-0.171919,72.206704,342.0
54.0026507182047,15.7423,54.0866859164089,16.3365,4.0,16.65302,4.0,10.22613,0.011234,73.0286,342.0
54.0217980174348,18.3565,54.1035299170762,16.7929,4.0,16.6536,4.0,11.0664,0.500408,72.8632,342.0
54.0381897175685,17.0201,54.119844917208,16.5247,4.0,16.65372,4.0,11.82206,0.005759,73.543296,342.0
54.0535969175398,16.6329,54.1366598177701,17.8585,4.0,16.65371,4.0,12.62556,-0.718797,71.986,342.0
54.0702860169113,16.3041,54.1530606169254,17.1262,4.0,16.65359,4.0,11.10732,-0.873753,73.715104,342.0
54.0866859164089,17.0087,54.1701452173293,16.8424,4.0,16.65372,4.0,9.470328,-0.856593,72.3322,342.0
54.1035299170762,16.1628,54.1869456171989,16.8637,4.0,16.65355,4.0,10.45373,-0.634141,72.0876,342.0
54.1366598177701,17.2038,54.2025798168033,15.6257,4.0,16.65373,4.0,9.366219,0.447837,72.5304,342.0
54.1366598177701,15.4316,54.219588316977,17.1604,3.0,16.65332,4.0,11.84557,-0.73207,72.9388,342.0
54.1530606169254,16.5313,54.2365835178643,15.148,4.0,16.65328,4.0,11.66809,-0.565451,72.501696,342.0
54.1701452173293,16.5407,54.2527621183544,16.2955,4.0,16.65324,4.0,9.035541,-1.310161,73.351696,342.0
54.1869456171989,17.1295,54.2704600188881,17.5893,4.0,16.6534,4.0,9.622297,0.038329,72.3454,342.0
54.2025798168033,16.0365,54.2868203185499,16.4268,4.0,16.65319,4.0,9.950453,0.186252,73.298304,342.0
54.219588316977,17.1044,54.3035846184939,16.6655,4.0,16.65335,4.0,12.43259,0.730712,72.128496,342.0
54.2365835178643,16.9173,54.3199064191431,17.7668,4.0,16.65344,4.0,12.42754,-0.469237,71.292704,342.0
54.2527621183544,16.9404,54.3358180187643,15.9336,4.0,16.65353,4.0,12.41546,-0.409468,73.758896,342.0
54.2704600188881,17.1613,54.3536973185837,18.1503,4.0,16.65371,4.0,10.85047,-0.658334,73.534304,342.0
54.2868203185499,16.4411,54.3690684186295,15.2343,4.0,16.65363,4.0,12.53635,-0.6173,74.3492,342.0
54.3035846184939,16.6421,54.3864256190136,15.806,4.0,16.65363,4.0,9.979661,-0.612426,72.399104,342.0
54.3199064191431,14.5749,54.4034086195752,17.0414,4.0,16.65293,4.0,11.13577,-0.210407,73.9048,342.0
54.3358180187643,17.1604,54.4202080192044,16.935,4.0,16.6531,4.0,11.46365,-0.682008,72.875904,342.0
54.3536973185837,16.4447,54.4376011183485,17.2587,4.0,16.65303,4.0,11.20199,-0.504303,72.6098,342.0
54.3690684186295,18.3072,54.4519470185041,16.3567,4.0,16.65359,4.0,10.48044,1.94016,70.030304,342.0
54.3864256190136,16.9743,54.4710114188492,18.4835,4.0,16.65369,4.0,12.02347,-1.58912,71.3024,342.0
54.4034086195752,16.828,54.4864846188575,15.8107,4.0,16.65375,4.0,9.948534,-0.3263,73.14,342.0
54.4202080192044,17.3745,54.5035774186254,17.0928,4.0,16.654,4.0,10.588,-0.872267,73.2472,342.0
54.4519470185041,17.233,54.519114818424,14.652,4.0,16.65419,4.0,9.390326,-0.800634,71.559696,342.0
54.4519470185041,16.265,54.5377537179738,17.5365,3.0,16.65406,4.0,12.14431,-0.258701,71.4992,342.0
54.4710114188492,14.9693,54.5523419175297,16.8075,4.0,16.65349,4.0,11.31951,-0.882168,71.069,342.0
54.4864846188575,16.2124,54.5708983168006,16.3188,4.0,16.65334,4.0,10.4145,0.082865,72.3156,342.0
54.519114818424,19.6944,54.5856453171,18.0284,4.0,16.65437,4.0,10.10114,-0.562427,72.4972,342.0
54.519114818424,15.9119,54.6030300175771,15.8336,3.0,16.65412,4.0,6.90582,1.025004,73.933,342.0
54.5523419175297,17.2992,54.6195672182366,16.8644,4.0,16.65434,4.0,13.2233,0.15054,74.446704,342.0
54.5523419175297,15.888,54.6369031174108,17.1336,3.0,16.65408,4.0,11.94627,-0.186763,73.402704,342.0
54.5856453171,16.8897,54.6537511171773,17.0713,4.0,16.65416,4.0,10.89213,-0.737985,72.486304,342.0
54.5856453171,14.734,54.6702277166769,16.1697,3.0,16.65351,4.0,12.4794,-1.623307,73.0162,342.0
54.6030300175771,16.4572,54.6887644166127,16.9708,4.0,16.65344,4.0,11.81607,-0.136934,70.363904,342.0
54.6195672182366,16.1669,54.7038879161701,15.1221,4.0,16.65328,4.0,10.81493,-0.753288,73.359696,342.0
54.6369031174108,17.3488,54.7201690161601,16.4322,4.0,16.65351,4.0,8.614427,-0.428908,71.5118,342.0
54.6537511171773,16.6947,54.7375896153972,17.2242,4.0,16.65353,4.0,12.1538,-0.842263,72.1936,342.0
54.6702277166769,19.5126,54.7540932158008,16.8604,4.0,16.65449,4.0,10.33866,-0.182732,71.2142,342.0
54.6887644166127,15.1939,54.7705537164584,18.1878,4.0,16.654,4.0,11.61456,-0.489032,68.739,342.0
54.7038879161701,16.1317,54.7869307165965,14.2856,4.0,16.65382,4.0,10.12749,-0.892331,71.7374,342.0
54.7201690161601,17.5467,54.8035910157487,18.2262,4.0,16.65412,4.0,10.92831,0.081576,70.344496,342.0
54.7540932158008,16.8024,54.8209798159078,15.8245,4.0,16.65417,4.0,11.52943,-0.512383,72.5546,342.0
54.7705537164584,18.8744,54.8374506151304,16.3972,3.0,16.65492,4.0,11.92879,-0.026466,71.7824,342.0
54.7869307165965,13.7518,54.8541375147179,16.7507,3.0,16.65394,4.0,12.53511,0.048194,71.953296,342.0
54.8035910157487,18.3715,54.8710354147479,16.9776,3.0,16.65452,4.0,10.45756,-0.11414,70.3966,342.0
54.8035910157487,13.6605,54.886904113926,15.8706,3.0,16.65352,4.0,10.95893,-0.941034,72.2058,342.0
54.8209798159078,18.3945,54.9045588141307,17.6208,4.0,16.6541,4.0,9.904332,-1.426928,71.650704,342.0
54.8374506151304,16.6891,54.9197168145329,16.8592,4.0,16.65411,4.0,10.63333,-0.166903,71.419696,342.0
54.8541375147179,16.8951,54.9350682143122,15.3383,4.0,16.65419,4.0,12.53862,0.864281,73.119104,342.0
54.8710354147479,15.8829,54.9522630143911,17.6926,4.0,16.65393,3.0,11.67458,1.014536,74.9458,342.0
54.886904113926,17.6462,54.969746215269,17.09,4.0,16.65427,2.0,12.24027,-1.070506,72.3224,342.0
54.9045588141307,15.0248,54.9862647149712,14.8338,4.0,16.65372,1.0,11.72691,-0.026648,71.886,342.0
54.9197168145329,15.237,55.0031730141491,16.8962,4.0,16.65325,0.0,9.51594,-1.11259,73.0322,342.0
54.9350682143122,16.2972,55.0195143148303,18.1233,4.0,16.65313,5.0,9.964934,-1.071632,12.7371,342.0
54.9522630143911,16.8684,55.0354682151228,14.2446,4.0,16.6532,5.0,10.91293,0.014626,28.0869,342.0
54.969746215269,18.2878,55.0536065157503,17.8509,4.0,16.65375,5.0,11.2982,-0.501316,42.8549,342.0
54.9862647149712,16.9131,55.069524616003,18.0579,4.0,16.65383,5.0,12.00232,-0.394902,57.5793,342.0
55.0849439157173,92.979,55.1026284163818,32.6793,4.0,16.6793,5.0,11.00276,0.186625,70.497104,342.0
55.0849439157173,2.4803,55.1200903160498,17.8286,0.0,16.67456,5.0,8.924906,-1.293349,86.520496,342.0
55.0849439157173,1.77,55.1365820160136,16.537,1.0,16.66959,5.0,11.20425,-0.175047,89.5872,342.0
55.0849439157173,0.524,55.1529255164787,15.248,2.0,16.66421,5.0,11.86989,0.092714,88.7806,342.0
55.1026284163818,3.066,55.1697658160701,15.9921,3.0,16.65968,5.0,12.93223,-0.236693,85.8098,342.0
55.1026284163818,0.6445,55.1865328168496,16.659,3.0,16.65435,5.0,10.92437,0.128848,91.356496,342.0
55.1026284163818,13.9472,55.2030796175823,17.0196,4.0,16.65344,5.0,11.64362,-0.554285,89.77,342.0
55.1200903160498,18.0257,55.2202651174739,17.2141,5.0,16.6539,5.0,8.899002,1.588376,89.562704,342.0
55.1529255164787,18.8881,55.2363675171509,15.9167,5.0,16.65465,5.0,10.16957,-0.396896,88.7758,342.0
55.1529255164787,12.226,55.2534254165366,17.7809,4.0,16.65317,5.0,9.871349,0.18496,89.1962,342.0
55.1697658160701,18.7994,55.2695140158758,17.2034,5.0,16.65388,5.0,11.46235,-0.29907,85.358704,342.0
55.1865328168496,16.4718,55.2861065166071,16.3139,5.0,16.65383,5.0,9.939686,-0.113203,88.5348,342.0
55.2030796175823,17.2675,55.3029064172879,16.4309,5.0,16.65403,5.0,9.857693,-1.748962,89.678496,342.0
55.2363675171509,16.3579,55.3191657168791,16.7951,5.0,16.65393,5.0,12.05985,0.023203,89.9732,342.0
55.2534254165366,18.9963,55.3349062176421,15.1407,4.0,16.65471,5.0,11.83278,-0.152193,87.705,342.0
55.2534254165366,13.6895,55.3519513169304,16.8658,4.0,16.65372,5.0,12.46242,-0.641267,85.5698,342.0
55.2695140158758,16.7309,55.3708988176659,17.9068,5.0,16.65375,5.0,10.2735,-0.391675,86.021,342.0
55.2861065166071,16.6259,55.3858613176271,16.892,5.0,16.65374,5.0,10.59324,0.077655,89.295904,342.0
55.3191657168791,18.7819,55.4020850183442,16.5083,5.0,16.65445,5.0,9.76147,0.544595,88.377,342.0
55.3349062176421,16.8812,55.4182921191677,14.7665,4.0,16.65452,5.0,12.1663,-0.369592,88.151904,342.0
55.3519513169304,16.8169,55.4351558191702,17.2777,4.0,16.65458,5.0,11.95826,-0.435116,87.9816,342.0
55.3519513169304,14.2483,55.4519739197567,17.4924,4.0,16.65378,5.0,13.4761,-0.298968,85.751296,342.0
55.3858613176271,18.865,55.469692719169,17.9462,5.0,16.65451,5.0,11.63629,0.356731,86.655504,342.0
55.4020850183442,16.3529,55.4848706191406,16.1265,4.0,16.65441,5.0,11.77967,-0.590571,86.2504,342.0
55.4182921191677,16.893,55.5028267195448,16.7229,4.0,16.65449,5.0,10.56108,0.37697,85.764704,342.0
55.4351558191702,16.8644,55.5180595191196,14.6336,4.0,16.65456,5.0,10.32514,-0.216153,89.288304,342.0
55.4519739197567,16.6232,55.5367786185816,17.5277,4.0,16.65455,5.0,9.448505,-0.520276,88.0038,342.0
55.469692719169,17.2674,55.5540569191799,16.8613,4.0,16.65475,5.0,11.06059,-0.366299,92.250304,342.0
55.4848706191406,17.392,55.5708032185212,16.906,4.0,16.65499,5.0,12.07102,-0.293822,87.961504,342.0
55.4848706191406,12.8427,55.5868719192222,16.3771,4.0,16.65373,5.0,12.20597,-0.665845,89.6326,342.0
55.5180595191196,18.4488,55.6041715191677,17.1522,5.0,16.65433,5.0,12.13877,-0.439303,89.489504,342.0
55.5180595191196,13.8838,55.6201732186601,18.1297,4.0,16.65341,5.0,11.36167,0.937265,87.865296,342.0
55.5367786185816,19.2059,55.6371245188639,14.9277,5.0,16.65426,5.0,10.36833,0.173853,86.876,342.0
55.5540569191799,15.9018,55.6548486193642,17.5619,5.0,16.65401,5.0,9.668353,-1.210247,89.642704,342.0
55.5708032185212,16.7508,55.6693437192589,16.629,5.0,16.65404,5.0,11.93148,-0.639958,86.672,342.0
55.5868719192222,17.4753,55.6853367183357,15.8284,5.0,16.65431,5.0,10.4827,-0.469516,87.687104,342.0
55.6201732186601,18.4994,55.7026446182281,17.5101,5.0,16.65492,5.0,11.33522,-0.473107,88.685,342.0
55.6201732186601,14.2741,55.7190534174442,17.0401,4.0,16.65413,5.0,11.84464,-0.940161,86.8256,342.0
55.6371245188639,17.8742,55.7357627172023,14.9035,5.0,16.65454,5.0,9.940503,1.132884,84.648496,342.0
55.6693437192589,16.9516,55.7529392167926,17.9672,5.0,16.65463,5.0,12.10083,-0.219924,88.202096,342.0
55.6853367183357,16.2891,55.7690837159753,17.286,4.0,16.65451,5.0,9.014547,2.046668,87.5666,342.0
55.7026446182281,17.2795,55.7858310155571,15.4208,4.0,16.65472,5.0,11.75625,-0.546286,86.603104,342.0
55.7190534174442,17.2847,55.8015704154968,15.1217,4.0,16.65493,5.0,12.90296,-0.462575,84.3894,342.0
55.7357627172023,13.8243,55.8190311156213,17.3615,4.0,16.654,5.0,12.51022,0.215927,87.003904,342.0
55.7529392167926,16.6033,55.8348963148892,15.9682,4.0,16.65398,5.0,12.30471,-0.536512,87.105904,342.0
55.7690837159753,19.0531,55.8538734149188,18.1073,5.0,16.65477,5.0,10.71516,-0.284847,85.662704,342.0
55.7858310155571,17.5894,55.8678025146946,15.3772,4.0,16.65507,5.0,11.17352,0.418445,88.641504,342.0
55.8015704154968,14.9156,55.8870589146391,17.5091,4.0,16.6545,5.0,8.671324,0.116917,88.047904,342.0
55.8190311156213,17.5396,55.9027576139197,17.6413,4.0,16.65479,5.0,12.07983,-0.405482,88.604896,342.0
55.8348963148892,16.6641,55.9180290140212,15.2419,4.0,16.6548,5.0,9.619786,-0.218711,87.537696,342.0
55.8348963148892,15.0339,55.9350130148232,17.991,4.0,16.65426,5.0,10.78658,-1.206589,86.611504,342.0
55.8678025146946,16.2997,55.9518591146916,15.7056,5.0,16.65415,5.0,10.59857,-0.268095,86.4344,342.0
55.8678025146946,16.789,55.9687625151128,17.346,4.0,16.65419,5.0,9.399112,-0.094612,86.627296,342.0
55.9027576139197,18.4955,55.9882676154375,17.427,5.0,16.6548,5.0,12.04545,0.315817,87.733104,342.0
55.9180290140212,15.2092,56.0017093149945,14.2835,4.0,16.65432,5.0,11.90316,-1.179167,88.444096,342.0
55.9350130148232,17.212,56.0187921142206,17.0333,4.0,16.6545,5.0,9.584683,-0.372436,87.762896,342.0
55.9518591146916,16.0056,56.0347932139412,16.198,4.0,16.65429,5.0,9.840582,-0.266391,86.5196,342.0
55.9687625151128,17.2669,56.054361413233,18.373,4.0,16.65449,5.0,10.32471,-0.203967,86.513104,342.0
55.9687625151128,14.8727,56.0679417131469,15.5826,4.0,16.65391,5.0,11.91859,-0.411366,88.845,342.0
56.0017093149945,18.1923,56.0852427138016,17.5363,5.0,16.65441,5.0,13.07629,-0.246706,86.1614,342.0
56.0187921142206,17.4697,56.1018879143521,16.2257,4.0,16.65468,5.0,10.38621,-0.956825,87.439104,342.0
56.0347932139412,16.8482,56.1187679143623,16.8374,4.0,16.65474,5.0,10.08538,0.130075,86.230496,342.0
56.0347932139412,15.8538,56.1374845141545,18.1716,4.0,16.65448,5.0,11.55767,0.108062,86.358,342.0
56.0679417131469,16.1353,56.15138871409,13.4441,5.0,16.65431,5.0,12.92364,-0.896851,83.659296,342.0
56.0852427138016,17.336,56.1687875147909,18.613,4.0,16.65454,5.0,12.03639,-0.715864,86.519696,342.0
56.1018879143521,16.3579,56.1847179140896,15.1493,4.0,16.65444,5.0,10.27307,-0.632277,86.229296,342.0
56.1187679143623,16.5533,56.2016307134181,16.6802,4.0,16.65441,5.0,10.32127,-0.20879,86.136304,342.0
56.1374845141545,19.1989,56.2180678136647,16.4998,4.0,16.65524,5.0,10.05071,-1.675903,85.8446,342.0
56.15138871409,14.5499,56.2353399135172,17.4319,4.0,16.65455,5.0,11.89283,-0.076735,86.8706,342.0
56.1687875147909,16.5024,56.2516415137798,16.1896,4.0,16.6545,5.0,12.42253,-0.899142,86.2506,342.0
56.1847179140896,17.437,56.2690497133881,17.3667,4.0,16.65475,5.0,10.00864,-0.997434,86.803296,342.0
56.2016307134181,17.1049,56.2859347127378,16.8158,4.0,16.6549,5.0,11.61785,-0.855675,86.676096,342.0
56.2180678136647,15.5072,56.3015291132033,16.5069,4.0,16.65453,5.0,12.51496,-0.854186,87.438896,342.0
56.2353399135172,17.0865,56.3179548140615,16.5054,4.0,16.65467,5.0,10.69348,-0.008278,85.472496,342.0
56.2516415137798,16.2698,56.3348881136626,16.7832,4.0,16.65454,5.0,12.25359,-0.044904,87.5212,342.0
56.2690497133881,17.5359,56.3518921136856,17.4077,4.0,16.65483,5.0,11.9806,-0.846654,86.276,342.0
56.2859347127378,16.8438,56.3691641129553,17.6066,4.0,16.65489,5.0,13.38474,-0.046956,86.818,342.0
56.3015291132033,15.374,56.3838893128559,13.4071,4.0,16.65447,5.0,11.81434,0.50628,84.0244,342.0
56.3179548140615,16.4448,56.4027467137203,18.4931,4.0,16.65441,5.0,10.92593,-0.643341,86.6042,342.0
56.3348881136626,16.8474,56.4179615136236,15.6018,4.0,16.65447,5.0,10.81847,0.548481,86.255904,342.0
56.3518921136856,17.4583,56.4357773140073,18.0001,4.0,16.65473,5.0,10.47289,0.086708,85.8698,342.0
56.3691641129553,18.1639,56.4516289141029,15.3913,4.0,16.65522,5.0,10.57128,-0.560382,85.3938,342.0
56.3838893128559,15.7667,56.4689924139529,18.3485,4.0,16.65493,5.0,11.5261,-0.259092,85.469296,342.0
56.4027467137203,16.6978,56.4850040134043,16.3252,4.0,16.65495,5.0,11.57805,0.619506,88.2148,342.0
56.4179615136236,16.1588,56.500924013555,15.7936,4.0,16.65478,5.0,12.28736,0.178605,85.6656,342.0
56.4357773140073,17.1097,56.5178794134408,16.6503,4.0,16.65493,5.0,11.79882,-1.281897,87.044704,342.0
56.4516289141029,16.4864,56.5343705136329,16.5234,4.0,16.65488,5.0,9.972141,-0.362157,86.7378,342.0
56.4689924139529,16.4708,56.5541225131601,19.2163,4.0,16.65482,5.0,10.53912,-0.659136,86.606704,342.0
56.4850040134043,16.0576,56.5678781131282,13.5079,4.0,16.65462,5.0,9.530192,0.078409,86.507104,342.0
56.500924013555,15.9356,56.584917713888,17.3144,4.0,16.65439,5.0,11.50598,-0.757565,86.870096,342.0
56.5178794134408,16.6835,56.6016459139064,16.3765,4.0,16.6544,5.0,12.26839,0.341231,86.4776,342.0
56.5343705136329,16.5141,56.6180069139227,16.3824,4.0,16.65435,5.0,12.05069,-1.060389,86.111904,342.0
56.5541225131601,17.4128,56.6349853137508,17.3134,4.0,16.6546,5.0,11.09729,-0.140225,85.753904,342.0
56.5678781131282,16.9338,56.6518972134218,17.3186,4.0,16.65469,5.0,11.7062,-0.568953,86.2332,342.0
56.584917713888,17.0445,56.6680999128148,16.6512,4.0,16.65482,5.0,13.16446,0.318319,86.9664,342.0
56.6016459139064,16.4236,56.6840297123417,16.0606,4.0,16.65474,5.0,10.53954,0.282363,89.070496,342.0
56.6180069139227,17.0921,56.700842612423,16.7349,4.0,16.65488,5.0,10.11449,-0.075355,87.215504,342.0
56.6349853137508,16.7633,56.7182269124314,17.237,4.0,16.65492,5.0,9.785165,-0.412812,86.722,342.0
56.6518972134218,15.8623,56.7347201118246,16.5736,4.0,16.65466,5.0,10.67527,-0.669262,86.435,342.0
56.6680999128148,16.5205,56.7528479127213,18.6242,4.0,16.65462,5.0,9.650289,-0.266966,86.6334,342.0
56.6840297123417,16.2469,56.7684309128672,14.3921,4.0,16.65449,5.0,10.51383,-0.595276,83.481,342.0
56.700842612423,16.8654,56.7850278131664,16.3716,4.0,16.65455,5.0,10.74215,-0.581211,84.099504,342.0
56.7182269124314,16.8545,56.801777113229,16.5667,4.0,16.65462,5.0,12.18218,0.389209,84.806896,342.0
56.7347201118246,16.7223,56.8183030132204,16.9203,4.0,16.65464,5.0,11.41404,0.431196,85.232096,342.0
56.7528479127213,19.347,56.8349305130541,16.194,4.0,16.65551,5.0,11.32775,0.460905,85.099904,342.0
56.7684309128672,15.616,56.8512676134706,16.256,4.0,16.65517,5.0,11.65961,0.297987,86.457296,342.0
56.7850278131664,16.9893,56.8683221135288,17.692,4.0,16.65528,5.0,10.70906,-0.667303,86.3972,342.0
56.801777113229,15.8544,56.8851848132908,16.284,4.0,16.65503,5.0,10.71207,-0.280191,86.821,342.0
56.8183030132204,16.0582,56.9012212138623,15.9253,4.0,16.65483,5.0,9.827176,-0.231452,86.106,342.0
56.8349305130541,16.3407,56.91825331375,17.6972,4.0,16.65473,5.0,10.60211,0.000267,86.064496,342.0
56.8512676134706,16.7933,56.9344228133559,16.7331,4.0,16.65478,5.0,12.14389,0.097199,86.378304,342.0
56.8683221135288,16.9347,56.9518810138106,17.3663,4.0,16.65487,5.0,11.2699,0.136585,87.213104,342.0
56.8851848132908,16.7959,56.9680392146111,16.0509,4.0,16.65491,5.0,11.39939,-0.283127,87.115696,342.0
56.9012212138623,17.6328,56.9852545149624,17.5919,4.0,16.65523,5.0,11.13331,0.572963,87.316,342.0
56.91825331375,15.7516,57.0017791148275,16.0639,4.0,16.65494,5.0,9.920903,-0.283983,85.7498,342.0
56.9344228133559,15.4857,57.0175716150552,16.3204,4.0,16.65456,5.0,10.62249,-0.526588,86.493904,342.0
56.9518810138106,17.4556,57.0353019144386,17.358,4.0,16.65482,5.0,10.19035,-0.135475,86.6198,342.0
56.9680392146111,15.9828,57.0510545149446,16.1824,4.0,16.6546,5.0,9.837533,0.736905,85.648,342.0
56.9852545149624,17.6628,57.0674850158393,16.0965,4.0,16.65492,5.0,11.5871,-0.545733,86.388,342.0
57.0017791148275,16.0709,57.0844666156918,16.8147,4.0,16.65474,5.0,11.77462,0.33761,87.1544,342.0
57.0175716150552,16.3652,57.1009114161134,16.4904,4.0,16.65464,5.0,11.39113,0.123325,87.693104,342.0
57.0353019144386,17.3459,57.1171069163829,16.3743,4.0,16.65487,5.0,12.08474,0.762232,87.6446,342.0
57.0510545149446,16.084,57.1341317165643,16.823,4.0,16.65468,5.0,11.02958,-0.088724,86.9126,342.0
57.0674850158393,16.0915,57.1512373164296,16.8578,4.0,16.6545,5.0,9.928188,0.867462,86.956496,342.0
57.0844666156918,16.9214,57.1684714164585,17.4692,4.0,16.65459,5.0,10.18128,-0.499956,85.934704,342.0
57.1009114161134,16.3257,57.184575015679,16.2676,4.0,16.65448,5.0,10.05599,-0.58843,85.185904,342.0
57.1171069163829,16.4387,57.1998318154365,15.7061,4.0,16.65441,5.0,10.98463,-1.220859,85.454496,342.0
57.1341317165643,16.7537,57.2179249152541,16.7974,4.0,16.65445,5.0,12.31119,-0.129081,85.0496,342.0
57.1512373164296,16.6786,57.2340795155615,15.6565,4.0,16.65445,5.0,11.54988,-0.653163,85.898496,342.0
57.1684714164585,17.5725,57.2508941162378,16.8232,4.0,16.65475,5.0,9.104668,-0.117231,85.186496,342.0
57.184575015679,16.2992,57.2673121169209,16.5672,4.0,16.65463,5.0,11.00082,-0.223333,85.2534,342.0
57.1998318154365,17.2832,57.2841713167727,16.8777,4.0,16.65483,5.0,10.03224,-0.195383,86.1632,342.0
57.2179249152541,17.1562,57.3020072169602,18.005,4.0,16.65499,5.0,8.907356,0.757088,84.8078,342.0
57.2340795155615,17.0033,57.3180207163095,16.3089,4.0,16.65511,5.0,10.23393,0.250534,85.606704,342.0
57.2508941162378,16.6726,57.3341534156352,16.7492,4.0,16.65511,5.0,10.54036,-0.46849,86.3448,342.0
57.2673121169209,16.8569,57.3519222158939,17.7381,4.0,16.65518,5.0,12.87328,-0.113209,87.268704,342.0
57.2841713167727,16.638,57.367285516113,15.2992,4.0,16.65517,5.0,11.84706,-1.676882,86.17,342.0
57.3020072169602,16.5645,57.3846436161548,17.3459,4.0,16.65514,5.0,12.40173,-0.256889,87.320096,342.0
57.3180207163095,16.7702,57.4022022169083,17.5333,4.0,16.65518,5.0,9.437933,0.731728,88.414496,342.0
57.3341534156352,14.955,57.4180621169508,15.854,4.0,16.65464,5.0,12.04608,0.050734,86.310496,342.0
57.3519222158939,17.5835,57.4344968162477,16.484,4.0,16.65493,4.0,10.10771,-1.029673,84.694896,342.0
57.367285516113,15.4101,57.450926316902,16.5604,4.0,16.65454,5.0,8.810866,-0.160664,85.6904,342.0
57.3846436161548,17.053,57.4689026176929,18.1467,4.0,16.65466,5.0,9.42799,-0.969162,85.814304,342.0
57.4022022169083,17.5673,57.4856041185558,15.463,4.0,16.65495,5.0,10.35191,-0.199072,84.102096,342.0
57.4180621169508,15.7518,57.5003111185506,14.1363,4.0,16.65466,5.0,11.82748,-0.96708,83.0078,342.0
57.4344968162477,16.3382,57.5171135189012,17.3328,4.0,16.65456,4.0,13.23579,1.140276,83.397696,342.0
57.450926316902,17.1393,57.5342275192961,17.2635,4.0,16.65472,5.0,12.08857,-0.292568,85.680496,342.0
57.4689026176929,18.495,57.5512345200405,16.7813,4.0,16.6553,5.0,10.89217,-0.806787,85.4632,342.0
57.4856041185558,17.0901,57.5673006204888,16.0013,4.0,16.65544,5.0,9.806073,-0.060341,85.666304,342.0
57.5003111185506,16.7101,57.5844173198566,17.0937,4.0,16.65546,5.0,10.80266,-1.104995,85.8374,342.0
57.5171135189012,15.3828,57.6019345195964,17.6828,4.0,16.65505,5.0,11.79796,0.010969,81.307296,342.0
57.5342275192961,16.8285,57.6175781199709,16.619,4.0,16.65511,5.0,12.61027,-0.342346,85.509696,342.0
57.5512345200405,16.5136,57.634055220522,16.7222,4.0,16.65507,5.0,11.80898,-1.193962,89.097904,342.0
57.5673006204888,17.2573,57.6516544213519,17.4143,4.0,16.65526,5.0,12.54212,-0.146665,85.701,342.0
57.5844173198566,20.1968,57.6671295212582,15.6483,4.0,16.65638,5.0,10.30967,-0.431266,85.101296,342.0
57.6019345195964,12.4579,57.6840638210997,16.6597,4.0,16.65505,5.0,10.29439,-1.064222,86.6294,342.0
57.6175781199709,15.2902,57.7017701203004,18.8776,4.0,16.65462,5.0,10.52744,0.0169,85.7082,342.0
57.634055220522,16.7443,57.7172169201076,13.3472,4.0,16.65464,4.0,9.659795,-0.271897,83.6896,342.0
57.6516544213519,17.3636,57.7338365204632,16.7637,4.0,16.65487,4.0,12.92163,-0.919068,85.5658,342.0
57.6671295212582,15.7047,57.7509242203087,17.2334,4.0,16.65457,5.0,11.54565,0.34935,86.091904,342.0
57.6840638210997,16.8013,57.7671718206257,15.879,4.0,16.65461,5.0,11.98786,-0.008145,84.909296,342.0
57.7017701203004,19.2455,57.7844338212162,17.2483,4.0,16.65544,5.0,11.50527,-1.013515,84.498096,342.0
57.7172169201076,14.1844,57.8006050214171,16.0381,4.0,16.65465,5.0,9.527866,0.038977,84.169296,342.0
57.7338365204632,18.495,57.8178905211389,19.0484,4.0,16.65524,5.0,9.834422,-0.2532,83.7044,342.0
57.7509242203087,17.5062,57.8345640208572,16.3132,4.0,16.6555,5.0,12.5569,-0.250942,88.782,342.0
57.7671718206257,16.2488,57.8504228200763,15.8372,4.0,16.65537,5.0,11.6247,0.388675,84.792304,342.0
57.7844338212162,17.2626,57.867456920445,16.9315,4.0,16.65557,5.0,11.82657,0.326484,86.006896,342.0
57.8006050214171,17.1272,57.884174220264,16.6452,4.0,16.65572,5.0,12.56255,-0.059575,86.516,342.0
57.8178905211389,13.9173,57.9025584198534,19.0193,4.0,16.65485,5.0,11.10135,-0.978659,86.1052,342.0
57.8345640208572,16.5306,57.9171325201169,12.5167,4.0,16.65481,5.0,9.984915,-0.060629,82.2546,342.0
57.8504228200763,16.0791,57.9342201193795,17.3067,4.0,16.65463,5.0,11.00412,-0.933205,84.3642,342.0
57.867456920445,17.2454,57.951706119813,17.7396,4.0,16.65482,5.0,11.0266,0.076534,84.324,342.0
57.884174220264,16.0455,57.9675904205069,15.6347,4.0,16.65462,4.0,11.86264,-1.222434,82.026096,342.0
57.9025584198534,20.2944,57.9841749211773,16.4702,4.0,16.65577,5.0,12.13692,1.013455,83.8776,342.0
57.9171325201169,14.5994,58.0005145212635,16.6943,4.0,16.65512,5.0,11.17432,-0.650252,85.4492,342.0
57.9342201193795,16.9517,58.0174657208845,16.9307,4.0,16.65522,5.0,11.27507,0.106935,85.022704,342.0
57.951706119813,17.3304,58.0330726206303,15.0226,4.0,16.65543,4.0,11.86616,0.098632,84.635904,342.0
57.9675904205069,16.3197,58.0506613198668,18.167,4.0,16.65532,3.0,11.14943,-1.062028,83.273904,342.0
57.9841749211773,16.4658,58.0674632191658,18.0185,4.0,16.65527,2.0,9.677805,-1.091719,83.082304,342.0
58.0005145212635,16.6715,58.0838499199599,16.2625,4.0,16.65527,1.0,10.64357,0.08356,85.859904,342.0
58.0174657208845,16.7294,58.1004175208509,16.3243,4.0,16.65529,0.0,9.759634,0.410684,83.679,342.0
58.0330726206303,16.9093,58.1175027210265,15.5649,4.0,16.65537,5.0,10.86265,0.35821,8.5722,342.0
58.0506613198668,16.4993,58.1340446211398,16.2888,4.0,16.65532,5.0,8.821352,-0.068397,20.4614,342.0
58.0674632191658,15.4164,58.1501461211592,18.193,4.0,16.65494,5.0,12.38717,-1.349474,34.3178,342.0
58.0838499199599,16.9763,58.1668694205582,14.806,4.0,16.65504,5.0,11.60107,0.201512,51.7813,342.0
58.1668694205582,96.0652,58.1858424209058,20.9467,4.0,16.67999,5.0,11.73613,-0.575947,66.4827,342.0
58.1668694205582,1.8299,58.2005708208308,13.717,0.0,16.67533,5.0,12.89922,0.284367,80.774704,342.0
58.1858424209058,2.6575,58.2163274204358,16.5168,1.0,16.67092,5.0,11.10864,-0.816761,83.807,342.0
58.1858424209058,0.6855,58.2344188196585,18.1462,1.0,16.6659,5.0,10.03632,1.0978,85.3862,342.0
58.1858424209058,1.5471,58.2503914190456,16.2476,2.0,16.66116,5.0,9.38929,0.807225,85.8828,342.0
58.1858424209058,1.4557,58.2663843194023,15.7474,3.0,16.65639,5.0,9.845597,0.739946,88.002304,342.0
58.2005708208308,13.6655,58.2830306189135,16.7156,4.0,16.65545,5.0,11.96327,0.076347,86.436496,342.0
58.2163274204358,14.9967,58.299837118946,16.5674,4.0,16.65493,5.0,13.03509,-0.945534,85.746896,342.0
58.2344188196585,16.8271,58.3162720194086,17.3144,4.0,16.65498,5.0,11.53675,-0.161083,85.85,342.0
58.2503914190456,16.3949,58.3351527201012,18.5142,4.0,16.6549,4.0,12.39053,-0.529211,83.918096,342.0
58.2663843194023,16.9078,58.3508066209033,15.3418,4.0,16.65498,4.0,11.39526,-0.80599,83.1016,342.0
58.2830306189135,17.4012,58.3675323212519,16.7212,4.0,16.65521,4.0,12.6713,-0.740856,83.748704,342.0
58.299837118946,16.2371,58.3830690216273,16.3295,4.0,16.65508,4.0,10.68287,-0.311195,83.9942,342.0
58.3162720194086,16.7969,58.4005780220032,14.8655,4.0,16.65513,4.0,10.92515,-1.007427,82.4264,342.0
58.3351527201012,16.7161,58.4164608214051,15.8995,4.0,16.65515,4.0,11.08825,-0.855142,82.098896,342.0
58.3508066209033,15.8941,58.4330784212798,16.5406,4.0,16.65491,4.0,11.79393,-0.499106,80.9394,342.0
58.3675323212519,17.8559,58.451087621972,18.1005,4.0,16.65528,4.0,11.08638,-1.13254,82.080896,342.0
58.3830690216273,18.5276,58.4677523225546,16.9591,4.0,16.65587,4.0,9.952011,0.414002,78.984896,342.0
58.4005780220032,16.0251,58.4837525226176,15.6979,4.0,16.65567,5.0,10.68889,0.300277,82.1238,342.0
58.4164608214051,17.3255,58.4999875221401,16.1653,4.0,16.65588,5.0,10.78256,-0.642847,83.521504,342.0
58.4330784212798,16.2712,58.5168772228062,17.4134,4.0,16.65576,5.0,10.48149,-0.607024,82.235296,342.0
58.451087621972,21.2994,58.5335677228868,18.204,4.0,16.65721,5.0,10.56353,-0.472199,80.641696,342.0
58.4677523225546,13.014,58.5496095232666,16.1579,4.0,16.65607,5.0,12.76294,-1.037025,81.2718,342.0
58.4837525226176,16.1444,58.5670357234776,17.5336,4.0,16.65592,5.0,12.69011,-0.244344,84.532704,342.0
58.4999875221401,17.5937,58.5837651230395,16.3069,4.0,16.65621,4.0,12.39804,0.573583,84.561296,342.0
58.5168772228062,17.251,58.5993670234457,15.6627,4.0,16.65639,4.0,13.1221,-0.940643,83.7906,342.0
58.5335677228868,16.1644,58.6160831237212,16.7882,4.0,16.65624,4.0,11.13662,-0.270502,84.122096,342.0
58.5496095232666,14.536,58.6329344240949,17.7965,4.0,16.65558,4.0,9.627747,-0.539284,83.74,342.0
58.5670357234776,14.4293,58.6502697234973,14.4577,4.0,16.65489,4.0,10.71632,0.096784,83.218496,342.0
58.5837651230395,17.3457,58.6665667230263,16.5744,4.0,16.6551,4.0,12.4116,-0.280899,82.565504,342.0
58.5993670234457,16.3436,58.6830898234621,16.6751,4.0,16.655,4.0,10.53922,-0.516624,80.611696,342.0
58.6160831237212,16.7657,58.6996254241094,16.3832,4.0,16.65504,4.0,11.15174,0.939391,81.1678,342.0
58.6329344240949,18.301,58.7174759237096,17.8034,4.0,16.65555,3.0,12.02772,0.466029,81.274896,342.0
58.6502697234973,17.5076,58.7338421242312,16.8316,4.0,16.65582,2.0,11.23314,1.46603,81.2152,342.0
58.6665667230263,16.3508,58.7489691246301,14.3947,4.0,16.65572,1.0,12.7226,-0.905223,82.280096,342.0
58.6830898234621,17.6135,58.7670711241663,18.1689,4.0,16.65602,0.0,11.96448,-0.940273,81.477696,342.0
58.6996254241094,16.0595,58.783165724948,16.1666,4.0,16.65583,3.0,12.31472,-1.299295,7.8469,342.0
58.7174759237096,17.4878,58.8004423249513,17.4538,4.0,16.65609,5.0,11.649,-0.704342,19.1461,342.0
58.7338421242312,16.9751,58.8168796245009,18.0129,4.0,16.65619,4.0,11.99332,-0.318649,32.1315,342.0
58.7489691246301,16.8718,58.8330215252936,16.069,4.0,16.65626,4.0,10.75581,-0.136699,46.3476,342.0
58.8330215252936,94.0217,58.8521535247564,20.4125,4.0,16.68027,4.0,9.168871,0.009923,60.2208,342.0
58.8521535247564,3.3214,58.8668728247285,14.6467,0.0,16.67612,5.0,5.18637,-0.47812,78.1302,342.0
58.8521535247564,0.966,58.8837139252573,13.9008,0.0,16.67125,4.0,10.29992,0.130853,81.3898,342.0
58.8521535247564,1.8568,58.90024542436,16.2475,1.0,16.66666,4.0,12.67947,-0.102761,81.343504,342.0
58.8521535247564,2.4989,58.9159455243498,16.1964,2.0,16.66227,4.0,12.6083,-0.195774,80.5042,342.0
58.8521535247564,0.8481,58.9337564241141,18.7572,3.0,16.65737,4.0,12.99624,-0.341845,82.9364,342.0
58.8668728247285,12.4305,58.9500562231988,15.691,4.0,16.65606,5.0,11.43825,-0.468791,84.1052,342.0
58.8837139252573,16.4087,58.9666736237705,16.3688,4.0,16.65598,5.0,10.7663,0.210747,84.3044,342.0
58.90024542436,17.5528,58.9831080231816,16.7065,4.0,16.65626,5.0,10.16698,0.063437,84.268704,342.0
58.9159455243498,15.0042,59.0005330238491,17.4429,4.0,16.65575,5.0,9.26392,-0.203383,84.269104,342.0
58.9337564241141,16.5751,59.0167357232422,17.7379,4.0,16.65572,5.0,12.12015,-0.958605,82.8986,342.0
58.9500562231988,16.9844,59.0340780224651,17.2017,4.0,16.65582,4.0,11.61926,-0.800177,83.226704,342.0
58.9666736237705,16.6326,59.050168722868,16.5932,4.0,16.65582,5.0,10.32147,-0.054408,86.502,342.0
58.9831080231816,16.5556,59.0670431237668,16.539,4.0,16.65578,5.0,10.22505,-0.462613,85.3312,342.0
59.0005330238491,17.4763,59.083144724369,16.1054,4.0,16.65604,4.0,12.07409,0.323771,81.471696,342.0
59.0167357232422,15.0875,59.0988890249282,15.416,4.0,16.65555,4.0,12.00415,-1.180578,84.079296,342.0
59.0340780224651,16.1295,59.1176245249808,19.4037,4.0,16.65539,4.0,11.30756,-1.252831,82.2086,342.0
59.050168722868,17.3796,59.1338296253234,16.2081,4.0,16.65561,4.0,10.04078,0.095484,82.7242,342.0
59.0670431237668,16.1729,59.1488873250782,12.313,4.0,16.65547,4.0,9.999105,-0.665044,80.0412,342.0
59.083144724369,16.3588,59.1670212242752,18.9663,4.0,16.65537,4.0,10.51588,0.093899,79.762896,342.0
59.0988890249282,17.3307,59.1831021234393,15.4593,4.0,16.65558,4.0,12.58621,0.278212,80.8194,342.0
59.1176245249808,16.5052,59.2002745233476,17.0289,4.0,16.65554,4.0,11.91931,1.212132,80.474096,342.0
59.1338296253234,18.5075,59.2161113228649,15.8153,4.0,16.65611,4.0,12.13413,-0.02907,79.351504,342.0
59.1488873250782,17.3057,59.2329834233969,17.0288,4.0,16.65631,5.0,9.938578,-0.956893,82.841104,342.0
59.1670212242752,16.4971,59.2506390232593,17.5521,4.0,16.65626,5.0,10.87713,-0.097439,82.6224,342.0
59.1831021234393,16.6474,59.2667563240975,16.302,4.0,16.65626,5.0,11.41302,0.049056,81.616896,342.0
59.2002745233476,17.1063,59.283124724403,15.9831,4.0,16.65639,4.0,11.56514,-0.92242,81.715,342.0
59.2161113228649,16.0902,59.3007278237492,19.5778,4.0,16.65622,4.0,11.6029,0.005125,81.120496,342.0
59.2329834233969,16.9705,59.3168081231415,16.7521,4.0,16.65632,4.0,11.60509,-0.128683,82.511,342.0
59.2506390232593,17.3862,59.3337554223835,16.382,4.0,16.65654,4.0,11.44527,-0.903286,79.9134,342.0
59.2667563240975,16.1914,59.3500187229365,16.2875,4.0,16.6564,4.0,10.47327,-0.422258,81.865,342.0
59.283124724403,16.3244,59.3657943233848,15.7294,4.0,16.6563,4.0,11.58989,-0.22184,82.037904,342.0
59.3007278237492,15.1776,59.3824972230941,16.5681,4.0,16.65584,4.0,11.37134,0.019755,79.182304,342.0
59.3168081231415,17.2663,59.3990441225469,14.6679,4.0,16.65603,4.0,9.703344,0.320389,82.0522,342.0
59.3337554223835,16.2953,59.4169415216893,18.2467,4.0,16.65592,4.0,9.93212,-0.115382,81.938,342.0
59.3500187229365,16.7797,59.4338586218655,16.9521,4.0,16.65596,5.0,11.31518,0.716048,83.103504,342.0
59.3657943233848,17.6292,59.448920821771,14.7731,4.0,16.65626,4.0,9.673783,-0.390903,81.086496,342.0
59.3824972230941,15.4814,59.4667525216937,18.3507,4.0,16.65589,5.0,10.95199,-0.798209,82.250096,342.0
59.3990441225469,16.7355,59.4837563224137,16.6205,4.0,16.65592,5.0,11.22606,-0.932654,81.554704,342.0
59.4169415216893,16.688,59.4999874215573,17.87,4.0,16.65593,5.0,11.48214,1.57042,82.130896,342.0
59.4338586218655,17.1361,59.5168174207211,15.1017,4.0,16.65608,5.0,12.00945,1.335404,84.820096,342.0
59.448920821771,17.142,59.5331740211695,18.3065,4.0,16.65623,4.0,10.42751,-0.697192,82.793904,342.0
59.4667525216937,16.5035,59.549114221707,15.8064,4.0,16.65618,4.0,9.808082,-0.635313,82.234496,342.0
59.4837563224137,16.4481,59.5660759210587,17.0236,4.0,16.65611,4.0,10.15945,-0.188327,81.7912,342.0
59.4999874215573,14.45,59.5829538218677,17.1385,4.0,16.65544,4.0,8.770903,-1.609522,81.585104,342.0
59.5168174207211,18.8578,59.5994334220886,16.8314,4.0,16.65611,4.0,10.30101,-0.380037,82.124096,342.0
59.5331740211695,14.3403,59.6159148216248,13.7817,4.0,16.6554,4.0,10.83385,-0.186486,82.019,342.0
59.549114221707,17.3923,59.6327718216926,16.9522,4.0,16.65563,4.0,12.41848,-0.428321,81.211,342.0
59.5660759210587,16.6448,59.6492991223931,16.4451,4.0,16.65563,4.0,10.0425,0.004659,80.662704,342.0
59.5829538218677,16.4346,59.6659325230867,16.9617,4.0,16.65556,5.0,9.221292,0.12168,82.316496,342.0
59.5994334220886,18.0326,59.6838990226388,17.928,4.0,16.65598,4.0,11.52191,-0.873561,80.344496,342.0
59.6159148216248,15.898,59.6991142230108,15.0885,4.0,16.65575,5.0,11.66953,-0.541463,83.428704,342.0
59.6327718216926,19.09,59.7159232227132,18.541,4.0,16.65649,5.0,11.98762,-0.121556,83.0792,342.0
