5.01951720379293,17.9608,5.03914870321751,15.9281,0.0,17.9608,1.0,-31.77243,-0.375567,20.9833,336.0
5.01951720379293,12.6856,5.05546240322292,17.5737,0.0,15.3232,1.0,-7.507833,-0.582534,18.2949,336.0
5.03914870321751,18.0729,5.06921850331128,12.4817,1.0,16.23977,1.0,14.98727,-0.203101,24.0427,336.0
5.06921850331128,21.5929,5.08860260248184,21.1703,1.0,17.57805,0.0,16.73403,-0.341068,18.452,336.0
5.08860260248184,13.5952,5.10201170202345,14.8809,0.0,16.78148,1.0,16.8533,-0.491835,18.0244,336.0
5.10201170202345,16.4457,5.11944820266217,14.2716,0.0,16.72552,1.0,16.54277,0.009998,19.3062,336.0
5.11944820266217,20.341,5.1384676033631,20.3116,0.0,17.24201,0.0,16.62803,0.362631,17.1441,336.0
5.11944820266217,11.1732,5.15243170317262,15.6314,0.0,16.48341,1.0,16.8341,-0.702736,17.1149,336.0
5.15243170317262,18.4109,5.17019460257143,17.0975,1.0,16.69758,1.0,16.31027,-0.249103,21.573,336.0
5.17019460257143,15.8499,5.18531220220029,15.8841,0.0,16.61281,1.0,15.97224,-0.27237,20.2576,336.0
5.18531220220029,17.0376,5.2023483030498,14.3119,0.0,16.65143,1.0,17.0287,-0.172037,20.297,336.0
5.2023483030498,19.917,5.2195884026587,19.42,0.0,16.92356,0.0,16.56597,-0.512467,17.5711,336.0
5.2195884026587,13.8372,5.23626320250332,14.0053,0.0,16.68615,1.0,16.36494,-0.294834,17.0745,336.0
5.23626320250332,20.1089,5.25519250333309,20.3121,0.0,16.93063,0.0,-53.5425,-0.345701,17.2432,336.0
5.23626320250332,11.2723,5.26920260302722,12.6236,0.0,16.55341,1.0,4.891367,0.150432,17.4464,336.0
5.26920260302722,21.4451,5.28617590293288,19.5303,1.0,16.85914,0.0,10.89143,-0.574635,18.7984,336.0
5.28617590293288,13.8543,5.30282700248063,14.1417,0.0,16.68238,1.0,11.7073,0.061398,16.8831,336.0
5.30282700248063,20.1076,5.31842720229179,18.058,0.0,16.87267,0.0,10.50557,-0.261369,17.1668,336.0
5.31842720229179,11.7411,5.33649590145797,16.9436,0.0,16.60259,1.0,9.550935,-0.485336,15.1243,336.0
5.33649590145797,16.9294,5.35329670179635,18.0442,0.0,16.61893,1.0,10.3366,-0.119603,20.3264,336.0
5.35329670179635,18.1892,5.36820630170405,12.4507,0.0,16.6937,1.0,9.795769,-0.56667,21.4406,336.0
5.36820630170405,18.4039,5.38634520210326,20.4642,0.0,16.77144,0.0,9.942036,-0.543137,15.7035,336.0
5.38634520210326,14.3107,5.40269350260496,14.0443,0.0,16.66445,1.0,11.3995,-0.378504,17.764,336.0
5.40269350260496,19.864,5.41918510198593,18.9118,0.0,16.79777,0.0,9.95257,-0.881471,17.4979,336.0
5.41918510198593,13.3735,5.43647890165448,15.1282,0.0,16.6608,1.0,10.28474,0.156762,16.5457,336.0
5.43647890165448,20.6188,5.45288350246847,18.4716,0.0,16.81303,0.0,11.4407,-0.232905,18.2999,336.0
5.45288350246847,13.2969,5.47018020227551,14.7482,0.0,16.6828,1.0,9.787471,0.230728,16.1536,336.0
5.47018020227551,20.5916,5.48605940304697,18.4479,0.0,16.8224,0.0,10.47954,0.125461,17.6052,336.0
5.48605940304697,12.3108,5.50275210291147,14.1927,0.0,16.66683,1.0,11.1312,-0.689906,15.4613,336.0
5.50275210291147,19.9248,5.51835350319743,17.3503,0.0,16.77543,0.0,9.671172,0.232827,17.3421,336.0
5.51835350319743,16.7782,5.53632520325482,16.2939,0.0,16.77552,0.0,9.501639,-0.67734,14.7694,336.0
5.53632520325482,16.8611,5.55253540351987,18.8819,0.0,16.77819,0.0,5.891506,-0.867407,14.2851,336.0
5.55253540351987,13.2146,5.56908100284636,13.8924,0.0,16.6702,1.0,10.03947,-0.300274,16.3058,336.0
5.56908100284636,19.7826,5.58606290258467,18.5543,0.0,16.76174,0.0,9.45364,-0.422841,16.9804,336.0
5.58606290258467,17.6094,5.60251200199127,14.7457,0.0,16.78596,0.0,11.99571,0.155892,15.7583,336.0
5.60251200199127,15.6347,5.61917290277779,19.2061,0.0,16.75398,0.0,10.71757,0.826625,12.8948,336.0
5.61917290277779,13.3491,5.63697300292552,15.5754,0.0,16.66196,1.0,9.483841,-0.621742,16.4665,336.0
5.63697300292552,21.0665,5.65304060280323,18.2373,0.0,16.77787,0.0,11.46941,0.648791,18.6924,336.0
5.65304060280323,12.5646,5.66961790248752,14.2396,0.0,16.66983,1.0,10.17058,-1.068676,15.864,336.0
5.66961790248752,20.3047,5.68621270172298,18.4473,0.0,16.76071,0.0,8.599842,0.090457,17.5392,336.0
5.68621270172298,17.75,5.70418570190668,18.1295,0.0,16.78484,0.0,9.065609,-0.97061,15.6815,336.0
5.70418570190668,11.9116,5.71938550192863,15.0544,0.0,16.66881,1.0,10.52108,0.717423,16.0615,336.0
5.71938550192863,21.1498,5.73606210108846,14.7859,0.0,16.77302,0.0,9.444743,-0.644844,19.2048,336.0
5.73606210108846,15.4461,5.75302840117365,18.7909,0.0,16.74286,0.0,9.97351,-1.017611,12.8407,336.0
5.75302840117365,18.2906,5.77022550161928,15.3571,0.0,16.77725,0.0,10.19168,-0.035778,16.1862,336.0
5.77022550161928,15.9845,5.78610960114747,17.7303,0.0,16.76002,0.0,8.722644,-0.626145,13.2527,336.0
5.78610960114747,17.0766,5.80217050109059,14.1576,0.0,16.76675,0.0,11.90811,-1.067612,14.9989,336.0
5.80217050109059,14.7694,5.82042970042676,20.6478,0.0,16.72514,0.0,10.17968,-0.981879,12.0802,336.0
5.82042970042676,14.9828,5.83628179971129,13.429,0.0,16.68958,1.0,9.441245,0.598554,17.9587,336.0
5.83628179971129,19.0047,5.85332680027932,19.4493,0.0,16.73589,0.0,11.87221,-0.754013,16.4047,336.0
5.85332680027932,13.8521,5.87038279976696,14.6346,0.0,16.67934,1.0,10.70018,-0.23598,16.8496,336.0
5.87038279976696,20.3726,5.88725710008293,19.3697,0.0,16.75037,0.0,12.42505,0.108453,17.6324,336.0
5.88725710008293,13.2598,5.90348119940609,14.0749,0.0,16.68451,1.0,8.880413,-0.941314,16.6297,336.0
5.90348119940609,19.8352,5.92021349910647,18.9682,0.0,16.74285,0.0,5.03318,-0.750281,17.4449,336.0
5.92021349910647,13.0244,5.93592649977654,13.3707,0.0,16.67525,1.0,11.76845,-1.708148,16.5781,336.0
5.93592649977654,19.7147,5.95402659941465,20.256,0.0,16.72952,0.0,9.820614,-0.306915,16.9245,336.0
5.95402659941465,14.3683,5.97035889979452,14.0002,0.0,16.6881,1.0,9.877781,-0.172482,17.4663,336.0
5.97035889979452,19.9315,5.98742249887437,19.6057,0.0,16.74402,0.0,9.961948,0.562251,17.0985,336.0
5.98742249887437,14.0549,6.00362829957157,13.7289,0.0,16.69844,1.0,13.05832,-0.517416,16.7727,336.0
6.00362829957157,19.2247,6.02113860007375,20.401,0.0,16.74054,0.0,10.04888,0.032217,16.4467,336.0
6.02113860007375,14.2415,6.03709420096129,12.9603,0.0,16.69958,1.0,11.23165,0.21115,17.6229,336.0
6.03709420096129,19.4265,6.05402210075408,19.2278,0.0,16.74356,0.0,9.430416,-1.148817,16.342,336.0
6.05402210075408,12.9085,6.07044570054859,14.1981,0.0,16.68268,1.0,10.20388,-0.610184,16.144,336.0
6.07044570054859,20.3361,6.08753199968487,19.5399,0.0,16.73977,0.0,10.09185,-0.522251,17.4333,336.0
6.08753199968487,13.7286,6.10431679990143,14.3474,0.0,16.69344,1.0,9.656417,-0.192718,16.6367,336.0
6.10431679990143,20.1449,6.12060150038451,18.5816,0.0,16.74574,0.0,12.70918,-0.483285,17.254,336.0
6.12060150038451,12.4394,6.13734250050038,14.6245,0.0,16.68146,1.0,11.03015,-0.884052,15.6985,336.0
6.13734250050038,20.6025,6.15324250143021,18.6021,0.0,16.73913,0.0,11.90072,-1.215419,17.8843,336.0
6.15324250143021,12.4645,6.16999400127679,14.2896,0.0,16.67718,1.0,10.58208,-1.086286,15.8841,336.0
6.16999400127679,20.1203,6.18760010134429,19.7271,0.0,16.72636,0.0,11.90545,-0.736453,17.7088,336.0
6.18760010134429,14.5138,6.20502100046724,16.0712,0.0,16.6952,1.0,10.68152,-0.03682,17.3165,336.0
6.20502100046724,15.677,6.22017850074917,16.3047,0.0,16.68106,1.0,10.92399,0.642013,18.874,336.0
6.22017850074917,16.5002,6.23764140065759,15.0889,0.0,16.67858,1.0,11.38235,-0.731754,19.5017,336.0
6.23764140065759,20.9811,6.25368809979409,18.3844,0.0,16.73672,0.0,10.39722,-0.129621,18.0905,336.0
6.25368809979409,12.5116,6.27171520050615,15.6614,0.0,16.68039,1.0,11.29039,-0.222088,15.4944,336.0
6.27171520050615,21.562,6.28755460027605,18.1777,0.0,16.74462,0.0,9.392854,-0.597555,18.6438,336.0
6.28755460027605,12.1734,6.30329039972275,13.6477,0.0,16.68525,1.0,12.11962,-0.642422,15.26,336.0
6.30329039972275,19.5637,6.3209138000384,19.9331,0.0,16.72216,0.0,10.46369,-0.238189,16.7339,336.0
6.3209138000384,13.9895,6.33773920033127,17.1842,0.0,16.68756,1.0,11.71626,-0.135356,17.1046,336.0
6.33773920033127,17.3204,6.35689359996468,16.3047,0.0,16.69548,1.0,10.59732,-0.567523,20.2987,336.0
6.33773920033127,14.5773,6.37172889988869,17.234,0.0,16.66932,1.0,10.93299,-0.05099,19.2839,336.0
6.37172889988869,18.7332,6.38804319966584,13.9275,1.0,16.69449,1.0,10.61396,-0.717657,21.9415,336.0
6.38804319966584,19.7841,6.40406300034374,18.5669,0.0,16.73172,0.0,10.35002,-1.198524,17.1355,336.0
6.40406300034374,13.0407,6.42066709976643,14.2221,0.0,16.68778,1.0,11.83269,-1.033391,15.9192,336.0
6.42066709976643,19.7592,6.4382538003847,20.3045,0.0,16.72391,0.0,10.36866,0.336642,17.0993,336.0
6.4382538003847,12.1038,6.45425449963659,13.028,0.0,16.67019,1.0,11.86872,-1.277225,17.6463,336.0
6.45425449963659,21.2032,6.47118969913572,19.6408,0.0,16.72229,0.0,10.76569,-0.209092,18.5551,336.0
6.47118969913572,12.7197,6.48963229823858,17.0605,0.0,16.67681,1.0,11.25536,0.198441,17.0079,336.0
6.47118969913572,15.445,6.50403149798512,13.1358,0.0,16.66297,1.0,9.814425,-1.199826,21.3493,336.0
6.50403149798512,21.8021,6.52131689712405,19.814,1.0,16.72007,0.0,10.29829,-0.904593,19.0404,336.0
6.52131689712405,13.8102,6.53783269785345,15.754,0.0,16.68809,1.0,11.28686,0.86644,17.052,336.0
6.53783269785345,15.3477,6.5565409976989,17.7889,0.0,16.67352,1.0,9.738926,0.128573,18.9965,336.0
6.5565409976989,18.3277,6.57148059736937,14.0611,0.0,16.69131,1.0,12.47039,-0.980294,21.4376,336.0
6.57148059736937,19.5583,6.58937289658934,18.6851,0.0,16.72181,0.0,11.09166,-0.514861,17.1703,336.0
6.58937289658934,12.9541,6.60464179702103,14.5279,0.0,16.68215,1.0,10.50853,-0.789328,16.2984,336.0
6.60464179702103,20.7122,6.62069439701736,18.5442,0.0,16.72413,0.0,9.823994,0.205305,17.8726,336.0
6.62069439701736,12.7043,6.6381623968482,17.6626,0.0,16.68269,1.0,10.54276,-0.798462,15.705,336.0
6.6381623968482,17.2575,6.65496309660375,15.238,0.0,16.68855,1.0,9.765828,-0.526529,20.6624,336.0
6.65496309660375,15.5222,6.67146549746394,17.9898,0.0,16.67677,1.0,10.3356,-0.577796,18.6438,336.0
6.67146549746394,17.8784,6.69087579660118,16.9812,0.0,16.68879,1.0,10.77016,-0.694563,21.1112,336.0
6.67146549746394,15.3334,6.70438429620117,15.8847,0.0,16.67537,1.0,10.72453,0.07957,20.2144,336.0
6.70438429620117,17.6717,6.72067589592189,13.6652,1.0,16.68514,1.0,10.8463,-0.779797,20.7659,336.0
6.72067589592189,19.5264,6.7378097968176,19.5887,0.0,16.71272,0.0,10.63096,-0.360164,16.7597,336.0
6.7378097968176,13.8939,6.75547889713198,17.3566,0.0,16.68562,1.0,10.22323,-0.429931,16.823,336.0
6.75547889713198,16.0458,6.77153789717704,16.4006,0.0,16.67953,1.0,9.837697,-0.166398,20.2858,336.0
6.77153789717704,17.7661,6.78796749655157,13.9169,0.0,16.68978,1.0,8.078764,-0.990065,20.6409,336.0
6.78796749655157,19.4888,6.80516159627587,19.7914,0.0,16.71593,0.0,9.484431,-0.415432,16.7914,336.0
6.80516159627587,13.901,6.82159199658781,14.1015,0.0,16.68987,1.0,7.258898,-0.835899,17.0947,336.0
6.82159199658781,19.5876,6.83798969630152,18.6956,0.0,16.71646,0.0,9.694165,-0.882266,17.2953,336.0
6.83798969630152,13.0203,6.85502929706126,14.9335,0.0,16.68285,1.0,9.484632,-0.318033,16.4039,336.0
6.85502929706126,20.8268,6.87123379763216,19.601,0.0,16.72019,0.0,8.484599,1.2549,18.3169,336.0
6.87123379763216,11.5007,6.88821769785136,14.7742,0.0,16.67358,1.0,9.921466,-0.905667,17.0914,336.0
6.88821769785136,16.9318,6.90571679826826,18.3673,0.0,16.67587,1.0,12.24173,0.220866,20.3656,336.0
6.90571679826826,18.7241,6.92174199875444,13.5923,0.0,16.69384,1.0,9.3223,-0.191101,21.7947,336.0
6.92174199875444,19.4593,6.937914297916,18.1389,0.0,16.71788,0.0,9.250567,-0.512768,16.6683,336.0
6.937914297916,12.4298,6.95428199786693,14.4015,0.0,16.68092,1.0,11.12213,0.713365,15.3499,336.0
6.95428199786693,19.8761,6.97127179708332,19.2367,0.0,16.70823,0.0,10.3325,-0.705302,17.3206,336.0
6.97127179708332,13.6154,6.98801579792053,14.4846,0.0,16.68202,1.0,9.878468,-0.797569,16.683,336.0
6.98801579792053,20.0417,7.00543349701911,19.8396,0.0,16.71025,0.0,12.08974,-0.561536,17.551,336.0
7.00543349701911,14.1697,7.02161299716681,13.7085,0.0,16.68908,1.0,9.497402,0.039797,17.3503,336.0
7.02161299716681,19.7547,7.03988589625806,19.2655,0.0,16.71441,0.0,12.11427,0.47333,16.888,336.0
7.02161299716681,10.8256,7.05529139656574,14.7312,0.0,16.66615,1.0,10.82214,-0.454037,16.3992,336.0
7.05529139656574,22.5758,7.07150859665126,18.2541,1.0,16.71419,0.0,10.3335,-0.827704,20.3053,336.0
7.07150859665126,11.9587,7.09003299754113,17.2735,0.0,16.67584,1.0,10.10507,0.012129,15.9845,336.0
7.09003299754113,17.8267,7.10522099770606,16.3858,0.0,16.68505,1.0,9.774437,-0.358438,21.2993,336.0
7.10522099770606,15.2073,7.12178639695048,14.2472,0.0,16.67332,1.0,11.9218,-0.866705,19.8587,336.0
7.12178639695048,21.5838,7.13832399621606,18.211,0.0,16.71198,0.0,11.09447,-0.528572,18.8984,336.0
7.13832399621606,11.5807,7.15626479685307,19.1648,0.0,16.6719,1.0,9.454238,-0.152439,15.5263,336.0
7.15626479685307,19.7816,7.17231559753418,13.2031,0.0,16.696,1.0,11.7656,0.005894,23.1087,336.0
7.17231559753418,19.025,7.19063799828291,17.5348,0.0,16.71392,0.0,9.509872,0.470627,16.5286,336.0
7.19063799828291,13.4487,7.20537749864161,15.5017,0.0,16.68899,1.0,12.01534,-0.09484,16.9165,336.0
7.20537749864161,15.3211,7.22384169884026,17.4026,0.0,16.67863,1.0,10.19871,-0.502807,18.9701,336.0
7.22384169884026,18.0983,7.23878399841487,14.1125,0.0,16.6893,1.0,11.19367,-0.013674,21.0508,336.0
7.23878399841487,19.602,7.25558899901807,19.3231,0.0,16.71104,0.0,9.35564,-0.487641,17.064,336.0
7.25558899901807,13.5388,7.27228269912302,14.5322,0.0,16.68754,1.0,11.45681,-1.057508,16.7869,336.0
7.27228269912302,20.8464,7.2888422999531,19.1314,0.0,16.71812,0.0,10.64487,0.360425,17.7781,336.0
7.2888422999531,12.52,7.30430599953979,12.5609,0.0,16.68748,1.0,8.626841,0.225458,16.066,336.0
7.30430599953979,18.9084,7.32385009992868,20.9276,0.0,16.70357,0.0,10.52591,-0.756609,16.1058,336.0
7.30430599953979,11.9635,7.33901000022888,14.0254,0.0,16.66947,1.0,9.805775,-0.489276,18.1271,336.0
7.33901000022888,22.5538,7.35554210096598,18.7277,1.0,16.7115,0.0,9.573242,-0.294843,20.1651,336.0
7.35554210096598,13.3539,7.37408780120313,15.9861,0.0,16.68769,1.0,8.971509,-0.04891,16.3633,336.0
7.35554210096598,14.4799,7.38884450122714,17.4704,0.0,16.67214,1.0,11.82998,0.327023,18.995,336.0
7.38884450122714,18.9842,7.40519460104406,13.7313,1.0,16.68831,1.0,10.82434,-0.133544,21.9865,336.0
7.40519460104406,19.4854,7.42212400026619,19.42,0.0,16.70773,0.0,10.75371,0.229089,16.7323,336.0
7.42212400026619,13.1995,7.44081480056047,16.2963,0.0,16.68354,1.0,11.47018,1.225222,16.6686,336.0
7.42212400026619,13.2158,7.45529980026186,16.927,0.0,16.65979,1.0,10.10784,1.796755,19.7659,336.0
7.45529980026186,20.3055,7.4719930998981,14.5076,1.0,16.68459,1.0,10.13181,0.076888,23.4764,336.0
7.4719930998981,20.4657,7.48843690007925,19.1582,0.0,16.71014,0.0,10.03578,-0.873979,17.6776,336.0
7.48843690007925,13.0751,7.50551589950919,14.2662,0.0,16.68574,1.0,8.552845,0.070554,16.3723,336.0
7.50551589950919,20.2752,7.52192819863558,18.5737,0.0,16.70967,0.0,7.762212,0.512687,17.5633,336.0
7.52192819863558,13.0757,7.53875249810517,14.4049,0.0,16.6856,1.0,10.23658,-0.35898,15.8557,336.0
7.53875249810517,20.1569,7.55771939828992,20.0822,0.0,16.70844,0.0,12.27765,-0.124247,17.1906,336.0
7.53875249810517,11.426,7.57212859857827,13.475,0.0,16.67392,1.0,9.016613,-1.042714,17.1173,336.0
7.57212859857827,21.6267,7.58806089777499,18.35,1.0,16.70608,0.0,8.96878,0.225219,19.1673,336.0
7.58806089777499,12.836,7.60540989693254,14.7725,0.0,16.68111,1.0,11.73125,-1.042948,15.8905,336.0
7.60540989693254,20.4843,7.62479209620506,20.6889,0.0,16.70549,0.0,8.560114,0.506385,17.8267,336.0
7.60540989693254,12.0976,7.64109039586037,14.8478,0.0,16.67614,1.0,11.43388,0.553818,18.032,336.0
7.62479209620506,16.2834,7.65697459597141,18.9369,1.0,16.67365,1.0,9.911948,0.266251,20.7821,336.0
7.65697459597141,20.1602,7.67161649558693,12.0149,1.0,16.69558,1.0,9.329915,-0.412516,23.4354,336.0
7.67161649558693,17.9409,7.68919279519469,19.7731,0.0,16.70336,0.0,9.589182,-0.728883,15.289,336.0
7.68919279519469,14.0775,7.70558009576052,13.9361,0.0,16.68705,1.0,10.67205,-0.33395,17.1231,336.0
7.70558009576052,19.8738,7.72379169519991,21.3339,0.0,16.70672,0.0,10.00272,-0.210617,16.9804,336.0
7.72379169519991,18.3163,7.73848289530724,11.4816,0.0,16.7166,1.0,8.987583,-0.795884,18.4425,336.0
7.73848289530724,14.532,7.75531189609319,19.5691,0.0,16.70328,0.0,9.67605,0.948849,11.6064,336.0
7.75531189609319,13.5961,7.77219379600137,17.1788,0.0,16.68445,1.0,9.263317,0.978282,16.6456,336.0
7.77219379600137,17.1943,7.78919129539281,14.4087,0.0,16.68752,1.0,10.54708,-0.705585,20.2288,336.0
7.78919129539281,20.2961,7.8053727960214,18.3588,0.0,16.70913,0.0,9.150351,-0.431952,17.4421,336.0
7.8053727960214,12.6936,7.82166989613324,15.0706,0.0,16.68522,1.0,9.386318,0.288681,15.5058,336.0
7.82166989613324,15.6565,7.83914729673415,18.7061,0.0,16.67914,1.0,9.329485,-0.805586,17.8825,336.0
7.83914729673415,17.7614,7.85556969698519,15.3651,0.0,16.6855,1.0,9.521952,0.365447,20.9148,336.0
7.85556969698519,15.4583,7.8723927969113,19.1156,0.0,16.67833,1.0,9.137119,-0.60352,18.537,336.0
7.8723927969113,18.3445,7.88971229735762,16.6334,0.0,16.68801,1.0,9.409486,-0.638087,22.1939,336.0
7.88971229735762,15.4782,7.9064632980153,15.6152,0.0,16.68102,1.0,9.187953,-0.511954,20.4825,336.0
7.9064632980153,16.1981,7.9228278985247,17.4176,0.0,16.67825,1.0,10.85282,-1.222121,20.6202,336.0
7.9228278985247,18.5211,7.93847529869527,12.6691,0.0,16.68878,1.0,9.376787,-0.217188,21.8399,336.0
7.93847529869527,18.9373,7.95519629959017,16.9091,0.0,16.70155,0.0,9.659854,-1.143755,15.9883,336.0
7.95519629959017,16.6904,7.97291269991547,21.1287,0.0,16.70149,0.0,8.685521,1.302478,13.9604,336.0
7.97291269991547,14.1021,7.98942660074681,15.8416,0.0,16.68689,1.0,10.65549,0.291711,18.3992,336.0
7.98942660074681,16.7715,8.00828200113028,15.8196,0.0,16.68736,1.0,8.917155,-0.289556,20.1388,336.0
7.98942660074681,12.6906,8.02267820108682,18.0286,0.0,16.66516,1.0,9.264822,-1.076423,19.1856,336.0
8.02267820108682,20.2984,8.03924960177392,14.387,1.0,16.68523,1.0,10.10929,-0.79989,24.5253,336.0
8.03924960177392,15.2678,8.05631500203162,18.8339,0.0,16.67744,1.0,9.563856,0.964743,18.6142,336.0
8.05631500203162,18.8246,8.07260350231081,15.523,0.0,16.68917,1.0,9.961023,0.141776,22.1802,336.0
8.07260350231081,14.0217,8.08838700223714,16.3932,0.0,16.67468,1.0,8.65839,-0.480291,18.8771,336.0
8.08838700223714,18.2952,8.10619270149618,16.9712,0.0,16.68344,1.0,11.02756,1.233142,21.2334,336.0
8.10619270149618,15.5088,8.12227860186249,16.8237,0.0,16.67712,1.0,8.732924,0.063075,19.9256,336.0
8.12227860186249,18.3876,8.13944000098854,14.1897,0.0,16.68627,1.0,9.389391,-0.315592,21.242,336.0
8.13944000098854,19.8787,8.15607580076903,19.7477,0.0,16.70325,0.0,10.31736,-0.435559,17.0428,336.0
8.15607580076903,12.6153,8.17302179988474,16.2419,0.0,16.68162,1.0,9.131825,-0.154326,16.9135,336.0
8.17302179988474,15.9853,8.18914839904755,17.0054,0.0,16.67795,1.0,8.899592,0.379807,20.5409,336.0
8.18914839904755,18.3165,8.20850449893624,16.03,0.0,16.68653,1.0,9.390359,-1.61516,21.5605,336.0
8.18914839904755,12.865,8.22237739898264,17.1137,0.0,16.66663,1.0,8.937526,0.458173,19.2732,336.0
8.22237739898264,20.388,8.2393017988652,15.2312,1.0,16.68591,1.0,10.23009,-0.352394,23.5234,336.0
8.2393017988652,15.0853,8.25551999919116,17.7146,0.0,16.67766,1.0,5.88526,-1.546961,18.3668,336.0
8.25551999919116,17.8141,8.27279629930854,16.5353,0.0,16.68349,1.0,13.02403,-0.330128,20.9956,336.0
8.27279629930854,16.4437,8.29003759846091,17.8763,0.0,16.68226,1.0,9.417494,1.608605,19.7177,336.0
8.29003759846091,17.7181,8.30536119826138,12.3952,0.0,16.68752,1.0,8.976561,-0.608662,21.1489,336.0
8.30536119826138,18.6614,8.32314929738641,20.0459,0.0,16.69749,0.0,9.355928,0.251671,15.8261,336.0
8.32314929738641,13.4146,8.34114659763873,17.4408,0.0,16.68099,1.0,10.1502,1.089604,17.2119,336.0
8.34114659763873,17.4818,8.35721329785883,16.3141,0.0,16.685,1.0,7.910662,-0.184563,21.2388,336.0
8.35721329785883,15.9614,8.37336239777505,17.7575,0.0,16.6814,1.0,11.24413,-0.89403,20.0715,336.0
8.37336239777505,18.6283,8.38972999714315,12.8054,0.0,16.69104,1.0,9.425396,-0.639797,21.8677,336.0
8.38972999714315,18.8061,8.40619239769876,19.4325,0.0,16.70146,0.0,9.397863,-1.055964,16.0449,336.0
8.40619239769876,13.5638,8.42343169823289,14.4941,0.0,16.68608,1.0,9.72233,-0.917031,16.6713,336.0
8.42343169823289,20.3779,8.43935299851,19.0961,0.0,16.70408,0.0,9.508297,0.591902,17.6009,336.0
8.43935299851,13.088,8.45811859890819,15.6153,0.0,16.68653,1.0,8.919364,-0.223065,16.3205,336.0
8.43935299851,12.4072,8.47438189946115,17.6826,0.0,16.66586,1.0,12.64563,-0.581632,18.8483,336.0
8.45811859890819,17.9131,8.49101310037076,15.1709,1.0,16.67185,1.0,10.3483,-0.758899,24.124,336.0
8.47438189946115,16.5745,8.50790570117533,18.0209,1.0,16.67139,1.0,10.54587,0.328334,21.3812,336.0
8.49101310037076,16.8907,8.52464040182531,15.4398,1.0,16.67243,1.0,9.941732,0.511367,22.8261,336.0
8.50790570117533,16.8092,8.54148410260677,18.4604,1.0,16.67308,1.0,11.7894,-0.6294,21.3782,336.0
8.52464040182531,16.849,8.55795540288091,16.1041,1.0,16.67391,1.0,9.841966,-0.546267,23.0296,336.0
8.54148410260677,16.4723,8.57634750381112,17.0345,1.0,16.67296,1.0,9.275033,0.280366,22.2853,336.0
8.55795540288091,15.0355,8.59142410382628,16.4652,1.0,16.66531,1.0,4.3505,-0.805101,22.8469,336.0
8.57634750381112,18.3022,8.60809920355678,15.3236,1.0,16.67293,1.0,8.447367,-1.184468,24.2766,336.0
8.59142410382628,16.7428,8.62229990400374,16.9508,1.0,16.67325,1.0,10.34943,1.097065,21.2993,336.0
8.62229990400374,18.0675,8.63944810442626,15.3849,1.0,16.67967,1.0,8.533601,-0.005402,21.5075,336.0
8.63944810442626,15.5842,8.65639760531485,18.4598,0.0,16.67465,1.0,9.953168,-0.728269,18.8256,336.0
8.65639760531485,17.9897,8.67258950509131,14.0189,0.0,16.68065,1.0,10.19794,0.236064,21.7007,336.0
8.67258950509131,20.4474,8.68925520591438,19.0482,0.0,16.69777,0.0,8.375002,-0.684103,17.7302,336.0
8.68925520591438,13.3934,8.70719720609486,17.2354,0.0,16.68282,1.0,9.623969,-1.13507,16.3309,336.0
8.70719720609486,15.871,8.72578480653465,18.008,0.0,16.67917,1.0,10.08744,-0.337537,20.1714,336.0
8.70719720609486,16.385,8.74017670657486,13.3493,0.0,16.67785,1.0,10.9591,-0.853804,22.3107,336.0
8.74017670657486,21.7021,8.75631140638143,18.2144,1.0,16.70028,0.0,9.90677,-1.578271,19.2746,336.0
8.75631140638143,11.132,8.77325060684234,14.4766,0.0,16.67553,1.0,10.68274,-0.186338,15.7868,336.0
8.77325060684234,21.5015,8.7901946073398,19.7462,0.0,16.69688,0.0,11.8287,0.478095,19.1322,336.0
8.7901946073398,14.0448,8.8086833069101,15.6225,0.0,16.6852,1.0,4.999271,0.020928,17.3771,336.0
8.7901946073398,12.6239,8.82323830667883,17.1143,0.0,16.66739,1.0,13.06504,-0.705839,18.9539,336.0
8.82323830667883,20.7111,8.83928010705858,13.7001,1.0,16.68505,1.0,8.386205,1.040394,23.4458,336.0
8.95658250991255,132.1857,8.97530661057681,136.3036,0.0,17.18722,0.0,8.304472,-0.519073,16.4332,336.0
8.95658250991255,1.7534,8.97530661057681,6.5713,0.0,17.12041,7.0,7.604739,0.61686,25.3749,336.0
8.95658250991255,1.776,8.98995481058955,8.496,1.0,17.05427,6.0,10.03901,-0.323407,36.6058,336.0
8.95658250991255,1.4473,8.98995481058955,5.9577,2.0,16.98729,5.0,8.613773,-0.839274,50.9096,336.0
8.95658250991255,1.6341,9.0067785102874,10.0662,3.0,16.92167,4.0,9.12314,-0.281941,65.8168,336.0
8.95658250991255,1.3378,9.0067785102874,7.2087,4.0,16.85536,3.0,9.460907,0.074992,57.8869,336.0
8.95658250991255,1.32,9.02346440963447,9.3866,5.0,16.78953,2.0,8.948274,-1.213575,37.1207,336.0
8.95658250991255,0.4897,9.02346440963447,7.3296,6.0,16.72076,2.0,9.566541,0.200358,39.1021,336.0
8.95658250991255,4.1735,9.0415206104517,10.6952,7.0,16.66804,1.0,9.257108,-0.879109,35.4758,336.0
8.98995481058955,20.4667,9.0415206104517,6.0163,8.0,16.68393,2.0,9.965275,0.118724,39.2315,336.0
9.0067785102874,21.618,9.05829621106386,10.7999,6.0,16.70449,2.0,10.01144,-0.322543,33.3159,336.0
9.02346440963447,16.547,9.05829621106386,6.5988,4.0,16.70384,2.0,7.350209,-0.06621,39.6539,336.0
9.02346440963447,9.2629,9.07488081045449,11.243,3.0,16.67309,2.0,12.08618,-0.473077,38.3914,336.0
9.0415206104517,16.7945,9.08913791086525,13.1681,4.0,16.67359,2.0,8.560343,-0.297144,39.4131,336.0
9.05829621106386,16.5458,9.10850441176444,20.301,3.0,16.67306,2.0,10.43941,-0.273611,37.9589,336.0
9.08913791086525,21.4757,9.12512431200594,15.5592,2.0,16.69267,2.0,8.316177,0.076922,39.1347,336.0
9.08913791086525,11.7504,9.14174581225961,18.0879,1.0,16.67258,2.0,8.556144,-0.208045,37.619,336.0
9.10850441176444,17.0051,9.15893941279501,15.7428,2.0,16.67392,2.0,11.43721,1.786688,38.9796,336.0
9.12512431200594,16.7033,9.17520491313189,17.7249,2.0,16.67404,2.0,8.638778,-0.029079,38.0453,336.0
9.14174581225961,16.9717,9.19212081376463,15.5177,2.0,16.67524,2.0,8.671045,-0.021946,40.0698,336.0
9.15893941279501,16.306,9.20857031363994,17.4809,2.0,16.67376,2.0,10.26491,-0.642813,38.7766,336.0
9.17520491313189,17.0318,9.22518681455404,15.5167,2.0,16.67519,2.0,8.273879,-0.49198,38.2196,336.0
9.19212081376463,16.4774,9.24187871534377,17.8371,2.0,16.6744,1.0,8.275346,-0.002047,34.9627,336.0
9.20857031363994,16.6071,9.25861311610788,15.674,2.0,16.67414,1.0,11.31191,1.435786,33.9122,336.0
9.22518681455404,16.6837,9.27566211577505,18.7065,2.0,16.67417,2.0,9.58788,-0.240881,33.8699,336.0
9.24187871534377,16.7207,9.2926805159077,15.4278,2.0,16.67435,2.0,9.477047,-0.769948,33.4926,336.0
9.25861311610788,17.0166,9.30644611548632,16.4588,2.0,16.67569,2.0,11.15741,-0.731415,37.1845,336.0
9.27566211577505,17.0303,9.32303901482373,13.7769,2.0,16.67707,2.0,8.343981,1.398518,40.0948,336.0
9.30644611548632,17.9326,9.33988351467997,14.8599,2.0,16.68194,2.0,8.784648,0.261251,36.4134,336.0
9.32303901482373,19.3502,9.35652551520616,19.3078,1.0,16.69224,1.0,9.933315,0.372084,37.6969,336.0
9.33988351467997,17.0086,9.3759069154039,16.6319,1.0,16.69346,2.0,8.623182,-0.976983,39.0893,336.0
9.35652551520616,13.3518,9.39008671510965,17.0444,1.0,16.68065,2.0,8.602349,-0.76275,33.7938,336.0
9.35652551520616,13.1251,9.40898631419986,16.0357,1.0,16.66708,2.0,8.017716,0.044083,37.5196,336.0
9.39008671510965,21.22,9.4251631135121,17.5375,2.0,16.68439,1.0,10.42408,-0.726884,35.0676,336.0
9.39008671510965,12.6786,9.44005901366472,13.9619,1.0,16.66922,2.0,9.72095,0.169449,39.9679,336.0
9.40898631419986,17.9077,9.45830131322145,19.2984,2.0,16.67389,2.0,12.03322,-0.586118,34.6772,336.0
9.44005901366472,22.4171,9.47560161352158,17.1217,2.0,16.69549,2.0,8.629584,-0.969285,36.089,336.0
9.45830131322145,12.2223,9.49280251376331,15.9481,1.0,16.67873,2.0,9.146651,-0.403652,38.7814,336.0
9.45830131322145,15.736,9.5060239136219,13.284,1.0,16.67521,1.0,8.388018,-0.737119,38.414,336.0
9.47560161352158,15.1209,9.5249918140471,20.0212,2.0,16.66944,2.0,9.219585,0.178814,38.437,336.0
9.5060239136219,22.8516,9.54253461398184,17.56,2.0,16.69233,2.0,8.968452,-0.342053,33.9603,336.0
9.5249918140471,13.2425,9.55844171345234,14.6535,1.0,16.6796,2.0,7.836719,-0.20622,36.7224,336.0
9.5249918140471,15.7142,9.575668213889,18.4062,1.0,16.67605,2.0,12.13999,0.116013,36.7457,336.0
9.54253461398184,14.2968,9.59066831413656,13.9305,2.0,16.66734,2.0,8.368153,-1.041154,38.3882,336.0
9.55844171345234,18.6803,9.60752791445702,18.7021,2.0,16.67468,1.0,8.62652,-0.087121,33.5957,336.0
9.59066831413656,22.0773,9.62399311456829,17.6004,2.0,16.69433,2.0,7.662487,-0.645188,36.2241,336.0
9.60752791445702,12.4364,9.64009641390294,15.1989,1.0,16.6789,2.0,9.923154,-0.623155,33.3592,336.0
9.62399311456829,18.5166,9.65766881313175,18.5412,1.0,16.68554,2.0,9.061021,-0.956222,36.3036,336.0
9.64009641390294,14.4962,9.6738996123895,16.1367,1.0,16.67766,2.0,7.597588,-0.936389,38.9684,336.0
9.65766881313175,18.9143,9.69057401176542,14.1214,1.0,16.68568,1.0,11.01235,-0.220056,36.5963,336.0
9.6738996123895,16.6283,9.70725651178509,19.2559,1.0,16.68547,0.0,8.746122,-0.711123,35.6431,336.0
9.69057401176542,19.0789,9.72640021238476,16.2138,1.0,16.69399,2.0,7.934689,-0.87529,19.9952,336.0
9.70725651178509,13.8253,9.74039851222187,16.7696,1.0,16.68382,1.0,10.38256,0.152443,33.247,336.0
9.70725651178509,13.0865,9.75747591163963,15.7518,1.0,16.67111,2.0,8.417323,-0.229424,51.9223,336.0
9.74039851222187,19.9393,9.77434821147472,17.566,2.0,16.68262,1.0,9.09369,-0.571191,19.3917,336.0
9.75747591163963,14.9257,9.7905163122341,13.9733,1.0,16.67645,7.0,9.150857,-0.227858,39.9327,336.0
9.8911890136078,134.4848,9.90762021299452,118.8361,1.0,17.08837,7.0,8.237524,-0.177725,24.5714,336.0
9.8911890136078,1.8875,9.9243692131713,15.1377,0.0,17.0354,7.0,9.728591,-0.559092,33.5337,336.0
9.8911890136078,1.7339,9.94142821338028,20.4091,1.0,16.98227,7.0,8.201958,1.452041,50.8753,336.0
9.94142821338028,48.1255,9.95837611425668,15.596,2.0,17.09003,7.0,8.163625,-0.975126,63.0341,336.0
9.94142821338028,0.7575,9.97697001416236,21.2969,0.0,17.03372,6.0,11.21769,-0.349993,82.248304,336.0
9.95837611425668,30.5548,9.99309321399778,12.8841,1.0,17.08018,5.0,8.498959,-0.27646,94.3038,336.0
9.97697001416236,2.1537,9.99309321399778,4.4623,1.0,17.02906,4.0,7.870726,0.223573,111.8636,336.0
9.97697001416236,2.057,10.0099848145619,11.0194,1.0,16.97796,3.0,11.87449,-0.742194,120.574096,336.0
9.97697001416236,1.4077,10.0273292148486,18.7489,2.0,16.925,2.0,8.67986,-1.098461,121.846704,336.0
9.97697001416236,1.3185,10.0421100147069,13.4767,3.0,16.8721,1.0,10.04663,-0.492361,120.8336,336.0
9.97697001416236,1.249,10.0608108155429,20.4633,4.0,16.81932,0.0,8.285194,0.105539,122.4466,336.0
9.97697001416236,0.9597,10.0758150154725,13.015,5.0,16.76592,8.0,16.93256,-0.922627,21.852,336.0
9.97697001416236,0.9929,10.0926310149953,18.5524,6.0,16.71299,8.0,10.49466,0.881407,35.3544,336.0
9.97697001416236,5.9205,10.1090278150514,14.6307,7.0,16.6769,8.0,9.888761,-1.211173,52.1074,336.0
9.99309321399778,16.8786,10.1254706149921,18.1517,8.0,16.67757,8.0,8.555227,-0.476889,66.0065,336.0
10.0099848145619,17.4018,10.1433576149866,16.3895,7.0,16.67997,8.0,12.31789,0.692195,82.221696,336.0
10.0273292148486,14.6479,10.1597760142758,16.2597,7.0,16.67324,8.0,7.922773,-0.656917,96.2502,336.0
10.1761722145602,134.5566,10.1923698140308,33.9619,7.0,17.0623,8.0,9.765389,0.281006,112.6642,336.0
10.1761722145602,1.9413,10.2092469139025,15.4422,0.0,17.01256,8.0,12.2248,-1.107604,130.0784,336.0
10.1761722145602,1.7589,10.2262449143454,18.5119,1.0,16.96255,8.0,8.393017,-0.733831,140.169696,336.0
10.1761722145602,1.3401,10.2430525152013,15.2389,2.0,16.91149,8.0,9.459294,-0.203558,138.638304,336.0
10.1761722145602,1.3479,10.2592617152259,17.5629,3.0,16.8608,8.0,8.971204,-0.142404,140.3056,336.0
10.1761722145602,1.3682,10.2759918151423,15.3964,4.0,16.8105,8.0,9.739531,2.02025,137.972496,336.0
10.1761722145602,0.3828,10.2927614143118,16.7967,5.0,16.75733,8.0,12.08326,-0.435156,139.967808,336.0
10.1761722145602,1.0981,10.3097027139738,18.5124,6.0,16.70682,8.0,9.345504,-0.123762,140.500704,336.0
10.1761722145602,6.0209,10.325987114571,16.112,7.0,16.67246,8.0,12.03325,-0.050444,138.229904,336.0
10.1923698140308,17.4976,10.3430969147012,15.9665,8.0,16.6751,8.0,8.269456,-1.132226,137.478304,336.0
10.2092469139025,16.6573,10.36051211413,18.3246,8.0,16.67505,8.0,12.20436,0.284685,138.596704,336.0
10.2262449143454,16.4901,10.3758132141083,14.1566,8.0,16.67446,8.0,9.353044,0.499155,139.344704,336.0
10.2430525152013,16.8073,10.3930639140308,18.8028,8.0,16.67488,8.0,11.89543,-1.243549,138.283392,336.0
10.2592617152259,16.5776,10.4117106143385,17.1112,8.0,16.67457,8.0,10.43701,0.173347,139.769504,336.0
10.2759918151423,16.5972,10.4260851144791,14.3249,8.0,16.67433,8.0,10.11154,-0.189905,137.963696,336.0
10.3097027139738,18.8752,10.4427765142173,18.1232,8.0,16.68125,8.0,8.761849,-0.314357,140.8868,336.0
10.3097027139738,14.6178,10.4599307142198,15.7387,7.0,16.67478,8.0,13.00945,0.308647,139.005104,336.0
10.325987114571,17.1082,10.4760969150811,17.8544,8.0,16.67613,8.0,9.207305,0.021551,139.5436,336.0
10.3430969147012,16.6684,10.4933455158025,15.6062,8.0,16.67611,8.0,11.82976,0.662651,138.166496,336.0
10.36051211413,16.0596,10.5097263157368,17.5473,8.0,16.67419,7.0,9.576853,-0.123449,138.386208,336.0
10.3758132141083,17.1262,10.5263620149344,15.3176,8.0,16.67559,6.0,11.11115,-0.118976,139.597504,336.0
10.3930639140308,14.9913,10.5430214144289,17.915,8.0,16.6704,5.0,9.321949,-1.170403,142.425792,336.0
10.4117106143385,18.0733,10.5602287147194,16.1905,8.0,16.67471,4.0,11.25995,0.034171,141.0324,336.0
10.4260851144791,16.9175,10.5766382142901,17.4561,8.0,16.67546,3.0,9.473176,-0.547745,137.010208,336.0
10.4427765142173,16.9149,10.5931095145643,15.5412,8.0,16.67619,2.0,11.9557,-0.671948,137.5244,336.0
10.4599307142198,16.3892,10.6098561137915,16.6063,8.0,16.67532,1.0,11.37813,-0.352551,139.7456,336.0
10.4760969150811,16.9978,10.6266842130572,18.2107,8.0,16.67629,0.0,11.86244,-0.667895,136.9832,336.0
10.4933455158025,16.162,10.6450690124184,18.9872,8.0,16.67474,8.0,9.647248,-0.782657,16.0954,336.0
10.5097263157368,16.8637,10.6608786117285,15.4717,8.0,16.67531,8.0,12.42845,0.351984,30.6177,336.0
10.5263620149344,16.7627,10.6754171121866,12.74,8.0,16.67557,8.0,10.63169,-0.254075,46.6859,336.0
10.5430214144289,17.0977,10.6928232125938,17.6117,8.0,16.67684,8.0,12.67656,-0.35121,61.4702,336.0
10.5602287147194,16.5704,10.7097267117351,18.7896,8.0,16.67652,8.0,10.12782,-0.467645,76.5658,336.0
10.5766382142901,16.4229,10.7252721115947,13.6624,8.0,16.67576,8.0,11.21877,0.793248,93.1532,336.0
10.7252721115947,139.362,10.7430279124528,18.472,8.0,17.0409,8.0,9.64861,-0.683559,107.7486,336.0
10.7252721115947,2.3634,10.7605110127479,16.8866,0.0,16.99735,8.0,12.08125,-0.663366,124.3146,336.0
10.7252721115947,1.5989,10.7753566130996,17.6649,1.0,16.95179,8.0,10.39375,-0.481282,138.6332,336.0
10.7252721115947,1.268,10.7924909126014,16.0522,2.0,16.90553,8.0,8.930559,-0.022841,140.016192,336.0
10.7252721115947,0.3808,10.8100119121373,15.4763,3.0,16.85692,8.0,10.54947,-0.909894,135.386208,336.0
10.7252721115947,1.3411,10.8266015127301,17.9283,4.0,16.81142,8.0,12.53848,-1.625013,138.621104,336.0
10.7252721115947,1.1716,10.8436970133334,15.7667,5.0,16.76569,7.0,10.48784,-0.096668,137.309904,336.0
10.7252721115947,1.2293,10.8601924125105,17.7951,6.0,16.72039,8.0,11.91189,-0.975453,139.897904,336.0
10.7430279124528,1.4415,10.8773405123502,15.76,7.0,16.67598,8.0,10.93991,-0.638538,138.326592,336.0
10.7430279124528,17.1549,10.8944814130664,18.5381,7.0,16.67737,8.0,13.55207,-0.240381,139.3064,336.0
10.7753566130996,19.4934,10.9090487128124,14.8631,8.0,16.68551,8.0,9.589853,-0.086524,139.962592,336.0
10.7924909126014,14.7666,10.9272805126384,18.0014,7.0,16.67998,8.0,12.85594,-0.534631,138.081696,336.0
10.7924909126014,15.3773,10.9426251128316,14.0672,7.0,16.67623,8.0,10.08268,-0.419738,140.5284,336.0
10.8100119121373,16.682,10.9607653133571,19.2692,8.0,16.67625,8.0,12.13102,-1.424083,137.7768,336.0
10.8266015127301,17.0333,10.9753605136648,15.4611,8.0,16.67727,8.0,9.440031,-0.008728,133.2046,336.0
10.8436970133334,16.5116,10.9945245133713,17.4912,8.0,16.6768,8.0,12.05704,-0.421524,139.0868,336.0
10.8601924125105,17.117,11.0107261138037,17.7732,8.0,16.67805,8.0,9.760283,-0.02032,140.924608,336.0
10.8773405123502,15.9989,11.0266953138635,14.1182,8.0,16.67612,8.0,13.06963,-0.510058,137.3672,336.0
10.8944814130664,15.3252,11.0431003132835,17.7717,8.0,16.67231,8.0,9.497124,0.302404,139.024096,336.0
10.9090487128124,18.4977,11.0603274134919,15.7467,8.0,16.67745,8.0,12.19032,-0.440271,139.271104,336.0
10.9426251128316,22.5338,11.0766470143571,17.9602,8.0,16.6939,8.0,9.275858,-0.162546,139.617792,336.0
10.9426251128316,11.0787,11.0951481135562,16.9603,7.0,16.67817,8.0,12.2466,-0.49993,141.941696,336.0
10.9607653133571,14.6449,11.1100309137255,16.4826,8.0,16.67249,8.0,8.543971,-0.127514,138.337696,336.0
10.9753605136648,18.6409,11.1267735138535,15.085,8.0,16.67798,8.0,12.29545,-0.007957,141.073104,336.0
10.9945245133713,16.751,11.1431893147528,18.4057,8.0,16.67818,8.0,9.74483,-0.358,139.543504,336.0
11.0107261138037,15.8136,11.1610263139009,16.0618,8.0,16.67578,8.0,12.22641,-0.360964,142.100896,336.0
11.0431003132835,16.6352,11.1767840143293,16.9812,8.0,16.67567,8.0,9.343857,-1.065928,139.406096,336.0
11.0431003132835,15.357,11.193545114249,17.6802,7.0,16.67204,8.0,11.7246,-1.051403,141.393504,336.0
11.0603274134919,17.9584,11.2102456148714,14.355,8.0,16.67557,8.0,9.827964,-0.148278,140.044304,336.0
11.0766470143571,15.2229,11.2265082150698,17.9569,8.0,16.67159,8.0,11.85583,0.581822,140.042096,336.0
11.0951481135562,18.2567,11.2450688146055,16.7265,8.0,16.67592,8.0,9.962103,-0.913836,139.582304,336.0
11.1100309137255,14.8684,11.2602611146867,17.4262,8.0,16.671,7.0,12.34678,-0.166416,128.696896,336.0
11.1267735138535,18.1338,11.2778391148895,15.4562,8.0,16.67497,7.0,9.316678,-0.763996,121.7436,336.0
11.1431893147528,15.4501,11.2936899140477,17.4203,8.0,16.67165,7.0,9.926136,0.538216,124.139504,336.0
11.1610263139009,18.3022,11.310110013932,16.9526,8.0,16.67606,7.0,10.30422,-0.280372,121.1036,336.0
11.1767840143293,14.5976,11.3267732132226,14.5948,8.0,16.67046,7.0,11.8921,-1.157125,124.6114,336.0
11.193545114249,18.767,11.3434688132256,18.3102,8.0,16.67609,7.0,10.18988,-0.280378,122.240496,336.0
11.2102456148714,16.4193,11.3603294137865,15.3508,8.0,16.67541,6.0,11.20827,-0.163943,121.439504,336.0
11.2265082150698,16.9997,11.3603294137865,7.1791,8.0,16.67627,5.0,9.717425,0.799281,122.8328,336.0
11.2450688146055,16.7592,11.3773397132754,9.8242,8.0,16.67649,4.0,12.76158,0.422956,122.865104,336.0
11.2602611146867,14.7127,11.393411712721,17.123,8.0,16.67127,3.0,9.511843,0.090861,120.492096,336.0
11.2778391148895,18.4867,11.4101401120424,15.4167,8.0,16.67609,2.0,9.022419,-0.569434,123.575904,336.0
11.2936899140477,14.9482,11.4267504122108,18.4566,8.0,16.67152,1.0,9.389144,-0.695912,122.9958,336.0
11.310110013932,18.2705,11.4440237116069,15.8987,8.0,16.67574,0.0,8.845739,0.23491,121.1284,336.0
11.3434688132256,17.0275,11.459056111984,16.2262,8.0,16.67666,8.0,11.61743,-0.47628,20.9427,336.0
11.3434688132256,16.3581,11.4773487122729,17.7514,7.0,16.67582,8.0,9.740412,-0.16857,33.9163,336.0
11.3603294137865,17.0838,11.4937247121707,17.1157,8.0,16.67689,8.0,12.20499,0.03402,51.2149,336.0
11.3773397132754,16.2918,11.5093699125573,13.9187,7.0,16.67589,7.0,8.57328,-0.726649,61.9843,336.0
11.393411712721,16.6171,11.5272674122825,19.7015,7.0,16.67573,8.0,12.21577,-0.058618,81.266896,336.0
11.4101401120424,16.665,11.5450053131208,16.0835,7.0,16.67571,8.0,9.25698,-0.234612,95.235296,336.0
11.4267504122108,17.0388,11.5603429134935,15.1715,7.0,16.67665,8.0,8.856649,-0.043237,110.5944,336.0
11.5780658125877,134.4842,11.5938415117562,34.2984,7.0,16.98106,8.0,12.37972,0.032652,126.798,336.0
11.5780658125877,2.6908,11.6104037109762,15.6635,0.0,16.94423,8.0,9.260512,-0.573259,139.209408,336.0
11.5780658125877,2.2909,11.6281726118177,19.5893,1.0,16.90656,8.0,10.18144,-0.19171,139.763392,336.0
11.5780658125877,1.5851,11.6423152117059,12.3541,2.0,16.86727,8.0,9.086348,-0.804661,138.136704,336.0
11.5780658125877,1.8756,11.6615013116971,21.1582,3.0,16.82893,8.0,11.71586,-0.04575,132.821296,336.0
11.5780658125877,0.6147,11.6780079109594,14.5827,4.0,16.78757,8.0,9.71801,0.060695,138.636704,336.0
11.5780658125877,1.4267,11.6946207107976,16.7861,5.0,16.74848,8.0,11.86786,-0.215878,137.169296,336.0
11.5780658125877,1.1399,11.7105572102591,17.343,6.0,16.70887,7.0,10.01015,1.049132,139.483392,336.0
11.5780658125877,2.9427,11.7275946093723,15.3536,7.0,16.67402,7.0,9.030705,-0.546738,139.137904,336.0
11.5938415117562,17.4851,11.7440597089007,18.0394,8.0,16.67606,7.0,10.46958,-0.919676,137.843808,336.0
11.6104037109762,17.839,11.7599144084379,16.2122,8.0,16.67899,7.0,9.176268,-0.462114,139.808192,336.0
11.6423152117059,21.189,11.7774676075205,15.8734,8.0,16.69032,7.0,8.875538,0.446367,142.834496,336.0
11.6423152117059,12.0728,11.79395610746,17.8875,7.0,16.67875,7.0,9.672876,-0.118858,137.284496,336.0
11.6615013116971,16.4928,11.8106400081888,15.0257,8.0,16.67829,7.0,12.69221,-0.416334,139.277408,336.0
11.6780079109594,16.6276,11.8274192074314,18.9413,8.0,16.67816,7.0,9.792633,0.12229,138.998096,336.0
11.7105572102591,16.1491,11.8452560072765,15.8036,8.0,16.67685,7.0,9.114558,-0.149881,121.167904,336.0
11.7105572102591,16.6809,11.8607996068895,15.3885,7.0,16.67686,7.0,9.405934,-0.427352,123.5156,336.0
11.7275946093723,16.4956,11.8774213064462,18.4577,8.0,16.67641,7.0,12.17961,-0.071806,121.4846,336.0
11.7440597089007,14.7416,11.8953587058932,17.7685,8.0,16.67163,7.0,9.080981,-0.54216,121.006704,336.0
11.7599144084379,18.6635,11.909154205583,13.1146,8.0,16.67653,7.0,11.66815,-0.255044,121.104,336.0
11.7774676075205,16.4606,11.9273974047974,18.4517,8.0,16.676,7.0,9.656906,0.611587,122.2618,336.0
11.79395610746,16.8688,11.943541505374,16.5893,8.0,16.67648,7.0,11.40816,-0.054949,124.034496,336.0
11.8274192074314,33.1743,11.9591613058001,15.3436,8.0,16.71681,7.0,8.475744,-0.580885,119.2664,336.0
11.8452560072765,16.6902,11.9782503060997,19.0377,7.0,16.71675,7.0,10.38581,-0.889803,122.931696,336.0
11.8774213064462,18.7598,11.9941332060844,16.7292,7.0,16.72172,7.0,8.710249,-0.551721,122.7184,336.0
11.8774213064462,15.9294,12.0116916056722,15.4512,6.0,16.7198,7.0,11.81238,-0.506537,122.325,336.0
11.909154205583,16.782,12.0270765060559,16.8789,7.0,16.71995,7.0,10.3566,0.226147,124.115104,336.0
11.909154205583,15.2058,12.0449442053214,16.3636,6.0,16.71629,7.0,12.63532,-0.331631,123.562704,336.0
11.9273974047974,15.4908,12.0606734054163,17.2635,7.0,16.71334,7.0,10.08374,-0.408109,123.050304,336.0
11.9591613058001,21.5723,12.0790418060496,16.8038,7.0,16.72502,7.0,12.27945,-0.020854,125.633696,336.0
11.9591613058001,13.0257,12.093951806426,16.6903,6.0,16.71615,7.0,9.131531,-0.496299,122.201904,336.0
11.9782503060997,15.4221,12.1109173055738,15.2094,7.0,16.71305,7.0,12.11271,-0.527439,126.026,336.0
11.9941332060844,18.9199,12.1276955064386,18.5286,7.0,16.71832,7.0,9.518254,-0.152886,122.3576,336.0
12.0116916056722,15.5094,12.1466113068163,17.2967,7.0,16.71544,7.0,11.4519,-0.264005,123.681904,336.0
12.0270765060559,16.4705,12.1609883066267,15.9177,7.0,16.71486,7.0,9.872839,-0.392524,123.104304,336.0
12.0449442053214,16.9733,12.1790286060423,16.461,7.0,16.71547,7.0,9.289886,-0.71392,124.104704,336.0
12.0606734054163,14.9708,12.1950202062726,17.5542,7.0,16.71135,7.0,9.573605,0.277778,123.1698,336.0
12.0790418060496,18.2422,12.2115063071251,14.8101,7.0,16.71495,7.0,12.00052,0.764476,123.167104,336.0
12.093951806426,15.3979,12.2290162071586,19.2225,7.0,16.71186,7.0,10.46912,-0.054016,122.8778,336.0
12.1109173055738,18.387,12.2453268077224,14.718,7.0,16.71579,7.0,8.000622,-0.137345,124.2634,336.0
12.1276955064386,14.5814,12.2613473068923,15.9057,7.0,16.71079,7.0,9.613324,-0.031948,126.2784,336.0
12.1466113068163,18.8424,12.2782512065023,18.2644,7.0,16.71577,7.0,8.772216,0.014249,122.596704,336.0
12.1609883066267,14.5875,12.2950652074069,15.5881,7.0,16.71081,7.0,9.948845,0.122507,123.323696,336.0
12.1790286060423,18.453,12.3114464078099,17.5175,7.0,16.71486,7.0,9.238248,-0.044335,122.345104,336.0
12.1950202062726,15.2509,12.3279103077948,15.2482,7.0,16.71146,7.0,11.81275,-1.246513,123.979904,336.0
12.2115063071251,18.6224,12.3445558082312,18.3332,7.0,16.71589,7.0,9.180193,1.534609,122.942304,336.0
12.2290162071586,15.0971,12.3609691075981,16.4829,7.0,16.71215,7.0,11.33434,0.076838,124.203696,336.0
12.2453268077224,18.1686,12.3786424081773,20.1827,7.0,16.71551,7.0,8.891513,-0.105633,119.8848,336.0
12.2613473068923,16.7293,12.3941371077672,13.0479,7.0,16.71554,7.0,13.01949,-0.164622,124.884,336.0
12.2782512065023,16.9913,12.4123294083402,17.717,7.0,16.71617,7.0,8.766262,-0.126663,122.937696,336.0
12.2950652074069,16.6303,12.4293006090447,15.6515,7.0,16.71597,7.0,11.40923,-0.448772,122.8496,336.0
12.3114464078099,16.2039,12.4457601094618,17.8383,7.0,16.7148,7.0,9.368622,-0.231481,123.8326,336.0
12.3279103077948,16.7795,12.4627631092444,15.7419,7.0,16.71495,7.0,10.06196,0.23258,123.4612,336.0
12.3445558082312,16.3094,12.4791165096685,17.5712,7.0,16.71403,7.0,9.275072,-0.455107,122.580496,336.0
12.3786424081773,21.2441,12.495427810587,16.9242,7.0,16.7243,7.0,12.23148,-0.376995,123.882304,336.0
12.3786424081773,11.2768,12.5121695110574,16.2765,6.0,16.71198,7.0,9.49612,-0.614983,124.0192,336.0
12.3941371077672,18.8815,12.5304625118151,16.9339,7.0,16.71687,7.0,9.867207,-0.227623,124.2644,336.0
12.4123294083402,17.0679,12.5459194118157,16.9806,7.0,16.71766,7.0,9.619595,-0.496863,123.7506,336.0
12.4293006090447,16.4765,12.5644185123965,17.4586,7.0,16.71712,6.0,11.79558,-0.401166,125.497696,336.0
12.4457601094618,15.9548,12.5793561125174,15.5827,7.0,16.71541,5.0,9.324123,0.348131,126.8696,336.0
12.4627631092444,17.2725,12.5969988116995,16.3914,7.0,16.71666,4.0,11.72646,-0.404884,127.3272,336.0
12.4791165096685,14.8777,12.6121760113165,16.1804,7.0,16.71255,3.0,9.857266,-1.120199,125.9616,336.0
12.495427810587,18.1751,12.6314625116065,18.3163,7.0,16.71581,2.0,12.13927,-0.420207,128.892704,336.0
12.5121695110574,15.2313,12.6459390120581,15.4721,7.0,16.71251,1.0,8.736484,0.652185,125.255,336.0
12.5304625118151,18.524,12.6623349124566,18.0106,7.0,16.71653,0.0,11.9335,1.144047,127.2388,336.0
12.5459194118157,14.6535,12.6780657125637,16.3999,7.0,16.71197,8.0,10.26431,-0.372505,21.7048,336.0
12.5644185123965,18.7493,12.6961129130796,20.1224,7.0,16.71646,8.0,12.17472,-0.952985,36.9082,336.0
12.5793561125174,14.3669,12.7126528127119,14.8229,7.0,16.71129,8.0,8.165253,-0.079165,52.9022,336.0
12.5969988116995,18.4816,12.7296828133985,17.1142,7.0,16.71518,7.0,9.997005,-0.369619,65.3537,336.0
12.6121760113165,15.2798,12.7467150138691,18.2114,7.0,16.71203,8.0,7.748285,1.193127,92.095,336.0
12.6314625116065,18.1891,12.7622615136206,14.5501,7.0,16.71526,8.0,12.42877,-0.845273,100.0724,336.0
12.6459390120581,14.9148,12.7792813144624,16.8984,7.0,16.71133,8.0,9.345419,-0.713173,115.3724,336.0
12.7973112147301,140.3205,12.8123634150252,34.789,7.0,16.98063,7.0,12.09707,-0.57032,130.7668,336.0
12.7973112147301,1.2694,12.8293957142159,16.4716,0.0,16.94648,7.0,7.482973,-0.223539,138.009504,336.0
12.7973112147301,1.6346,12.8464234145358,17.6274,1.0,16.91326,7.0,12.72687,-0.702058,143.244304,336.0
12.7973112147301,1.1757,12.8619692148641,13.6271,2.0,16.8792,8.0,9.83382,-1.144483,141.926704,336.0
12.7973112147301,1.245,12.8812522152439,27.9854,3.0,16.84543,7.0,9.343739,-0.378621,130.0776,336.0
12.7973112147301,1.5613,12.8984127147123,9.5392,4.0,16.81249,8.0,11.62966,-0.660325,133.725,336.0
12.7973112147301,1.2909,12.9150653155521,16.5902,5.0,16.77911,8.0,9.951283,-0.452853,135.1888,336.0
12.7973112147301,0.5326,12.9315840164199,15.9263,6.0,16.74425,8.0,11.56092,0.179632,139.172096,336.0
12.8123634150252,9.4995,12.9486389169469,16.7431,7.0,16.72874,8.0,9.540225,0.088011,132.978704,336.0
12.8293957142159,12.7333,12.9656914165244,17.9654,7.0,16.7202,8.0,10.85675,-0.158835,117.236704,336.0
12.8464234145358,17.3671,12.9820503173396,16.0505,7.0,16.72158,8.0,8.425268,-1.107612,124.744096,336.0
12.8619692148641,26.4604,12.9982448173687,14.6114,7.0,16.7423,8.0,8.473989,-1.077189,142.445104,336.0
12.8812522152439,15.5383,13.0151272164658,19.1863,7.0,16.73974,8.0,9.538235,-0.126641,125.5866,336.0
12.8984127147123,14.848,13.0323015162721,16.3105,7.0,16.73573,8.0,8.809112,-0.251827,141.0144,336.0
12.9150653155521,11.7417,13.0483330162242,15.7249,7.0,16.72518,8.0,12.83619,0.024414,146.587904,336.0
12.9315840164199,25.9311,13.0670003155246,19.7362,7.0,16.7446,8.0,12.62874,-0.380141,143.816704,336.0
12.9656914165244,29.2649,13.0808862159029,13.5276,7.0,16.77096,7.0,8.181227,-0.500269,141.417504,336.0
12.9656914165244,8.0156,13.0979337161407,15.5177,6.0,16.75256,8.0,9.027286,-0.182209,141.912192,336.0
12.9820503173396,1.3793,13.1154477158561,19.0797,7.0,16.72033,8.0,9.877941,-0.514282,147.389904,336.0
12.9982448173687,32.7995,13.1330081159249,15.9401,7.0,16.75397,7.0,8.531369,-1.399958,143.558592,336.0
13.0151272164658,2.283,13.1490046167746,17.711,7.0,16.72376,8.0,10.84111,-0.319193,148.601696,336.0
13.0151272164658,9.6746,13.1660421164706,15.2549,7.0,16.70908,8.0,8.693882,-0.844013,137.722304,336.0
13.0323015162721,19.8996,13.1815606160089,17.1205,8.0,16.71571,8.0,9.848658,-0.39198,146.987008,336.0
13.0670003155246,20.279,13.2006048159674,17.8799,8.0,16.7231,7.0,10.14079,-0.470647,140.053104,336.0
13.0808862159029,14.6498,13.2161384159699,15.1436,7.0,16.71881,8.0,9.846913,-0.164166,129.501296,336.0
13.0808862159029,12.8291,13.2336773155257,18.3061,7.0,16.71077,8.0,9.70958,-0.71102,146.686896,336.0
13.0979337161407,20.865,13.24971641507,17.0343,8.0,16.71934,8.0,12.21335,0.649748,145.1392,336.0
13.1154477158561,12.1574,13.2667443146929,17.1986,8.0,16.70995,8.0,9.141666,-0.860581,121.750304,336.0
13.1490046167746,24.3684,13.2822637148201,13.5592,8.0,16.72568,8.0,9.57732,-0.627691,136.650304,336.0
13.1490046167746,8.909,13.2993086148053,18.1034,7.0,16.70966,8.0,9.258352,-1.088551,146.8448,336.0
13.1815606160089,23.2972,13.3168219141662,16.3623,8.0,16.72313,8.0,9.898581,-0.528339,136.632496,336.0
13.2006048159674,26.1205,13.3323364146054,15.5761,7.0,16.74231,8.0,9.468191,0.101597,130.6988,336.0
13.2006048159674,1.3584,13.3493869137019,18.5352,7.0,16.71098,8.0,10.91785,-1.286925,144.524608,336.0
13.2161384159699,17.8653,13.3665314130485,16.3178,8.0,16.71332,8.0,9.884639,-0.159947,143.738896,336.0
13.2667443146929,40.6023,13.38292751275,17.212,8.0,16.76178,8.0,10.0017,-0.580841,143.107392,336.0
13.2667443146929,1.2237,13.3989905118942,16.1235,6.0,16.73033,8.0,8.843625,0.35656,145.3068,336.0
13.2667443146929,6.7837,13.4160032123327,16.9783,7.0,16.71023,8.0,13.14355,-0.015439,143.727008,336.0
13.2993086148053,26.1336,13.4335469119251,15.9213,8.0,16.72923,7.0,9.773141,-0.322876,148.0348,336.0
13.3168219141662,24.1234,13.450578212738,18.1896,7.0,16.74411,8.0,9.01634,-0.560513,144.738,336.0
13.3168219141662,1.2409,13.4665965121239,15.0655,7.0,16.71298,8.0,9.385039,-0.018888,145.3396,336.0
13.3323364146054,18.9454,13.4832658115774,18.1606,8.0,16.71745,8.0,8.317276,-0.781063,147.3056,336.0
13.3493869137019,17.6626,13.5001951120794,17.0312,8.0,16.71934,8.0,12.21111,0.238807,148.277904,336.0
13.3665314130485,14.1448,13.518178511411,16.3432,8.0,16.7142,8.0,9.459588,0.87295,148.88,336.0
13.3989905118942,19.7646,13.5347445122898,18.1855,8.0,16.72028,8.0,11.65636,0.055497,139.498096,336.0
13.3989905118942,11.9274,13.5518258120865,16.2344,7.0,16.71075,8.0,9.238993,-0.272991,138.867104,336.0
13.4160032123327,20.4949,13.5668807122856,17.1973,8.0,16.71826,8.0,10.29665,-0.196123,121.550704,336.0
13.4335469119251,14.2582,13.5834366120398,14.8596,8.0,16.71339,8.0,9.283503,-0.425303,138.396,336.0
13.450578212738,15.4174,13.6003758125007,17.3832,8.0,16.71083,8.0,10.78649,-0.352313,140.5944,336.0
13.4665965121239,16.6067,13.6175445131958,17.5783,8.0,16.71062,8.0,9.438023,0.901824,140.856304,336.0
13.4832658115774,15.8183,13.6349526140839,16.42,8.0,16.70886,8.0,10.6744,-0.105688,147.2208,336.0
13.5001951120794,23.4369,13.6501713143662,14.0548,8.0,16.72208,8.0,8.884813,0.143387,144.349408,336.0
13.518178511411,15.7708,13.6671866150573,15.1393,8.0,16.72022,8.0,9.454376,-1.226862,148.9592,336.0
13.5668807122856,34.4352,13.6851799143478,17.118,8.0,16.75488,8.0,9.087788,-0.847636,144.988896,336.0
13.5668807122856,2.5705,13.7007076144218,19.4155,6.0,16.72718,8.0,9.271713,-0.459585,145.372192,336.0
13.5834366120398,14.1575,13.71731441468,16.3632,7.0,16.72217,8.0,10.64836,-0.967938,144.958496,336.0
13.6003758125007,17.3629,13.7347926143557,17.6075,7.0,16.72342,8.0,10.37694,-0.976291,144.170304,336.0
13.6003758125007,9.1848,13.7507863137871,15.5498,7.0,16.70878,8.0,11.66679,0.142686,145.556608,336.0
13.6175445131958,17.0039,13.7669025138021,14.1311,8.0,16.70935,8.0,9.887838,1.32692,144.769696,336.0
13.6349526140839,15.7768,13.7849336136132,20.3863,8.0,16.70755,8.0,12.55789,-0.100427,145.186,336.0
13.6501713143662,17.3181,13.8004000140354,13.347,8.0,16.70873,7.0,10.18661,-0.689874,132.9716,336.0
13.6671866150573,16.7022,13.8179353149608,17.0843,8.0,16.70871,7.0,9.63108,-0.466403,128.3096,336.0
13.6851799143478,16.8641,13.8347123144194,16.4505,8.0,16.70901,7.0,8.302727,-0.123732,129.205904,336.0
13.7007076144218,15.6934,13.8503032140434,14.903,8.0,16.70706,7.0,11.63507,-0.177232,128.460704,336.0
13.71731441468,16.4657,13.8672919142991,17.8515,8.0,16.7066,7.0,10.0935,-0.432819,128.4888,336.0
13.7347926143557,17.2779,13.8847798146307,16.4903,8.0,16.70769,7.0,12.29803,-1.086664,129.630304,336.0
13.7507863137871,16.388,13.9003413142636,16.8041,8.0,16.70708,7.0,9.230032,0.027091,127.094896,336.0
13.7669025138021,16.5906,13.9169452143833,15.4047,8.0,16.70686,7.0,10.28152,-0.515154,129.5732,336.0
13.7849336136132,17.0031,13.9169452143833,5.9731,8.0,16.70742,7.0,9.848864,-1.197699,126.323504,336.0
13.8004000140354,16.51,13.9349369136617,11.8501,8.0,16.70705,7.0,12.83951,0.047756,130.3192,336.0
13.8179353149608,16.8134,13.9506529131904,17.7066,8.0,16.70725,7.0,16.34245,-0.344189,127.279,336.0
13.8347123144194,15.9064,13.9677327135578,15.1612,8.0,16.70574,7.0,16.9134,-0.191534,130.618,336.0
13.8503032140434,17.0158,13.9847919130698,17.0435,8.0,16.70632,7.0,17.64524,-0.606279,125.7292,336.0
13.8672919142991,16.765,14.0013069128618,17.9063,8.0,16.70643,7.0,16.36949,1.412676,124.388,336.0
13.8847798146307,17.6054,14.0178263122216,15.0689,8.0,16.70812,7.0,16.74443,-0.556961,130.071104,336.0
13.9003413142636,16.4495,14.0349822128192,18.9273,8.0,16.70764,7.0,16.52368,-0.476692,128.231296,336.0
13.9169452143833,17.5437,14.0510466126725,14.2939,8.0,16.7092,7.0,16.93762,-0.434582,130.1662,336.0
13.9349369136617,15.9681,14.0692350128666,19.963,7.0,16.70782,7.0,3.424261,-0.569418,128.467904,336.0
13.9506529131904,16.7766,14.0847350126132,13.7358,7.0,16.70795,7.0,5.654592,-0.080706,120.9594,336.0
13.9677327135578,16.9084,14.1037872126326,20.2472,7.0,16.70832,7.0,5.084582,-0.046694,130.8148,336.0
13.9847919130698,17.7907,14.1179437125102,12.9016,7.0,16.71033,7.0,5.063418,-1.492358,126.077904,336.0
14.0013069128618,19.2005,14.1340415133163,17.8583,7.0,16.71495,7.0,5.034206,1.200578,131.839904,336.0
14.0178263122216,12.5964,14.1520485142246,18.2794,7.0,16.70732,7.0,4.307894,-0.217298,128.821696,336.0
14.0349822128192,16.2947,14.168214914389,14.454,7.0,16.70656,7.0,9.743858,-0.611621,128.7988,336.0
14.0510466126725,17.6198,14.1862211143598,19.5547,7.0,16.70825,7.0,13.24732,1.608738,128.922096,336.0
14.0692350128666,15.9829,14.2023776145652,14.2837,7.0,16.70691,7.0,9.622698,-0.539298,127.8376,336.0
14.0847350126132,25.2719,14.2181218145415,17.7636,7.0,16.72266,7.0,10.73322,-0.286458,131.354,336.0
14.1037872126326,7.9586,14.2359590148553,17.8135,7.0,16.70658,7.0,9.320862,-0.095444,128.076096,336.0
14.1179437125102,17.7354,14.2511058151722,12.9983,7.0,16.70846,7.0,10.2576,0.066355,131.511696,336.0
14.1340415133163,14.2453,14.2689686156809,20.0074,7.0,16.70396,7.0,9.199058,-0.75658,128.1922,336.0
14.1520485142246,18.6162,14.2864813152701,15.597,7.0,16.70745,7.0,10.36444,0.010947,131.0378,336.0
14.168214914389,16.3426,14.3027810156345,16.3192,7.0,16.70678,7.0,9.556045,0.275292,127.9806,336.0
14.1862211143598,17.0244,14.3180559156463,17.1484,7.0,16.70736,7.0,10.72018,0.4832,130.194496,336.0
14.2023776145652,16.5092,14.335272516124,15.4236,7.0,16.707,7.0,9.553353,-1.012672,128.724896,336.0
14.2181218145415,14.8725,14.3519571153447,18.3888,7.0,16.70367,7.0,10.55901,-1.04631,130.9902,336.0
14.2359590148553,18.6117,14.3689614152536,15.3329,7.0,16.70713,7.0,8.5246,-0.973648,127.564304,336.0
14.2511058151722,16.2576,14.3870492158458,19.6929,7.0,16.70631,7.0,9.778172,-0.963488,129.818304,336.0
14.2689686156809,17.0132,14.4024216160178,13.6931,7.0,16.70687,7.0,9.99461,1.778758,127.729696,336.0
14.2864813152701,16.6652,14.4203515164554,19.5106,7.0,16.70679,6.0,10.88615,-0.790325,117.7602,336.0
14.3027810156345,17.0465,14.4360973164439,13.9901,7.0,16.7074,6.0,12.71679,0.15308,112.268704,336.0
14.3180559156463,16.2681,14.4522957168519,18.4811,7.0,16.70662,6.0,10.09474,0.065859,112.6264,336.0
14.335272516124,16.5982,14.4696697164327,15.1277,7.0,16.70642,6.0,10.13043,-0.845336,110.552496,336.0
14.3519571153447,16.8118,14.4858777169138,19.0765,7.0,16.70661,6.0,9.76892,-0.059031,112.6104,336.0
14.3689614152536,17.323,14.5025124177337,13.8966,7.0,16.70771,6.0,10.41004,-0.418863,111.272896,336.0
14.3870492158458,16.8525,14.519897017628,19.1062,7.0,16.70797,6.0,9.542736,0.169923,110.030304,336.0
14.4024216160178,16.673,14.5361745171249,14.5845,7.0,16.7079,6.0,12.25433,-1.623913,110.0596,336.0
14.4203515164554,16.2686,14.5531766172498,16.8265,7.0,16.70712,6.0,9.636063,0.769551,111.185104,336.0
14.4360973164439,16.7567,14.5531766172498,6.2281,7.0,16.70721,6.0,9.189877,-0.150452,114.420096,336.0
14.4522957168519,16.1791,14.5696606170386,10.6872,7.0,16.70628,6.0,9.916713,-0.442706,112.536496,336.0
14.4696697164327,17.2591,14.5860085170716,17.6164,7.0,16.70725,6.0,13.29755,1.406755,113.801,336.0
14.4858777169138,16.7541,14.6021879166365,14.6802,7.0,16.70734,6.0,9.959752,-0.32173,114.981104,336.0
14.5025124177337,16.6171,14.6193509157747,18.6749,7.0,16.70718,6.0,9.076306,-0.118915,111.226096,336.0
14.519897017628,16.081,14.6358754150569,14.7427,7.0,16.70608,6.0,11.09665,-0.353319,112.756704,336.0
14.5361745171249,17.4818,14.6520226150751,16.2389,7.0,16.70744,6.0,9.36233,-0.936657,110.7062,336.0
14.5531766172498,19.9901,14.6698905155063,20.0185,7.0,16.71318,6.0,12.10371,-0.02312,113.246704,336.0
14.5696606170386,12.953,14.6861668154597,14.0787,6.0,16.70662,6.0,10.08202,-0.478999,114.089504,336.0
14.5860085170716,16.7135,14.7039269153029,19.9481,6.0,16.70663,6.0,9.166357,-0.505874,113.660704,336.0
14.6021879166365,16.7999,14.7208902146667,14.9163,6.0,16.70679,6.0,10.64882,-0.482549,112.869104,336.0
14.6193509157747,16.0801,14.7363877147436,17.3436,6.0,16.7057,6.0,8.791599,0.536632,112.4326,336.0
14.6358754150569,17.4215,14.755015315488,18.6016,6.0,16.70694,6.0,9.341974,-0.729676,115.938704,336.0
14.6520226150751,16.435,14.7696246150881,12.6793,6.0,16.70647,6.0,11.88615,-0.267792,111.349296,336.0
14.6698905155063,16.3613,14.7860503159463,17.8916,6.0,16.70588,6.0,9.334868,-0.121843,115.2658,336.0
14.6861668154597,17.6605,14.8032744154334,15.6101,6.0,16.70752,6.0,9.799376,-0.635494,110.9508,336.0
14.7039269153029,16.0349,14.8199776150286,18.5747,6.0,16.70636,6.0,9.708292,-0.436045,113.031296,336.0
14.7208902146667,16.6327,14.8373074159026,17.4751,6.0,16.70624,6.0,10.64074,-0.632696,112.207696,336.0
14.7363877147436,14.6936,14.8531118165702,14.265,6.0,16.70278,6.0,9.745494,-1.198147,113.9684,336.0
14.755015315488,19.7065,14.8703766167164,18.914,6.0,16.70793,6.0,12.44954,-0.116298,111.9756,336.0
14.7696246150881,15.2024,14.8872815165669,14.766,6.0,16.70535,6.0,16.72,0.994151,112.8958,336.0
14.7860503159463,16.5979,14.9054299164563,20.1037,6.0,16.70517,6.0,16.95615,-0.0468,113.193504,336.0
14.8032744154334,17.6514,14.9204128161073,13.062,6.0,16.70678,6.0,17.5046,-0.225951,112.491696,336.0
14.8199776150286,14.3829,14.9369610156864,18.2991,6.0,16.70283,6.0,16.40865,-0.514224,114.582896,336.0
14.8373074159026,18.7573,14.9529325161129,14.4419,6.0,16.70632,6.0,15.3042,-0.426097,111.940304,336.0
14.8531118165702,16.3631,14.9698247164488,18.4433,6.0,16.70574,6.0,16.19955,-0.474513,115.353904,336.0
14.8703766167164,16.9191,14.9875472169369,16.095,6.0,16.7061,6.0,10.66882,0.305571,112.8156,336.0
14.8872815165669,15.9635,15.0036498177797,17.7238,6.0,16.70484,6.0,12.5031,-0.285749,114.1954,336.0
14.9054299164563,18.4133,15.0201575178653,16.4204,6.0,16.70772,6.0,9.132013,-0.176144,111.8974,336.0
14.9204128161073,14.9488,15.0376948174089,15.8685,6.0,16.70476,6.0,10.57693,0.193489,115.108304,336.0
14.9369610156864,17.0195,15.0530025176704,17.3174,6.0,16.70529,6.0,6.044549,-0.558684,112.0886,336.0
14.9529325161129,16.5188,15.0705701168627,15.8162,6.0,16.70498,6.0,5.375144,1.436071,114.520896,336.0
14.9698247164488,16.8306,15.087954217568,18.9214,6.0,16.70519,6.0,11.03901,-0.256774,113.489104,336.0
14.9875472169369,17.0331,15.1039723176509,14.3899,6.0,16.70574,6.0,8.967084,-0.099419,114.085296,336.0
15.0036498177797,15.4028,15.1211920175701,18.8164,6.0,16.70356,6.0,12.17053,-0.372364,114.7146,336.0
15.0201575178653,17.9459,15.138339817524,15.4069,6.0,16.70563,6.0,8.372174,-0.647209,112.115904,336.0
15.0376948174089,15.9949,15.1539831180125,17.3747,6.0,16.70445,6.0,12.03222,0.571446,112.675,336.0
15.0530025176704,16.937,15.1703519187868,14.6389,6.0,16.70484,6.0,10.15376,0.331401,111.6408,336.0
15.0705701168627,16.2687,15.1880685184151,19.4791,6.0,16.70411,6.0,12.19921,-0.858144,116.054,336.0
15.087954217568,17.6186,15.2043786179274,14.5989,6.0,16.70563,6.0,10.72095,-0.403689,112.500704,336.0
15.1039723176509,16.5713,15.2216374184936,19.0222,6.0,16.70541,6.0,11.0061,-1.128148,115.4864,336.0
15.1211920175701,16.9214,15.2376662176102,15.8703,6.0,16.70576,6.0,11.42014,0.142649,112.2816,336.0
15.138339817524,15.9797,15.2539622168988,16.5749,6.0,16.70457,6.0,16.23079,0.294603,113.321296,336.0
15.1539831180125,17.3153,15.2715585175902,17.9445,6.0,16.70557,6.0,10.80965,-0.198054,111.765696,336.0
15.1703519187868,16.551,15.2877761181444,13.9521,6.0,16.70532,6.0,12.04845,-0.215033,114.4434,336.0
15.1880685184151,17.2599,15.3039646185935,17.8195,6.0,16.70623,6.0,10.2083,-0.100204,112.2988,336.0
15.2043786179274,16.6921,15.3212240189314,15.6572,6.0,16.7062,6.0,11.64625,-1.110931,112.4888,336.0
15.2216374184936,14.5487,15.3383952192962,18.9612,6.0,16.70268,6.0,10.75823,-0.182179,114.3756,336.0
15.2376662176102,18.5417,15.3551995195448,14.988,6.0,16.70568,6.0,12.0416,-0.666259,112.218896,336.0
15.2539622168988,14.9485,15.3714458197355,17.9353,6.0,16.70282,6.0,11.91783,0.933107,114.257904,336.0
15.2715585175902,18.675,15.3886493202299,15.4685,6.0,16.70602,6.0,10.08208,-1.201803,111.2698,336.0
15.2877761181444,17.6819,15.4055095203221,18.7224,6.0,16.70761,6.0,10.64436,0.165402,112.574704,336.0
15.3039646185935,15.5048,15.4212642200291,13.9486,6.0,16.70566,6.0,11.35819,0.357707,112.228704,336.0
15.3212240189314,16.4755,15.4387026205659,19.1526,6.0,16.70528,6.0,9.711003,-0.151789,114.1338,336.0
15.3383952192962,17.1914,15.4551704209298,15.0464,6.0,16.70607,6.0,12.2322,-0.163502,112.011696,336.0
15.3551995195448,16.0882,15.4715414214879,16.2783,6.0,16.70507,6.0,10.10269,0.29944,114.3412,336.0
15.3714458197355,16.6495,15.4881617221981,18.536,6.0,16.70498,6.0,9.664889,-1.19465,111.167904,336.0
15.3886493202299,17.1771,15.5051808226854,15.0196,6.0,16.70574,6.0,12.0179,0.321035,113.9024,336.0
15.4055095203221,17.1692,15.522535122931,19.2081,6.0,16.70649,6.0,10.56506,0.07224,113.897104,336.0
15.4212642200291,16.584,15.5380959231406,13.5955,6.0,16.70629,6.0,11.50475,0.044903,114.963504,336.0
15.4387026205659,16.8821,15.5543577224016,18.1871,6.0,16.70657,6.0,10.32267,-0.061505,114.8944,336.0
15.4551704209298,15.9991,15.572013322264,15.6527,6.0,16.70544,6.0,11.43586,0.461224,114.042896,336.0
15.4715414214879,16.7597,15.5886729229242,18.6648,6.0,16.70553,6.0,10.5589,0.310385,113.6416,336.0
15.4881617221981,16.821,15.605272423476,14.6978,6.0,16.70571,6.0,11.9227,-0.703435,112.043696,336.0
15.5051808226854,16.8911,15.6224094238132,19.2214,6.0,16.70601,6.0,10.68098,0.099702,116.1288,336.0
15.522535122931,16.8299,15.6382244229317,13.6558,6.0,16.7062,6.0,11.16442,-1.099961,112.0342,336.0
15.5380959231406,16.1096,15.6549944225699,18.8433,6.0,16.70526,6.0,10.38923,0.356676,114.857904,336.0
15.5543577224016,16.6273,15.6730908229947,16.6217,6.0,16.70514,5.0,11.5261,1.096813,102.8526,336.0
15.572013322264,16.8075,15.6893602237105,17.8734,6.0,16.7053,5.0,11.58926,-1.05155,96.081904,336.0
15.5886729229242,16.705,15.7081143241376,16.6405,6.0,16.7053,5.0,10.06302,-0.314913,98.2286,336.0
15.605272423476,17.3945,15.722456923686,16.5378,6.0,16.70638,5.0,7.751087,-1.530276,96.103696,336.0
15.6224094238132,16.3478,15.7405075235292,15.9462,6.0,16.70582,5.0,8.95035,-1.316339,96.807904,336.0
15.6382244229317,16.611,15.7554921237752,15.0129,6.0,16.70567,5.0,12.88791,-0.891002,99.038304,336.0
15.6549944225699,14.796,15.7727254228666,18.881,6.0,16.70268,5.0,11.95378,0.696618,92.5506,336.0
15.6730908229947,18.4603,15.7889855233952,14.3653,6.0,16.70543,5.0,9.847439,-1.21575,99.332704,336.0
15.6893602237105,15.3559,15.8052124241367,18.1789,6.0,16.70332,5.0,12.8555,-0.761657,96.1078,336.0
15.7081143241376,18.2675,15.8217476243153,14.6907,6.0,16.70576,5.0,11.06278,-0.524634,98.198,336.0
15.722456923686,15.0355,15.8217476243153,6.6061,6.0,16.70316,5.0,10.86945,-1.489568,97.5198,336.0
15.7405075235292,17.4545,15.839141224511,10.6833,6.0,16.70432,5.0,9.888257,-0.646018,96.669296,336.0
15.7554921237752,16.3025,15.855108124204,18.4491,6.0,16.7037,5.0,10.51913,-0.838288,97.439,336.0
15.7727254228666,17.5951,15.8728813240305,15.4705,6.0,16.70508,5.0,11.72577,-0.353386,97.007,336.0
15.7889855233952,15.4587,15.8890245249495,16.1627,6.0,16.70315,5.0,10.46982,1.244765,97.206896,336.0
15.8052124241367,17.0233,15.9065284254029,19.2524,6.0,16.70365,5.0,11.38299,-0.88536,98.737696,336.0
15.8217476243153,21.042,15.9228339260444,14.5548,6.0,16.71034,5.0,10.26139,0.620531,95.8222,336.0
15.839141224511,11.9168,15.9397960258648,18.6985,5.0,16.70296,5.0,11.18384,-0.66642,98.371904,336.0
15.855108124204,17.6574,15.9560709251091,14.4317,5.0,16.70443,5.0,9.32046,-0.384171,95.756496,336.0
15.8728813240305,15.9028,15.9722291259095,17.9928,5.0,16.70319,5.0,11.12737,-1.303543,98.788304,336.0
15.8890245249495,16.5305,15.9898708267137,15.8523,5.0,16.70293,5.0,9.80842,0.792264,98.2276,336.0
15.9065284254029,18.415,16.0055731264874,17.5634,5.0,16.70555,5.0,12.42157,0.641088,98.0708,336.0
15.9228339260444,15.7654,16.0239705266431,16.5364,5.0,16.70411,5.0,9.822043,-0.630891,97.5866,336.0
15.9397960258648,17.5978,16.0393505264074,17.1644,5.0,16.70548,5.0,11.03794,-1.304575,95.915904,336.0
15.9560709251091,15.6701,16.0566089265049,15.8697,5.0,16.7039,5.0,10.22531,-0.742047,98.9082,336.0
15.9722291259095,16.4814,16.0734525267035,18.0123,5.0,16.70356,5.0,9.131291,-0.101986,98.465104,336.0
15.9898708267137,17.0845,16.0892956275493,14.1686,5.0,16.70414,5.0,11.69608,1.803641,95.7406,336.0
16.0055731264874,16.6394,16.1066548284143,19.1881,5.0,16.70404,5.0,10.59595,-0.903652,99.09,336.0
16.0239705266431,17.217,16.1230822280049,14.6017,5.0,16.70482,5.0,11.52579,-0.063276,98.514704,336.0
16.0393505264074,16.14,16.1402746271342,19.1713,5.0,16.70396,5.0,10.23806,-0.253575,96.274896,336.0
16.0566089265049,16.6497,16.1562256272882,16.0889,5.0,16.70388,5.0,9.950852,-0.756749,98.1454,336.0
16.0734525267035,17.4854,16.1755333282053,17.3283,5.0,16.70506,5.0,10.14408,-0.813603,96.417504,336.0
16.0892956275493,16.3868,16.1897854283452,15.9034,5.0,16.70458,5.0,11.73577,0.095736,96.7026,336.0
16.1066548284143,16.8098,16.2066665291786,15.1381,5.0,16.70474,5.0,9.999349,0.122977,97.4548,336.0
16.1230822280049,16.3527,16.2240987289697,19.3442,5.0,16.70421,5.0,10.6129,-0.301018,95.9144,336.0
16.1402746271342,15.8612,16.2397584281862,15.4178,5.0,16.70295,5.0,10.30696,1.565376,99.750496,336.0
16.1562256272882,18.2245,16.2565713282675,15.4994,5.0,16.70522,5.0,9.295123,-0.996897,95.8898,336.0
16.1755333282053,16.9324,16.2752968277782,20.2818,5.0,16.70556,5.0,11.62362,-0.499191,100.158096,336.0
16.1897854283452,15.6597,16.290249527432,15.0838,5.0,16.704,5.0,10.33592,-0.493963,98.434896,336.0
16.2066665291786,17.2242,16.3073547268286,14.9841,5.0,16.70478,5.0,10.2904,-0.04235,99.680496,336.0
16.2240987289697,15.8047,16.3230477264151,17.6748,5.0,16.70344,5.0,9.538791,-0.721966,96.879904,336.0
16.2397584281862,17.4407,16.3406735258177,15.7126,5.0,16.70453,5.0,10.75676,-1.273001,97.014096,336.0
16.2565713282675,16.1317,16.3571363249794,16.4161,5.0,16.70369,5.0,10.01085,0.106438,96.837696,336.0
16.2752968277782,17.4988,16.3735001245514,18.2513,5.0,16.70486,5.0,9.730966,0.475514,97.230896,336.0
16.290249527432,16.8698,16.3905999241397,15.3287,5.0,16.70511,5.0,11.817,-0.161578,96.8252,336.0
16.3073547268286,15.1316,16.4077785247937,18.9677,5.0,16.70278,5.0,10.17756,-0.839865,97.5404,336.0
16.3230477264151,17.6794,16.423338024877,13.8178,5.0,16.70422,5.0,4.298286,-1.953599,98.163696,336.0
16.3406735258177,15.8406,16.4415811253712,20.1094,5.0,16.70295,5.0,11.18058,0.441995,97.9856,336.0
16.3571363249794,16.3592,16.4577549258247,14.6357,5.0,16.70245,5.0,10.73147,-1.190252,97.4848,336.0
16.3735001245514,17.9294,16.4754600254819,19.1738,5.0,16.70425,5.0,11.9964,0.344501,97.515296,336.0
16.3905999241397,15.5927,16.4901722250506,12.7917,5.0,16.70262,5.0,10.20961,0.122454,97.5396,336.0
16.4077785247937,18.6921,16.5073087243363,18.826,5.0,16.70553,5.0,10.98815,-0.913193,97.462896,336.0
16.423338024877,14.7158,16.5236161248758,14.5389,5.0,16.70262,5.0,11.442,0.29746,97.480096,336.0
16.4415811253712,19.1094,16.5412562256679,19.5029,5.0,16.70613,5.0,10.35995,1.409613,98.321504,336.0
16.4577549258247,15.1278,16.5577602265403,14.7213,5.0,16.70383,5.0,9.926893,0.043566,96.781,336.0
16.4754600254819,18.7327,16.5752133270726,19.4473,5.0,16.70679,5.0,12.69104,-0.820981,98.3506,336.0
16.4901722250506,13.5187,16.5912530263886,14.1421,5.0,16.70215,5.0,9.661987,0.231672,97.4856,336.0
16.5073087243363,18.2616,16.6075207265094,18.0828,5.0,16.70442,5.0,10.25893,-1.142044,98.022496,336.0
16.5236161248758,15.6064,16.6242684265599,15.1054,5.0,16.70283,5.0,11.76138,0.126892,96.915,336.0
16.5412562256679,18.2681,16.6410753270611,18.2977,5.0,16.70509,5.0,15.22053,-1.469301,97.5208,336.0
16.5577602265403,15.1788,16.6577038271353,15.2033,5.0,16.70289,5.0,10.81644,-0.007694,98.993104,336.0
16.5752133270726,18.7648,16.6750298263505,18.6885,5.0,16.70586,5.0,11.83461,-0.593046,98.351296,336.0
16.5912530263886,14.9206,16.691710527055,14.9364,5.0,16.70329,5.0,8.919401,-0.759233,97.1922,336.0
16.6075207265094,17.6618,16.7082634279504,18.5029,5.0,16.70467,5.0,13.25149,-1.029394,97.485504,336.0
16.6242684265599,15.7958,16.724376228638,14.2552,5.0,16.70336,5.0,8.764646,0.453661,98.139296,336.0
16.6410753270611,17.5615,16.7417371282354,19.1316,5.0,16.70459,5.0,10.86493,0.242006,97.3984,336.0
16.6577038271353,15.5681,16.7582239275798,14.7026,5.0,16.70296,5.0,10.75689,-0.541,96.442496,336.0
16.6750298263505,18.4926,16.7753598270938,19.029,5.0,16.70552,5.0,10.08944,0.294071,96.433296,336.0
16.691710527055,15.1048,16.7912487266585,13.9966,5.0,16.70324,5.0,11.44019,0.137936,96.1362,336.0
16.7082634279504,18.2589,16.8080425271764,18.8649,5.0,16.70546,5.0,10.0749,-0.544468,97.6924,336.0
16.724376228638,14.7751,16.8262387262657,16.246,5.0,16.70271,5.0,10.53563,-1.046345,96.478,336.0
16.7417371282354,18.3702,16.8420774256811,17.7289,5.0,16.70508,5.0,11.34016,1.419278,97.7438,336.0
16.7582239275798,15.1836,16.8579637249932,14.0235,5.0,16.70292,5.0,10.12347,0.290564,97.373504,336.0
16.7753598270938,18.8668,16.8753798240796,19.16,5.0,16.70599,5.0,11.78234,0.105715,98.690704,336.0
16.7912487266585,15.0506,16.892887624912,15.7048,5.0,16.70364,5.0,9.514922,1.356495,98.0206,336.0
16.8080425271764,17.2351,16.9079962251708,16.4931,5.0,16.7044,5.0,10.42954,-1.558302,97.7292,336.0
16.8262387262657,16.8697,16.9253205256537,15.9143,5.0,16.70463,4.0,11.76169,-0.088349,98.9,336.0
16.8420774256811,17.6663,16.9413044257089,17.6569,5.0,16.70598,3.0,10.0195,-0.599939,96.977504,336.0
16.8579637249932,14.9943,16.9576985249296,14.6963,5.0,16.70357,2.0,8.971602,-1.725076,98.9638,336.0
16.8753798240796,17.9796,16.9754656245932,19.5433,5.0,16.70537,1.0,12.58005,0.692907,95.600704,336.0
16.892887624912,16.1241,16.9922118252143,14.9017,5.0,16.70455,0.0,10.84534,-0.168439,99.646496,336.0
16.9079962251708,16.1649,17.0080379256979,17.4295,5.0,16.70379,7.0,10.96578,0.649911,17.2957,336.0
16.9253205256537,16.2936,17.0254451250657,15.9245,5.0,16.70322,7.0,12.35079,-0.673706,29.6276,336.0
16.9413044257089,17.3998,17.0415552249178,18.7155,5.0,16.7042,7.0,10.02964,0.445255,46.0132,336.0
16.9576985249296,15.0453,17.0581076247618,14.3749,5.0,16.70188,7.0,10.01319,-0.538802,62.6382,336.0
16.9754656245932,19.1145,17.0753745241091,18.8233,5.0,16.70524,7.0,11.28411,-0.515871,76.143296,336.0
16.9922118252143,15.3589,17.0922378236428,16.5283,5.0,16.70337,7.0,11.12004,-0.663016,92.650096,336.0
17.0080379256979,16.8485,17.1086714239791,14.9268,5.0,16.70357,7.0,11.4749,-0.439171,104.343,336.0
17.0254451250657,16.3376,17.1251225238666,18.3231,5.0,16.70306,7.0,10.92477,-0.341227,121.147,336.0
17.0415552249178,18.4394,17.1421972243115,15.0755,5.0,16.70547,7.0,10.83042,0.155784,130.890096,336.0
17.0581076247618,14.4611,17.1590113239363,18.5064,5.0,16.70236,7.0,10.85897,-1.209106,133.045696,336.0
17.1931340238079,132.3424,17.2085138242692,49.9918,5.0,16.86231,7.0,12.36433,-0.876477,133.236896,336.0
17.1931340238079,2.2374,17.2253110241145,14.5674,0.0,16.84211,7.0,10.54812,0.084213,128.3554,336.0
17.1931340238079,0.6853,17.2422837242484,17.0706,1.0,16.81982,7.0,9.964706,-0.120848,132.441104,336.0
17.1931340238079,2.1508,17.259278524667,18.7769,2.0,16.79962,7.0,10.76228,0.738188,129.2988,336.0
17.1931340238079,1.6849,17.2761207241565,15.1888,3.0,16.77883,7.0,11.01419,0.3186,134.163104,336.0
17.1931340238079,1.9067,17.2923023235053,18.4135,4.0,16.7584,7.0,10.17585,-0.418149,131.869696,336.0
17.1931340238079,1.6649,17.3082186225802,13.3572,5.0,16.73769,7.0,12.07911,-0.227954,130.770704,336.0
17.2085138242692,3.2594,17.3261239230633,20.0633,6.0,16.71923,7.0,9.5709,-0.127991,133.359,336.0
17.2085138242692,4.528,17.3424515239894,14.2707,6.0,16.70255,7.0,11.56775,-0.50686,129.901296,336.0
17.2253110241145,16.4514,17.3591092247516,18.607,7.0,16.70221,7.0,12.37895,-0.652033,130.950096,336.0
17.2422837242484,17.1253,17.3765295241028,17.3167,7.0,16.70279,7.0,10.82739,-0.742737,129.835,336.0
17.259278524667,18.5212,17.3920769244432,13.6461,7.0,16.70526,7.0,11.95946,-1.104388,131.138496,336.0
17.2761207241565,15.6335,17.4100266247988,19.7123,7.0,16.7038,7.0,11.15613,-0.168418,130.1968,336.0
17.2923023235053,17.5391,17.4260977245867,14.3959,7.0,16.70494,7.0,12.62664,-1.41512,129.7076,336.0
17.3082186225802,14.0904,17.4434577245265,18.9547,7.0,16.70139,7.0,10.99849,0.158303,130.946704,336.0
17.3261239230633,19.4853,17.4602473247796,17.1917,7.0,16.70516,7.0,11.21632,-0.879071,130.472896,336.0
17.3424515239894,15.3069,17.4762881249189,14.2087,7.0,16.70327,7.0,7.77032,-0.618236,130.8822,336.0
17.3591092247516,16.2567,17.4934267252684,18.8437,7.0,16.70267,7.0,11.4394,0.396941,131.3206,336.0
17.3765295241028,19.2473,17.5091977249831,15.7884,7.0,16.7061,7.0,10.44317,0.069027,132.9822,336.0
17.3920769244432,13.6594,17.5259359255433,14.7083,7.0,16.702,7.0,11.51454,-0.372333,132.524,336.0
17.4100266247988,19.7506,17.542248826474,18.6345,7.0,16.7061,8.0,10.39006,-0.333388,133.368896,336.0
17.4260977245867,14.3389,17.560015225783,15.6429,7.0,16.70292,8.0,11.36617,-0.536701,133.0924,336.0
17.4434577245265,17.1055,17.576274426654,16.163,7.0,16.70346,7.0,10.51073,-0.953915,130.665696,336.0
17.4602473247796,19.1622,17.5932419262826,18.6724,7.0,16.70675,7.0,10.29769,-0.027845,130.5098,336.0
17.4762881249189,13.812,17.6100321263075,15.0509,7.0,16.70288,7.0,10.7395,-0.062211,131.3238,336.0
17.4934267252684,17.257,17.6268102265894,16.7831,7.0,16.70362,7.0,10.52281,-0.883775,132.049696,336.0
17.5091977249831,17.6402,17.6432074271142,18.0492,7.0,16.70487,7.0,10.25064,-0.570263,131.327904,336.0
17.5259359255433,14.505,17.6593880262226,14.9429,7.0,16.70194,7.0,9.494911,0.237058,130.673104,336.0
17.542248826474,16.483,17.6760088261217,18.145,7.0,16.70164,7.0,10.64377,-0.219973,122.737504,336.0
17.560015225783,18.1482,17.6936885267496,17.6888,7.0,16.70357,6.0,10.97056,-0.573236,114.9068,336.0
17.576274426654,16.0165,17.7110771276057,16.8621,7.0,16.70266,6.0,11.50154,-1.577168,116.2594,336.0
17.5932419262826,18.3962,17.7274026274681,18.1352,7.0,16.7049,6.0,9.903273,-0.2446,111.9254,336.0
17.6100321263075,15.4817,17.7434478271753,13.0384,7.0,16.70328,6.0,11.14444,-0.424632,116.5818,336.0
17.6268102265894,16.5205,17.7600799277425,16.3649,7.0,16.70304,6.0,9.831268,-0.102864,116.699104,336.0
17.6432074271142,17.8884,17.776986528188,18.7011,7.0,16.70461,6.0,10.1481,0.220204,113.3922,336.0
17.6593880262226,13.797,17.7932447288185,14.5234,7.0,16.70077,6.0,6.735532,-0.970028,114.342704,336.0
17.6760088261217,17.6675,17.8102970290929,16.9454,7.0,16.70204,6.0,8.624764,-0.64486,115.529504,336.0
17.6936885267496,19.8848,17.8274913299829,19.2289,7.0,16.70623,6.0,8.223696,-0.319592,113.4788,336.0
17.7110771276057,12.773,17.8430449301377,13.499,7.0,16.70106,6.0,6.710328,-0.988424,117.634896,336.0
17.7274026274681,16.4777,17.8430449301377,7.8328,7.0,16.70077,6.0,8.88706,-0.67936,114.3726,336.0
17.7434478271753,18.0072,17.8608185304329,10.159,7.0,16.70248,7.0,8.698492,-0.363859,115.5822,336.0
17.7600799277425,16.5536,17.8770793313161,17.9142,7.0,16.70229,6.0,15.66542,-1.550237,115.4662,336.0
17.776986528188,18.9334,17.893386031501,14.5895,7.0,16.7052,6.0,7.34776,0.329985,113.836096,336.0
17.7932447288185,14.0778,17.9103458309546,18.7409,7.0,16.70177,6.0,7.596459,-0.104235,114.476096,336.0
17.8102970290929,17.1106,17.9272281313315,17.2205,7.0,16.70231,6.0,6.703237,-0.302811,115.002896,336.0
17.8274913299829,19.0272,17.9449932305142,15.7202,7.0,16.70533,6.0,9.796415,0.016513,113.466704,336.0
17.8430449301377,15.5569,17.9615807300434,16.5111,7.0,16.70384,6.0,-1.445742,0.293015,115.330896,336.0
17.8608185304329,16.0367,17.9772197296843,17.2195,6.0,16.70297,6.0,7.198035,-0.944842,120.268896,336.0
17.8770793313161,16.3474,17.9932834291831,14.296,6.0,16.70251,6.0,7.331811,-0.624676,113.525296,336.0
17.893386031501,16.2243,18.0117438295856,20.3797,6.0,16.70189,6.0,8.124387,-0.44401,113.4642,336.0
17.9103458309546,16.921,18.0272574294358,13.6595,6.0,16.70218,6.0,8.130785,-0.004372,115.1994,336.0
17.9272281313315,18.6678,18.0452390294522,19.8772,6.0,16.70472,5.0,6.945442,-0.677848,113.735,336.0
17.9449932305142,15.8303,18.0609605293721,15.7139,6.0,16.70359,4.0,7.612376,0.642943,115.576704,336.0
17.9615807300434,17.2163,18.0782699286938,15.5853,6.0,16.70425,3.0,9.72451,-1.561659,113.302304,336.0
17.9772197296843,16.6574,18.0939461290836,17.2972,6.0,16.70419,2.0,7.259972,-1.234668,115.387,336.0
17.9932834291831,14.7437,18.1108959298581,15.2703,6.0,16.70167,1.0,7.658648,-0.433641,113.503296,336.0
18.0117438295856,19.6924,18.1274724304676,18.1562,6.0,16.70551,0.0,8.637057,0.381921,116.4546,336.0
18.0272574294358,14.3462,18.1451772302389,16.2107,6.0,16.70248,8.0,5.639659,-0.29733,19.0138,336.0
18.0452390294522,13.3051,18.1615362297744,18.2428,6.0,16.69813,8.0,8.831368,0.003293,36.8722,336.0
18.0609605293721,21.9988,18.1771090300754,15.2539,6.0,16.70491,7.0,10.02034,-1.193066,46.6559,336.0
18.0782699286938,15.3842,18.1941656293347,15.3231,6.0,16.70322,7.0,7.666579,1.116103,64.6446,336.0
18.0939461290836,17.6867,18.2119395295158,19.4214,6.0,16.70448,7.0,8.43353,-0.071428,77.634,336.0
18.1108959298581,15.2141,18.227368529886,13.7496,6.0,16.70258,7.0,7.450707,0.741595,94.153296,336.0
18.1274724304676,17.8935,18.2450154293329,19.7347,6.0,16.7041,7.0,8.908766,0.068472,110.336496,336.0
18.1451772302389,16.1527,18.2607210297137,13.879,6.0,16.7034,7.0,8.511897,0.391749,123.8996,336.0
18.1615362297744,16.3644,18.2776059303433,18.4485,6.0,16.70296,8.0,7.358028,-0.829277,137.550208,336.0
18.1771090300754,17.5814,18.2950936295092,15.6975,6.0,16.70408,7.0,8.924305,-0.510109,133.606496,336.0
18.1941656293347,15.0775,18.3114243298769,18.0279,6.0,16.70202,7.0,7.333728,0.30266,133.4506,336.0
18.3281854297966,129.3958,18.3443222306669,31.9562,6.0,16.84449,7.0,7.013051,-0.907571,131.014704,336.0
18.3281854297966,2.0859,18.3622153308243,19.9422,0.0,16.82586,7.0,6.546177,-0.581648,131.3204,336.0
18.3281854297966,2.2839,18.377140331082,12.0702,1.0,16.80752,7.0,9.691209,-0.281199,134.494496,336.0
18.3281854297966,1.8819,18.3950980314985,19.8672,2.0,16.78872,7.0,8.32344,-0.477641,129.3038,336.0
18.3281854297966,1.5358,18.4114067321643,14.5247,3.0,16.76953,8.0,8.687971,-1.142044,133.8336,336.0
18.3281854297966,1.6081,18.4280288321897,18.127,4.0,16.75049,7.0,9.827148,-0.833323,135.313792,336.0
18.3281854297966,1.1786,18.445058031939,17.3614,5.0,16.73095,7.0,8.010999,-0.014774,132.475296,336.0
18.3281854297966,1.1563,18.4615843323991,14.7192,6.0,16.71143,8.0,8.412741,0.296267,133.2022,336.0
18.3443222306669,6.0624,18.4783863322809,19.7131,7.0,16.6981,7.0,7.915244,-0.38342,129.1744,336.0
18.3622153308243,17.9498,18.4951965315267,14.0064,7.0,16.69967,8.0,8.513723,-0.568146,134.5956,336.0
18.377140331082,17.9911,18.5130811324343,17.8349,7.0,16.70128,7.0,8.246774,-0.238767,128.8378,336.0
18.3950980314985,19.5669,18.528470932506,17.1305,7.0,16.70485,8.0,9.044933,0.079869,134.1588,336.0
18.4114067321643,14.7471,18.5453499322757,15.0526,7.0,16.70242,8.0,7.57132,0.879587,136.904,336.0
18.4280288321897,16.2417,18.5627981321886,19.4159,7.0,16.70184,8.0,9.218046,1.20467,132.8748,336.0
18.445058031939,18.9657,18.5786263318732,13.7744,7.0,16.70465,7.0,7.767167,-0.475747,130.9886,336.0
18.4615843323991,14.7102,18.5957510313019,19.2406,7.0,16.70218,7.0,7.446631,-0.600728,132.459104,336.0
18.4783863322809,13.9049,18.6112554315478,15.403,7.0,16.69871,8.0,7.811513,-0.385999,134.941104,336.0
18.4951965315267,19.9506,18.6300956308842,17.093,7.0,16.70274,7.0,6.36053,-0.565817,134.339504,336.0
18.5130811324343,17.7711,18.6462477315217,18.4973,7.0,16.70406,7.0,6.847947,0.739203,131.5142,336.0
18.528470932506,16.9571,18.6614455310628,12.9354,7.0,16.70437,8.0,6.382028,-0.751449,136.509504,336.0
18.5453499322757,15.2764,18.6788985310122,20.6915,7.0,16.70261,7.0,8.252099,-0.440897,134.771104,336.0
18.5627981321886,19.0244,18.6956395311281,13.2665,7.0,16.70547,8.0,7.601417,0.872376,138.086,336.0
18.5786263318732,14.0816,18.7128670318052,19.4012,7.0,16.70224,7.0,6.724497,-0.321238,130.335104,336.0
18.5957510313019,13.2226,18.7298549311236,15.9676,7.0,16.69797,8.0,7.022849,-0.489551,134.415296,336.0
18.6112554315478,20.9302,18.7462800303474,16.9004,7.0,16.70316,7.0,9.674797,0.309785,133.8218,336.0
18.6300956308842,17.8362,18.7621552301571,15.9503,7.0,16.70455,7.0,11.24822,-0.368316,132.051,336.0
18.6462477315217,12.7862,18.7782740304247,14.2607,7.0,16.69975,7.0,10.84104,-0.95921,125.316096,336.0
18.6614455310628,18.3397,18.7963091311976,20.817,7.0,16.70176,6.0,8.133351,0.290907,114.323504,336.0
18.6788985310122,14.2829,18.8127349307761,13.681,7.0,16.6988,6.0,8.460215,-0.909355,116.954704,336.0
18.6956395311281,20.1194,18.8300702301785,17.2936,7.0,16.70298,7.0,7.573016,-0.17408,116.732096,336.0
18.7128670318052,13.4267,18.845521430485,18.4212,7.0,16.69898,6.0,8.72791,0.03157,118.0404,336.0
18.7298549311236,16.2605,18.8625843310729,14.527,7.0,16.69845,7.0,11.30409,-1.136182,115.688896,336.0
18.7462800303474,16.1123,18.8797458307818,19.4256,7.0,16.69774,7.0,7.630055,-0.82942,117.599,336.0
18.7621552301571,21.8294,18.8963573304936,14.0748,7.0,16.70397,6.0,10.99198,-0.015143,119.941504,336.0
18.7782740304247,14.1706,18.9123733313754,18.2501,7.0,16.7009,7.0,10.61453,-1.161576,115.2122,336.0
18.7963091311976,15.7707,18.9299215311185,15.1831,7.0,16.69977,7.0,10.87488,-1.309599,118.0164,336.0
18.8127349307761,19.0726,18.9453718308359,17.2964,7.0,16.70264,6.0,12.67512,0.024463,117.321504,336.0
18.8300702301785,17.5301,18.9649812299758,19.7145,7.0,16.70364,7.0,11.53054,-1.00364,117.5296,336.0
18.845521430485,14.8178,18.9649812299758,5.9009,7.0,16.70136,6.0,11.75058,-0.617858,117.745,336.0
18.8625843310729,17.9807,18.9797174297273,6.9839,7.0,16.70291,7.0,11.6531,-0.302405,119.3194,336.0
18.8797458307818,13.8526,18.9962929300964,16.4843,7.0,16.69947,7.0,6.984537,-0.483225,115.129504,336.0
18.8963573304936,19.7659,19.0133003294468,19.5416,7.0,16.70316,6.0,11.84614,-0.655957,119.698,336.0
18.9123733313754,12.4927,19.0296304300427,13.8011,7.0,16.69811,6.0,10.84516,-0.196009,117.2148,336.0
18.9299215311185,21.2211,19.0465470291674,18.8698,7.0,16.70353,6.0,12.3897,-0.869034,113.6548,336.0
18.9453718308359,16.363,19.0638237297535,18.2722,7.0,16.70312,7.0,12.05653,0.616704,119.666496,336.0
18.9453718308359,10.8598,19.0796695295721,13.2031,7.0,16.69613,6.0,10.85976,-0.596743,114.0886,336.0
18.9797174297273,22.2454,19.096127929166,17.5147,8.0,16.70276,6.0,12.51451,0.215646,118.537696,336.0
18.9962929300964,16.6847,19.1140285283327,19.4894,6.0,16.70274,7.0,10.28943,-0.85731,120.698704,336.0
19.0133003294468,13.7875,19.1299679279327,13.0979,6.0,16.69927,6.0,12.7021,-1.418685,112.3402,336.0
19.0296304300427,19.6093,19.1474763285369,19.8104,6.0,16.70273,6.0,9.450543,-0.168444,115.772,336.0
19.0465470291674,12.3844,19.1625314289704,12.6,6.0,16.6976,6.0,12.42645,-0.7061,114.239504,336.0
19.0638237297535,18.8341,19.180563329719,20.4145,6.0,16.70013,7.0,8.89981,0.592755,119.4696,336.0
19.0796695295721,18.6172,19.1962547292933,14.4206,6.0,16.70241,6.0,12.71348,0.051974,115.6364,336.0
19.096127929166,12.7708,19.2145710298792,17.3393,6.0,16.69775,6.0,11.54944,-0.930084,115.983696,336.0
19.1140285283327,19.2453,19.2295084297657,16.7657,6.0,16.70076,6.0,9.9783,0.129417,116.4196,336.0
19.1299679279327,18.537,19.2463041301817,14.9736,6.0,16.70293,6.0,12.24224,-1.336158,115.959904,336.0
19.1474763285369,14.3304,19.2635774295777,20.3451,6.0,16.70013,6.0,9.393026,-0.203184,113.1164,336.0
19.1625314289704,18.2895,19.2793775293976,12.7067,6.0,16.70201,7.0,11.81828,0.600702,118.807104,336.0
19.180563329719,14.3469,19.2963204290718,18.8007,6.0,16.69923,6.0,10.75778,0.209335,118.285504,336.0
19.1962547292933,15.5364,19.3130199294537,17.6917,6.0,16.69786,7.0,9.650658,-1.229157,116.348304,336.0
19.2145710298792,21.928,19.3294614292681,13.5704,6.0,16.70401,7.0,13.36258,-0.704159,116.7712,336.0
19.2295084297657,16.3174,19.3474142290652,19.7478,6.0,16.70356,6.0,10.0586,-0.740474,113.516,336.0
19.2463041301817,15.5674,19.3632761295885,14.0343,6.0,16.70222,7.0,11.17117,-0.458295,115.2664,336.0
19.2635774295777,14.3393,19.3807427287102,19.5699,6.0,16.69946,7.0,11.55956,0.915196,116.3796,336.0
19.2793775293976,19.0627,19.3964875284582,15.2287,6.0,16.70222,6.0,11.11726,-0.406912,116.583,336.0
19.2963204290718,16.297,19.4148215278983,16.6443,6.0,16.70175,7.0,12.40207,0.816422,116.893504,336.0
19.3130199294537,17.1603,19.4304982274771,17.6077,6.0,16.70228,7.0,10.71859,-0.123381,118.4248,336.0
19.3294614292681,16.1148,19.4478205274791,15.643,6.0,16.7016,6.0,12.0949,-0.694506,117.075504,336.0
19.3474142290652,19.3478,19.4642653279006,16.5042,6.0,16.70468,7.0,9.108512,0.020882,119.0506,336.0
19.3632761295885,14.6615,19.4818292278796,20.3509,6.0,16.7023,7.0,12.12438,-0.521197,118.399296,336.0
19.3807427287102,13.0726,19.4973347280174,12.5604,6.0,16.69809,7.0,9.304581,-0.593951,117.802496,336.0
19.3964875284582,21.7428,19.5151656288654,19.7971,6.0,16.70394,7.0,12.03631,0.112112,116.736896,336.0
19.4148215278983,16.2595,19.5311186295003,16.6811,6.0,16.70343,6.0,10.26462,-0.410166,117.1344,336.0
19.4304982274771,17.1992,19.5476929303259,13.9431,6.0,16.704,7.0,11.8461,-0.016446,120.5024,336.0
19.4478205274791,16.3065,19.5640060305595,18.0564,6.0,16.70354,7.0,9.471951,-0.325584,115.7502,336.0
19.4642653279006,16.4501,19.5807488299906,17.5633,6.0,16.70325,7.0,12.28269,-0.629261,119.9616,336.0
19.4818292278796,14.3001,19.5978047307581,14.5077,6.0,16.70048,6.0,9.885766,-1.131276,119.2784,336.0
19.4973347280174,18.7168,19.6139182299376,19.0219,6.0,16.7028,7.0,12.01255,-0.683403,122.0838,336.0
19.5151656288654,13.355,19.6308773290366,14.8862,6.0,16.69895,7.0,5.655084,-0.882892,122.703504,336.0
19.5311186295003,17.1678,19.6476202290505,15.8226,6.0,16.69949,6.0,11.68436,-1.419193,115.7802,336.0
19.5476929303259,19.4008,19.6652626283467,21.3723,6.0,16.70259,7.0,10.78068,-0.249934,121.528096,336.0
19.5640060305595,15.1687,19.6834244281054,14.5171,6.0,16.70083,7.0,12.8099,-0.789305,121.128704,336.0
19.5807488299906,16.2468,19.6971946284175,15.648,6.0,16.70031,7.0,10.83909,0.34272,120.980096,336.0
19.5978047307581,18.7683,19.7142264284194,17.703,6.0,16.70267,7.0,12.80519,0.592699,117.7952,336.0
19.6139182299376,13.2632,19.7306257281452,13.6601,6.0,16.69874,6.0,13.27373,-0.590964,118.9122,336.0
19.6308773290366,16.1652,19.7475815284997,19.5378,6.0,16.69813,7.0,9.958805,1.2625,117.5568,336.0
19.6476202290505,20.6422,19.7644961290061,15.8859,6.0,16.70263,7.0,12.59068,-0.785884,115.1846,336.0
19.6652626283467,12.7879,19.7803641296923,16.9977,6.0,16.69817,7.0,9.345601,-1.075012,121.6212,336.0
19.6652626283467,15.7569,19.7981168292463,15.0811,7.0,16.6971,7.0,11.13906,-0.546566,122.3956,336.0
19.6971946284175,16.6751,19.8175841290504,19.4727,7.0,16.69708,7.0,10.497,-0.547837,120.6184,336.0
19.7142264284194,17.944,19.8332152292132,18.5676,6.0,16.69849,7.0,8.602484,0.10628,118.7734,336.0
19.7306257281452,19.7883,19.8486683294177,12.8604,6.0,16.702,7.0,12.63371,-0.80825,115.583504,336.0
19.7475815284997,13.5893,19.865126028657,19.3417,6.0,16.69847,7.0,11.44627,-0.249569,121.1996,336.0
19.7644961290061,16.2787,19.8824611287564,15.893,6.0,16.69799,6.0,12.54374,-0.056806,121.241696,336.0
19.7803641296923,17.0117,19.8994139283895,16.8439,6.0,16.69835,5.0,10.67422,1.389196,118.088896,336.0
19.7981168292463,20.6679,19.9153613280505,17.4825,6.0,16.70283,4.0,9.90335,-0.322147,118.674096,336.0
19.7981168292463,12.2526,19.9319413285702,13.3692,6.0,16.69781,3.0,12.33697,-0.482871,121.620304,336.0
19.8332152292132,19.6581,19.9476937279105,18.302,7.0,16.70115,2.0,10.13601,-1.215634,118.8724,336.0
19.8486683294177,18.4117,19.9662172272801,16.0413,6.0,16.70307,1.0,12.0801,-1.029226,121.0564,336.0
19.865126028657,12.5977,19.9827525280416,19.0324,6.0,16.69846,0.0,8.677047,-0.017905,118.712496,336.0
19.865126028657,14.0322,19.9982565278187,14.8068,6.0,16.69547,8.0,12.32717,-0.622995,19.5968,336.0
19.8994139283895,18.96,20.0154065275565,17.1823,7.0,16.698,8.0,10.73103,-0.814133,36.7218,336.0
19.9153613280505,18.3936,20.0310019273311,16.5526,6.0,16.6999,8.0,12.99473,0.016304,49.8857,336.0
19.9319413285702,19.867,20.0505210272968,16.6723,6.0,16.70345,8.0,11.2557,-1.38773,64.9036,336.0
19.9476937279105,12.1001,20.0653050271794,17.7209,6.0,16.6983,8.0,11.86919,-0.523581,80.941104,336.0
19.9476937279105,14.5917,20.0823513278738,14.6288,6.0,16.69595,8.0,10.84973,0.152282,95.1042,336.0
19.9827525280416,20.3004,20.0982261272147,17.1521,7.0,16.69997,7.0,11.1332,-0.525532,108.0758,336.0
19.9982565278187,13.9096,20.1144304266199,14.4888,6.0,16.69686,8.0,11.97203,-0.01916,126.954496,336.0
20.0154065275565,17.4437,20.1327038267627,20.3899,6.0,16.69769,8.0,11.35838,0.417834,141.5012,336.0
20.0310019273311,17.1929,20.1491608275101,14.4446,6.0,16.69824,8.0,12.24962,-0.646428,138.356192,336.0
20.0310019273311,13.6845,20.1651705270633,15.8686,6.0,16.6949,8.0,10.03123,-0.974794,139.921408,336.0
20.0653050271794,21.0833,20.1822796268389,18.7437,7.0,16.69976,8.0,12.34736,0.019435,138.174592,336.0
20.1988367261365,132.2631,20.2170784259215,33.1417,6.0,16.82774,8.0,10.23617,-0.364082,138.350704,336.0
20.1988367261365,0.7152,20.2333645252511,17.8394,0.0,16.80992,8.0,11.53773,0.186792,139.332304,336.0
20.1988367261365,2.275,20.2502498244867,15.4386,1.0,16.79386,8.0,10.86539,-0.485611,132.5352,336.0
20.1988367261365,2.0909,20.2672866238281,17.1083,2.0,16.77763,8.0,12.93507,-0.891489,137.573296,336.0
20.1988367261365,1.456,20.283509423025,17.4935,3.0,16.76073,8.0,10.15858,-1.428067,136.959296,336.0
20.1988367261365,1.6293,20.3003582237288,15.7921,4.0,16.74407,8.0,12.26891,-0.501883,139.520192,336.0
20.1988367261365,1.5582,20.3151790238917,14.5289,5.0,16.72736,8.0,9.951411,-1.020706,139.305104,336.0
20.1988367261365,1.6593,20.3323137238622,20.5377,6.0,16.71081,7.0,10.78509,-0.465313,136.011392,336.0
20.1988367261365,2.7679,20.350579123944,17.3143,7.0,16.6955,8.0,10.91437,-0.00317,138.593792,336.0
20.2333645252511,17.3779,20.3672181237489,14.2339,8.0,16.69625,8.0,9.676483,0.104745,136.904992,336.0
20.2333645252511,16.5635,20.3838717229664,18.1439,7.0,16.6961,8.0,12.43011,-0.351925,138.038,336.0
20.2502498244867,17.0369,20.4007713235915,15.2732,8.0,16.69648,8.0,11.31731,0.131801,138.939104,336.0
20.2672866238281,16.3567,20.4154323237017,16.533,8.0,16.6961,8.0,12.36747,0.234217,139.561792,336.0
20.283509423025,16.7499,20.4333752235398,17.7318,8.0,16.69616,8.0,10.10816,-0.661326,138.342304,336.0
20.3151790238917,22.3149,20.4504814231768,15.5169,8.0,16.70229,8.0,11.83092,0.063287,141.161408,336.0
20.3323137238622,13.433,20.4655005233362,18.4705,7.0,16.69873,8.0,10.5986,-0.162404,133.197504,336.0
20.350579123944,15.8192,20.4840970234945,15.2077,7.0,16.69777,8.0,11.83878,-0.504376,140.082,336.0
20.350579123944,15.1961,20.500422523357,17.7544,7.0,16.69614,8.0,9.820026,-0.602918,139.702208,336.0
20.3672181237489,16.842,20.5168079240248,16.6265,8.0,16.6963,8.0,12.58041,-0.285347,140.244608,336.0
20.3838717229664,16.6608,20.5320099238306,13.3704,8.0,16.69626,8.0,10.1325,0.360641,139.539808,336.0
20.4154323237017,17.3036,20.5486184246838,19.8818,8.0,16.69692,8.0,11.79328,-0.770166,139.723504,336.0
20.4333752235398,17.428,20.565569024533,15.7385,7.0,16.69771,8.0,12.22192,-1.22507,137.686704,336.0
20.4333752235398,15.1785,20.583759624511,16.3116,7.0,16.69607,8.0,10.38985,-0.269028,140.241904,336.0
20.4655005233362,17.3751,20.6005170252174,18.276,8.0,16.6968,8.0,12.07816,-0.321163,137.671296,336.0
20.4655005233362,16.026,20.6187891252339,16.6481,7.0,16.69608,8.0,9.575566,-0.46416,137.562496,336.0
20.4840970234945,16.5288,20.6322906250134,15.3093,8.0,16.6959,7.0,12.69077,-0.023356,127.1012,336.0
20.500422523357,15.1902,20.6507065249607,18.0092,8.0,16.69428,7.0,11.20623,-0.920838,124.285296,336.0
20.5320099238306,23.6865,20.6677966257557,15.7395,8.0,16.70179,7.0,12.26176,-0.873756,122.194,336.0
20.5486184246838,11.3074,20.6824579257518,18.1749,7.0,16.696,7.0,10.29626,-0.925725,121.949504,336.0
20.5486184246838,15.0216,20.7008097264916,14.6409,7.0,16.6942,7.0,12.31006,0.084199,122.021696,336.0
20.565569024533,18.1214,20.7174072265625,18.6639,8.0,16.69573,7.0,9.792038,0.425273,120.978096,336.0
20.583759624511,16.8079,20.733422325924,16.1024,8.0,16.69585,7.0,12.84656,-0.242645,121.8618,336.0
20.6005170252174,15.0591,20.7505109254271,15.2442,8.0,16.6941,7.0,10.70722,-0.635403,123.2226,336.0
20.6322906250134,18.6376,20.7673888262361,16.5991,8.0,16.69618,7.0,10.7881,-0.607859,122.1714,336.0
20.6507065249607,16.623,20.7851660270244,19.1797,7.0,16.6961,7.0,9.613127,-0.079084,122.534096,336.0
20.6507065249607,16.9089,20.8010355271399,14.3363,7.0,16.69633,7.0,9.686645,-0.468285,120.133504,336.0
20.6824579257518,18.4841,20.8181429263204,18.3747,8.0,16.69823,7.0,9.848103,-1.007868,122.7098,336.0
20.6824579257518,14.4438,20.8337515266612,16.1886,7.0,16.69583,7.0,10.61416,-1.161021,121.4238,336.0
20.7008097264916,16.6702,20.8337515266612,4.4643,8.0,16.69581,7.0,12.29848,-0.418269,122.298096,336.0
20.7174072265625,15.1998,20.8509478261694,12.3832,8.0,16.69422,7.0,10.12249,-1.170612,123.206096,336.0
20.733422325924,17.7529,20.8677023267373,15.6703,8.0,16.69534,7.0,12.47237,-0.156069,121.8954,336.0
20.7505109254271,16.8308,20.8823224268854,16.577,8.0,16.69548,7.0,10.98892,-0.706695,124.819296,336.0
20.7673888262361,16.8145,20.9003598261625,16.8864,8.0,16.69561,7.0,6.390969,0.091411,121.3876,336.0
20.7851660270244,17.0202,20.9173665270209,15.9764,8.0,16.69595,7.0,12.42991,-0.318318,123.2074,336.0
20.8010355271399,16.951,20.933896927163,17.8342,8.0,16.69622,7.0,10.68047,-0.060169,122.549504,336.0
20.8181429263204,14.2192,20.9508700277656,15.5809,8.0,16.69361,7.0,11.91129,-0.469083,121.545,336.0
20.8337515266612,18.7941,20.9674474280328,17.7417,8.0,16.69582,7.0,12.45269,-1.064661,122.488496,336.0
20.8509478261694,16.7444,20.9837387278676,17.1065,7.0,16.69587,7.0,9.905218,-0.102361,121.0758,336.0
20.8823224268854,17.6219,21.0010406281799,15.2221,7.0,16.69685,6.0,12.05627,-1.111022,120.629296,336.0
20.8823224268854,15.0904,21.0174912288785,17.666,6.0,16.69516,5.0,10.06398,0.586138,124.290304,336.0
20.9003598261625,16.8661,21.034182028845,15.579,7.0,16.69534,4.0,12.34586,-0.758204,123.011,336.0
20.933896927163,16.6865,21.051653528586,17.5611,7.0,16.69533,3.0,11.04866,-0.179923,122.238304,336.0
20.933896927163,16.707,21.0678349286318,17.6141,7.0,16.69534,2.0,11.90242,0.001013,121.483696,336.0
20.9508700277656,16.6503,21.0846077278256,15.3394,7.0,16.6953,1.0,11.03796,-0.851669,124.936704,336.0
20.9674474280328,14.9249,21.1011108271778,17.8497,7.0,16.69345,0.0,11.2127,-0.24013,121.602096,336.0
20.9837387278676,18.5286,21.117668427527,15.0952,7.0,16.69536,5.0,10.75502,-0.464212,9.1024,336.0
21.0010406281799,16.3867,21.1349510271102,18.2064,7.0,16.69504,7.0,11.59119,-0.042552,18.5616,336.0
21.0174912288785,16.9664,21.1504801269621,16.3079,7.0,16.69532,7.0,10.28697,-0.761764,35.397,336.0
21.034182028845,17.4206,21.1683134268969,16.4159,7.0,16.69608,7.0,12.82713,1.778588,48.8724,336.0
21.051653528586,16.2617,21.1845610272139,17.2059,7.0,16.69563,7.0,10.33721,-0.662137,65.1897,336.0
21.0678349286318,16.7819,21.2009276263416,15.3672,7.0,16.69571,7.0,12.44675,-0.530602,79.202896,336.0
21.0846077278256,16.4978,21.2171760257334,16.0529,7.0,16.69551,7.0,9.971964,0.233694,96.1848,336.0
21.1011108271778,16.3393,21.2351238261908,19.9988,7.0,16.69514,7.0,10.58841,-0.750585,110.465296,336.0
21.117668427527,17.5307,21.2515900265425,16.2502,7.0,16.696,7.0,9.961437,-0.694825,123.7868,336.0
21.1349510271102,14.6344,21.2672172263265,13.8613,7.0,16.69387,7.0,10.7704,1.33644,122.620896,336.0
21.1504801269621,18.6376,21.2852278258651,17.8833,7.0,16.69588,7.0,12.33961,-0.438245,121.938096,336.0
21.1683134268969,16.3323,21.3029782250524,19.7875,7.0,16.69551,7.0,9.699385,0.017392,122.7856,336.0
21.1845610272139,16.175,21.3179098246619,12.8366,7.0,16.69497,7.0,10.99082,-0.982315,123.945,336.0
21.3179098246619,133.9907,21.334738525562,21.4916,7.0,16.81577,7.0,12.19246,-0.123598,123.1972,336.0
21.334738525562,2.1625,21.3509521251544,11.6202,0.0,16.80069,7.0,8.613145,-0.297622,124.843296,336.0
21.334738525562,2.0194,21.3684088243172,18.8545,0.0,16.7855,7.0,10.23611,-0.687774,121.802704,336.0
21.334738525562,1.7742,21.3849605238065,15.249,1.0,16.77009,6.0,11.96601,-0.25532,123.452096,336.0
21.334738525562,1.6024,21.4013703232631,17.9195,2.0,16.75453,5.0,10.9918,0.114432,122.008304,336.0
21.334738525562,1.3029,21.4182189228013,15.3155,3.0,16.7387,4.0,11.97102,-0.972486,123.364896,336.0
21.334738525562,1.4839,21.4351300233975,18.4657,4.0,16.72309,3.0,12.27547,0.551383,124.160496,336.0
21.334738525562,1.1617,21.4503171229735,15.4421,5.0,16.70718,2.0,10.71992,0.031861,122.1738,336.0
21.334738525562,3.1657,21.4684758232906,16.4869,6.0,16.69334,1.0,12.10337,1.043926,121.472704,336.0
21.3509521251544,18.8973,21.4848700230941,17.7359,7.0,16.69559,0.0,9.832486,-0.940809,123.587104,336.0
21.3684088243172,16.1882,21.501848523505,15.5001,7.0,16.69508,4.0,12.72042,-0.485397,8.2826,336.0
21.3849605238065,16.8301,21.5186344226822,17.6773,7.0,16.69521,7.0,9.315239,-0.883451,19.3779,336.0
21.4013703232631,16.6323,21.5373838217929,17.8215,7.0,16.69515,7.0,11.38507,0.015832,34.7904,336.0
21.4182189228013,17.0111,21.5529721220955,16.2379,7.0,16.69547,7.0,8.917809,-0.196294,48.4615,336.0
21.4351300233975,14.5294,21.5685843219981,16.1709,7.0,16.69327,7.0,12.84,0.548015,65.6537,336.0
21.4503171229735,18.7903,21.5854338211939,15.7486,7.0,16.6954,7.0,10.71455,-0.074271,79.093504,336.0
21.4684758232906,16.1837,21.6013631215319,17.8332,7.0,16.69488,7.0,12.88267,-0.531432,96.3226,336.0
21.4848700230941,17.3093,21.6184732215479,15.8665,7.0,16.6955,7.0,10.07679,-0.504421,112.073904,336.0
21.501848523505,16.71,21.6353892209008,18.0649,7.0,16.69552,7.0,12.06009,-0.362589,122.4984,336.0
21.5186344226822,14.7395,21.6526228217408,15.5355,7.0,16.69354,7.0,9.317571,-0.484451,125.2076,336.0
21.5373838217929,18.7049,21.6676372215152,16.7168,7.0,16.69557,7.0,11.88333,0.184056,122.3272,336.0
21.5529721220955,16.4964,21.6852336209267,15.7948,7.0,16.69537,7.0,10.50212,0.157391,121.620704,336.0
21.5685843219981,16.8206,21.7026094216853,18.9349,7.0,16.6955,7.0,12.09969,-0.043734,122.9874,336.0
21.7026094216853,133.7303,21.7191890217364,18.4251,7.0,16.81324,7.0,10.51365,-0.620372,121.6026,336.0
21.7191890217364,2.7263,21.7349153216928,13.8265,0.0,16.79908,7.0,12.01154,0.01897,124.3084,336.0
21.7191890217364,1.8746,21.7520551215857,17.2859,0.0,16.7841,7.0,10.03141,-0.195938,122.7846,336.0
21.7191890217364,1.6441,21.769096121192,15.3146,1.0,16.76891,7.0,11.80203,0.251382,121.1298,336.0
21.7191890217364,0.5716,21.7854860220104,17.7588,2.0,16.75268,7.0,9.991072,-0.587637,121.497296,336.0
21.7191890217364,1.5947,21.8020127229393,15.034,3.0,16.73751,7.0,12.44643,-0.502625,122.480304,336.0
21.7191890217364,1.1929,21.8193001225591,18.4218,4.0,16.72196,7.0,10.02054,1.054932,121.4156,336.0
21.7191890217364,1.117,21.8353003226221,16.8682,5.0,16.70637,7.0,12.01962,0.125737,123.3416,336.0
21.7191890217364,5.1937,21.8526530228555,15.6178,6.0,16.69488,7.0,9.698137,-0.687391,122.0446,336.0
21.7349153216928,15.3164,21.8691196236759,18.0266,7.0,16.69351,7.0,12.40773,0.028424,123.471104,336.0
21.7520551215857,18.188,21.8861176241189,15.3068,7.0,16.695,7.0,10.24807,0.81615,122.580304,336.0
21.769096121192,17.0003,21.9024563245475,16.3072,7.0,16.6953,7.0,10.71416,-0.741419,123.173296,336.0
21.7854860220104,16.4479,21.9190591238439,17.8,7.0,16.69505,7.0,9.683191,-0.163671,121.2138,336.0
21.8020127229393,17.1658,21.9361313246191,15.781,7.0,16.69552,6.0,12.37388,-0.829966,121.3424,336.0
21.8193001225591,14.7511,21.9523200243711,17.4572,7.0,16.69359,5.0,9.90675,-1.196387,123.3452,336.0
21.8353003226221,18.6692,21.9686768241227,17.1443,7.0,16.69555,4.0,10.91292,-0.143782,123.139,336.0
21.8526530228555,16.4607,21.9854584243149,14.8071,7.0,16.69532,3.0,11.13307,-0.03726,121.8528,336.0
21.8691196236759,17.1788,22.003071224317,17.5458,7.0,16.6958,2.0,11.91577,-0.912503,123.646496,336.0
21.8861176241189,16.2336,22.0186617244035,17.22,7.0,16.69534,1.0,10.96879,-0.250971,124.131696,336.0
21.9190591238439,16.9144,22.0359694249928,15.8446,7.0,16.69556,0.0,12.96628,-0.881541,122.813696,336.0
21.9190591238439,16.3584,22.0528932251036,18.2844,6.0,16.69522,7.0,10.13386,-1.048802,10.1718,336.0
21.9361313246191,16.5591,22.0694418251514,15.2615,7.0,16.69509,7.0,11.9438,-0.403772,22.5622,336.0
21.9523200243711,14.5466,22.0855130255222,15.9747,7.0,16.69297,7.0,11.21207,-0.265433,35.4147,336.0
21.9686768241227,18.5781,22.1019658260047,17.685,7.0,16.69483,7.0,11.99024,-0.568894,50.9153,336.0
21.9854584243149,16.8419,22.119584126398,17.4347,7.0,16.69497,7.0,9.981302,-0.875955,67.7474,336.0
22.003071224317,16.2947,22.1351078264415,14.3354,7.0,16.69458,7.0,12.31817,-0.417516,83.826,336.0
22.0186617244035,16.7054,22.1519115269184,16.8336,7.0,16.69459,7.0,10.19513,-0.290477,97.964896,336.0
22.0359694249928,16.9867,22.168843626976,18.99,7.0,16.69488,7.0,10.36769,0.268262,113.4082,336.0
22.0528932251036,16.6884,22.1856781262904,16.4808,7.0,16.69487,7.0,12.14756,0.474901,122.368096,336.0
22.0694418251514,16.5435,22.2025604266673,15.2568,7.0,16.69472,7.0,10.52462,-0.96436,121.135904,336.0
22.0855130255222,15.7547,22.220073627308,17.5489,7.0,16.69381,7.0,12.14938,-0.828388,120.639904,336.0
22.1019658260047,17.7535,22.2364725265652,18.2463,7.0,16.69484,7.0,10.34974,-0.574439,121.2794,336.0
22.119584126398,15.9622,22.252893326804,14.6587,7.0,16.69412,7.0,16.0802,-0.272047,121.033504,336.0
22.252893326804,133.8318,22.270535826683,21.1591,7.0,16.80818,7.0,15.95296,-0.119532,122.597,336.0
22.252893326804,1.5895,22.2866375260055,13.9786,0.0,16.79338,7.0,10.48589,-0.664894,120.707,336.0
22.270535826683,2.0885,22.3029817268252,14.9405,1.0,16.77909,7.0,12.62384,-1.447198,121.3668,336.0
22.270535826683,1.4194,22.3200399260968,16.9197,1.0,16.76418,7.0,12.25875,-0.243337,123.254896,336.0
22.270535826683,1.2472,22.3361758254468,18.0788,2.0,16.74912,7.0,10.18353,-0.605028,122.6952,336.0
22.270535826683,0.5713,22.3535634260625,16.6495,3.0,16.73345,7.0,11.70189,-0.687592,124.2134,336.0
22.270535826683,1.1562,22.3700869269669,15.3021,4.0,16.71837,7.0,9.990198,0.040137,122.017904,336.0
22.270535826683,0.9933,22.3865050263703,16.4291,5.0,16.70316,7.0,13.34154,-1.105431,123.433904,336.0
22.270535826683,8.8011,22.4028640259057,17.7622,6.0,16.69553,7.0,9.976028,0.116467,121.5078,336.0
22.2866375260055,16.3886,22.4194561261684,15.157,7.0,16.69523,7.0,12.41209,-0.478429,122.364496,336.0
22.3029817268252,16.9968,22.4360037259758,16.499,7.0,16.69552,7.0,10.50666,0.162772,122.7102,336.0
22.3361758254468,17.9757,22.4527186267078,18.6155,7.0,16.69675,7.0,9.895531,0.249355,121.968096,336.0
22.3361758254468,15.5024,22.4696667268872,15.2537,6.0,16.6956,7.0,12.95773,-0.423603,121.229104,336.0
22.3535634260625,16.1784,22.4860159270465,17.7425,7.0,16.69511,7.0,9.944629,0.018443,123.1268,336.0
22.3700869269669,16.771,22.5025563277304,14.8798,7.0,16.69518,7.0,12.25823,-0.922835,121.8254,336.0
22.4028640259057,18.2477,22.5199537277222,18.9079,7.0,16.69667,7.0,10.00414,-0.871854,123.8576,336.0
22.4028640259057,12.9716,22.5362835284323,14.8593,6.0,16.6931,7.0,9.515603,-1.286624,121.1868,336.0
22.4194561261684,17.542,22.5532593280077,16.9809,7.0,16.69391,7.0,12.01216,-0.221761,120.201696,336.0
22.4360037259758,16.9586,22.5705814287066,18.4772,7.0,16.69416,7.0,9.874235,-0.655206,122.8946,336.0
22.4527186267078,16.6786,22.5861249286681,14.4818,7.0,16.69415,7.0,10.78905,-0.442475,124.1276,336.0
22.4696667268872,16.9884,22.6030751280487,18.4045,7.0,16.69443,7.0,12.79012,-0.317231,124.4486,336.0
22.4860159270465,16.7024,22.6193997282535,14.7804,7.0,16.69444,7.0,10.85376,-0.225033,122.4746,336.0
22.5025563277304,16.6289,22.6367118284106,17.4802,7.0,16.69438,7.0,11.91581,-0.520815,122.5508,336.0
22.5199537277222,17.0999,22.6525858286768,17.453,7.0,16.69476,7.0,12.45597,-1.163555,121.873696,336.0
22.5362835284323,17.0712,22.6704585291445,16.3208,7.0,16.69512,7.0,10.48693,-1.156561,122.2642,336.0
22.5532593280077,16.4163,22.6861991286278,15.6766,7.0,16.69486,7.0,12.14333,-0.183031,120.4286,336.0
22.5705814287066,16.2995,22.7032753285021,18.1971,7.0,16.69448,7.0,12.06431,0.515225,121.504496,336.0
22.5861249286681,17.0865,22.7203038278967,15.7986,7.0,16.69485,7.0,10.71655,0.137762,124.353696,336.0
22.6030751280487,16.1428,22.7369494270533,18.1607,7.0,16.69433,7.0,12.47976,-0.536708,121.106896,336.0
22.6193997282535,17.4074,22.7532192263752,14.7357,7.0,16.695,7.0,11.03313,-0.596378,123.4244,336.0
22.6525858286768,17.8406,22.7701407261193,16.8549,7.0,16.69609,7.0,10.04867,-0.37286,124.4332,336.0
22.6525858286768,15.5085,22.7867872267962,18.201,6.0,16.69497,7.0,9.886638,-0.863048,121.7796,336.0
22.6704585291445,16.1248,22.8044810276479,17.3571,7.0,16.69443,7.0,8.451908,-0.477652,121.6308,336.0
22.6861991286278,16.7306,22.8207894284278,17.0521,7.0,16.69446,7.0,12.09958,0.014674,123.091904,336.0
22.7032753285021,16.8534,22.8374274279922,14.88,7.0,16.69461,7.0,12.45786,-1.127733,121.637696,336.0
22.7369494270533,17.4568,22.8538865279406,17.5361,7.0,16.69533,7.0,10.45525,-0.064274,122.5058,336.0
22.7369494270533,15.9514,22.8702937271446,15.2687,6.0,16.69463,7.0,12.64115,-0.507115,122.1022,336.0
22.7532192263752,16.9626,22.8873140271753,17.3621,7.0,16.69488,7.0,12.39803,-0.904089,125.9592,336.0
22.7867872267962,18.4892,22.9034527279437,16.6435,7.0,16.69657,7.0,9.869733,-0.655302,121.3234,336.0
22.7867872267962,15.8374,22.9212110284716,16.9126,6.0,16.69576,7.0,5.232674,-0.462896,121.6144,336.0
22.8044810276479,14.3556,22.9372659288347,17.2052,7.0,16.69357,7.0,11.78932,0.613027,122.911296,336.0
22.8207894284278,18.7197,22.9539536293596,15.4718,7.0,16.69546,7.0,10.57599,0.48231,121.016496,336.0
22.8374274279922,16.3424,22.9711458291858,18.6595,7.0,16.69513,7.0,12.6914,-0.610779,122.747504,336.0
22.8538865279406,16.5256,22.9882727283984,17.5353,7.0,16.69497,7.0,10.6284,-1.242828,123.2636,336.0
22.8702937271446,16.8997,23.0043572280556,14.2453,7.0,16.69517,7.0,10.13227,0.516883,123.637504,336.0
22.9034527279437,18.0584,23.0208600275218,17.9078,7.0,16.69644,7.0,11.11799,-0.671286,123.211104,336.0
22.9034527279437,13.8105,23.0375445280224,15.2717,6.0,16.69375,7.0,11.31078,0.621106,123.172896,336.0
22.9212110284716,18.1558,23.0542030278593,16.72,7.0,16.69511,7.0,10.79643,-0.350927,123.142304,336.0
22.9372659288347,16.7297,23.0705623272806,17.5804,7.0,16.69514,7.0,13.20602,0.23604,123.3398,336.0
22.9539536293596,16.7241,23.0880251266062,16.3173,7.0,16.69517,7.0,9.525686,-0.807372,123.9082,336.0
22.9711458291858,14.7949,23.1050701271743,18.6518,7.0,16.6934,7.0,12.57649,-0.538497,124.26,336.0
22.9882727283984,18.7645,23.12098842673,14.127,7.0,16.69533,7.0,9.394427,-0.670776,124.920896,336.0
23.0043572280556,16.2951,23.1375703271478,16.5863,7.0,16.69495,7.0,10.37866,0.330043,122.083696,336.0
23.0208600275218,16.8626,23.1543579269201,18.1602,7.0,16.69511,7.0,11.50177,-0.016953,124.548304,336.0
23.0375445280224,16.7074,23.1705066263676,14.8098,7.0,16.69512,7.0,10.9063,-1.148048,125.235104,336.0
23.0542030278593,16.4861,23.1874474268407,18.2168,7.0,16.69493,7.0,12.34318,-0.806113,122.3988,336.0
23.0705623272806,15.9501,23.2051943261176,16.4662,7.0,16.69424,7.0,10.88226,0.285308,124.446,336.0
23.0880251266062,16.146,23.2215201258659,16.5192,7.0,16.69373,7.0,11.38395,-0.987812,123.138,336.0
23.1050701271743,16.9053,23.2369853258133,16.4782,7.0,16.69393,7.0,9.840048,-0.037832,125.375,336.0
23.12098842673,16.1787,23.2541273254901,16.1415,7.0,16.69345,7.0,11.29221,-1.032952,124.894304,336.0
23.1375703271478,17.0675,23.2713232263923,17.0351,7.0,16.6938,7.0,12.67549,-0.850772,123.4786,336.0
23.1543579269201,17.0145,23.2870244272053,17.2107,7.0,16.69409,7.0,9.954612,-0.070992,122.757104,336.0
23.1705066263676,16.3309,23.305327327922,16.8996,7.0,16.69376,7.0,12.91103,-0.438912,124.365904,336.0
23.1874474268407,15.4103,23.3212458286434,15.7626,7.0,16.69258,6.0,9.875252,-0.378232,111.7218,336.0
23.2051943261176,18.44,23.3384137284011,19.0994,7.0,16.69418,6.0,12.70077,-0.898352,105.043696,336.0
23.2215201258659,16.5611,23.3540642280132,13.724,7.0,16.69406,6.0,10.95269,0.199845,107.636704,336.0
23.2369853258133,14.7538,23.3713148273528,17.2192,7.0,16.69229,6.0,11.95981,-1.532923,108.014,336.0
23.2541273254901,18.0902,23.3884921278805,18.7743,7.0,16.69357,6.0,10.63203,-0.332491,107.0064,336.0
23.2713232263923,16.8374,23.4041177276522,14.0117,7.0,16.6937,6.0,16.76915,-0.659071,107.0536,336.0
23.2870244272053,16.975,23.4215987268835,19.0109,7.0,16.69395,6.0,12.07625,-0.760924,108.4688,336.0
23.305327327922,16.1153,23.4378896262497,14.8066,7.0,16.69343,6.0,8.833123,-0.443439,108.1978,336.0
23.3212458286434,16.7069,23.4550474267453,18.9443,7.0,16.69344,6.0,13.46739,-0.617381,108.779904,336.0
23.3384137284011,16.7538,23.4711437262595,16.2878,7.0,16.69349,6.0,10.29797,-0.512635,106.316704,336.0
23.3540642280132,16.7995,23.4883143268526,15.3678,7.0,16.69359,6.0,12.48082,-0.440748,108.0734,336.0
23.3713148273528,17.2715,23.5050585269928,16.5496,7.0,16.69411,6.0,11.05124,0.728039,108.700304,336.0
23.3884921278805,16.1659,23.5206957273185,17.7743,7.0,16.69364,6.0,10.39788,-0.526699,105.712,336.0
23.4041177276522,16.6758,23.5375721268356,14.6675,7.0,16.69362,6.0,12.38523,-0.406457,108.1732,336.0
23.4215987268835,16.9718,23.5375721268356,6.3347,7.0,16.69387,6.0,9.365648,0.337972,106.945104,336.0
23.4378896262497,17.3058,23.5543137267232,10.6272,7.0,16.69442,6.0,12.05576,-0.547838,108.068096,336.0
23.4550474267453,14.187,23.5710831265897,16.7805,7.0,16.69216,6.0,10.9247,-0.121107,108.096096,336.0
23.4711437262595,18.5258,23.5881854258478,18.9021,7.0,16.69381,6.0,10.50716,-1.321674,105.6404,336.0
23.4883143268526,16.3038,23.6051686257124,15.2966,7.0,16.69346,6.0,12.15203,0.819559,107.948096,336.0
23.5050585269928,16.4618,23.6218704264611,16.5078,7.0,16.69325,6.0,9.441038,0.311199,107.110096,336.0
23.5206957273185,17.0976,23.6384754255414,18.512,7.0,16.69362,6.0,12.37181,-1.173354,108.3348,336.0
23.5375721268356,14.9613,23.6551305260509,14.6906,7.0,16.69206,6.0,9.832074,-0.542307,107.7886,336.0
23.5543137267232,18.1929,23.6720709260553,18.7741,6.0,16.69341,6.0,11.12784,-0.429811,107.540304,336.0
23.5710831265897,16.5359,23.6880214251578,14.0726,6.0,16.69327,6.0,10.7392,0.160185,106.7678,336.0
23.5881854258478,15.2274,23.7050436250865,16.984,6.0,16.69195,6.0,8.941854,0.362,105.4776,336.0
23.6051686257124,18.5965,23.7222826257348,19.2238,6.0,16.69366,6.0,12.71371,0.133948,107.708496,336.0
23.6218704264611,17.2649,23.73858682625,14.2751,6.0,16.69417,6.0,8.710711,-0.680191,108.175504,336.0
23.6384754255414,16.33,23.7552023269236,18.7907,6.0,16.69384,6.0,12.14732,-1.21823,107.9206,336.0
23.6551305260509,16.8299,23.7726047262549,15.6013,6.0,16.69397,6.0,9.4504,0.065103,107.9252,336.0
23.6720709260553,16.8477,23.7890798263252,17.97,6.0,16.6941,6.0,10.17345,-0.246567,108.351696,336.0
23.6880214251578,16.6105,23.805296426639,16.6379,6.0,16.69403,6.0,9.976991,0.342763,107.114896,336.0
23.7050436250865,17.537,23.8222610261291,15.081,6.0,16.69478,6.0,10.72733,-0.853576,107.863504,336.0
23.7222826257348,14.8773,23.8383938260376,17.1842,6.0,16.69316,6.0,13.1776,-0.47294,108.1558,336.0
23.73858682625,16.4132,23.8550887256861,15.5749,6.0,16.69291,6.0,9.054267,-0.049504,107.521296,336.0
23.7552023269236,16.3588,23.8728241249919,17.5834,6.0,16.69261,5.0,12.06604,-0.136279,111.3602,336.0
23.7726047262549,17.6799,23.8884179247543,17.1335,6.0,16.69349,4.0,11.48148,-0.749954,108.417504,336.0
23.7890798263252,15.2517,23.9050123253837,15.0029,6.0,16.69221,3.0,9.76304,0.02554,108.6342,336.0
23.805296426639,18.4897,23.9213905250654,17.7164,6.0,16.69381,2.0,11.9396,-1.218866,107.462,336.0
23.8222610261291,16.9565,23.938538624905,15.6667,6.0,16.69404,1.0,9.204879,1.712304,107.961,336.0
23.8383938260376,14.4698,23.9552032249048,16.6999,6.0,16.69207,0.0,11.83385,-0.260928,107.3598,336.0
23.8550887256861,18.7219,23.972670824267,19.1886,6.0,16.69386,7.0,10.29226,-0.39946,12.1438,336.0
23.8728241249919,15.7508,23.9898565234616,15.4954,6.0,16.69303,7.0,11.80317,-0.037222,20.5216,336.0
23.8884179247543,16.8442,24.0050406232476,16.8491,6.0,16.69316,7.0,11.2133,-0.462288,36.8525,336.0
23.9050123253837,16.9814,24.0222349241376,17.4068,6.0,16.69342,7.0,2.293128,-0.186454,53.4525,336.0
23.9213905250654,16.3871,24.0391404237598,15.1497,6.0,16.69315,7.0,12.00616,0.319851,67.295504,336.0
23.938538624905,16.5263,24.0551910232753,17.2744,6.0,16.693,7.0,12.22532,-0.522882,83.713904,336.0
23.9552032249048,16.2753,24.0730568226427,16.5674,6.0,16.69263,7.0,9.387888,-0.802915,97.2438,336.0
23.972670824267,16.7854,24.0892318226397,16.1507,6.0,16.69272,7.0,12.28215,0.391436,112.813904,336.0
23.9898565234616,16.8135,24.1075365226716,20.6535,6.0,16.69282,7.0,10.11595,-0.351628,126.6924,336.0
24.0050406232476,15.3339,24.1222371226177,12.3896,6.0,16.69163,7.0,8.534882,0.478408,125.088704,336.0
24.0222349241376,18.6416,24.1391851222143,18.8583,6.0,16.69334,7.0,12.03911,-1.180025,125.077296,336.0
24.0391404237598,16.2885,24.1562044220045,15.1154,6.0,16.69299,7.0,11.22056,0.207842,124.134,336.0
24.0551910232753,17.5206,24.1725457226858,18.0187,6.0,16.69371,7.0,8.431528,-0.835591,122.950704,336.0
24.0730568226427,15.6114,24.1893499223515,15.0102,6.0,16.69276,7.0,12.03849,0.776544,126.025504,336.0
24.206484622322,133.9392,24.224164721556,38.7228,6.0,16.79525,7.0,8.929325,-0.988621,124.131904,336.0
24.206484622322,2.0053,24.2383148213848,10.3818,0.0,16.78233,7.0,13.02956,-0.903332,124.9334,336.0
24.206484622322,1.7329,24.2562340209261,18.0643,1.0,16.7692,7.0,9.321491,-0.357889,123.0398,336.0
24.224164721556,1.8034,24.2731366204098,18.4029,2.0,16.75615,7.0,11.59276,-1.234647,123.111,336.0
24.224164721556,1.3277,24.2899132212624,15.1786,2.0,16.74272,7.0,10.95172,-0.972705,125.7536,336.0
24.224164721556,1.3657,24.306358021684,17.7749,3.0,16.72933,7.0,10.89453,-0.954327,123.684304,336.0
24.224164721556,1.2871,24.3226894224063,14.8165,4.0,16.7159,7.0,12.61729,-1.258011,124.262304,336.0
24.224164721556,1.1106,24.3393619218841,16.6803,5.0,16.70235,7.0,8.979347,-0.005595,125.219296,336.0
24.224164721556,4.2174,24.3559672227129,18.0958,6.0,16.69151,7.0,12.9705,-0.790194,123.055104,336.0
24.2383148213848,17.8044,24.3737003235146,16.201,7.0,16.69247,7.0,10.87583,-0.091674,124.202896,336.0
24.2562340209261,17.1015,24.3893180238083,17.0905,7.0,16.69283,6.0,9.885211,-1.012062,122.8164,336.0
24.2731366204098,17.1702,24.4069714238867,16.2267,7.0,16.69324,5.0,13.01289,0.58465,124.691696,336.0
24.2899132212624,17.0695,24.4227691246197,15.885,7.0,16.69357,4.0,9.975694,-0.431291,123.5888,336.0
24.306358021684,16.5935,24.4405468245968,19.6689,7.0,16.69348,3.0,12.65297,0.174783,124.3154,336.0
24.3226894224063,16.5848,24.457047724165,14.6912,7.0,16.69339,2.0,9.774662,-0.030717,127.3124,336.0
24.3393619218841,16.8285,24.4734553238377,17.628,7.0,16.6935,1.0,11.25105,0.767743,126.946896,336.0
24.3559672227129,16.6687,24.4893669234589,14.7745,7.0,16.69348,0.0,11.31189,-0.401733,124.5174,336.0
24.3737003235146,16.3252,24.5059881238267,16.3957,7.0,16.69316,7.0,10.40192,0.734091,10.6041,336.0
24.3893180238083,15.2693,24.522680924274,17.912,7.0,16.69194,7.0,11.46202,-0.037455,23.5465,336.0
24.4069714238867,18.3423,24.5400848248973,16.2732,7.0,16.69336,7.0,11.67066,-0.15044,37.0636,336.0
24.4227691246197,16.491,24.555995025672,17.0683,7.0,16.69318,7.0,8.012733,-0.457725,52.8259,336.0
24.4405468245968,17.369,24.5738506251946,18.3245,7.0,16.69376,7.0,12.15371,-0.504152,66.0154,336.0
24.457047724165,16.1674,24.589636025019,14.003,7.0,16.69331,7.0,9.057355,-0.146659,84.286496,336.0
24.4734553238377,16.3465,24.6059459252283,17.4935,7.0,16.69301,7.0,9.07534,-0.726866,100.3174,336.0
24.4893669234589,17.4055,24.6228645248339,16.0196,7.0,16.69362,7.0,11.81102,-0.496309,114.122704,336.0
24.5059881238267,16.4455,24.6396522251889,18.3208,7.0,16.69341,7.0,10.48315,-0.457843,124.157504,336.0
24.522680924274,16.3661,24.6564523251727,15.2617,7.0,16.69313,7.0,9.612059,0.541623,124.344,336.0
24.5400848248973,16.676,24.6738995248452,17.4018,7.0,16.69312,7.0,11.81187,0.573151,122.800704,336.0
24.555995025672,15.0819,24.6901488257572,18.0787,7.0,16.69174,7.0,9.487209,-1.03315,124.8156,336.0
24.5738506251946,18.4033,24.7080496260896,18.0372,7.0,16.6932,7.0,11.30174,-0.583426,125.852896,336.0
24.589636025019,16.6983,24.7242226256058,14.2684,7.0,16.69321,7.0,12.17148,-0.878418,125.6814,336.0
24.7242226256058,133.7791,24.7401926247403,19.866,7.0,16.79285,7.0,7.504849,-0.68151,124.812304,336.0
24.7242226256058,1.8006,24.7573112240061,14.74,0.0,16.78011,7.0,9.69175,-0.47548,124.0098,336.0
24.7401926247403,1.4158,24.7739315247163,14.9571,1.0,16.76705,7.0,10.73883,-1.282775,123.493696,336.0
24.7401926247403,1.7929,24.7901577251032,17.5303,1.0,16.75434,7.0,9.733018,-0.285024,125.544,336.0
24.7401926247403,1.2799,24.8059962252155,14.469,2.0,16.74122,7.0,12.77821,1.337027,125.314,336.0
24.7401926247403,1.2816,24.8238327251747,19.5521,3.0,16.72812,7.0,9.93158,-0.040585,123.5974,336.0
24.7401926247403,1.1895,24.8407445242628,17.2201,4.0,16.71496,7.0,10.73868,0.215669,123.852896,336.0
24.7401926247403,0.4551,24.856881824322,14.2599,5.0,16.7012,7.0,10.44582,-0.123977,125.295904,336.0
24.7401926247403,6.6059,24.8734757238999,16.6403,6.0,16.69267,7.0,12.06337,0.693266,125.096704,336.0
24.7573112240061,18.7,24.8905645245686,18.888,7.0,16.69436,7.0,9.295585,0.856901,123.685104,336.0
24.7739315247163,16.1254,24.9071113253012,14.5805,7.0,16.69388,7.0,7.428631,0.112097,125.3458,336.0
24.7901577251032,14.7302,24.9239903250709,16.7448,7.0,16.69223,7.0,11.26628,0.022395,125.1976,336.0
24.8059962252155,17.3396,24.9407224254683,18.3763,7.0,16.69277,7.0,8.623234,-0.948307,126.5878,336.0
24.8238327251747,14.8762,24.9570621261373,14.7058,7.0,16.69124,7.0,9.431499,-0.037609,123.0634,336.0
24.8407445242628,18.7361,24.9731955258176,17.8663,7.0,16.69296,7.0,9.282203,-0.89276,127.0438,336.0
24.856881824322,16.3128,24.9904546262696,15.5102,7.0,16.69264,7.0,8.445805,-0.494529,126.7074,336.0
24.8734757238999,17.387,25.0072625270113,16.8704,7.0,16.69323,7.0,11.83111,-0.062391,123.994304,336.0
24.8905645245686,16.3108,25.0239773271605,18.3594,7.0,16.69291,7.0,10.23081,-1.133283,126.4308,336.0
24.9071113253012,17.3301,25.0425111269578,17.0993,7.0,16.69344,7.0,10.89226,0.266874,126.4736,336.0
24.9239903250709,16.6869,25.0574523266405,14.9699,7.0,16.69344,7.0,8.525029,-0.255524,125.086096,336.0
24.9407224254683,17.035,25.0735503267497,17.2901,7.0,16.69372,7.0,10.44719,0.098113,127.3594,336.0
24.9570621261373,15.7892,25.0921821258962,17.2319,7.0,16.69296,7.0,9.959583,-0.70545,125.699296,336.0
24.9731955258176,16.4583,25.1082638259977,16.2587,7.0,16.69277,7.0,10.10623,-1.170513,124.945296,336.0
24.9904546262696,16.8988,25.1239708252251,15.4871,7.0,16.69294,7.0,10.13562,0.396924,124.1644,336.0
25.0072625270113,16.6669,25.140595626086,18.3259,7.0,16.69292,6.0,9.109487,0.139761,126.403296,336.0
25.0239773271605,15.156,25.1573317255825,15.0081,7.0,16.69164,5.0,11.18395,-0.530602,124.5222,336.0
25.0425111269578,18.5343,25.1753494255245,19.924,7.0,16.69317,4.0,10.73551,-0.116865,127.048704,336.0
25.0574523266405,17.4303,25.1911433245987,13.9062,7.0,16.69378,3.0,12.94838,-0.296828,125.479696,336.0
25.0735503267497,13.6191,25.2086855247617,17.5989,7.0,16.69123,2.0,9.252739,1.213809,127.5238,336.0
25.0921821258962,18.6011,25.2251604255289,18.2632,7.0,16.69282,1.0,11.5158,-0.440591,126.0592,336.0
25.1082638259977,17.0595,25.2412030249834,14.3459,7.0,16.69312,0.0,12.34657,0.02766,127.5732,336.0
25.1239708252251,15.4157,25.257400225848,17.8517,7.0,16.69206,0.0,10.30043,-0.596543,11.2275,336.0
25.140595626086,16.346,25.2751932255924,16.3887,7.0,16.69177,7.0,16.63219,0.187281,10.5769,336.0
25.1573317255825,17.0669,25.291178425774,15.6781,7.0,16.69209,7.0,10.55649,-0.276724,25.6146,336.0
25.1753494255245,16.4976,25.3083128258586,18.7708,7.0,16.69192,7.0,9.40984,-0.912188,39.0915,336.0
25.1911433245987,16.9135,25.3232364254072,15.2542,7.0,16.69211,7.0,10.67354,-0.455652,53.6219,336.0
25.2086855247617,17.0753,25.3413725262508,16.3196,7.0,16.69242,7.0,10.25912,-0.190182,70.1374,336.0
25.2251604255289,16.1732,25.3570550261065,15.3919,7.0,16.692,7.0,9.461224,0.276245,84.3374,336.0
25.2412030249834,16.8087,25.374122926034,19.0466,7.0,16.69209,7.0,10.36659,-0.753495,101.4596,336.0
25.257400225848,16.7829,25.3908832268789,14.9018,7.0,16.69217,7.0,12.53655,0.675706,117.3314,336.0
25.2751932255924,16.576,25.4079792266712,19.1014,7.0,16.69207,7.0,8.692482,-0.803854,125.8044,336.0
25.291178425774,16.5129,25.4247790267691,14.9438,7.0,16.69192,7.0,8.077755,-0.384572,127.822304,336.0
25.3083128258586,15.2684,25.4404040267691,17.3127,7.0,16.69075,7.0,10.5449,-0.449781,124.745,336.0
25.3232364254072,18.2468,25.4588104272261,16.7826,7.0,16.69203,7.0,9.094694,-0.956448,124.600096,336.0
25.3413725262508,16.2704,25.4749049274251,17.7823,7.0,16.69168,7.0,10.52045,1.083052,126.385296,336.0
25.4749049274251,132.5242,25.4913047282025,16.1787,7.0,16.78663,7.0,10.68137,-0.407025,125.343504,336.0
25.4913047282025,18.9071,25.5087131289765,18.255,0.0,16.78837,7.0,9.647781,0.377779,127.2834,336.0
25.4913047282025,0.5335,25.5250816298649,15.5695,0.0,16.77506,7.0,10.83035,-1.050597,125.6362,336.0
25.4913047282025,1.6627,25.5418971301988,15.1394,1.0,16.76271,7.0,9.051648,-1.345073,128.008896,336.0
25.4913047282025,1.1586,25.557663329877,15.6944,2.0,16.74996,7.0,10.54412,-1.019673,126.672096,336.0
25.5087131289765,2.2719,25.5749607300386,18.781,3.0,16.73814,7.0,9.485721,-0.906176,124.645696,336.0
25.5087131289765,0.561,25.5912289293483,14.764,3.0,16.72495,7.0,9.553997,0.628491,125.001104,336.0
25.5087131289765,1.4327,25.6083655292168,18.5512,4.0,16.71248,7.0,12.88287,0.471438,126.7384,336.0
25.5087131289765,1.2816,25.6246995283291,17.1526,5.0,16.69992,7.0,9.713273,-1.004065,124.155504,336.0
25.5087131289765,7.5491,25.6427694289014,16.0304,6.0,16.69247,7.0,10.66988,0.706256,126.6804,336.0
25.5250816298649,16.7283,25.6594391288236,18.7379,7.0,16.6925,7.0,11.05791,-0.352645,125.251904,336.0
25.5418971301988,16.7503,25.6752233291045,13.6727,7.0,16.69255,7.0,9.474662,-0.902273,127.7232,336.0
25.557663329877,16.477,25.6917131291702,16.3319,7.0,16.69237,7.0,9.522865,-0.061205,128.061,336.0
25.5749607300386,17.0846,25.7089836290106,18.8689,7.0,16.69269,7.0,10.90844,0.620962,125.572096,336.0
25.5912289293483,16.3729,25.7259668288752,15.3307,7.0,16.69243,7.0,9.591045,-0.053344,128.064704,336.0
25.6083655292168,14.3432,25.7409598287195,16.2843,7.0,16.69053,7.0,10.55637,-0.229462,125.292,336.0
25.6246995283291,17.6996,25.7582878284156,16.051,7.0,16.69135,7.0,9.076405,0.538597,126.284304,336.0
25.6427694289014,16.884,25.7749409284443,19.2559,7.0,16.6915,7.0,11.13774,1.626513,127.6446,336.0
25.6594391288236,16.794,25.79114962928,15.457,7.0,16.69158,7.0,9.189444,-0.440597,126.360496,336.0
25.6752233291045,17.1522,25.8080755285919,15.125,7.0,16.69196,7.0,9.784362,1.16575,129.312496,336.0
25.6917131291702,17.4742,25.8240635283291,17.8292,7.0,16.69259,7.0,11.2403,0.106527,125.8824,336.0
25.7089836290106,16.4153,25.8418526276946,18.1517,7.0,16.69236,7.0,11.33779,-0.661283,125.580096,336.0
25.7259668288752,17.0738,25.8584185279906,14.4901,7.0,16.69267,7.0,8.867197,-0.866306,127.025696,336.0
25.7409598287195,15.3873,25.8749612271786,17.9122,7.0,16.69162,7.0,11.23235,-1.41428,125.777904,336.0
25.7582878284156,17.3916,25.8924509268254,15.964,7.0,16.69218,7.0,9.548973,-0.212128,126.766304,336.0
25.7749409284443,14.7942,25.9080464271829,17.2641,7.0,16.69066,6.0,5.588583,-0.982088,115.7604,336.0
25.79114962928,18.2781,25.9263746263459,18.6151,7.0,16.69193,6.0,9.903506,-0.854028,109.019104,336.0
25.8080755285919,16.6349,25.9423455270007,14.1452,7.0,16.69189,6.0,10.93088,0.336041,109.2336,336.0
25.8240635283291,14.5907,25.9579634265974,17.0838,7.0,16.6902,6.0,11.04813,-1.022102,108.9128,336.0
25.8418526276946,18.2189,25.9749618275091,15.4452,7.0,16.69143,6.0,10.85849,-0.177398,110.9468,336.0
25.8584185279906,16.8474,25.9912019269541,17.8391,7.0,16.69155,6.0,11.58313,0.428756,109.5784,336.0
25.8749612271786,17.2289,26.0094317262992,18.5886,7.0,16.69198,6.0,10.44066,0.188295,110.838,336.0
25.8924509268254,16.2941,26.0263647260144,15.0133,7.0,16.69166,6.0,11.5549,-0.625944,111.1898,336.0
25.9080464271829,14.8645,26.0424712253734,17.812,7.0,16.6902,6.0,10.5117,-0.547266,107.315104,336.0
25.9263746263459,18.5306,26.059085524641,15.1011,7.0,16.69167,6.0,10.09614,-0.967443,109.634496,336.0
25.9423455270007,16.6218,26.0754146249965,16.3248,7.0,16.69162,6.0,11.57611,-1.150668,111.455296,336.0
25.9579634265974,17.4231,26.0926768248901,18.8614,7.0,16.6922,6.0,10.60074,-0.524583,109.599696,336.0
25.9749618275091,16.287,26.109543425031,15.0383,7.0,16.69188,6.0,11.72047,0.190407,111.454,336.0
25.9912019269541,14.6222,26.1251267250627,15.6106,7.0,16.69023,6.0,10.85364,-0.848233,110.7026,336.0
26.0094317262992,18.7122,26.1432648245245,19.7322,7.0,16.69184,6.0,9.932068,-0.419138,108.4424,336.0
26.0263647260144,16.5794,26.1432648245245,4.5519,7.0,16.69175,6.0,11.29338,-0.414611,111.1916,336.0
26.0424712253734,16.2939,26.1590410247445,9.5521,7.0,16.69143,6.0,10.13509,0.247008,108.913904,336.0
26.059085524641,17.7206,26.1752766240388,17.9344,7.0,16.69225,6.0,11.74153,-0.050198,111.6878,336.0
26.0754146249965,15.8595,26.1923681236804,15.5383,7.0,16.69159,6.0,10.22804,-0.488368,111.987504,336.0
26.0926768248901,16.2854,26.2089706230909,18.3191,7.0,16.69127,6.0,10.61491,0.772462,110.2244,336.0
26.109543425031,17.0575,26.2263524234295,15.6889,7.0,16.69156,6.0,10.89559,0.539892,109.065504,336.0
26.1251267250627,16.6444,26.2426212225109,17.9037,7.0,16.69152,6.0,10.3845,-0.514478,111.169296,336.0
26.1432648245245,16.8281,26.2596197221428,17.1791,7.0,16.69163,5.0,11.71637,0.792152,109.395696,336.0
26.1590410247445,17.3762,26.275102022104,13.5003,6.0,16.69217,6.0,12.35954,0.444582,110.877296,336.0
26.1752766240388,16.1628,26.2933548213914,18.484,6.0,16.69175,6.0,9.051408,0.078412,113.472096,336.0
26.1923681236804,16.2677,26.3095171218738,18.086,6.0,16.69142,6.0,9.497178,-0.612558,111.498896,336.0
26.2089706230909,16.4628,26.326214122586,14.6072,6.0,16.69124,6.0,12.33595,-0.329559,109.7808,336.0
26.2263524234295,16.9992,26.3431825218722,18.8528,6.0,16.69148,6.0,11.14582,0.391297,111.2114,336.0
26.2426212225109,14.7538,26.3592064222321,14.003,6.0,16.68996,6.0,8.052588,0.332504,96.123,336.0
26.2596197221428,19.4018,26.3760758219287,17.1405,6.0,16.69209,6.0,11.91476,-1.129272,102.647696,336.0
26.275102022104,16.0111,26.3932948214933,18.7596,6.0,16.69155,6.0,7.154959,0.145815,109.961904,336.0
26.2933548213914,16.6493,26.4093044223264,14.3715,6.0,16.69152,6.0,12.2362,0.338266,113.997696,336.0
26.3095171218738,16.5969,26.4265295220539,19.3711,6.0,16.69144,6.0,10.0726,-1.130004,110.2694,336.0
26.326214122586,16.6532,26.4433778217062,16.9513,6.0,16.69141,6.0,11.52227,0.330125,109.6128,336.0
26.3431825218722,16.5384,26.4601920219138,14.7841,6.0,16.69129,6.0,10.29459,0.041127,111.4634,336.0
26.3592064222321,16.9942,26.4761420218274,15.8198,6.0,16.69153,6.0,11.67973,-0.399253,110.0672,336.0
26.3760758219287,17.0676,26.4935687212273,19.1716,6.0,16.69182,6.0,9.906204,0.423345,112.4702,336.0
26.3932948214933,16.0281,26.5096204215661,14.2535,6.0,16.69131,6.0,11.15827,0.651029,112.7784,336.0
26.4093044223264,17.3648,26.5267827222124,18.8475,6.0,16.69183,5.0,11.36447,1.315288,111.233296,336.0
26.4265295220539,14.0276,26.5431996220723,16.6209,6.0,16.68976,4.0,10.32515,0.230718,110.6914,336.0
26.4433778217062,18.717,26.5601280229166,16.7429,6.0,16.69133,3.0,11.52415,0.381649,107.511696,336.0
26.4601920219138,16.6264,26.5768459225073,14.9079,6.0,16.69128,2.0,10.54167,-0.383146,111.679104,336.0
26.4761420218274,16.5853,26.5929480222985,18.0151,6.0,16.6912,1.0,9.418212,0.032259,111.257,336.0
26.5096204215661,29.786,26.6094671217725,14.6975,6.0,16.70137,0.0,9.855182,0.257964,109.4792,336.0
26.5267827222124,11.1048,26.6271190224215,17.6292,5.0,16.69703,7.0,10.39795,0.769469,14.1461,336.0
26.5267827222124,10.9293,26.643411221914,18.2449,5.0,16.69255,7.0,11.34945,-0.935326,24.1747,336.0
26.5431996220723,12.9667,26.6623193221167,17.0019,6.0,16.68967,6.0,10.19964,0.004979,37.4646,336.0
26.5601280229166,18.2444,26.6770315216854,14.5137,6.0,16.69087,5.0,11.03404,0.686784,51.7,336.0
26.5768459225073,17.3399,26.6921016220003,16.6832,6.0,16.69137,4.0,9.664931,-0.286811,67.555904,336.0
26.5929480222985,14.6864,26.7101548220962,16.5379,6.0,16.68983,3.0,10.82573,-1.32969,82.2338,336.0
26.6094671217725,18.9852,26.7276232223958,17.5868,6.0,16.6916,2.0,10.80842,-0.056072,98.768704,336.0
26.6271190224215,16.9313,26.7450465224683,19.3341,6.0,16.69178,1.0,11.71462,0.34482,111.883504,336.0
26.643411221914,14.6557,26.7603932227939,14.9637,6.0,16.69021,0.0,9.469411,0.058623,127.4854,336.0
26.6623193221167,18.5882,26.7770327236503,17.0597,6.0,16.69168,4.0,7.81749,-0.117377,13.3094,336.0
26.6770315216854,16.3494,26.7934052236378,15.7898,6.0,16.69141,3.0,10.68827,0.517369,25.0774,336.0
26.6921016220003,17.5911,26.8090817239136,14.4102,6.0,16.6921,2.0,10.09508,-0.236753,40.8734,336.0
26.7101548220962,16.7249,26.8278465233743,20.8918,6.0,16.69213,1.0,11.48238,0.443454,57.2423,336.0
26.7276232223958,16.1226,26.8438446242362,15.7007,6.0,16.69169,0.0,10.41558,0.209303,67.3166,336.0
26.7450465224683,15.0939,26.8591835238039,13.317,6.0,16.69047,6.0,12.08213,-0.502315,12.5512,336.0
26.8770880233496,135.9443,26.8945566229522,40.609,6.0,16.78192,7.0,10.35345,0.155788,25.0285,336.0
26.8770880233496,0.7397,26.9090264225379,10.7674,0.0,16.76962,7.0,10.17395,-0.570052,38.2256,336.0
26.8770880233496,2.2347,26.9261225229129,15.5244,1.0,16.7585,7.0,11.2576,0.448892,52.1161,336.0
26.8945566229522,4.111,26.9442628221586,18.3458,2.0,16.74882,7.0,9.925115,-0.074432,67.928096,336.0
26.8945566229522,1.9278,26.9602453215048,17.7835,2.0,16.73749,7.0,11.31661,-0.455322,80.221504,336.0
26.8945566229522,0.6422,26.9771676221862,15.3192,3.0,16.72519,7.0,11.70735,-0.387297,97.3394,336.0
26.8945566229522,1.5713,26.9938269229606,18.1058,4.0,16.71362,7.0,10.60061,0.605674,113.802896,336.0
26.8945566229522,1.9774,27.0105706220493,15.0918,5.0,16.70238,7.0,11.51833,-0.539399,127.622096,336.0
26.8945566229522,2.1078,27.0261860219762,17.7094,6.0,16.69126,7.0,10.75462,0.092721,126.715904,336.0
27.0261860219762,132.5457,27.0440967222676,18.3696,7.0,16.7795,7.0,10.2944,0.25533,127.9494,336.0
27.0261860219762,2.2866,27.0605091219768,14.0546,0.0,16.76847,7.0,12.19653,0.188153,126.9808,336.0
27.0261860219762,1.7753,27.0761916218325,17.57,1.0,16.75706,7.0,11.3447,-0.486318,127.6596,336.0
27.0261860219762,1.9012,27.0949200214818,18.2708,2.0,16.74578,7.0,10.81948,-0.663241,128.4274,336.0
27.0440967222676,3.5857,27.1102742217481,13.6749,3.0,16.73578,7.0,11.67087,0.203054,126.692496,336.0
27.1102742217481,76.1225,27.1285819225013,21.3408,3.0,16.78084,7.0,10.08015,-0.978284,131.1478,336.0
27.1102742217481,2.6042,27.1450766231865,15.0806,0.0,16.77009,7.0,11.51592,-0.880608,127.382496,336.0
27.1102742217481,0.7883,27.1608734223992,13.986,1.0,16.75799,7.0,12.23744,-0.656132,126.997504,336.0
27.1285819225013,3.8732,27.1784005220979,17.7637,2.0,16.74823,7.0,11.24495,-0.529156,128.8884,336.0
27.1285819225013,2.5509,27.1951324213296,18.3628,2.0,16.73749,7.0,10.50698,-0.31938,127.7754,336.0
27.1285819225013,1.8141,27.2108599208295,14.1053,3.0,16.72621,7.0,12.86901,0.483996,127.9738,336.0
27.1285819225013,0.6741,27.2287416215986,17.7912,4.0,16.71409,7.0,12.72083,0.206072,130.037904,336.0
27.1285819225013,1.5972,27.2450020220131,18.0603,5.0,16.70268,7.0,10.42696,-0.081752,128.1506,336.0
27.1285819225013,1.6225,27.2601933218539,15.4415,6.0,16.69131,7.0,10.63878,0.805424,126.7738,336.0
27.1450766231865,15.7558,27.2773079220206,14.8492,7.0,16.6906,7.0,12.0775,0.332763,129.4352,336.0
27.1608734223992,17.1687,27.2940762229264,18.4018,7.0,16.69096,7.0,11.22393,-0.843463,128.8094,336.0
27.1784005220979,16.5576,27.3113164231181,15.5889,7.0,16.69086,7.0,9.664952,0.299507,126.64,336.0
27.1951324213296,16.8533,27.3287549223751,17.5313,7.0,16.69098,7.0,11.69738,-0.261714,128.632,336.0
27.2108599208295,16.439,27.3442039219663,17.2077,7.0,16.6908,7.0,7.247837,0.437332,128.176304,336.0
27.2287416215986,16.7167,27.3609459223226,14.9804,7.0,16.69081,7.0,9.968363,0.278327,129.4924,336.0
27.2450020220131,14.6108,27.3782630218193,19.066,7.0,16.68925,7.0,11.72399,-0.00488,130.0878,336.0
27.2601933218539,18.6551,27.3948600227013,14.8886,7.0,16.69073,7.0,11.50211,-1.01276,127.5386,336.0
27.2773079220206,17.1562,27.4100186228752,16.7705,7.0,16.69108,7.0,10.11697,-0.43123,128.1322,336.0
27.2940762229264,15.8458,27.4276209231466,17.7364,7.0,16.69044,7.0,10.15747,-0.558229,129.343296,336.0
27.3113164231181,17.3193,27.4453924223781,16.2235,7.0,16.69091,7.0,11.56058,-0.532741,126.406096,336.0
27.3287549223751,16.7051,27.4622926227748,16.8867,7.0,16.69092,7.0,11.81986,-0.293606,126.523,336.0
27.3442039219663,16.4466,27.47910172306,18.5083,7.0,16.69074,7.0,10.75743,-0.629656,128.493296,336.0
27.3609459223226,17.0323,27.494850223884,15.1721,7.0,16.691,7.0,12.29803,-0.879487,128.611696,336.0
27.3782630218193,16.4484,27.5111641231924,15.0443,7.0,16.69082,6.0,12.48814,-0.161726,116.418096,336.0
27.3948600227013,16.9815,27.5292491223663,19.6422,7.0,16.69103,6.0,10.56821,-0.482803,109.8236,336.0
27.4100186228752,14.6129,27.5449137222022,13.9868,7.0,16.68949,6.0,12.01226,-0.239066,111.514,336.0
27.4276209231466,18.4084,27.5609658230096,16.2378,7.0,16.69076,6.0,10.96329,0.418013,110.7932,336.0
27.4453924223781,16.3539,27.5780240222812,18.3452,7.0,16.69051,6.0,12.78193,-0.747343,110.162496,336.0
27.4622926227748,16.9046,27.5959334224463,16.4491,7.0,16.69067,6.0,10.5621,-0.501423,111.888096,336.0
27.47910172306,15.457,27.6109704226255,16.7724,7.0,16.68976,6.0,12.40567,-0.857775,112.311296,336.0
27.494850223884,17.8803,27.6293913219124,18.4771,7.0,16.69064,6.0,12.11849,-0.256704,107.2236,336.0
27.5111641231924,16.5508,27.6450095223263,14.0011,7.0,16.69054,6.0,10.33494,-1.046808,111.195296,336.0
27.5292491223663,16.8193,27.6623901231214,17.4105,7.0,16.69063,6.0,12.54952,0.140904,112.3816,336.0
27.5449137222022,17.2474,27.678939522244,18.4582,7.0,16.69104,6.0,10.83727,-0.833762,113.677104,336.0
27.5609658230096,16.787,27.6948425220326,13.8498,7.0,16.69111,6.0,12.7573,-0.481989,111.5768,336.0
27.5780240222812,16.113,27.7109969211742,16.2294,7.0,16.69069,6.0,11.96931,-0.11755,114.750896,336.0
27.5959334224463,17.1447,27.7283355211839,19.1148,7.0,16.69102,6.0,11.2116,-0.977561,112.020096,336.0
27.6109704226255,14.872,27.7450093207881,14.9899,7.0,16.68968,6.0,11.58916,-0.59139,111.4782,336.0
27.6293913219124,18.6706,27.7623010212556,18.7074,7.0,16.69114,6.0,12.60609,-0.416719,112.6338,336.0
27.6450095223263,16.6813,27.7623010212556,4.4486,7.0,16.69113,6.0,11.10175,-0.4473,113.4012,336.0
27.6623901231214,16.4885,27.7783318208531,9.8962,7.0,16.69098,6.0,11.99986,0.528034,110.2418,336.0
27.678939522244,16.437,27.7949372204021,18.1248,7.0,16.6908,6.0,10.52839,0.177774,112.160704,336.0
27.6948425220326,16.7065,27.8121134201065,15.9868,7.0,16.69081,6.0,12.49482,-0.944093,114.498,336.0
27.7109969211742,16.9142,27.8285518204793,16.283,7.0,16.69097,6.0,12.3384,-0.089157,110.898496,336.0
27.7283355211839,16.3869,27.8449464207515,18.1103,7.0,16.69075,6.0,10.83027,-1.37729,109.885,336.0
27.7450093207881,16.8043,27.8639461202547,17.2271,7.0,16.69083,6.0,10.16893,-0.074065,114.0634,336.0
27.7623010212556,19.2661,27.8782897200435,14.1782,7.0,16.69272,6.0,9.798793,-0.637231,111.236304,336.0
27.7783318208531,14.2134,27.896198419854,18.1846,6.0,16.6909,6.0,11.60166,0.379031,109.776096,336.0
27.7949372204021,16.1917,27.9120512194932,17.3774,6.0,16.69054,6.0,10.78759,-0.293617,113.3854,336.0
27.8121134201065,17.0768,27.9320314191282,18.3718,6.0,16.69082,6.0,12.21706,-1.193726,109.383696,336.0
27.8285518204793,16.4273,27.9463138189167,14.328,6.0,16.69063,6.0,11.54843,0.292032,112.1306,336.0
27.8449464207515,15.0529,27.9629605188966,18.2253,6.0,16.68943,6.0,11.62227,0.645163,111.414896,336.0
27.8639461202547,19.1231,27.9791713189334,16.3959,6.0,16.69121,6.0,11.40262,0.048459,110.390704,336.0
27.8782897200435,16.0373,27.9963692184538,15.4905,6.0,16.69073,6.0,10.89523,-0.107466,111.0672,336.0
27.896198419854,16.7685,28.0126127190888,17.9238,6.0,16.69079,6.0,12.12117,-0.11542,111.5524,336.0
27.9120512194932,15.1798,28.028453219682,15.9475,6.0,16.68969,6.0,10.15394,-0.20073,113.214496,336.0
27.9320314191282,17.9811,28.0452916193753,14.822,6.0,16.69063,6.0,9.310341,-0.488851,111.92,336.0
27.9463138189167,17.357,28.0627207197249,19.2746,6.0,16.69111,6.0,11.76697,0.220821,111.8522,336.0
27.9629605188966,14.684,28.0799081195146,17.0209,6.0,16.68966,6.0,10.55112,0.656781,110.0582,336.0
27.9791713189334,18.3898,28.0962625201792,14.7911,6.0,16.69089,6.0,11.97253,-0.168553,110.2594,336.0
27.9963692184538,16.7988,28.1121876202524,15.7831,6.0,16.69097,6.0,11.95135,-0.259682,113.4712,336.0
28.0126127190888,14.9979,28.1292484197766,19.177,6.0,16.68974,6.0,11.06488,-0.245037,111.069,336.0
28.028453219682,18.0153,28.1464279200882,15.1872,6.0,16.6907,6.0,11.44332,-0.731236,111.4336,336.0
28.0452916193753,17.58,28.1624704208225,16.1205,6.0,16.69135,6.0,9.485253,-0.48123,115.073296,336.0
28.0627207197249,14.6477,28.1790717206895,18.2551,6.0,16.68987,6.0,12.05478,0.54121,110.751296,336.0
28.0799081195146,18.5837,28.1952256206423,14.5829,6.0,16.69123,6.0,12.16364,0.204727,112.800096,336.0
28.0962625201792,15.7773,28.2136832214892,18.522,6.0,16.69057,6.0,10.69474,-1.043057,110.361696,336.0
28.1121876202524,16.5248,28.2281712219119,15.8086,6.0,16.69045,6.0,12.58183,-0.57292,111.108496,336.0
28.1292484197766,16.4074,28.2449987214059,15.3843,6.0,16.69025,6.0,11.05759,-0.038107,113.6542,336.0
28.1464279200882,17.0791,28.2627640217543,17.7532,6.0,16.69053,6.0,11.28447,-1.107372,111.3908,336.0
28.1624704208225,16.8616,28.2785591222346,17.3465,6.0,16.69065,6.0,11.45806,0.488331,113.100496,336.0
28.1790717206895,14.4753,28.296359622851,16.1383,6.0,16.68906,6.0,11.67542,-0.178222,112.682896,336.0
28.1952256206423,18.6712,28.3120899237692,17.3745,6.0,16.69049,6.0,12.22741,0.246552,110.287504,336.0
28.2136832214892,17.2829,28.3292651232332,17.215,6.0,16.69091,6.0,11.88597,-0.875586,111.571696,336.0
28.2281712219119,16.0003,28.3451478239149,14.206,6.0,16.69042,6.0,11.36907,-0.202479,111.797296,336.0
28.2449987214059,18.105,28.3635257240385,18.3103,6.0,16.69143,6.0,11.16482,0.178132,112.213904,336.0
28.2627640217543,14.6471,28.3791472241282,17.8543,6.0,16.68996,6.0,12.09555,-0.880182,110.6774,336.0
28.2785591222346,17.3902,28.3962148241699,14.9872,6.0,16.69047,6.0,9.689086,-0.051417,114.609696,336.0
28.296359622851,16.8031,28.413314525038,17.1675,6.0,16.69055,6.0,12.66028,-0.410836,111.6068,336.0
28.3120899237692,14.9465,28.430030124262,18.5858,6.0,16.6893,6.0,12.13547,-0.008407,113.253,336.0
28.3292651232332,18.7555,28.446263724938,14.4341,6.0,16.69078,6.0,10.05458,-0.597831,111.0554,336.0
28.3451478239149,16.2229,28.4628394246101,18.2696,6.0,16.69044,6.0,12.73862,-0.149588,111.565696,336.0
28.3635257240385,16.8277,28.4791072253138,14.3897,6.0,16.69054,6.0,10.41984,-0.012602,113.29,336.0
28.3791472241282,16.1529,28.4962038248777,16.8997,6.0,16.69016,6.0,12.30911,-1.105264,110.4562,336.0
28.3962148241699,16.7712,28.5136055257171,19.3154,6.0,16.69021,6.0,10.05683,-0.908917,111.012096,336.0
28.413314525038,17.1068,28.5302448254079,14.8433,6.0,16.69051,6.0,10.46189,-0.923234,111.2718,336.0
28.430030124262,16.0077,28.5462512262166,17.7161,6.0,16.69003,6.0,11.7726,-0.809692,113.0318,336.0
28.446263724938,17.5095,28.5633500255644,17.092,6.0,16.69061,6.0,11.93666,-0.4239,109.7576,336.0
28.4628394246101,16.6249,28.579272326082,14.2292,6.0,16.69056,6.0,10.85262,-0.143366,112.301696,336.0
28.4791072253138,16.3578,28.5969224255532,17.6414,6.0,16.69032,6.0,6.541134,-0.079416,112.9572,336.0
28.4962038248777,16.7598,28.6120059257373,16.9857,6.0,16.69037,6.0,12.61319,-0.230774,110.0714,336.0
28.5136055257171,16.5059,28.630454625003,16.9235,6.0,16.69024,6.0,12.5269,-0.212344,113.640704,336.0
28.5302448254079,17.1325,28.6462828246877,15.5934,6.0,16.69056,6.0,10.31497,0.032012,112.921904,336.0
28.5462512262166,14.921,28.6634173253551,18.8556,6.0,16.6893,6.0,11.73182,-0.776954,113.372704,336.0
28.5633500255644,18.0742,28.6802050257102,15.0683,6.0,16.69028,6.0,11.91357,-0.437957,111.8908,336.0
28.579272326082,17.0664,28.6972471261397,18.7122,6.0,16.69055,6.0,10.09914,0.101014,109.604096,336.0
28.5969224255532,16.6986,28.7135525261983,14.5008,6.0,16.69056,6.0,12.10579,-0.256067,111.5484,336.0
28.6120059257373,16.9275,28.7291161259636,17.437,6.0,16.69072,6.0,10.02265,-0.403328,113.161104,336.0
28.630454625003,16.3976,28.747341725044,18.1213,6.0,16.69052,6.0,12.64706,0.353761,111.178704,336.0
28.6462828246877,17.141,28.7634455254301,14.3067,6.0,16.69083,5.0,12.35829,0.143847,100.646896,336.0
28.6634173253551,16.552,28.7805292261764,17.1091,6.0,16.69074,5.0,9.825667,-0.318145,95.625504,336.0
28.6802050257102,17.5283,28.796593525447,17.7852,6.0,16.69133,5.0,12.24853,-0.113956,96.238304,336.0
28.6972471261397,15.7758,28.8137069260702,17.5353,6.0,16.69068,5.0,10.09744,-0.586362,93.850704,336.0
28.7135525261983,17.1216,28.8295306256041,13.8473,6.0,16.69098,5.0,11.23485,-0.624501,95.978496,336.0
28.7291161259636,14.685,28.8468247251585,17.2296,6.0,16.68957,5.0,9.963245,0.42723,97.6858,336.0
28.747341725044,18.3429,28.8640781259164,18.9965,6.0,16.69074,5.0,9.998556,-0.676135,92.8274,336.0
28.7634455254301,17.2932,28.8801476256922,14.4076,6.0,16.69116,5.0,11.63296,-0.837567,96.3894,336.0
28.7805292261764,15.3122,28.8974204258993,18.8811,6.0,16.69019,5.0,11.1423,-1.070232,97.099904,336.0
28.796593525447,15.1544,28.9136145254597,14.4356,6.0,16.68911,5.0,12.26047,-0.610551,94.636704,336.0
28.8137069260702,18.3923,28.9307198254392,18.8491,6.0,16.69031,5.0,11.37113,-0.7684,97.687,336.0
28.8295306256041,16.7381,28.9460440250114,15.2481,6.0,16.69034,5.0,10.93037,0.105898,96.4808,336.0
28.8468247251585,17.679,28.9630050258711,15.3921,6.0,16.69103,5.0,12.62283,0.624463,97.600896,336.0
28.8640781259164,15.7318,28.9807581258938,17.6754,6.0,16.69036,5.0,11.59875,-0.887253,96.643,336.0
28.8801476256922,16.8274,28.9973634267226,18.4398,6.0,16.69046,5.0,12.6267,-0.418275,97.9142,336.0
28.8974204258993,16.7189,29.0139326276258,14.7359,6.0,16.69048,5.0,12.622,-0.239804,94.4924,336.0
28.9136145254597,17.1125,29.0292871277779,17.0954,6.0,16.69077,5.0,10.12254,-0.831744,95.048,336.0
28.9307198254392,14.9442,29.0292871277779,4.4293,6.0,16.68955,5.0,11.32235,0.354571,99.7602,336.0
28.9460440250114,16.8473,29.0473990272731,11.826,6.0,16.68966,5.0,11.16387,-0.244239,96.869104,336.0
28.9630050258711,17.806,29.0639206264168,18.4168,6.0,16.69044,5.0,10.4499,0.002498,94.750704,336.0
28.9807581258938,17.1569,29.0805279258639,14.7693,6.0,16.69077,5.0,11.98754,-0.540865,96.830704,336.0
28.9973634267226,16.3921,29.0973162259907,18.5188,6.0,16.69056,5.0,11.41573,-0.309128,94.4032,336.0
29.0139326276258,16.0719,29.1150266267359,17.7803,6.0,16.69013,5.0,11.54304,0.008009,94.570096,336.0
29.0292871277779,19.0564,29.1308675259352,14.1974,6.0,16.69177,5.0,12.0884,-0.342754,98.398896,336.0
29.0473990272731,14.4479,29.1473248265684,18.0087,5.0,16.69021,5.0,8.126165,-0.268617,98.1322,336.0
29.0639206264168,16.1355,29.1641191262752,16.8447,5.0,16.68983,5.0,12.43043,0.21332,96.048704,336.0
29.0805279258639,17.682,29.1809508260339,15.2201,5.0,16.69052,5.0,10.26299,0.508957,98.538496,336.0
29.0973162259907,13.8918,29.1979774255306,16.9403,5.0,16.68858,5.0,11.84325,-1.398789,95.2274,336.0
29.1150266267359,19.3207,29.2142435256392,18.1137,5.0,16.6904,5.0,10.51632,-0.121697,94.950896,336.0
29.1308675259352,15.992,29.2332539260387,17.1116,5.0,16.68992,5.0,12.20228,0.06443,99.0642,336.0
29.1473248265684,14.943,29.2473376262933,13.9853,5.0,16.68871,5.0,16.17144,0.097702,94.208704,336.0
29.1641191262752,18.335,29.2652240265161,19.6051,5.0,16.68985,5.0,6.869289,-0.085639,96.860096,336.0
29.1809508260339,16.8877,29.2804779261351,13.4656,5.0,16.68998,5.0,13.185,-0.481105,95.210496,336.0
29.1979774255306,16.7734,29.2977230269462,17.3291,5.0,16.69004,5.0,11.81027,-0.545285,95.906704,336.0
29.2142435256392,14.3831,29.3149132262915,19.0944,5.0,16.68845,5.0,10.0978,-0.574071,97.326304,336.0
29.2332539260387,18.6568,29.3302367264405,15.7649,5.0,16.68981,5.0,11.61964,0.458626,96.982,336.0
29.2473376262933,17.1612,29.3475842261687,15.0429,5.0,16.69013,5.0,10.53741,-0.601055,95.593904,336.0
29.2652240265161,16.9078,29.3645761264488,18.9872,5.0,16.69028,5.0,12.41648,0.343081,97.9306,336.0
29.2804779261351,16.0365,29.3800979265943,13.6086,5.0,16.68983,5.0,12.43107,-0.564158,97.840304,336.0
29.2977230269462,17.5,29.3975638272241,17.6671,5.0,16.69039,5.0,11.02697,0.540484,94.8178,336.0
29.3149132262915,14.3081,29.4139686273411,18.1359,5.0,16.68875,5.0,11.52176,0.3785,97.892896,336.0
29.3302367264405,18.1926,29.4338819282129,17.9267,5.0,16.68979,5.0,11.12342,0.104836,97.2512,336.0
29.3475842261687,16.3116,29.4480721279979,14.2266,5.0,16.68953,5.0,11.59046,-0.683277,95.7184,336.0
29.3645761264488,17.0952,29.4655678272247,19.5839,5.0,16.6898,5.0,12.40082,-0.791792,98.8958,336.0
29.3800979265943,17.0397,29.481276826933,13.728,5.0,16.69004,5.0,9.4216,-0.832217,95.5618,336.0
29.3975638272241,16.419,29.4976543262601,16.1617,5.0,16.68986,5.0,11.42706,-0.07563,96.6136,336.0
29.4139686273411,15.0416,29.5149426255375,19.1344,5.0,16.68873,5.0,10.48998,-0.863463,99.270704,336.0
29.4338819282129,18.7935,29.5308232251555,13.9373,5.0,16.69017,5.0,12.40569,0.279918,96.0128,336.0
29.4480721279979,16.4588,29.5481176245958,19.1104,5.0,16.69001,5.0,12.70512,-0.616826,96.231104,336.0
29.4655678272247,17.1137,29.5653113238513,15.4633,5.0,16.6903,5.0,11.49183,-0.965029,98.834,336.0
29.481276826933,15.58,29.5813843235373,16.2761,5.0,16.68954,5.0,11.91126,-0.771536,95.5874,336.0
29.4976543262601,17.4604,29.5979848243296,18.8798,5.0,16.69007,5.0,11.51768,-0.676143,97.0096,336.0
29.5149426255375,16.0644,29.6160026248544,15.7191,5.0,16.68964,5.0,9.902226,-0.63285,96.720896,336.0
29.5308232251555,17.1426,29.6316781248897,15.7538,5.0,16.68995,5.0,12.59603,0.120743,95.1624,336.0
29.5481176245958,14.7117,29.6471769250929,17.048,5.0,16.68861,5.0,11.79544,-0.305864,96.658896,336.0
29.5653113238513,18.1528,29.6649262253195,18.0634,5.0,16.6896,5.0,12.46934,0.884029,95.2496,336.0
29.5813843235373,16.729,29.6808026246727,13.7007,5.0,16.68963,5.0,10.84115,0.373922,93.951696,336.0
29.5979848243296,15.3993,29.6972576249391,18.4743,5.0,16.68875,5.0,12.26776,-0.333585,95.1292,336.0
29.6160026248544,18.7065,29.7154433242977,18.0636,5.0,16.69012,5.0,11.55986,0.117714,96.339104,336.0
29.6316781248897,16.3412,29.731872824952,14.81,5.0,16.68988,5.0,10.17567,0.066446,94.9262,336.0
29.6471769250929,14.9821,29.7482389248908,18.1587,5.0,16.68873,4.0,8.831678,-0.404017,98.849904,336.0
29.6649262253195,18.3543,29.7650967240334,15.0181,5.0,16.68985,3.0,11.25858,-1.2632,95.525104,336.0
29.6808026246727,16.401,29.7809315249324,17.4522,5.0,16.68966,2.0,8.095186,-0.131127,96.7428,336.0
29.6972576249391,15.6562,29.7990066241473,18.3132,5.0,16.68896,1.0,10.04825,0.0535,94.5286,336.0
29.7154433242977,18.0088,29.8151426240802,14.7503,5.0,16.68985,0.0,11.77042,-0.420944,93.902304,336.0
29.731872824952,16.5244,29.832090023905,16.7427,5.0,16.68974,8.0,10.9486,-0.520407,15.7884,336.0
29.7482389248908,16.8639,29.8482016231865,19.4666,5.0,16.68986,7.0,13.17753,-0.164251,25.7853,336.0
29.7650967240334,16.782,29.8650460224599,13.5344,5.0,16.68992,7.0,10.3154,-0.271178,39.8369,336.0
29.7809315249324,14.9077,29.8812914229929,16.3395,5.0,16.68872,7.0,9.777444,-0.196384,56.4879,336.0
29.7990066241473,18.7835,29.8983863238245,18.4857,5.0,16.69013,7.0,12.22351,-0.117924,69.5624,336.0
29.8151426240802,16.7449,29.9151270240545,15.1852,5.0,16.69017,7.0,12.27495,-0.438459,86.2624,336.0
29.832090023905,16.9622,29.9320486243814,18.4578,5.0,16.69035,7.0,10.07918,-1.04578,101.376496,336.0
29.8482016231865,17.2224,29.9479757249355,15.8132,5.0,16.69071,7.0,12.19448,-0.454044,113.8502,336.0
29.8650460224599,15.7358,29.9640822242945,14.4367,5.0,16.69007,7.0,12.14392,-0.355512,128.282096,336.0
29.8812914229929,17.4325,29.9825643245131,18.6104,5.0,16.69056,7.0,10.46186,-0.342652,131.366896,336.0
29.8983863238245,15.9444,29.9981458242983,17.1531,5.0,16.69006,7.0,12.45178,-0.38377,131.3462,336.0
29.9151270240545,17.037,30.0152431242168,15.6257,5.0,16.69029,7.0,11.27484,-0.243708,129.2502,336.0
29.9320486243814,15.0807,30.0322205238044,19.0029,5.0,16.68922,7.0,12.46131,-0.85228,131.741296,336.0
29.9479757249355,17.9218,30.0490863230079,14.5959,5.0,16.69004,7.0,12.28325,-0.683765,129.722496,336.0
29.9640822242945,17.2508,30.0659244228154,18.468,5.0,16.69042,7.0,10.61317,0.428906,128.544704,336.0
29.9825643245131,16.2172,30.0815146230161,14.0033,5.0,16.6901,6.0,10.20941,-0.49581,129.986304,336.0
29.9981458242983,17.1565,30.098186923191,16.5298,5.0,16.69041,5.0,11.93068,-0.61833,128.5666,336.0
30.1320617236197,134.0218,30.1490954235196,55.9073,5.0,16.76869,4.0,11.33646,-0.537091,132.400496,336.0
30.1320617236197,2.0614,30.1660009231418,12.0573,0.0,16.75888,3.0,10.79729,0.796135,128.379504,336.0
30.1320617236197,2.2673,30.1824995223433,16.3279,1.0,16.74923,2.0,11.22111,-0.10605,131.8724,336.0
30.1320617236197,1.6778,30.1991079226136,18.3189,2.0,16.73919,1.0,12.43823,0.697826,128.9182,336.0
30.1490954235196,2.1312,30.2159067224711,15.2135,3.0,16.72947,0.0,10.80429,0.535319,131.7524,336.0
30.1490954235196,1.69,30.2326839230955,18.381,3.0,16.71947,7.0,12.49117,-0.122204,15.8678,336.0
30.1490954235196,1.8472,30.2491368222982,16.9608,4.0,16.70959,7.0,9.25655,-0.620899,28.0817,336.0
30.1490954235196,2.1999,30.2660074215382,14.6742,5.0,16.69996,7.0,12.04527,0.52201,42.6928,336.0
30.1490954235196,0.6955,30.2811671216041,15.1263,6.0,16.68934,7.0,11.13228,-0.184556,59.0349,336.0
30.1660009231418,17.2483,30.2993321213871,20.333,7.0,16.68971,7.0,9.566004,0.208674,72.5196,336.0
30.1824995223433,16.6291,30.3180026207119,16.6083,7.0,16.68967,7.0,11.9146,-1.610549,90.442304,336.0
30.1991079226136,16.8964,30.3328674202785,14.8001,7.0,16.6898,7.0,10.75189,-0.179802,102.8618,336.0
30.2159067224711,16.1552,30.3493650211021,18.6457,7.0,16.68945,7.0,11.05546,-1.160933,118.8812,336.0
30.2326839230955,15.5796,30.3650548206642,13.5657,7.0,16.68872,7.0,12.07173,-0.777218,130.8208,336.0
30.2491368222982,18.6767,30.3824893208221,17.4932,7.0,16.69003,7.0,9.990949,-0.732803,129.4408,336.0
30.2660074215382,15.9051,30.3982036216184,17.3462,7.0,16.68951,7.0,11.4267,-0.319288,131.764,336.0
30.2811671216041,17.406,30.4159817220643,15.9862,7.0,16.68999,7.0,11.80433,-0.247273,128.652096,336.0
30.2993321213871,15.1446,30.4332211213186,18.9787,7.0,16.68896,7.0,13.10622,-1.281158,128.651104,336.0
30.3180026207119,18.3504,30.4491131221876,14.3308,7.0,16.69006,7.0,10.7466,0.420357,131.2016,336.0
30.3328674202785,15.997,30.4668836230412,19.4877,7.0,16.6896,7.0,12.53709,-0.157928,128.905504,336.0
30.3493650211021,17.3321,30.4830256225541,14.3774,7.0,16.69003,7.0,10.12957,-0.460013,128.030096,336.0
30.3650548206642,15.304,30.4996669227257,18.1382,7.0,16.68912,7.0,11.87606,0.193257,130.2176,336.0
30.4996669227257,132.8809,30.5169128226116,16.9962,7.0,16.76551,7.0,11.25554,-0.118659,129.576496,336.0
30.4996669227257,2.3902,30.5328706232831,14.6025,0.0,16.75606,7.0,11.16553,-0.011529,128.1152,336.0
30.4996669227257,2.2561,30.5481640230864,16.8686,1.0,16.74654,7.0,10.07521,-0.934429,130.158704,336.0
30.4996669227257,1.9334,30.5660553239286,18.2755,2.0,16.73682,7.0,10.68964,-0.329876,130.5742,336.0
30.4996669227257,1.5479,30.5829873234034,15.0302,3.0,16.72686,7.0,9.131259,-0.759448,129.2708,336.0
30.4996669227257,0.4724,30.5993783231825,18.3942,4.0,16.71621,7.0,10.25703,-0.319138,130.0194,336.0
30.5169128226116,2.4196,30.6162905227393,14.8386,5.0,16.70685,7.0,11.81153,-0.719069,130.0458,336.0
30.5169128226116,1.1836,30.6333966236562,17.2026,5.0,16.69669,7.0,12.80788,0.658803,129.879296,336.0
30.5169128226116,6.1251,30.6497101243585,18.064,6.0,16.68977,7.0,10.71855,0.656658,130.7712,336.0
30.5328706232831,16.3662,30.6664253249764,14.9863,7.0,16.68956,7.0,12.65184,-0.221542,129.885104,336.0
30.5481640230864,15.2665,30.6824674252421,17.5894,7.0,16.68863,7.0,10.79067,-0.403325,129.831504,336.0
30.5660553239286,18.257,30.6993021257222,15.1447,7.0,16.68966,7.0,10.3258,0.18712,130.1844,336.0
30.5829873234034,16.7596,30.7159767262638,16.7581,7.0,16.6897,7.0,10.98754,0.435434,130.625904,336.0
30.5993783231825,16.5285,30.7334516271949,19.0785,7.0,16.6896,7.0,8.942842,-1.218628,129.8344,336.0
30.6162905227393,16.327,30.7492525279522,14.0307,7.0,16.68936,7.0,11.96663,-0.628698,131.0744,336.0
30.6333966236562,17.9424,30.7661899272352,17.0666,7.0,16.69018,7.0,12.32858,-0.659917,129.815504,336.0
30.6497101243585,16.2791,30.7830111272633,18.466,7.0,16.68991,7.0,10.14927,-1.146899,129.778096,336.0
30.6664253249764,17.2861,30.8013325277716,16.6448,7.0,16.6903,7.0,11.51453,-0.912157,130.119104,336.0
30.6824674252421,16.2053,30.8161301277578,14.7434,7.0,16.68998,7.0,11.9203,-1.582389,131.134896,336.0
30.6993021257222,17.1858,30.833695827052,19.2287,7.0,16.6903,7.0,12.56392,-0.554375,129.3986,336.0
30.7159767262638,16.0489,30.8496136274189,16.4662,7.0,16.68989,7.0,9.988399,-0.663877,130.211296,336.0
30.7334516271949,16.819,30.8671875279397,15.5132,7.0,16.68997,6.0,11.22876,-0.790603,119.8912,336.0
30.7492525279522,16.9077,30.8831120282412,17.6557,7.0,16.69011,6.0,12.80029,0.030746,113.642096,336.0
30.7661899272352,16.3524,30.8997128289193,16.3789,7.0,16.68989,6.0,11.65998,-1.089734,110.722896,336.0
30.7830111272633,14.9535,30.9160680286586,14.7867,7.0,16.68877,6.0,10.19688,0.396903,114.303,336.0
30.8013325277716,18.4671,30.9338380284607,19.3578,7.0,16.68992,6.0,12.4047,-0.185201,112.879104,336.0
30.8161301277578,16.6561,30.9513043276966,15.7697,7.0,16.6899,6.0,11.18185,-1.222373,112.762,336.0
30.833695827052,15.0301,30.9661706276238,14.9765,7.0,16.68883,6.0,11.91113,-0.920289,115.823696,336.0
30.8496136274189,18.2799,30.9831012282521,18.6319,7.0,16.68985,6.0,11.3371,-1.395088,108.822896,336.0
30.8671875279397,16.9416,31.0001201275736,17.3827,7.0,16.69002,6.0,9.411401,0.087536,116.689104,336.0
30.8831120282412,14.814,31.0160684268922,14.0225,7.0,16.68881,6.0,11.96217,0.349205,111.558,336.0
30.8997128289193,18.3394,31.0337654277682,19.5804,7.0,16.68987,6.0,11.56819,-0.212332,113.434304,336.0
30.9160680286586,17.6805,31.0504029281437,16.4194,7.0,16.69051,6.0,12.81639,-0.26618,116.618896,336.0
30.9338380284607,14.068,31.0662159286439,14.0302,7.0,16.68882,6.0,11.66816,-0.637412,112.7684,336.0
30.9513043276966,18.7942,31.0836468283087,19.1346,7.0,16.69017,6.0,9.767395,-0.15216,114.1868,336.0
30.9661706276238,16.0667,31.1024917289615,17.0836,7.0,16.68977,6.0,11.45173,0.026651,116.009,336.0
30.9831012282521,15.6579,31.1163524286821,13.9219,7.0,16.68911,6.0,10.32698,-1.015416,113.263696,336.0
31.0001201275736,17.6859,31.1332302289084,18.4975,7.0,16.68975,6.0,11.92051,0.434727,114.896896,336.0
31.0160684268922,17.2345,31.1505783284083,17.3459,7.0,16.6901,6.0,12.28786,-0.469593,115.312096,336.0
31.0337654277682,14.7152,31.1505783284083,4.2808,7.0,16.68883,6.0,10.11535,-0.93722,112.4304,336.0
31.0504029281437,18.0754,31.166767728515,11.8261,7.0,16.68972,6.0,11.76262,-0.556087,114.1484,336.0
31.0662159286439,17.7984,31.1831699283794,14.8795,7.0,16.69043,6.0,12.85567,-0.631637,116.3148,336.0
31.0836468283087,13.9534,31.2006354285404,17.5328,7.0,16.68868,6.0,5.260693,0.041047,112.768896,336.0
31.1024917289615,19.2915,31.2167904293165,17.8667,7.0,16.69034,6.0,12.40402,-0.370689,113.0356,336.0
31.1163524286821,15.1946,31.2332792291418,15.0808,7.0,16.68939,6.0,11.15949,-0.084467,117.467296,336.0
31.1332302289084,14.7101,31.2512460285798,17.7683,7.0,16.68813,6.0,12.31404,-1.315523,111.768304,336.0
31.1505783284083,23.8912,31.2665284285322,16.8891,7.0,16.69272,6.0,10.68605,0.227392,116.0242,336.0
31.166767728515,9.8114,31.2839813278988,17.6771,6.0,16.68833,6.0,11.68899,-0.249459,115.554704,336.0
31.1831699283794,18.2816,31.299241527915,13.1503,6.0,16.68935,6.0,10.47597,-0.234377,113.0966,336.0
31.2006354285404,16.5811,31.317599227652,18.4576,6.0,16.68928,6.0,9.983823,0.006879,112.421504,336.0
31.2167904293165,15.1976,31.3341948278248,18.3812,6.0,16.68833,6.0,13.18241,-0.651135,114.271504,336.0
31.2332792291418,17.7535,31.3499216269702,13.904,6.0,16.68901,6.0,11.38596,-0.467829,113.5858,336.0
31.2512460285798,16.7721,31.3662908263505,18.1884,6.0,16.68906,6.0,9.986677,0.06114,111.468704,336.0
31.2665284285322,15.1853,31.385073127225,17.0074,6.0,16.6881,6.0,12.08082,-0.589384,115.980896,336.0
31.2839813278988,19.2049,31.4015181269497,16.4588,6.0,16.6897,6.0,9.919535,-0.075691,113.613104,336.0
31.299241527915,15.6595,31.4171401271597,17.2919,6.0,16.68905,6.0,12.60333,0.050878,112.322096,336.0
31.317599227652,17.2404,31.4365215273574,17.6552,6.0,16.6894,6.0,12.15936,0.153021,114.797696,336.0
31.3341948278248,16.9473,31.4505642270669,14.0652,6.0,16.68956,6.0,10.09058,-0.542513,112.6724,336.0
31.3499216269702,15.7546,31.4680106276646,17.4719,6.0,16.68897,6.0,12.41379,0.196803,111.3944,336.0
31.3662908263505,15.4673,31.483986726962,17.6335,6.0,16.6882,6.0,9.729322,-0.447298,114.1678,336.0
31.385073127225,18.3905,31.5005769273266,14.8458,6.0,16.68927,6.0,9.466479,-0.075699,112.381296,336.0
31.4015181269497,16.4522,31.5173031268641,16.7171,6.0,16.68912,6.0,11.37541,-0.213625,112.6188,336.0
31.4171401271597,15.4172,31.5353109268472,19.8482,6.0,16.68832,7.0,12.2458,-0.05188,113.0654,336.0
31.4365215273574,19.4662,31.5509378267452,13.7662,6.0,16.69007,6.0,9.765198,-0.089549,111.487104,336.0
31.4505642270669,15.0258,31.5683049270883,19.2816,6.0,16.68902,6.0,12.2064,-0.584121,112.317904,336.0
31.4680106276646,16.4564,31.58415092621,15.9867,6.0,16.68888,6.0,10.05252,-0.797395,115.1478,336.0
31.483986726962,17.6357,31.6012994265184,15.1787,6.0,16.68947,6.0,10.12208,0.19208,113.7588,336.0
31.5005769273266,17.4169,31.6180273266509,16.74,6.0,16.68993,6.0,10.07055,-0.250917,112.6768,336.0
31.5173031268641,17.5551,31.6356556257233,19.4042,6.0,16.69048,6.0,11.85672,-0.149499,114.9676,336.0
31.5353109268472,16.1915,31.6509332256392,15.5052,6.0,16.69016,6.0,10.5295,0.036288,115.699104,336.0
31.5509378267452,17.4022,31.6682509249076,15.2851,6.0,16.69061,6.0,12.52782,-1.563487,113.1642,336.0
31.5683049270883,14.0776,31.6852154256776,18.589,6.0,16.68897,6.0,11.59172,-0.183198,115.6154,336.0
31.58415092621,18.7435,31.7012876262888,16.3749,6.0,16.69026,6.0,10.0342,0.529899,114.404704,336.0
31.6012994265184,16.3898,31.7182680265978,15.0986,6.0,16.69007,6.0,9.721912,1.22457,114.1762,336.0
31.6180273266509,17.0466,31.7356880260631,19.5218,6.0,16.69029,6.0,11.90589,-0.044821,115.3244,336.0
31.6356556257233,15.1901,31.7509655263275,13.0653,6.0,16.68935,6.0,11.9107,-0.171986,114.1766,336.0
31.6509332256392,17.7306,31.7674661260098,16.4509,6.0,16.69001,7.0,12.067,-0.377651,116.6672,336.0
31.6682509249076,17.4716,31.7857511267066,20.2455,6.0,16.69049,6.0,11.14023,-1.467916,113.3122,336.0
31.6852154256776,14.3297,31.8001378262416,12.5443,6.0,16.68902,6.0,8.527821,0.595819,112.088896,336.0
31.7012876262888,18.0798,31.818335625343,18.3151,6.0,16.68989,6.0,10.25379,-0.087446,115.4628,336.0
31.7182680265978,17.319,31.8342325249687,17.7663,6.0,16.69028,6.0,9.884251,-1.427511,114.025904,336.0
31.7356880260631,17.0765,31.8517821254209,15.4962,6.0,16.69052,6.0,10.75692,-0.221576,112.448704,336.0
31.7509655263275,15.7408,31.8683184245601,16.5717,6.0,16.68993,6.0,13.06598,-0.573241,115.539,336.0
31.7674661260098,15.1954,31.884560325183,18.0239,6.0,16.689,6.0,8.866246,-1.643124,116.126704,336.0
31.7857511267066,18.6323,31.9035581247881,17.2432,6.0,16.69021,6.0,9.858211,-1.296883,112.036496,336.0
31.8001378262416,15.1763,31.9174520252272,14.0956,6.0,16.68927,6.0,13.22028,0.172258,115.006896,336.0
31.818335625343,16.331,31.9345618253574,18.6192,6.0,16.68904,6.0,16.55254,-0.548101,114.366,336.0
31.8342325249687,14.5852,31.9516691258177,15.317,6.0,16.68773,6.0,5.995824,-0.32406,113.7066,336.0
31.8517821254209,18.5462,31.9675664259121,16.0123,6.0,16.68889,6.0,11.93988,-0.372319,115.568896,336.0
31.8683184245601,16.6213,31.9845249252394,19.0704,6.0,16.68885,6.0,13.10984,-0.348878,115.824496,336.0
31.884560325183,16.0327,32.0015511261299,14.8213,6.0,16.68844,6.0,11.4545,-1.378737,112.651296,336.0
31.9035581247881,17.4346,32.0185517268255,17.2057,6.0,16.6889,6.0,10.36026,-1.060896,115.21,336.0
31.9174520252272,16.5239,32.0344612272456,17.6722,6.0,16.6888,6.0,11.72862,-0.495779,112.4588,336.0
31.9345618253574,15.9861,32.0510046267882,14.8379,6.0,16.68837,6.0,10.31868,-1.506162,114.3604,336.0
31.9516691258177,17.6351,32.0693002259359,20.1259,6.0,16.68895,6.0,11.92254,0.465455,115.3068,336.0
31.9675664259121,16.3988,32.0843482259661,13.0423,6.0,16.68877,6.0,10.9019,-0.888628,116.281,336.0
31.9845249252394,17.9499,32.1011371258646,16.7258,6.0,16.68955,6.0,9.264079,-0.488111,111.9078,336.0
32.0015511261299,15.745,32.1185378264636,19.1316,6.0,16.68897,6.0,11.95246,0.442,104.922896,336.0
32.0185517268255,16.7345,32.1354153268039,15.2846,6.0,16.689,5.0,11.11594,-0.403207,95.369904,336.0
32.0344612272456,17.2133,32.1510492265224,15.6379,6.0,16.68932,5.0,9.582228,0.394491,99.660496,336.0
32.0510046267882,16.3228,32.1686233263463,19.4122,6.0,16.68909,5.0,12.64511,0.346029,97.247296,336.0
32.0693002259359,16.2479,32.1852982267737,16.8333,6.0,16.68882,5.0,8.013,-0.527433,96.987296,336.0
32.0843482259661,17.8436,32.2011586260051,13.7525,6.0,16.68953,6.0,9.625807,0.661183,99.9692,336.0
32.1011371258646,16.1905,32.2182757258415,19.1608,6.0,16.68923,5.0,12.32931,0.248488,94.3926,336.0
32.1185378264636,15.6023,32.2352326251566,14.9609,6.0,16.68856,5.0,11.26207,-1.257826,96.2644,336.0
32.1354153268039,17.1531,32.251695625484,16.493,6.0,16.68884,5.0,9.589733,-0.81848,97.1678,336.0
32.1510492265224,16.7374,32.2682948261499,18.5991,6.0,16.68887,5.0,12.17112,-0.769508,99.6852,336.0
32.1686233263463,16.4793,32.2853217255324,16.7346,6.0,16.68874,5.0,11.07371,-0.234284,96.5072,336.0
32.1852982267737,18.3406,32.3024098258466,15.1666,6.0,16.68976,5.0,9.706726,0.533072,100.651104,336.0
32.2011586260051,15.4317,32.3185948263854,17.9902,6.0,16.68899,5.0,10.95328,-0.728342,99.674096,336.0
32.2182757258415,17.7033,32.3352640271187,14.9516,6.0,16.68961,5.0,12.79911,-0.673766,96.7374,336.0
32.2352326251566,15.6401,32.3526599276811,17.5413,6.0,16.68896,5.0,11.08628,-0.051608,97.548304,336.0
32.251695625484,16.6362,32.3684830274433,17.5909,6.0,16.68893,5.0,12.19063,-0.134605,95.8408,336.0
32.2682948261499,16.1595,32.3854912277311,17.1244,6.0,16.68861,5.0,11.35154,-1.654421,99.709104,336.0
32.2853217255324,18.499,32.401511227712,14.1253,6.0,16.68972,5.0,10.83067,-0.778254,97.8418,336.0
32.3024098258466,15.6459,32.4185078274459,16.8868,6.0,16.68908,5.0,12.54301,0.324461,96.025296,336.0
32.3185948263854,15.7064,32.4185078274459,7.479,6.0,16.68848,5.0,10.1678,0.526797,97.8128,336.0
32.3352640271187,17.7001,32.4341978281736,8.1463,6.0,16.68909,5.0,11.97162,0.645983,97.1714,336.0
32.3526599276811,16.5918,32.4530257284641,20.8824,6.0,16.68904,5.0,11.88895,-0.25299,99.483504,336.0
32.3684830274433,15.8751,32.4685891289264,13.4633,6.0,16.68854,5.0,10.84174,-0.712547,95.6914,336.0
32.3854912277311,17.1387,32.4853100292385,16.8766,6.0,16.68881,5.0,11.3113,0.731513,99.214096,336.0
32.401511227712,17.1831,32.5033115297556,20.164,6.0,16.68912,5.0,11.11482,-0.300523,96.3124,336.0
32.4185078274459,20.1401,32.5184492301196,14.5706,6.0,16.69122,5.0,9.29609,-0.932755,95.705696,336.0
32.4341978281736,13.4045,32.5353233292699,15.2792,5.0,16.68922,5.0,10.81385,-0.571399,97.941296,336.0
32.4530257284641,17.9582,32.5521411299706,18.8503,5.0,16.68999,5.0,12.46379,0.646786,98.8884,336.0
32.4685891289264,14.785,32.5694473292679,17.3021,5.0,16.68883,5.0,9.510723,-0.998902,95.132896,336.0
32.4853100292385,16.8268,32.5851835291833,13.6563,5.0,16.68891,5.0,12.21716,0.724475,97.786,336.0
32.5033115297556,14.8917,32.6024459283799,19.0277,5.0,16.68782,5.0,12.6696,-0.323705,98.0808,336.0
32.5184492301196,18.9778,32.6222301274538,18.0001,5.0,16.68921,5.0,11.01461,0.343554,95.443904,336.0
32.5353233292699,15.7552,32.6350848274305,12.8196,5.0,16.68865,5.0,11.2597,0.18962,99.8452,336.0
32.5521411299706,16.6347,32.6525527266786,17.4434,5.0,16.68861,5.0,11.17453,-0.587665,96.5782,336.0
32.5694473292679,19.0319,32.6681025270373,17.3239,5.0,16.69003,5.0,9.389505,-1.108063,96.398096,336.0
32.5851835291833,14.4654,32.6877459269017,18.3354,5.0,16.68869,5.0,12.08145,-0.487473,99.428896,336.0
32.6024459283799,16.5629,32.7028622273356,14.6931,5.0,16.68861,5.0,11.36218,-0.500147,94.221504,336.0
32.6222301274538,19.5326,32.7185232266784,17.7209,5.0,16.69033,5.0,9.586665,0.060603,97.149,336.0
32.6350848274305,14.6975,32.7369848266244,16.4799,5.0,16.68913,5.0,12.43506,-0.575331,99.108496,336.0
32.6525527266786,16.3147,32.7527120262384,15.6724,5.0,16.6889,5.0,12.89577,-0.652053,97.725,336.0
32.6681025270373,15.2262,32.7683523260057,17.5377,5.0,16.68802,5.0,10.47125,-0.176658,96.607504,336.0
32.6877459269017,19.9497,32.7864625267684,16.1587,5.0,16.68998,5.0,12.1743,-0.425098,100.486304,336.0
32.7028622273356,15.4936,32.8035604264587,19.014,5.0,16.68926,5.0,5.705831,-0.71322,97.950896,336.0
32.7185232266784,17.0594,32.8195128273219,14.1593,5.0,16.68949,5.0,12.50675,-0.07015,96.714096,336.0
32.7369848266244,16.4974,32.8352223280817,15.8884,5.0,16.68937,5.0,11.07056,-0.755384,101.561904,336.0
32.7527120262384,16.67,32.85254592821,18.9049,5.0,16.68936,5.0,11.7742,0.426306,97.364896,336.0
32.7683523260057,16.2972,32.8711306285113,17.244,5.0,16.68912,5.0,12.18382,-0.346027,96.506096,336.0
32.7864625267684,17.559,32.8851828286424,13.8122,5.0,16.68964,5.0,10.75735,0.824583,99.0044,336.0
32.8035604264587,15.9475,32.9019783278927,18.5907,5.0,16.6892,5.0,10.22888,0.375094,95.311904,336.0
32.8195128273219,17.5194,32.9191065272316,17.8141,5.0,16.6897,5.0,12.74109,0.452265,96.870704,336.0
32.8352223280817,16.4373,32.935670026578,13.7994,5.0,16.68955,5.0,11.24093,-0.057749,96.7146,336.0
32.85254592821,15.0824,32.9530493272468,19.4833,5.0,16.68858,5.0,10.56022,0.434896,98.266096,336.0
32.8711306285113,19.1128,32.9690690273419,15.8456,5.0,16.69003,5.0,8.880706,0.008806,96.504304,336.0
32.8851828286424,14.553,32.9853428276256,14.3726,5.0,16.68876,5.0,11.23693,-0.942662,98.534704,336.0
32.9019783278927,16.047,33.0022257277742,19.0782,5.0,16.68837,5.0,9.702049,-0.738502,99.223296,336.0
32.9191065272316,19.9894,33.0192321268842,14.7937,5.0,16.69035,5.0,10.0028,0.061597,97.144704,336.0
32.935670026578,13.823,33.0359651269391,16.7362,5.0,16.68863,6.0,11.19869,0.501252,102.139904,336.0
32.9530493272468,17.2647,33.0533144278452,19.2246,5.0,16.68898,5.0,9.972162,0.087886,96.2002,336.0
32.9690690273419,17.7369,33.0711344284937,16.3524,5.0,16.6896,5.0,10.7117,-0.609249,96.8322,336.0
32.9853428276256,15.9205,33.086197828874,14.8025,5.0,16.68914,5.0,12.5882,-0.178124,98.597,336.0
33.0022257277742,15.1503,33.1034652292728,19.0293,5.0,16.68822,5.0,10.00285,0.250821,96.277904,336.0
33.0192321268842,18.3301,33.1192942298949,15.7934,5.0,16.6892,5.0,9.667914,-0.38163,98.7048,336.0
33.0359651269391,16.1847,33.1360277291387,14.948,5.0,16.6889,5.0,11.56875,-0.465061,100.4042,336.0
33.0533144278452,16.639,33.1553740296513,21.487,5.0,16.68887,5.0,12.48542,-1.035316,97.3808,336.0
33.0711344284937,18.4756,33.1700384300202,14.2771,5.0,16.68994,5.0,9.995779,0.746924,97.0302,336.0
33.086197828874,15.0876,33.1860266309232,14.2292,5.0,16.68898,5.0,11.49453,-1.414262,97.983104,336.0
33.1034652292728,16.776,33.2033384311944,19.2745,5.0,16.68904,5.0,12.07276,-1.271974,98.920704,336.0
33.1192942298949,17.3701,33.2190746311098,13.6771,5.0,16.68944,5.0,10.50732,-0.19159,95.2238,336.0
33.1360277291387,15.8269,33.2364669311792,17.3857,5.0,16.68893,5.0,12.60978,-1.206721,97.097904,336.0
33.1553740296513,18.9321,33.2533088307828,18.7739,5.0,16.69026,5.0,10.77626,-0.047585,97.6592,336.0
33.1700384300202,15.9902,33.2723980303854,17.5428,5.0,16.68984,5.0,11.66417,-0.976151,95.8848,336.0
33.1860266309232,15.2075,33.2861137306318,13.4433,5.0,16.68896,5.0,12.97229,-0.490498,97.9868,336.0
33.2033384311944,16.5829,33.3031260306016,18.6131,5.0,16.6889,5.0,11.91172,-1.281897,98.5664,336.0
33.2190746311098,16.7177,33.3199912300333,17.41,5.0,16.68892,5.0,11.25179,0.379726,97.874,336.0
33.2364669311792,16.5373,33.3366674305871,14.4542,5.0,16.68883,5.0,11.80415,-0.723716,97.933904,336.0
33.2533088307828,16.6234,33.3539716312662,21.6182,5.0,16.68879,4.0,11.1255,-0.283556,98.157696,336.0
33.2723980303854,19.5451,33.3700693314895,13.6046,5.0,16.69048,3.0,10.6028,0.083187,98.0304,336.0
33.2861137306318,14.3576,33.3868236308917,14.9908,5.0,16.6891,2.0,13.08657,0.111773,100.304096,336.0
33.3031260306016,15.683,33.4023649310693,17.4462,5.0,16.68851,1.0,11.46132,-0.321038,96.418704,336.0
33.3199912300333,19.133,33.4202135307714,16.813,5.0,16.68995,0.0,10.30146,-0.444263,98.873504,336.0
33.3366674305871,14.9824,33.4385529300198,17.4106,5.0,16.68894,7.0,12.00961,-0.845971,17.8941,336.0
33.3539716312662,14.8223,33.4532439298928,16.5204,5.0,16.68784,7.0,11.52513,-0.481632,33.5721,336.0
33.3700693314895,19.9168,33.4716685302556,16.8921,5.0,16.68974,7.0,9.630838,0.269243,46.3797,336.0
33.3868236308917,15.5846,33.4870462305844,15.2335,5.0,16.68909,7.0,11.89536,0.141569,58.8359,336.0
33.4023649310693,15.0879,33.5033043306321,16.041,5.0,16.68815,7.0,10.31407,-0.464874,77.9072,336.0
33.4202135307714,17.8334,33.520214529708,18.7763,5.0,16.68883,7.0,12.61573,-0.115431,92.6498,336.0
33.4385529300198,18.097,33.5364172291011,14.3935,5.0,16.68965,7.0,12.40946,-0.914334,106.007904,336.0
33.4532439298928,14.7661,33.553014928475,16.6398,5.0,16.68852,7.0,9.777931,0.134482,122.6564,336.0
33.4716685302556,19.0136,33.570427628234,19.5739,5.0,16.68989,7.0,11.62067,-1.486268,132.8928,336.0
33.4870462305844,15.0784,33.5860343286768,13.2877,5.0,16.68894,8.0,10.60643,0.241876,133.0906,336.0
33.5033043306321,15.9042,33.6039463290945,18.0057,5.0,16.68848,7.0,10.19973,-0.604447,129.666096,336.0
33.520214529708,17.0099,33.6197783285752,17.5896,5.0,16.68867,7.0,12.66402,-0.152663,133.2906,336.0
33.5364172291011,16.5303,33.6371995294467,15.8363,5.0,16.68858,7.0,11.71857,-0.040997,132.494,336.0
33.553014928475,16.3108,33.6535775298253,16.3712,5.0,16.68836,7.0,11.42012,0.255767,128.1716,336.0
33.570427628234,18.856,33.6710872305557,19.0784,5.0,16.68962,7.0,11.18285,-0.090759,132.0546,336.0
33.5860343286768,14.4435,33.6871235305443,14.3163,5.0,16.68831,7.0,12.28506,-1.202241,131.3086,336.0
33.6039463290945,17.3791,33.7051334297284,19.6522,5.0,16.68871,7.0,10.1222,0.265374,133.8722,336.0
33.6197783285752,17.6944,33.7207040293142,13.809,5.0,16.6893,7.0,11.74733,-0.3056,130.756,336.0
33.6371995294467,16.137,33.7375796297565,18.5909,5.0,16.68898,7.0,9.719959,0.110064,130.566,336.0
33.7700608307496,130.8901,33.7880560299382,49.9142,5.0,16.75549,7.0,11.91694,-0.517195,133.198304,336.0
33.7700608307496,2.176,33.8049808302894,17.8496,0.0,16.74701,7.0,11.16653,-0.186286,128.294496,336.0
33.7700608307496,2.2289,33.8203775305301,15.0387,1.0,16.73856,7.0,9.7419,-0.9748,130.502896,336.0
33.7700608307496,1.9017,33.8364573307335,14.3544,2.0,16.72993,7.0,12.12604,-0.339108,131.7936,336.0
33.7700608307496,0.5425,33.8540826309472,19.613,3.0,16.72053,7.0,11.7099,0.199851,132.310096,336.0
33.7700608307496,1.5471,33.8704059310257,16.2893,4.0,16.71172,7.0,10.62339,-0.450282,129.460704,336.0
33.7700608307496,1.5375,33.8869710303843,14.8952,5.0,16.70291,7.0,9.7651,0.073956,131.7082,336.0
33.7700608307496,1.4135,33.905051831156,18.0614,6.0,16.69404,7.0,12.62061,-0.408402,132.251504,336.0
33.7880560299382,6.5617,33.9200455313548,16.799,7.0,16.68817,7.0,12.08185,-0.00798,130.0686,336.0
33.8049808302894,18.6341,33.9375529317185,18.8316,7.0,16.68929,7.0,9.771182,-1.329853,131.342896,336.0
33.8203775305301,16.6719,33.9542086319998,13.2468,7.0,16.68929,7.0,12.05284,-0.988108,133.667,336.0
33.8364573307335,15.1516,33.9711441313848,18.776,7.0,16.68839,7.0,9.864002,-0.005273,134.197,336.0
33.8540826309472,16.9359,33.9872943321243,16.1405,7.0,16.68854,7.0,12.11918,-0.147315,132.6624,336.0
33.8704059310257,18.5041,34.0033568320796,14.1814,7.0,16.68959,7.0,9.961253,-0.191382,131.3882,336.0
33.8869710303843,14.6548,34.0217124326155,18.5353,7.0,16.68841,7.0,11.40591,-1.507341,132.3922,336.0
33.905051831156,18.0623,34.037336233072,17.3157,7.0,16.68921,7.0,12.70687,-0.06987,131.946896,336.0
33.9200455313548,15.1467,34.0548576330766,17.7104,7.0,16.68831,7.0,11.71941,-0.292642,129.806896,336.0
33.9375529317185,17.3187,34.0708576338366,14.211,7.0,16.68868,7.0,9.970882,-0.385357,131.296496,336.0
33.9542086319998,16.8318,34.0874486332759,16.6338,7.0,16.68876,6.0,11.92644,-0.285987,118.6348,336.0
33.9711441313848,16.6224,34.105002832599,19.2533,7.0,16.68872,6.0,7.09617,0.758895,116.407904,336.0
33.9872943321243,18.232,34.1202211324126,13.3273,7.0,16.68961,6.0,11.96614,-0.111585,115.963504,336.0
34.0033568320796,14.8299,34.1372689325362,17.0377,7.0,16.68854,6.0,10.23406,-0.339786,113.2674,336.0
34.0217124326155,17.2274,34.1540050320327,18.5178,7.0,16.68885,6.0,12.15289,-0.243504,113.8096,336.0
34.037336233072,15.8535,34.1702107321471,16.3695,7.0,16.68837,6.0,10.3252,-0.113615,115.579,336.0
34.0548576330766,19.0439,34.1883903313428,16.194,7.0,16.68972,6.0,9.235885,0.189137,114.695,336.0
34.0708576338366,14.3515,34.2050170321018,16.6083,7.0,16.68838,6.0,11.72759,-0.444447,109.0084,336.0
34.0874486332759,17.1608,34.2209242321551,17.6941,7.0,16.68865,6.0,10.4102,0.050611,114.081,336.0
34.105002832599,18.8076,34.2391810324043,16.6239,7.0,16.68987,6.0,10.25521,-0.436341,113.986,336.0
34.1202211324126,14.6703,34.2551870327443,15.9442,7.0,16.68871,6.0,11.72556,0.791051,115.509,336.0
34.1372689325362,15.7645,34.2715155333281,18.0878,7.0,16.68818,6.0,11.47655,-0.668881,115.6896,336.0
34.1540050320327,16.874,34.2883512340486,17.4069,7.0,16.68829,6.0,10.05209,-0.155863,115.4674,336.0
34.1702107321471,16.406,34.3052241336554,14.8682,7.0,16.68813,6.0,9.638141,0.355705,114.8378,336.0
34.1883903313428,17.7321,34.3217705339193,16.4571,7.0,16.68872,6.0,12.34545,-1.039584,113.646,336.0
34.2050170321018,17.153,34.3383786343038,18.1567,7.0,16.68899,6.0,9.428981,-0.378338,116.985296,336.0
34.2209242321551,15.6016,34.3551608342677,15.1567,7.0,16.68837,6.0,12.65756,-0.083523,113.847,336.0
34.2391810324043,18.4891,34.3717228341848,16.3465,7.0,16.6894,6.0,12.0086,-1.207649,112.3518,336.0
34.2551870327443,15.7297,34.3871234338731,17.2194,7.0,16.68885,6.0,9.605684,-0.440853,114.4198,336.0
34.2715155333281,16.5406,34.4048427343369,17.991,7.0,16.68876,6.0,10.53634,-0.791496,114.889,336.0
34.2883512340486,18.5127,34.4048427343369,4.3991,7.0,16.6898,6.0,12.17702,0.466746,114.2498,336.0
34.3052241336554,15.2709,34.4227781351656,13.0435,7.0,16.68899,6.0,9.882649,-0.013285,112.7556,336.0
34.3217705339193,16.8705,34.4386426359415,16.426,7.0,16.6891,7.0,12.97185,0.736446,116.674304,336.0
34.3383786343038,17.8245,34.4557265359908,15.1281,7.0,16.68974,6.0,11.9871,-0.236865,115.247104,336.0
34.3551608342677,15.5155,34.4718571361154,16.0571,7.0,16.68908,6.0,10.54215,-0.544165,114.692304,336.0
34.3717228341848,15.9612,34.4877524357289,17.7298,7.0,16.68866,6.0,9.313585,0.088192,116.050096,336.0
34.3871234338731,15.5704,34.5042264349759,14.6889,7.0,16.68803,6.0,11.77025,-0.690876,113.721104,336.0
34.4048427343369,24.2045,34.5227243341506,18.5148,7.0,16.69229,6.0,8.877965,-0.124019,114.172704,336.0
34.4227781351656,11.2467,34.5373066337779,16.3192,6.0,16.6892,6.0,11.83986,0.43653,114.817904,336.0
34.4386426359415,17.9674,34.5553864343092,17.8719,6.0,16.68993,6.0,12.36821,-0.255276,116.866896,336.0
34.4557265359908,15.2005,34.573771934025,16.7227,6.0,16.68909,6.0,9.925876,-0.363877,115.954704,336.0
34.4718571361154,16.509,34.5888492343947,16.6892,6.0,16.68898,6.0,12.68652,-0.734104,113.6386,336.0
34.4877524357289,17.5959,34.6056633340195,17.373,6.0,16.6895,6.0,10.25727,-0.069656,117.058704,336.0
34.5042264349759,14.9553,34.6221473338082,14.3255,6.0,16.68851,6.0,11.48778,-1.190476,115.4244,336.0
34.5227243341506,17.81,34.6386968335137,16.6184,6.0,16.68915,6.0,11.89818,-0.156459,113.5618,336.0
34.5373066337779,14.7552,34.6549783339724,18.0941,6.0,16.68806,6.0,9.708704,-0.977286,116.188704,336.0
34.5553864343092,19.7184,34.6733802342787,16.5789,6.0,16.68977,6.0,10.68676,-1.17274,116.447504,336.0
34.573771934025,16.9182,34.6889396347106,15.4228,6.0,16.6899,6.0,11.61608,0.277101,113.2212,336.0
34.5888492343947,14.7758,34.7040684344247,16.8437,6.0,16.68882,6.0,11.26426,0.07544,116.789104,336.0
34.6056633340195,17.3224,34.7216782337055,17.7909,6.0,16.68917,6.0,9.884886,-0.264812,114.943296,336.0
34.6221473338082,15.9903,34.7384342337027,15.3509,6.0,16.68878,6.0,12.87844,-0.093452,112.1196,336.0
34.6386968335137,16.9166,34.7542110336944,15.4209,6.0,16.68891,6.0,11.091,-0.927409,114.8266,336.0
34.6549783339724,16.1584,34.7724860338494,20.0773,6.0,16.68861,6.0,9.71666,0.425571,115.405696,336.0
34.6733802342787,18.2196,34.7889381339774,16.791,6.0,16.68947,6.0,11.59901,-0.072648,116.508704,336.0
34.6889396347106,15.5593,34.8061934346333,15.0045,6.0,16.68884,6.0,10.12815,0.147723,112.9776,336.0
34.7040684344247,15.004,34.8224952341989,16.3617,6.0,16.68789,6.0,11.80241,-0.449043,113.103,336.0
34.7216782337055,19.8555,34.8381704343483,17.5274,6.0,16.68967,6.0,11.03873,-0.279792,113.027504,336.0
34.7384342337027,14.8682,34.8552740337327,15.3172,6.0,16.68865,6.0,9.414448,-0.728698,115.6206,336.0
34.7542110336944,16.6895,34.8725912338123,17.3347,6.0,16.68865,6.0,11.35528,-0.366263,114.1656,336.0
34.7724860338494,15.1604,34.8883119346574,17.2085,6.0,16.68779,6.0,11.30184,-0.341726,116.417104,336.0
34.7889381339774,18.843,34.9075775342062,17.9305,6.0,16.689,6.0,8.516192,-0.070989,112.8728,336.0
34.8061934346333,16.5018,34.9221700346097,14.1849,6.0,16.68889,6.0,11.683,-0.817684,114.843904,336.0
34.8224952341989,16.9732,34.9404278350994,20.3931,6.0,16.68905,6.0,12.03156,-1.384702,114.2784,336.0
34.8381704343483,17.0981,34.9552167346701,15.4632,6.0,16.68928,6.0,10.23923,0.400655,116.2332,336.0
34.8552740337327,15.6656,34.971615835093,13.8035,6.0,16.68871,6.0,11.74459,-0.718662,114.438496,336.0
34.8725912338123,16.9007,34.9889916358516,19.5257,6.0,16.68883,6.0,9.976684,-0.281763,113.4848,336.0
34.8883119346574,15.6065,35.0052291350439,15.8653,6.0,16.68822,6.0,10.8536,-0.007676,115.928704,336.0
34.9075775342062,19.0065,35.022612134926,15.7789,6.0,16.68952,6.0,13.10804,0.152511,114.819504,336.0
34.9221700346097,15.1198,35.0396974356845,18.6896,6.0,16.68864,6.0,11.18786,0.280198,115.4768,336.0
34.9404278350994,18.487,35.0562492357567,16.6381,6.0,16.68964,6.0,10.72426,-0.803215,115.0622,336.0
34.9552167346701,17.0977,35.0722969351336,14.2738,6.0,16.68987,7.0,11.79098,-0.817328,116.304096,336.0
34.971615835093,14.4807,35.0895189354196,17.1868,6.0,16.68864,6.0,9.476289,-0.531541,114.4908,336.0
34.9889916358516,17.2392,35.1056376351044,17.8199,6.0,16.68895,6.0,11.575,-0.319754,114.6584,336.0
35.0052291350439,17.3308,35.1237115347758,18.4314,6.0,16.6893,6.0,9.796015,-0.017567,113.5358,336.0
35.022612134926,16.2661,35.1385101350024,12.7342,6.0,16.68907,6.0,12.48553,0.230296,114.6876,336.0
35.0396974356845,16.5725,35.1552355354652,16.698,6.0,16.689,7.0,12.64554,0.025159,116.7544,336.0
35.0562492357567,18.726,35.1723708352074,18.6569,6.0,16.69013,6.0,16.83645,-0.053548,113.7782,336.0
35.0722969351336,13.9227,35.1906113354489,16.5077,6.0,16.6886,6.0,16.67677,0.063885,118.239,336.0
35.0895189354196,17.0625,35.2057438353077,15.6097,6.0,16.68881,6.0,6.805804,0.149581,114.378096,336.0
35.1056376351044,16.3189,35.2225666353479,18.5678,6.0,16.6886,6.0,11.44354,-0.113769,115.791,336.0
35.1237115347758,19.706,35.2389622358605,16.1608,6.0,16.69027,6.0,11.80765,0.081215,116.876304,336.0
35.1385101350024,12.7699,35.2553260354325,14.743,6.0,16.6881,6.0,10.17692,-1.418015,113.500496,336.0
35.1552355354652,17.487,35.2724178349599,16.9188,6.0,16.68854,6.0,11.65342,0.039573,115.400496,336.0
35.1723708352074,16.509,35.2890305342153,18.4628,6.0,16.68844,6.0,9.959869,-0.006512,116.8144,336.0
35.1906113354489,18.2187,35.3057145336643,16.4234,6.0,16.68929,6.0,9.684585,0.149523,115.599104,336.0
35.2057438353077,15.8529,35.3222755333409,14.8992,6.0,16.68883,6.0,11.70751,-0.003037,114.108896,336.0
35.2225666353479,16.6715,35.3397086327896,19.115,6.0,16.68882,5.0,13.27083,-0.989441,102.100496,336.0
35.2389622358605,18.0783,35.3564274320379,16.9678,6.0,16.68959,5.0,9.625112,-0.242368,97.800496,336.0
35.2553260354325,14.6301,35.3732127314433,15.2894,6.0,16.68845,5.0,9.709677,-1.218083,98.344,336.0
35.2724178349599,16.7521,35.3897963305935,16.3352,6.0,16.68848,5.0,11.59934,-0.112998,98.7384,336.0
35.2890305342153,16.71,35.4061947306618,17.9512,6.0,16.6885,5.0,9.640741,0.428287,97.1664,336.0
35.3057145336643,18.2963,35.4223599312827,16.4823,6.0,16.68938,5.0,12.76677,-0.371428,97.9116,336.0
35.3222755333409,15.1481,35.4396593319252,15.3174,6.0,16.68853,5.0,11.96388,0.713757,92.4472,336.0
35.3397086327896,16.9968,35.455561931245,15.8718,6.0,16.6887,5.0,11.306,0.160242,99.659296,336.0
35.3564274320379,18.618,35.4735277304426,19.769,6.0,16.68976,5.0,12.01181,0.117527,97.388496,336.0
35.3732127314433,15.0157,35.4894788311794,17.0822,6.0,16.68884,5.0,9.720528,0.643912,98.4442,336.0
35.3897963305935,16.7942,35.5062790317461,13.8188,6.0,16.6889,5.0,12.08204,-0.117776,97.521296,336.0
35.4061947306618,12.6755,35.5234215324745,17.1356,6.0,16.6867,5.0,9.279758,-1.47215,96.4712,336.0
35.4223599312827,20.0332,35.5394724318758,16.1711,6.0,16.68854,6.0,11.59457,-0.367512,99.102096,336.0
35.4396593319252,17.1693,35.5565474322066,18.5808,6.0,16.6888,5.0,10.14419,-0.042145,97.4968,336.0
35.455561931245,16.1485,35.5737570328638,17.2334,6.0,16.6885,6.0,9.843676,-0.329301,100.794096,336.0
35.4735277304426,17.7266,35.5897427322343,14.3513,6.0,16.68907,5.0,11.93455,-0.111603,94.655904,336.0
35.4894788311794,14.7816,35.6064453320578,16.6903,6.0,16.68803,5.0,11.75431,0.3166,97.978496,336.0
35.5062790317461,17.6062,35.6235187323764,19.0089,6.0,16.68853,5.0,10.16504,-0.074561,101.4186,336.0
35.5234215324745,17.1561,35.6394916316494,15.9409,6.0,16.68879,5.0,11.829,-0.043537,101.794,336.0
35.5394724318758,16.5563,35.6564479311928,15.0657,6.0,16.68871,6.0,10.1195,-0.700646,99.660496,336.0
35.5565474322066,16.6361,35.6738696312532,19.2652,6.0,16.68868,5.0,11.9757,-0.545643,99.582896,336.0
35.5737570328638,19.0672,35.6738696312532,4.4278,6.0,16.68998,5.0,11.46276,-0.570725,98.5452,336.0
35.5897427322343,14.4865,35.6904632309452,10.1862,6.0,16.68878,6.0,10.08714,0.220172,99.085904,336.0
35.6064453320578,16.2301,35.7072456302121,16.7734,6.0,16.68853,5.0,11.79385,-0.670615,95.833904,336.0
35.6235187323764,17.4513,35.7233185293153,17.8454,6.0,16.68895,5.0,10.89124,-0.431586,99.7004,336.0
35.6394916316494,17.6168,35.7410214291885,16.0562,6.0,16.68945,5.0,12.44092,-0.287998,101.8828,336.0
35.6564479311928,15.3646,35.7571693295613,16.0976,6.0,16.68873,5.0,12.37283,-0.447291,97.4054,336.0
35.6738696312532,23.5187,35.7735632294789,18.0536,6.0,16.69245,5.0,9.980215,-0.56996,96.283904,336.0
35.6904632309452,10.3508,35.7904931297526,17.5648,5.0,16.689,5.0,12.64459,0.34412,100.944,336.0
35.7072456302121,16.3716,35.8067039297894,14.0987,5.0,16.68883,5.0,12.2677,-0.444978,98.496496,336.0
35.7233185293153,16.223,35.8241312289611,17.2787,5.0,16.68857,5.0,10.48979,0.428996,96.716304,336.0
35.7410214291885,18.2427,35.8402251293883,17.3184,5.0,16.68942,5.0,10.53606,-0.345957,98.5834,336.0
35.7571693295613,15.6341,35.855972529389,14.5839,5.0,16.68884,5.0,12.48278,-0.424572,99.237504,336.0
35.7735632294789,16.3719,35.8740745289251,19.0021,5.0,16.68867,5.0,9.941578,-0.770678,98.210896,336.0
35.7904931297526,19.2131,35.8901523286477,17.6072,5.0,16.69004,5.0,10.164,0.357353,98.009904,336.0
35.8067039297894,14.0384,35.9074722295627,17.3352,5.0,16.6886,5.0,11.34376,-0.619254,98.9342,336.0
35.8241312289611,20.0017,35.9237672304735,13.872,5.0,16.6904,5.0,10.37167,-0.718374,96.5146,336.0
35.8402251293883,12.9518,35.9400395313278,16.274,5.0,16.68837,5.0,10.68488,-0.490947,98.761904,336.0
35.855972529389,15.9884,35.9577566320077,19.4206,5.0,16.688,5.0,12.59155,-0.15592,97.2594,336.0
35.8740745289251,16.1734,35.9737983318046,16.5561,5.0,16.68772,5.0,9.923454,-0.90223,97.2726,336.0
35.8901523286477,18.738,35.9903817316517,16.6041,5.0,16.68883,5.0,10.84487,0.10302,97.838,336.0
35.9074722295627,14.5657,36.0070219310001,14.4782,5.0,16.68768,5.0,12.55755,0.055421,98.0162,336.0
35.9237672304735,18.6771,36.0230518309399,17.639,5.0,16.68875,5.0,10.61212,-0.834212,98.149,336.0
35.9400395313278,16.2292,36.0403488306329,16.7702,5.0,16.6885,5.0,9.91993,-0.183134,97.9836,336.0
35.9577566320077,17.7027,36.0560457305983,14.4509,5.0,16.68905,5.0,12.58838,0.263935,98.3474,336.0
35.9737983318046,16.5865,36.0740486299619,20.4526,5.0,16.689,5.0,9.694079,-0.809845,96.204704,336.0
35.9903817316517,14.3652,36.0907098306343,16.5561,5.0,16.68774,6.0,9.962512,-0.633389,100.2364,336.0
36.0070219310001,19.0285,36.107394230552,14.5406,5.0,16.689,5.0,12.62943,0.045222,100.389696,336.0
36.0230518309399,17.189,36.1236204309389,16.0666,5.0,16.68927,5.0,10.17807,-0.410203,99.8584,336.0
36.0403488306329,14.0201,36.1402560314164,18.6888,5.0,16.68784,5.0,9.792645,-0.757724,97.1384,336.0
36.0560457305983,17.1708,36.1570197315887,14.7138,5.0,16.6881,5.0,12.55299,0.023843,95.344496,336.0
36.0740486299619,18.6954,36.1740505313501,16.9152,5.0,16.68917,5.0,10.74628,-0.517005,98.820304,336.0
36.0907098306343,16.2491,36.1902637304738,18.1176,5.0,16.68894,5.0,5.804103,-0.712284,99.8468,336.0
36.107394230552,16.5938,36.2070762300864,17.2451,5.0,16.68889,5.0,10.68192,0.553986,96.333104,336.0
36.1236204309389,16.6625,36.2249042307958,15.6355,5.0,16.68887,5.0,12.48376,-0.843521,97.2856,336.0
36.1402560314164,18.4424,36.2411578306928,18.2408,5.0,16.68981,5.0,11.641,-0.068981,99.738496,336.0
36.1570197315887,14.7484,36.2572076311335,15.6745,5.0,16.68877,5.0,10.46178,-1.521586,96.2486,336.0
36.1740505313501,16.7785,36.2732162317261,14.3563,5.0,16.68882,5.0,12.07221,0.166211,97.323104,336.0
36.1902637304738,16.26,36.2899695308879,18.5075,5.0,16.68859,6.0,10.99482,0.029762,101.067104,336.0
36.2070762300864,18.9355,36.3091643312946,17.4319,5.0,16.68979,5.0,10.79628,-0.909537,96.902896,336.0
36.2249042307958,15.7337,36.3249588320032,15.7465,5.0,16.68928,5.0,9.809486,-1.294499,99.8236,336.0
36.2411578306928,16.4348,36.340067432262,17.0017,5.0,16.68915,5.0,13.34829,0.878031,95.4386,336.0
36.2572076311335,17.4819,36.3573529319838,17.6575,5.0,16.68957,5.0,11.58034,0.613434,98.1728,336.0
36.2732162317261,14.6668,36.3739859322086,14.7991,5.0,16.68849,5.0,9.889937,-0.43664,99.787296,336.0
36.2899695308879,16.4619,36.390132532455,16.2966,5.0,16.68837,5.0,12.6834,0.449636,101.557296,336.0
36.3091643312946,19.5516,36.4084682324901,19.9162,5.0,16.6899,5.0,11.17767,-0.346184,98.927696,336.0
36.3249588320032,15.6255,36.4240667326376,13.4976,5.0,16.68933,5.0,10.86707,0.349042,96.938,336.0
36.340067432262,14.9457,36.4420529333875,18.9648,5.0,16.6884,5.0,11.08894,-0.306382,95.6896,336.0
36.3573529319838,17.3328,36.4585222331807,17.4935,5.0,16.68874,5.0,10.48866,-0.465459,100.033104,336.0
36.3739859322086,16.4991,36.4742728332058,15.9546,5.0,16.68864,5.0,9.530484,-0.427233,99.153296,336.0
36.390132532455,16.9885,36.4907765323296,14.2685,5.0,16.6888,5.0,12.15076,0.876235,96.879696,336.0
36.4084682324901,19.048,36.5080201318488,17.2533,5.0,16.69006,5.0,11.36218,-0.125641,96.782896,336.0
36.4240667326376,14.347,36.52409833204,17.8219,5.0,16.68881,5.0,10.42706,0.498096,98.111104,336.0
36.4420529333875,14.3772,36.5411302326247,15.4223,5.0,16.68759,5.0,12.26553,-0.327214,100.183504,336.0
36.4585222331807,19.6693,36.5573680317029,16.1371,5.0,16.68917,5.0,12.23857,0.158517,96.992304,336.0
36.4742728332058,18.0712,36.5743872309104,19.0226,5.0,16.6899,5.0,9.080941,0.074658,97.2822,336.0
36.4907765323296,14.4679,36.5931211309507,16.9206,5.0,16.68872,5.0,12.0153,1.076388,99.125504,336.0
36.5080201318488,17.352,36.6070438306779,13.8647,5.0,16.68907,5.0,9.413314,-0.333206,97.2352,336.0
36.52409833204,17.7296,36.6240746304393,18.8005,5.0,16.68962,5.0,10.11988,0.29114,98.819104,336.0
36.5411302326247,15.6104,36.6423536296934,19.354,5.0,16.68905,5.0,11.63654,0.601634,97.159296,336.0
36.5573680317029,15.9453,36.656981529668,11.7805,5.0,16.68866,5.0,11.58331,-0.050261,99.9356,336.0
36.5743872309104,17.1851,36.6752048302442,20.1063,5.0,16.68892,5.0,8.869906,0.243521,98.451696,336.0
36.5931211309507,18.6097,36.6914788298309,14.223,5.0,16.68994,5.0,10.05626,0.938033,97.369696,336.0
36.6070438306779,13.7673,36.7079489305615,16.5008,5.0,16.68839,5.0,11.45967,-0.442348,97.631,336.0
36.6240746304393,17.1309,36.7250989302993,18.7457,5.0,16.68863,5.0,9.567461,-0.58257,99.073,336.0
36.6423536296934,15.2073,36.742058230564,16.976,5.0,16.68785,5.0,9.878679,0.910701,100.093,336.0
36.656981529668,17.9247,36.7573058307171,15.2944,5.0,16.6885,5.0,11.46907,-1.340296,98.978096,336.0
36.6752048302442,17.9453,36.775095930323,15.9614,5.0,16.68916,6.0,8.608148,0.166196,98.3216,336.0
36.6914788298309,16.5549,36.7903223307803,15.3001,5.0,16.68909,5.0,12.26577,-0.62027,95.7484,336.0
36.7079489305615,15.9876,36.8085062308237,20.3311,5.0,16.68872,5.0,12.5125,0.255396,100.211696,336.0
36.7250989302993,16.9541,36.8247572304681,16.0884,5.0,16.68886,6.0,8.949296,0.077162,102.486304,336.0
36.742058230564,17.025,36.8411974301562,14.7364,5.0,16.68904,5.0,13.101,-0.368027,98.087,336.0
36.7573058307171,17.0417,36.8583372300491,16.9512,5.0,16.68922,5.0,11.46507,-0.446374,95.169104,336.0
36.775095930323,15.9761,36.8739618305117,17.2969,5.0,16.68885,5.0,10.3884,-0.945714,99.678704,336.0
36.7903223307803,15.4085,36.891573831439,17.4804,5.0,16.68818,5.0,11.59294,-0.552817,100.775104,336.0
36.8085062308237,18.1318,36.9082188308239,14.9419,5.0,16.68893,5.0,11.70253,0.015582,96.676496,336.0
36.8247572304681,18.1637,36.9249793309718,18.4503,5.0,16.68971,5.0,10.36867,-0.815983,99.1788,336.0
36.8411974301562,14.6084,36.9412782303989,16.4517,5.0,16.68862,5.0,9.821614,-0.548734,97.277,336.0
36.8583372300491,16.9599,36.9582075309008,15.0695,5.0,16.68876,5.0,12.40822,-0.157006,99.730496,336.0
36.8739618305117,15.6662,36.9753367304802,17.2497,5.0,16.68822,5.0,10.48062,0.126242,98.9576,336.0
36.891573831439,19.2728,36.9913021307439,17.6121,5.0,16.68957,6.0,11.85978,-0.652926,99.3978,336.0
36.9082188308239,14.8792,37.0085112303495,17.6566,5.0,16.68863,6.0,12.52823,-0.760522,101.169104,336.0
36.9249793309718,16.6926,37.0239687301219,15.2073,5.0,16.68863,5.0,10.14941,0.857458,98.912496,336.0
36.9412782303989,18.3103,37.0427681300789,17.227,5.0,16.68948,6.0,12.02506,-0.820064,101.3626,336.0
36.9582075309008,15.066,37.0581750301644,15.3273,5.0,16.68863,5.0,11.49993,-0.692386,98.112704,336.0
36.9753367304802,17.1031,37.0751909306273,18.5448,5.0,16.68884,5.0,10.51542,-0.026819,97.348304,336.0
36.9913021307439,15.8995,37.0919964304194,16.9191,5.0,16.68843,6.0,12.37064,0.162855,103.0774,336.0
37.0085112303495,17.8667,37.1106980303302,16.754,5.0,16.68905,5.0,8.934264,-0.886802,101.5398,336.0
37.0239687301219,16.887,37.1260685306042,16.2271,5.0,16.68915,5.0,12.58159,-0.011845,97.0216,336.0
37.0427681300789,16.8101,37.1411704309285,14.2364,5.0,16.68921,5.0,12.55422,-0.030518,101.5726,336.0
37.0581750301644,15.2423,37.1591586302966,19.7073,5.0,16.68846,5.0,10.10485,-0.811762,98.641296,336.0
37.0751909306273,17.2255,37.1772402301431,19.4983,5.0,16.68874,5.0,11.5088,-0.45722,99.628096,336.0
37.0919964304194,16.8537,37.1926598297432,12.4538,5.0,16.68883,5.0,12.56075,-0.151506,103.137904,336.0
37.1106980303302,18.4479,37.2082391297445,15.5311,5.0,16.68974,5.0,9.839018,-0.430714,97.675504,336.0
37.1260685306042,12.6973,37.225265330635,17.2126,5.0,16.68767,6.0,9.695762,-0.519979,100.587504,336.0
37.1411704309285,18.0772,37.2426145309582,19.1647,5.0,16.68839,6.0,12.64032,-0.164612,99.390496,336.0
37.1591586302966,17.5664,37.2581648305058,13.4703,5.0,16.68884,5.0,10.16211,0.22428,97.5642,336.0
37.1772402301431,15.7606,37.2759765312076,18.2597,5.0,16.68836,5.0,11.89681,-0.287536,98.980496,336.0
37.1926598297432,17.8072,37.2921314314008,15.9047,5.0,16.68894,6.0,12.08628,-0.301514,99.1942,336.0
37.2082391297445,15.7338,37.3089179322124,18.1954,5.0,16.68845,5.0,10.17761,0.406009,97.744096,336.0
37.225265330635,17.4223,37.3251317329705,16.6427,5.0,16.68883,5.0,10.13212,-0.457686,100.268496,336.0
37.2426145309582,18.5065,37.3454196322709,18.9439,5.0,16.68977,6.0,11.66484,-0.145822,104.3646,336.0
37.2581648305058,12.2477,37.359063631855,14.0187,5.0,16.68747,5.0,10.35441,-0.807361,99.8834,336.0
37.2759765312076,19.8863,37.3759402325377,17.629,5.0,16.68912,5.0,12.09239,-0.512175,98.0172,336.0
37.2921314314008,15.5641,37.3931084321812,18.0142,5.0,16.68854,6.0,11.23929,-1.44939,102.1568,336.0
37.3089179322124,16.9753,37.4094642316923,13.7272,5.0,16.68869,5.0,10.34082,0.608395,97.7134,336.0
37.3251317329705,16.5884,37.4252719311044,15.8221,5.0,16.68864,5.0,9.906561,-0.436221,98.622,336.0
37.3454196322709,14.8322,37.4440315319225,20.5621,5.0,16.68768,5.0,12.46857,-0.464408,101.2702,336.0
37.359063631855,16.4957,37.4586566323414,14.9555,5.0,16.68758,5.0,4.79659,0.848362,97.554304,336.0
37.3759402325377,18.9149,37.4751533316448,14.4093,5.0,16.68873,5.0,13.349,-0.671261,97.6854,336.0
37.3931084321812,14.2014,37.4936786321923,18.7392,5.0,16.68745,5.0,9.149421,-0.560484,101.0382,336.0
37.4094642316923,19.7579,37.5088717322797,16.8276,5.0,16.68903,5.0,12.38231,-0.503796,98.9742,336.0
37.4252719311044,15.8527,37.5254947319627,16.8392,5.0,16.6886,5.0,12.18884,0.225058,97.440096,336.0
37.4440315319225,14.0734,37.5447771325707,17.5811,5.0,16.68725,6.0,8.714361,-0.687055,101.122,336.0
37.4586566323414,19.5653,37.5591913321987,14.1026,5.0,16.68873,6.0,10.83798,-0.162587,98.101696,336.0
37.4751533316448,16.2758,37.576420432888,19.1884,5.0,16.68852,6.0,12.242,1.248527,100.7546,336.0
37.4936786321923,18.5648,37.5932776322588,17.3676,5.0,16.68949,5.0,10.08254,-0.865183,95.478,336.0
37.5088717322797,14.7093,37.6085495324805,12.8814,5.0,16.68847,6.0,9.464155,-0.090211,99.656896,336.0
37.5254947319627,16.9075,37.6252847323194,18.3233,5.0,16.68858,5.0,12.50859,-1.216536,99.011504,336.0
37.5447771325707,19.2508,37.6440629316494,19.4656,5.0,16.6899,5.0,10.16487,-0.336635,100.758304,336.0
37.5591913321987,14.7109,37.6597472308204,13.2582,5.0,16.68888,5.0,8.860883,0.169448,103.138304,336.0
37.576420432888,12.7381,37.6750912312418,15.2622,5.0,16.68686,6.0,12.73011,-0.929235,101.698704,336.0
37.5932776322588,17.8342,37.6948607303202,21.9401,5.0,16.68744,6.0,11.97734,0.856603,101.9942,336.0
37.6085495324805,19.0249,37.7113583311439,14.5346,5.0,16.68864,5.0,11.34194,-0.101382,100.672,336.0
37.6252847323194,16.2439,37.7259727315977,14.3764,5.0,16.68841,5.0,9.697052,-1.295851,95.6702,336.0
37.6440629316494,15.5844,37.7431375319138,19.7226,5.0,16.68785,5.0,11.69333,0.263791,98.494496,336.0
37.6597472308204,18.9689,37.7600724315271,14.5273,5.0,16.68901,5.0,10.6518,0.673969,98.205104,336.0
37.6750912312418,15.2453,37.7761782323942,16.1535,5.0,16.68828,5.0,10.86728,-0.079575,102.577904,336.0
37.6948607303202,15.6778,37.7926490316167,18.3239,5.0,16.68776,6.0,11.88535,-1.042974,102.953904,336.0
37.7113583311439,20.4192,37.8092673318461,16.7025,5.0,16.68966,5.0,11.03871,-0.389671,98.8044,336.0
37.7259727315977,14.907,37.8262720322236,15.0378,5.0,16.68876,5.0,11.56973,-0.454717,99.094,336.0
37.7431375319138,14.1329,37.8437709314749,17.4962,5.0,16.68745,5.0,9.245175,-1.1187,86.4762,336.0
37.7600724315271,19.9984,37.8598448308185,17.9227,5.0,16.68914,5.0,11.77407,-1.016334,84.1102,336.0
37.7761782323942,16.0557,37.8763317307457,14.53,5.0,16.68882,4.0,12.58227,-0.600889,84.0916,336.0
37.7926490316167,16.423,37.89524892997,20.0952,5.0,16.68868,5.0,10.36422,-0.728861,83.528304,336.0
37.8092673318461,18.3138,37.9099073298275,15.2952,5.0,16.68951,4.0,9.8142,-0.055506,81.933296,336.0
37.8262720322236,15.4491,37.9272733293474,18.1017,5.0,16.68888,4.0,12.69193,-0.719338,80.0108,336.0
37.8437709314749,17.5626,37.9420892288908,12.2851,5.0,16.68932,4.0,10.78609,-1.308814,84.066304,336.0
37.8598448308185,17.1712,37.9615712286904,21.348,5.0,16.68957,4.0,9.654861,-0.950915,82.163696,336.0
37.8763317307457,15.2737,37.9780265288427,14.628,5.0,16.68885,4.0,12.55671,-0.605057,85.539104,336.0
37.89524892997,14.1645,37.993786429055,15.9219,5.0,16.68757,4.0,9.758138,-0.547582,80.7088,336.0
37.9099073298275,14.7747,38.0106353284791,17.1439,5.0,16.6866,4.0,10.60511,0.103115,81.7002,336.0
37.9272733293474,18.6335,38.0263633290306,17.2027,5.0,16.68758,5.0,12.92511,-0.519588,82.375504,336.0
37.9420892288908,18.2421,38.0431023286656,18.5272,5.0,16.68837,5.0,10.52676,-0.389161,82.7564,336.0
37.9615712286904,14.8399,38.0603477293625,13.5178,5.0,16.68744,5.0,12.43088,0.184504,83.4526,336.0
37.9780265288427,20.9188,38.0763225285336,15.9161,5.0,16.68958,4.0,12.38379,-0.681779,80.308096,336.0
37.993786429055,15.8934,38.093117528595,18.7171,5.0,16.68917,5.0,9.845088,-0.650014,82.5842,336.0
38.0106353284791,16.5769,38.1096866289154,16.2873,5.0,16.68912,5.0,10.18416,1.949947,86.8356,336.0
38.0263633290306,11.3275,38.1270048292354,15.7003,5.0,16.68641,5.0,12.0741,-0.022781,87.114096,336.0
38.0431023286656,18.6083,38.1438999297097,18.9828,5.0,16.68738,5.0,9.728279,-0.713038,84.4596,336.0
38.0603477293625,20.306,38.1600386304781,16.1563,5.0,16.68921,5.0,10.62521,-0.114081,82.835104,336.0
38.0763225285336,15.5276,38.1779949301854,15.8163,5.0,16.68862,5.0,12.37015,-1.101146,87.710704,336.0
38.093117528595,16.6071,38.1936088297516,15.8091,5.0,16.68858,5.0,7.568581,-0.350548,87.997,336.0
38.1096866289154,18.4854,38.1936088297516,6.6665,5.0,16.68948,4.0,9.983738,-0.198867,83.6848,336.0
38.1270048292354,15.7369,38.2128073293716,13.3687,5.0,16.689,5.0,12.42758,0.548303,85.529904,336.0
38.1438999297097,12.606,38.2262591291219,12.5895,5.0,16.68695,5.0,9.857746,-0.787388,83.0216,336.0
38.1600386304781,20.2981,38.2443310283124,19.7637,5.0,16.68876,5.0,12.87495,-0.431565,86.9194,336.0
38.1779949301854,18.1727,38.259994128719,16.5451,5.0,16.68951,4.0,12.17757,-0.269666,85.645504,336.0
38.1936088297516,15.7764,38.2762464284897,13.8563,5.0,16.68905,4.0,10.0911,-0.283174,81.249104,336.0
38.2128073293716,13.6167,38.2942316289991,17.6693,4.0,16.68751,4.0,9.239388,0.346978,85.9542,336.0
38.2262591291219,19.0411,38.3114656284451,17.1374,4.0,16.68869,4.0,12.48656,-0.250966,86.507,336.0
38.2443310283124,13.1974,38.3261949280277,16.5826,4.0,16.68694,4.0,10.56127,-0.18931,86.254496,336.0
38.259994128719,20.3385,38.3434427278116,15.5036,4.0,16.68877,4.0,9.838574,-1.341653,79.9162,336.0
38.2762464284897,15.8963,38.3603445282206,16.8831,4.0,16.68837,5.0,12.07792,-0.194246,80.745904,336.0
38.2942316289991,18.084,38.3772587282583,18.7586,4.0,16.68907,5.0,7.141166,1.431401,82.9374,336.0
38.3114656284451,17.9448,38.395349628292,18.3231,4.0,16.6897,5.0,10.23001,-0.517024,81.5894,336.0
38.3261949280277,15.5744,38.4126279288903,16.2702,4.0,16.68914,4.0,11.93005,-0.459676,80.527904,336.0
38.3434427278116,16.0844,38.4265597285703,12.9464,4.0,16.68884,5.0,11.17075,-0.112099,84.070896,336.0
38.3603445282206,16.6587,38.4440255286172,18.9296,4.0,16.68883,5.0,11.0465,-0.548285,85.5746,336.0
38.3772587282583,12.3585,38.46034262795,16.6077,4.0,16.68666,5.0,10.32742,-0.365327,89.7024,336.0
38.395349628292,18.2381,38.4779654284939,18.5162,4.0,16.68744,4.0,10.49438,-0.79031,85.422496,336.0
38.4126279288903,16.6451,38.4934159284458,14.004,4.0,16.68741,4.0,10.2931,-0.893381,81.647296,336.0
38.4265597285703,19.1162,38.510220929049,17.4776,4.0,16.68863,4.0,11.72978,-0.166259,85.0762,336.0
38.4440255286172,12.6336,38.5279795294628,17.511,4.0,16.6866,4.0,12.39973,-1.253116,84.111904,336.0
38.46034262795,16.538,38.5436051292345,16.8219,4.0,16.68653,4.0,10.30931,-0.01954,83.131104,336.0
38.4779654284939,19.0263,38.5612952290103,14.714,4.0,16.6877,4.0,12.60168,-0.877852,80.8454,336.0
38.4934159284458,15.4747,38.5774585297331,17.32,4.0,16.68709,5.0,12.65586,-0.171267,82.988096,336.0
38.510220929049,18.4187,38.5934300301597,15.9092,4.0,16.68795,5.0,9.750016,-0.458769,82.1264,336.0
38.5279795294628,14.5927,38.6109305294231,18.4895,4.0,16.68691,4.0,13.15684,0.330351,81.0714,336.0
38.5436051292345,17.283,38.6270024301484,16.0189,4.0,16.68721,5.0,11.83965,-0.331829,83.411,336.0
38.5612952290103,20.7615,38.6452384302393,16.3543,4.0,16.68923,4.0,10.93537,1.037991,83.1676,336.0
38.5774585297331,12.2391,38.6605323301628,16.9576,4.0,16.68702,4.0,11.78447,-0.092289,85.861696,336.0
38.5934300301597,16.5362,38.6775961304083,17.0751,4.0,16.68695,4.0,12.10995,0.100231,84.761296,336.0
38.6109305294231,16.2236,38.6952621312812,15.9706,4.0,16.68672,4.0,9.721629,0.655051,81.5918,336.0
38.6270024301484,21.826,38.7107342313975,15.4869,4.0,16.68927,5.0,12.09641,-0.783129,86.721696,336.0
38.6452384302393,17.2598,38.7270995322615,18.0887,4.0,16.68955,4.0,9.130789,0.481891,79.7454,336.0
38.6605323301628,14.5875,38.7435494326055,16.7792,4.0,16.68851,4.0,12.01367,0.717024,82.489504,336.0
38.6775961304083,18.9398,38.7605966329575,17.5913,4.0,16.68962,4.0,10.10835,-0.564043,81.414,336.0
38.6952621312812,16.0614,38.7779833320528,15.0012,4.0,16.68931,5.0,15.70203,-1.162138,81.006704,336.0
38.7107342313975,15.4912,38.795413531363,19.0336,4.0,16.68872,4.0,17.17161,-0.238223,85.476896,336.0
38.7270995322615,15.3455,38.8120571319014,16.8465,4.0,16.68806,4.0,10.26518,-0.591118,80.326704,336.0
38.7435494326055,13.3749,38.8287884313613,17.5019,4.0,16.68642,4.0,9.097343,-0.694956,80.2506,336.0
38.7605966329575,18.1904,38.845622131601,13.9209,4.0,16.68716,4.0,10.75454,0.660557,81.8814,336.0
38.7779833320528,20.5955,38.860559631139,16.8094,4.0,16.68909,4.0,13.09182,-1.029255,87.124304,336.0
38.795413531363,12.8521,38.8770506307483,16.2808,4.0,16.6872,4.0,10.15942,-0.28706,80.9494,336.0
38.8120571319014,16.625,38.8943380303681,15.6615,4.0,16.68716,4.0,10.56486,-0.231639,80.474896,336.0
38.8287884313613,18.5027,38.9119331296533,17.5355,4.0,16.68806,4.0,12.36054,-0.012118,79.838304,336.0
38.845622131601,19.5766,38.9274641294032,17.2749,4.0,16.68949,5.0,10.98785,-0.535279,80.981696,336.0
38.860559631139,14.5212,38.9439721293747,16.7015,4.0,16.68842,4.0,10.86956,-1.166202,80.214304,336.0
38.8770506307483,18.5453,38.9610350299627,17.6448,4.0,16.68933,4.0,8.729939,0.543787,78.995296,336.0
38.8943380303681,15.7414,38.9778331294656,14.6864,4.0,16.68886,5.0,12.17952,-0.527354,83.7824,336.0
38.9119331296533,17.3085,38.9958032295108,19.6472,4.0,16.68917,4.0,10.09058,0.305295,79.8206,336.0
38.9274641294032,15.3741,39.0110304299742,15.1308,4.0,16.68852,4.0,10.6383,-0.383576,84.5798,336.0
38.9439721293747,12.0983,39.0276607293636,14.7916,4.0,16.68627,4.0,13.15041,-0.4833,81.248896,336.0
38.9610350299627,18.9854,39.0456783287227,17.8843,4.0,16.6874,5.0,11.30285,0.374518,82.6414,336.0
38.9778331294656,19.876,39.0622388292104,16.709,4.0,16.68896,5.0,10.6741,-1.118135,85.672704,336.0
38.9958032295108,13.3465,39.0783329289407,18.4754,4.0,16.68732,4.0,9.652676,-0.762903,81.933904,336.0
39.0110304299742,21.3575,39.0952820293605,14.3779,4.0,16.68961,4.0,12.1343,-0.738513,79.421296,336.0
39.0276607293636,14.917,39.1128988284618,17.6612,4.0,16.68874,4.0,12.18848,-1.193994,79.9462,336.0
39.0456783287227,17.878,39.1278513288125,16.8021,4.0,16.68933,4.0,9.621835,0.278619,86.583,336.0
39.0622388292104,16.9084,39.144082528539,16.5004,4.0,16.68943,4.0,12.9808,0.215993,85.198096,336.0
39.0783329289407,12.4918,39.1629901276901,16.9717,4.0,16.68738,4.0,12.63721,-0.55443,79.427104,336.0
39.0952820293605,20.3581,39.1781331272796,15.1992,4.0,16.68917,4.0,10.80899,-0.692918,82.7866,336.0
39.1128988284618,17.5538,39.1940472265705,17.4824,4.0,16.6896,4.0,11.12568,0.310415,81.741504,336.0
39.1278513288125,14.3566,39.2114992262796,15.9958,4.0,16.68846,4.0,11.62301,-0.05078,80.9976,336.0
39.144082528539,12.493,39.2277651270851,17.719,4.0,16.68641,3.0,11.70413,0.043272,80.406704,336.0
39.1629901276901,22.9134,39.24620922748,16.7385,4.0,16.68945,2.0,10.69672,0.191709,82.7474,336.0
39.1781331272796,15.8233,39.2614119276404,15.3476,4.0,16.68903,1.0,10.76299,0.090607,80.7666,336.0
39.1940472265705,15.49,39.2782173268497,16.5107,4.0,16.68844,0.0,11.50848,0.009913,82.7894,336.0
39.2114992262796,17.8475,39.2942802272737,15.4505,4.0,16.689,7.0,10.11283,0.093315,18.759,336.0
39.2277651270851,17.3946,39.312107026577,16.6271,4.0,16.68935,7.0,9.392891,-0.113428,33.0098,336.0
39.24620922748,17.3116,39.3281252272427,16.0988,4.0,16.68965,7.0,11.21379,-1.324304,48.4528,336.0
39.2614119276404,15.1053,39.3451594263315,19.885,4.0,16.68888,8.0,11.44519,-0.291466,63.8285,336.0
39.2782173268497,17.9883,39.3621048256755,14.0259,4.0,16.68951,7.0,9.984985,1.005207,76.8522,336.0
39.2942802272737,12.0602,39.3788023255765,16.8202,4.0,16.68726,7.0,11.49813,0.137014,92.200496,336.0
39.312107026577,20.2142,39.3952447250485,16.8825,4.0,16.68898,7.0,11.8634,0.51441,107.747296,336.0
39.3281252272427,16.583,39.4115761257708,17.975,4.0,16.68892,8.0,11.33207,-0.047919,123.7438,336.0
39.3451594263315,13.827,39.4284230265766,16.8577,4.0,16.68753,8.0,5.626093,-0.840404,134.112,336.0
39.3621048256755,20.3533,39.4471641257405,16.614,4.0,16.68931,7.0,9.286286,-1.055687,131.0796,336.0
39.3788023255765,16.4292,39.4612130261958,13.916,4.0,16.68919,7.0,9.54679,0.757017,131.8298,336.0
39.3952447250485,16.9784,39.4784963261336,17.5034,4.0,16.68933,7.0,11.10962,-1.352798,136.046,336.0
39.4115761257708,11.9578,39.4952081255615,18.5939,4.0,16.68703,8.0,11.736,0.042353,134.0854,336.0
39.4284230265766,16.187,39.5120996255428,14.8019,4.0,16.68679,8.0,10.70199,1.713896,132.8034,336.0
39.4471641257405,22.5941,39.528814624995,16.8225,4.0,16.68965,8.0,12.68368,0.110528,132.342304,336.0
39.4612130261958,14.4711,39.5448281243443,17.8302,4.0,16.68858,7.0,10.8799,0.233931,136.333408,336.0
39.4784963261336,17.9859,39.561691224575,16.9403,4.0,16.68921,7.0,11.26055,0.095914,135.020608,336.0
39.4952081255615,17.6007,39.5783653240651,16.8561,4.0,16.68965,7.0,10.0737,-0.10766,130.185696,336.0
39.5120996255428,15.5396,39.5952853243798,14.9505,4.0,16.68909,7.0,10.04537,-0.532341,130.058096,336.0
39.528814624995,16.4337,39.6122115235776,18.7719,4.0,16.68897,8.0,10.05157,-0.53885,132.041696,336.0
39.5448281243443,15.7532,39.6281019244343,13.7727,4.0,16.68852,8.0,9.364386,0.09814,136.933104,336.0
39.561691224575,17.3355,39.6454217247665,19.3628,4.0,16.68883,7.0,11.73556,-1.482231,135.095104,336.0
39.6955211255699,128.7782,39.7121772263199,64.7469,4.0,16.74293,7.0,11.79374,-0.579067,134.444096,336.0
39.6955211255699,2.6542,39.7290017269552,16.8992,0.0,16.73613,8.0,10.39445,-0.519357,131.466496,336.0
39.6955211255699,2.5265,39.745198527351,17.9686,1.0,16.72928,7.0,10.51386,-1.439525,132.333,336.0
39.6955211255699,2.3327,39.7619836274534,17.7081,2.0,16.72234,7.0,11.77973,0.157129,130.524704,336.0
39.6955211255699,0.6617,39.7783186268061,13.6859,3.0,16.7146,7.0,11.61957,-0.197661,130.3602,336.0
39.6955211255699,1.7678,39.7953273262829,17.1147,4.0,16.70741,7.0,10.51836,0.516749,135.596496,336.0
39.6955211255699,1.7928,39.8126223254949,17.3393,5.0,16.70023,8.0,11.85423,0.085252,135.687008,336.0
39.6955211255699,1.5198,39.8282346250489,17.5161,6.0,16.69293,8.0,13.12387,-0.91474,133.206704,336.0
39.7121772263199,8.0408,39.8460160242394,18.4087,7.0,16.68877,8.0,9.736061,-0.527292,133.321296,336.0
39.7290017269552,17.6906,39.8609885238111,14.6594,7.0,16.68925,7.0,9.634751,0.113028,133.8826,336.0
39.745198527351,15.4328,39.8791896235198,16.1827,7.0,16.68865,8.0,11.31865,-0.81248,132.600304,336.0
39.7619836274534,12.2864,39.8960860241205,16.501,7.0,16.68653,8.0,11.64174,-0.279407,133.5454,336.0
39.7783186268061,21.0018,39.912185523659,19.044,7.0,16.6886,8.0,10.80999,-0.324329,133.3242,336.0
39.7953273262829,17.151,39.9290512241423,15.8652,7.0,16.68883,8.0,12.15507,1.202155,133.5924,336.0
39.8126223254949,17.865,39.9460774250329,17.404,7.0,16.68939,7.0,11.53708,-0.703485,135.071504,336.0
39.8282346250489,10.1547,39.9624302256852,14.148,7.0,16.68626,7.0,11.02311,-0.951228,123.2386,336.0
39.8460160242394,17.9014,39.9792124256492,16.5853,7.0,16.68684,6.0,9.782129,-0.332398,115.747,336.0
39.8609885238111,21.5368,39.9959343262017,16.7014,7.0,16.68916,6.0,12.28985,-0.768238,120.3438,336.0
39.8791896235198,16.253,40.011992726475,16.1249,7.0,16.68895,5.0,8.578085,-0.052885,118.184096,336.0
39.8960860241205,17.3388,40.0289291273803,19.3246,7.0,16.68926,4.0,9.802328,0.343511,120.8554,336.0
39.912185523659,11.5367,40.0462669264525,16.4269,7.0,16.6868,3.0,12.6991,0.224243,119.651296,336.0
39.9290512241423,16.4754,40.0622875262052,14.6358,7.0,16.6867,2.0,9.857538,-0.427061,116.0942,336.0
39.9460774250329,18.0811,40.0793250259012,17.4296,7.0,16.68737,1.0,10.68299,0.092204,113.994096,336.0
39.9624302256852,20.3735,40.0960186254233,17.395,7.0,16.68913,0.0,11.59089,-0.469295,115.165,336.0
39.9792124256492,16.041,40.112488726154,16.9069,7.0,16.68882,8.0,9.591957,0.905799,20.5331,336.0
39.9959343262017,16.673,40.129095626995,14.8647,7.0,16.68881,7.0,9.645461,-0.969902,31.7479,336.0
40.011992726475,16.4052,40.1450300272554,16.2426,7.0,16.68867,7.0,12.0554,-0.984975,48.4855,336.0
40.0289291273803,11.9937,40.1624892279506,17.2281,7.0,16.68644,7.0,11.56359,-0.526577,64.4284,336.0
40.0462669264525,18.188,40.179026927799,18.2769,7.0,16.68715,7.0,10.4346,-0.715821,79.952304,336.0
40.0622875262052,19.9407,40.1961414273828,17.4599,7.0,16.6887,8.0,8.693102,-0.726666,96.216,336.0
40.0793250259012,17.3725,40.2130022272468,17.4955,7.0,16.68903,8.0,12.65578,-0.414657,110.060304,336.0
40.0960186254233,13.1263,40.2293354272842,13.6789,7.0,16.68733,7.0,12.63868,-0.702186,124.937104,336.0
40.112488726154,19.14,40.2460515275598,17.8579,7.0,16.6885,7.0,10.67242,-1.016605,135.229296,336.0
40.129095626995,17.185,40.2637160271406,18.1286,7.0,16.68873,8.0,10.85667,-0.614191,134.149904,336.0
40.1450300272554,16.1654,40.2792248269543,15.944,7.0,16.68848,7.0,11.93436,-0.714141,131.513296,336.0
40.1624892279506,17.0091,40.2959723277017,17.2776,7.0,16.68864,7.0,10.05709,-0.741126,131.1284,336.0
40.179026927799,12.0348,40.3121398268268,13.5138,7.0,16.68643,7.0,10.5869,-0.849323,131.3164,336.0
40.1961414273828,17.3587,40.3292775275186,17.4162,7.0,16.68675,8.0,12.50669,-0.054405,136.3648,336.0
40.2130022272468,18.1335,40.3292775275186,6.2526,7.0,16.68743,7.0,12.30314,-0.071039,134.868,336.0
40.2293354272842,19.6328,40.3461341271177,12.1295,7.0,16.68883,7.0,10.53153,0.021557,134.462096,336.0
40.2460515275598,11.9425,40.3626436265185,16.5391,7.0,16.68658,6.0,10.79722,-0.088707,131.282496,336.0
40.2637160271406,17.1926,40.3795330272987,15.0328,7.0,16.68682,5.0,12.58731,-0.387551,136.2224,336.0
40.2792248269543,16.1965,40.3964502280578,18.8693,7.0,16.68659,4.0,10.16504,-0.884851,130.1728,336.0
40.2959723277017,16.5759,40.413628927432,15.3693,7.0,16.68654,3.0,9.883943,-0.281751,133.413696,336.0
40.3121398268268,20.9249,40.4293043268844,17.3692,7.0,16.68854,2.0,11.28531,-1.057586,130.2114,336.0
40.3292775275186,17.1153,40.446106727235,15.0132,7.0,16.68874,1.0,11.63955,0.235215,135.379904,336.0
40.3461341271177,16.2691,40.4636103278026,17.4397,6.0,16.68854,4.0,10.37655,-0.543588,137.8752,336.0
40.4792444286868,130.7549,40.4971936279908,36.1254,6.0,16.74237,8.0,10.58125,-0.418515,18.1166,336.0
40.4792444286868,2.0003,40.5129163274541,13.21,0.0,16.73542,7.0,11.95299,0.040658,31.6713,336.0
40.4792444286868,0.7231,40.5303685283288,17.4606,1.0,16.72787,7.0,12.77168,-0.614971,47.4815,336.0
40.4792444286868,1.7327,40.5461173290387,17.6751,2.0,16.7208,8.0,9.692588,-0.253356,63.8091,336.0
40.4792444286868,1.4352,40.5626648282632,16.9586,3.0,16.7136,7.0,9.300115,0.290031,77.601904,336.0
40.4792444286868,1.4535,40.5801277281716,17.7169,4.0,16.70642,7.0,12.16934,-0.405853,93.408496,336.0
40.4792444286868,1.4603,40.5962743284181,15.3068,5.0,16.69924,7.0,11.72227,-0.382435,107.676896,336.0
40.4792444286868,0.412,40.6132679292932,15.2863,6.0,16.69158,8.0,12.23916,0.030185,125.1128,336.0
40.4971936279908,8.2607,40.6301330300048,18.5524,7.0,16.68762,8.0,10.35047,-0.733445,139.5528,336.0
40.5129163274541,18.9774,40.6476403297856,17.9002,7.0,16.6887,8.0,9.805553,-0.452391,133.94,336.0
40.5303685283288,17.6379,40.6630030302331,14.999,7.0,16.68914,8.0,12.14443,0.263358,134.254304,336.0
40.5461173290387,15.2553,40.6796582294628,14.8833,7.0,16.68847,7.0,12.14602,0.199928,133.5284,336.0
40.5626648282632,16.9377,40.696781530045,17.1244,7.0,16.68859,8.0,9.828345,0.276082,132.8298,336.0
40.5801277281716,14.0575,40.7139116292819,19.104,7.0,16.68735,8.0,10.57289,-0.345915,133.13,336.0
40.5962743284181,16.5219,40.7291901288554,15.0251,7.0,16.68727,8.0,12.19934,-1.12534,134.952496,336.0
40.6132679292932,19.9891,40.7482221284881,19.5745,7.0,16.68882,7.0,5.193472,0.154088,135.429696,336.0
40.6301330300048,16.3332,40.7634031288326,13.1508,7.0,16.68865,8.0,11.70782,-0.140328,135.9584,336.0
40.6476403297856,13.4345,40.7803324293345,18.3741,7.0,16.68713,8.0,11.62352,0.065629,135.272896,336.0
40.6630030302331,21.625,40.797420328483,15.5752,7.0,16.68944,8.0,10.46034,-0.413042,132.725904,336.0
40.6796582294628,15.0818,40.8135858289897,18.3219,7.0,16.68869,8.0,11.10081,0.416719,134.475296,336.0
40.696781530045,17.1083,40.8295885287225,13.9052,7.0,16.68889,7.0,11.69213,-0.212484,134.674592,336.0
40.7139116292819,12.5613,40.8471796289086,17.7317,7.0,16.68696,7.0,10.32677,-1.161781,134.441792,336.0
40.7291901288554,19.4236,40.865346128121,21.9162,7.0,16.68823,8.0,9.446342,0.257345,135.5752,336.0
40.865346128121,132.0199,40.8807708285749,12.2613,7.0,16.74208,8.0,12.04608,-0.381272,133.3748,336.0
40.865346128121,2.0217,40.8972360286862,15.575,0.0,16.73521,7.0,11.44878,0.248211,135.380096,336.0
40.865346128121,1.9112,40.9133296292275,17.7206,1.0,16.72829,7.0,10.82038,-0.180267,135.578208,336.0
40.865346128121,1.8596,40.9303909298033,18.1862,2.0,16.72136,7.0,12.92645,-0.565945,136.617792,336.0
40.865346128121,0.528,40.9473547302186,14.3209,3.0,16.71382,8.0,10.61377,0.468203,135.342704,336.0
40.865346128121,1.3462,40.964479630813,17.1545,4.0,16.70666,8.0,9.694289,-0.199801,134.917296,336.0
40.865346128121,1.5846,40.9803832303733,15.8525,5.0,16.69962,8.0,9.048267,-0.345852,134.668304,336.0
40.865346128121,1.2408,40.9974973294884,18.6849,6.0,16.69243,7.0,11.86355,-0.350596,134.78,336.0
40.8807708285749,3.8321,41.0154691301286,18.261,7.0,16.68644,8.0,12.2808,-1.01444,137.9224,336.0
40.8972360286862,22.3219,41.0312819294631,16.7091,7.0,16.68906,7.0,9.543601,-0.399244,131.263504,336.0
40.9133296292275,15.2134,41.0480018295348,15.5279,7.0,16.68838,8.0,9.684252,-1.397482,132.915296,336.0
40.9303909298033,14.623,41.0635321298614,13.9102,7.0,16.68742,8.0,9.768296,-0.07652,132.508496,336.0
40.9473547302186,19.5505,41.0804687300697,18.8378,7.0,16.68875,7.0,11.98704,-0.100717,136.941104,336.0
40.964479630813,17.4366,41.0979526294395,17.7365,7.0,16.6891,6.0,11.03224,-0.100392,135.419296,336.0
40.9803832303733,16.3651,41.1167886285111,18.1871,7.0,16.68895,5.0,10.94938,-0.604931,138.890208,336.0
40.9974973294884,11.9362,41.1307456288487,12.4142,7.0,16.68674,4.0,13.19122,-0.699819,132.795104,336.0
41.0154691301286,18.1525,41.149556428194,18.6797,7.0,16.68742,3.0,9.418417,-0.628493,136.013408,336.0
41.0312819294631,17.7331,41.166580228135,17.061,7.0,16.6879,2.0,9.555492,-0.222407,132.568704,336.0
41.0480018295348,18.2191,41.1802432285622,15.658,7.0,16.68861,1.0,11.70633,-0.709981,135.7948,336.0
41.0635321298614,16.7133,41.1975956289098,18.4626,7.0,16.68863,0.0,12.34712,-0.621703,135.336704,336.0
41.0804687300697,12.5408,41.2132132286206,12.742,7.0,16.68671,8.0,10.33939,0.560805,14.4312,336.0
41.0979526294395,16.9216,41.2300763288513,16.686,7.0,16.68682,8.0,12.32461,0.101511,32.8387,336.0
41.1167886285111,18.4352,41.2477496294305,19.5683,7.0,16.68762,7.0,12.09908,-0.534272,44.6304,336.0
41.1307456288487,19.5467,41.264206728898,17.3452,7.0,16.68894,7.0,10.6677,-1.196919,60.7681,336.0
41.1307456288487,11.3077,41.280309128575,13.321,7.0,16.68646,6.0,10.11129,-1.157989,76.7748,336.0
41.149556428194,16.9819,41.297568728216,17.1714,8.0,16.6866,5.0,11.16739,-0.36658,90.403504,336.0
41.1802432285622,16.4646,41.3149114279076,17.5045,8.0,16.68649,4.0,9.614172,0.47095,107.137504,336.0
41.1975956289098,19.2952,41.331126828678,18.0392,7.0,16.6877,3.0,10.62872,-1.118146,125.027504,336.0
41.2132132286206,18.5101,41.3483352279291,18.0637,7.0,16.68854,2.0,12.96499,-0.529875,134.874704,336.0
41.2300763288513,16.1813,41.3652888284996,15.9322,7.0,16.6883,1.0,11.14388,-0.589376,134.2508,336.0
41.2477496294305,13.5844,41.3804454281926,13.6964,7.0,16.68687,0.0,10.40475,-1.10572,132.465,336.0
41.264206728898,16.4026,41.3980056289583,19.5443,7.0,16.68674,8.0,11.34815,0.508637,14.9526,336.0
41.280309128575,20.8019,41.4142816290259,14.1445,7.0,16.68864,8.0,11.03267,-0.608865,32.1346,336.0
41.297568728216,17.0606,41.4330985285342,18.7125,7.0,16.68881,8.0,10.05658,0.705579,47.8922,336.0
41.3149114279076,17.3192,41.4481581281871,16.9115,7.0,16.6891,7.0,11.95642,0.482894,62.4602,336.0
41.331126828678,11.7324,41.4640307277441,16.1628,7.0,16.68682,6.0,12.34646,-0.455291,74.512704,336.0
41.3483352279291,17.1846,41.4818443283439,15.6627,7.0,16.68705,7.0,9.119665,-0.602757,92.8972,336.0
41.3483352279291,14.071,41.4976604282856,17.5414,7.0,16.68585,7.0,12.31402,-0.067956,108.155104,336.0
41.3804454281926,22.3503,41.5156065281481,16.2538,8.0,16.68845,6.0,10.03511,-0.666178,121.5376,336.0
41.3980056289583,13.0984,41.5319425277412,16.3167,7.0,16.6868,7.0,9.229391,-0.343951,139.051104,336.0
41.4142816290259,21.096,41.5478849280626,17.6513,7.0,16.68882,6.0,9.964657,-0.796675,134.527696,336.0
41.4142816290259,11.4289,41.5643250271678,14.654,7.0,16.68641,7.0,12.38796,-0.465328,135.980496,336.0
41.4481581281871,17.7794,41.5815284270793,17.3234,8.0,16.68691,6.0,11.82488,-0.118187,113.8764,336.0
41.5815284270793,137.5043,41.5972352270037,16.5959,7.0,16.74221,7.0,10.69105,-1.175109,122.392704,336.0
41.5815284270793,2.3843,41.616918027401,20.7907,0.0,16.73564,7.0,11.96058,-0.865046,121.885296,336.0
41.5815284270793,0.523,41.6308146277443,12.3143,1.0,16.72822,7.0,12.51253,0.622961,116.578096,336.0
41.5815284270793,1.8211,41.6492137284949,17.9579,2.0,16.72141,6.0,10.17519,-1.322185,119.505696,336.0
41.5815284270793,1.4103,41.6649030288681,17.4164,3.0,16.71442,7.0,9.940609,0.232769,116.94,336.0
41.5815284270793,1.0018,41.6814414290711,14.6301,4.0,16.70724,7.0,12.77345,-0.209329,123.4358,336.0
41.5815284270793,0.3934,41.6985222296789,17.1349,5.0,16.6998,7.0,10.65924,-0.418289,115.9592,336.0
41.5815284270793,1.2223,41.7154683293775,19.1039,6.0,16.69274,7.0,7.991185,0.068022,122.2796,336.0
41.5972352270037,5.4183,41.7327990299091,15.266,7.0,16.68759,6.0,12.90163,0.331002,120.5384,336.0
41.616918027401,16.7205,41.7473403299227,16.096,7.0,16.68761,7.0,9.484029,-1.104658,119.4658,336.0
41.6308146277443,18.5946,41.7654352290556,16.8088,7.0,16.68848,7.0,11.95139,0.023506,115.7048,336.0
41.7654352290556,134.7512,41.7820400288329,17.2461,7.0,16.74224,7.0,12.12398,-1.459616,123.653296,336.0
41.7654352290556,0.651,41.7987463297322,17.8237,0.0,16.73492,7.0,10.0811,-0.008263,121.917696,336.0
41.7654352290556,1.9962,41.8155453288928,17.7536,1.0,16.72821,7.0,9.794458,-0.429338,122.263504,336.0
41.7654352290556,1.6993,41.8332872288302,16.2665,2.0,16.72138,7.0,11.18959,-0.65917,121.455504,336.0
41.7654352290556,1.2191,41.8479616288096,13.2708,3.0,16.71433,7.0,11.91982,-0.209976,114.976896,336.0
41.7654352290556,0.3893,41.8652610294521,18.773,4.0,16.70691,7.0,13.30826,-1.246691,123.005504,336.0
41.7654352290556,1.1632,41.8834332302213,16.4201,5.0,16.69985,6.0,9.656938,-0.326048,122.791296,336.0
41.7654352290556,1.492,41.8982379306108,14.8931,6.0,16.69295,6.0,10.25997,-0.40847,120.704096,336.0
41.7820400288329,2.1595,41.9165377300233,19.6549,7.0,16.68636,6.0,12.22038,-0.337444,122.417904,336.0
41.7987463297322,18.2636,41.9314538296312,13.7423,7.0,16.68707,6.0,11.95799,-0.712471,122.956304,336.0
41.8155453288928,17.1056,41.9484181292355,18.5556,7.0,16.68726,6.0,11.34865,-0.4792,121.561104,336.0
41.8479616288096,36.9918,41.9649687297642,14.8871,7.0,16.69646,5.0,10.55777,-0.069577,119.3106,336.0
41.8479616288096,9.5306,41.9812676291913,18.0475,6.0,16.69322,5.0,12.30904,-0.764506,118.894496,336.0
41.8652610294521,18.1626,42.0006083287299,17.6542,7.0,16.69388,6.0,10.54467,-0.258251,104.5388,336.0
41.8982379306108,22.362,42.0168474279344,17.0547,7.0,16.69645,6.0,10.7819,-1.488784,104.367904,336.0
41.8982379306108,10.6401,42.0313027277589,13.567,6.0,16.69371,6.0,12.40228,0.628368,106.5534,336.0
41.9314538296312,22.5491,42.0494972281158,19.9828,7.0,16.69635,6.0,11.84351,-0.657983,105.4464,336.0
41.9314538296312,9.3909,42.0651113279164,15.8868,6.0,16.69305,6.0,10.91905,-0.336297,99.792,336.0
41.9649687297642,23.9406,42.0836031287909,16.4627,7.0,16.69633,6.0,9.948684,-0.255358,99.216496,336.0
41.9812676291913,11.109,42.0999047290534,17.4291,6.0,16.6938,6.0,11.43303,0.204902,105.216496,336.0
41.9812676291913,17.192,42.1152571290731,15.4503,6.0,16.69403,6.0,10.89688,0.477976,105.561,336.0
42.0168474279344,17.9986,42.1334305293858,16.9261,7.0,16.69462,6.0,12.2595,-1.09929,105.007,336.0
42.0313027277589,20.466,42.1482927296311,16.7061,6.0,16.69632,6.0,10.40016,0.185444,106.59,336.0
42.0313027277589,9.3296,42.1652452293783,17.2762,6.0,16.693,6.0,10.1724,0.075356,105.0628,336.0
42.0651113279164,19.076,42.1835743300617,17.3404,7.0,16.69407,6.0,10.10992,0.363894,105.240304,336.0
42.0651113279164,15.9644,42.2009225301445,16.3274,6.0,16.69374,6.0,10.56709,-0.796668,105.822896,336.0
42.0999047290534,16.7463,42.2150149298832,15.9192,7.0,16.69377,6.0,13.02276,-0.44811,105.8976,336.0
42.1152571290731,23.3213,42.2338290298358,16.8424,6.0,16.69675,6.0,10.00124,0.207643,107.435504,336.0
42.1152571290731,8.3807,42.2485249293968,16.4074,6.0,16.69301,6.0,7.186806,-0.933684,105.373904,336.0
42.1482927296311,18.6801,42.2672583302483,18.4744,7.0,16.6939,6.0,11.42947,0.165548,104.945696,336.0
42.1652452293783,17.2338,42.2838876293972,15.139,6.0,16.69414,5.0,12.58821,-0.338722,103.036896,336.0
42.1652452293783,15.7154,42.3013456286862,17.4285,6.0,16.6937,6.0,12.06276,-0.253646,105.820496,336.0
42.1835743300617,15.0656,42.3152077291161,15.6165,7.0,16.69297,6.0,9.584084,-0.731688,106.864,336.0
42.2150149298832,19.305,42.3335361294448,17.9064,7.0,16.69415,6.0,12.80705,1.138322,107.8362,336.0
42.2150149298832,15.8471,42.3481754297391,13.5987,6.0,16.69377,6.0,11.23012,-0.173959,104.0126,336.0
42.2485249293968,17.3579,42.3649848299101,16.9295,7.0,16.69406,6.0,12.02075,0.021559,104.655904,336.0
42.2672583302483,32.794,42.3837296301499,18.4375,6.0,16.70128,6.0,10.51199,0.491977,100.6888,336.0
42.2838876293972,17.4623,42.4010534295812,17.2907,6.0,16.70162,6.0,10.55578,0.168629,106.1038,336.0
42.3152077291161,16.1601,42.4176108287647,18.3454,6.0,16.70137,6.0,8.303459,-0.735819,107.7446,336.0
42.3152077291161,16.056,42.4322539288551,14.9478,5.0,16.70109,6.0,10.97014,1.315152,107.878496,336.0
42.3481754297391,21.8782,42.4505584295839,16.223,6.0,16.7034,5.0,10.03092,-0.757002,104.1226,336.0
42.3649848299101,16.7039,42.4667766299099,16.128,5.0,16.7034,6.0,8.701571,-0.939356,105.890896,336.0
42.3649848299101,11.5728,42.4822524301708,17.5903,5.0,16.70111,6.0,11.66722,0.890711,106.128496,336.0
42.3837296301499,17.3133,42.5004847310483,17.64,6.0,16.70138,6.0,12.53475,-0.59921,109.053696,336.0
42.4176108287647,16.8857,42.5160915311426,16.3315,6.0,16.70147,6.0,8.654302,-0.683595,105.782096,336.0
42.4176108287647,14.3218,42.5341504309326,15.9051,5.0,16.7004,6.0,10.38596,-0.174363,103.980704,336.0
42.4322539288551,18.2677,42.5507457312196,16.7475,6.0,16.7011,6.0,12.66659,-0.364544,99.3428,336.0
42.4505584295839,16.2658,42.5653203316033,16.4344,6.0,16.70091,6.0,10.61741,0.190861,106.918896,336.0
42.4822524301708,17.9054,42.584126630798,18.4877,6.0,16.70144,6.0,10.47999,0.346205,106.7068,336.0
42.5004847310483,16.0486,42.5999691300094,16.1257,5.0,16.70115,6.0,10.33016,-1.066639,107.4772,336.0
42.5004847310483,14.5331,42.6159099303186,16.0687,5.0,16.70019,6.0,9.444244,-1.002683,105.5014,336.0
42.5160915311426,18.8934,42.6347020305693,16.8305,6.0,16.70116,6.0,12.02534,1.067177,104.982496,336.0
42.5341504309326,16.5875,42.6510449312627,16.158,6.0,16.70111,6.0,9.527095,0.065329,105.559,336.0
42.5653203316033,16.9746,42.6661263313144,15.0653,6.0,16.70124,6.0,8.849139,-1.252719,108.8564,336.0
42.5653203316033,16.0728,42.6840102318674,18.856,5.0,16.70096,6.0,12.65288,1.772567,107.9732,336.0
42.584126630798,15.1048,42.6992747318,16.1487,6.0,16.70025,6.0,11.02392,-0.147994,106.1208,336.0
42.5999691300094,16.6322,42.7170219309628,17.6046,6.0,16.70022,6.0,8.243871,-0.416955,106.349904,336.0
42.6159099303186,19.1251,42.7340177316219,15.3008,6.0,16.70129,6.0,11.67162,-0.004519,105.9938,336.0
42.6347020305693,16.3791,42.7509147319943,17.0321,6.0,16.70115,6.0,13.10823,0.285928,104.985696,336.0
42.6661263313144,22.2775,42.7672290317714,18.299,6.0,16.70362,6.0,7.850694,-0.311425,105.810704,336.0
42.6661263313144,10.5793,42.7833105325699,16.0064,5.0,16.70091,6.0,10.00986,-0.556164,107.6088,336.0
42.6840102318674,15.2197,42.8001275323331,16.8476,6.0,16.70025,6.0,12.32432,-0.629381,107.279696,336.0
42.6992747318,16.7933,42.8188900314271,16.9273,6.0,16.70029,6.0,9.283272,-0.338063,103.377104,336.0
42.7170219309628,18.0915,42.8334614317864,14.3373,6.0,16.70091,6.0,11.45253,0.490729,103.628704,336.0
42.7340177316219,16.8298,42.850623132661,18.6103,6.0,16.70097,6.0,11.98016,-0.116649,106.830096,336.0
42.7672290317714,16.7028,42.8670074325055,16.9251,6.0,16.70097,6.0,10.34808,-0.315871,106.185,336.0
42.7672290317714,15.0194,42.885232033208,17.9444,5.0,16.70022,6.0,10.33356,1.838963,107.306704,336.0
42.7833105325699,17.1097,42.9007444335148,13.8465,6.0,16.70041,6.0,11.98657,-0.119204,107.4538,336.0
42.8001275323331,19.0798,42.9181291339919,17.3097,6.0,16.70146,6.0,11.18105,0.561299,104.5948,336.0
42.8334614317864,22.7332,42.9342665346339,18.0564,6.0,16.70412,6.0,9.950071,-1.313185,106.191904,336.0
42.8334614317864,8.9882,42.9505591345951,16.5602,5.0,16.70071,6.0,12.10884,1.459331,106.423696,336.0
42.850623132661,15.4535,42.9661782346666,15.2426,6.0,16.70016,6.0,8.701604,-0.451904,106.815296,336.0
42.8670074325055,16.2586,42.984462434426,17.0288,6.0,16.69997,6.0,10.0954,0.293061,106.0992,336.0
42.885232033208,18.5728,43.0013472344726,16.604,6.0,16.70079,6.0,8.681285,0.452684,104.455904,336.0
42.9007444335148,17.2275,43.0181076340377,16.7228,6.0,16.70103,6.0,13.08317,-0.48819,106.2848,336.0
42.9181291339919,16.2638,43.0351677332073,16.8235,6.0,16.70083,6.0,8.425604,-0.496098,105.632496,336.0
42.9342665346339,14.7986,43.051840133965,18.0892,6.0,16.7,6.0,10.49134,0.112824,105.8768,336.0
42.9505591345951,16.5643,43.0673675341532,15.6809,6.0,16.69994,6.0,11.25252,-0.608954,106.542304,336.0
42.9661782346666,18.7013,43.0854887338355,16.8505,6.0,16.70082,6.0,10.80149,-0.506859,105.202304,336.0
42.984462434426,16.8854,43.1026789331809,17.1114,6.0,16.7009,6.0,10.2858,-0.600578,107.206096,336.0
43.0013472344726,16.6383,43.1190573340282,16.2984,6.0,16.70087,6.0,8.443376,0.011544,106.000896,336.0
43.0181076340377,17.108,43.1350347334519,16.1021,6.0,16.70105,6.0,11.61555,0.23226,107.2014,336.0
43.0351677332073,16.7524,43.1518265334889,17.6067,6.0,16.70107,6.0,12.38946,-0.327088,107.454,336.0
43.051840133965,15.3626,43.168347033672,17.1341,6.0,16.70049,6.0,10.36418,-0.892036,105.391296,336.0
43.0673675341532,16.4589,43.1861586337909,16.1066,6.0,16.70038,6.0,10.76606,-0.153101,105.127104,336.0
43.0854887338355,19.1203,43.2014236338437,15.2165,6.0,16.70144,6.0,11.75484,0.514946,105.7134,336.0
43.1026789331809,16.4011,43.2180679347366,16.6522,6.0,16.70131,6.0,9.460488,-0.874363,108.188096,336.0
43.1190573340282,15.2354,43.2350038345903,18.4365,6.0,16.70067,6.0,9.992536,0.498628,107.3604,336.0
43.1350347334519,17.0124,43.251040333882,16.3667,6.0,16.7008,6.0,10.8709,-0.53801,104.7976,336.0
43.1518265334889,14.5131,43.2685870341957,15.6349,6.0,16.69984,6.0,5.078854,-0.966448,105.570896,336.0
43.168347033672,16.7566,43.2852643337101,16.904,6.0,16.69987,6.0,8.399763,0.344982,106.7428,336.0
43.1861586337909,18.8084,43.3013679329306,15.9731,6.0,16.70079,6.0,12.49607,0.873509,107.334,336.0
43.2014236338437,16.7355,43.3184885326773,18.3097,6.0,16.70081,6.0,9.42251,-1.085463,108.227504,336.0
43.2180679347366,16.9623,43.335157033056,17.1957,6.0,16.70092,6.0,9.562248,-0.521865,106.597504,336.0
43.2350038345903,14.2919,43.3515855334699,14.6799,6.0,16.69987,6.0,12.39272,-0.299808,104.792896,336.0
43.251040333882,17.131,43.3680077325553,16.421,6.0,16.70006,6.0,11.41829,-0.075448,106.623296,336.0
43.2685870341957,18.6482,43.3850190322846,16.9991,6.0,16.70091,6.0,10.96986,1.306892,106.129,336.0
43.2852643337101,16.182,43.401409432292,18.025,6.0,16.70068,6.0,11.08117,0.074957,109.3112,336.0
43.3013679329306,17.1265,43.4177860319614,16.4573,6.0,16.70087,6.0,12.26441,-0.840157,108.5236,336.0
43.3184885326773,14.7931,43.4345089327544,15.0374,6.0,16.70004,6.0,12.06955,-0.062871,105.019,336.0
43.335157033056,16.321,43.4514651335776,16.9858,6.0,16.69987,6.0,10.00031,-0.436674,104.973,336.0
43.3515855334699,18.4957,43.4685881342739,17.1546,6.0,16.70065,6.0,8.366543,0.499597,107.5486,336.0
43.3680077325553,16.1076,43.4853568337858,18.1116,6.0,16.70039,6.0,8.786957,-0.729899,108.967104,336.0
43.3850190322846,17.2047,43.5009639337659,16.016,6.0,16.70061,6.0,12.52157,-0.61519,108.9134,336.0
43.401409432292,14.7545,43.5188509337604,15.9373,6.0,16.69977,6.0,10.28487,0.439656,103.950096,336.0
43.4177860319614,16.4572,43.535355033353,16.7086,6.0,16.69966,6.0,10.3637,-0.620455,105.1694,336.0
43.4345089327544,18.7396,43.5520595330745,16.676,6.0,16.70055,6.0,8.535999,0.310038,105.475104,336.0
43.4514651335776,16.8635,43.5684836339206,16.599,6.0,16.70062,6.0,11.21969,-0.209769,106.7736,336.0
43.4685881342739,17.0997,43.5852786339819,17.6981,6.0,16.70079,6.0,10.43074,-0.847191,108.534304,336.0
43.4853568337858,14.8954,43.6021427344531,17.3585,6.0,16.70001,6.0,9.607755,-0.061038,106.856496,336.0
43.5009639337659,16.4572,43.6193846352398,15.6283,6.0,16.6999,6.0,9.473062,-0.672555,106.1484,336.0
43.5188509337604,18.6567,43.6355414353311,16.0963,6.0,16.70075,6.0,11.44747,0.863728,106.5706,336.0
43.535355033353,16.7074,43.6527042351663,17.504,6.0,16.70075,6.0,10.81709,-0.516339,105.677296,336.0
43.5520595330745,16.2335,43.6691949348897,17.3775,6.0,16.70055,6.0,11.59824,-0.154789,108.4436,336.0
43.5684836339206,16.9791,43.6861326340586,17.5737,6.0,16.70067,6.0,9.789355,0.812703,108.486896,336.0
43.5852786339819,14.856,43.7016402343288,15.7455,6.0,16.69987,6.0,10.46427,-0.39392,105.918304,336.0
43.6021427344531,16.9948,43.7190919341519,15.3649,6.0,16.7,6.0,10.79744,-0.717632,106.406896,336.0
43.6193846352398,18.3345,43.7356840344146,16.576,6.0,16.70071,6.0,10.53219,-0.964787,106.2638,336.0
43.6355414353311,16.1438,43.7525262339041,17.9269,6.0,16.70047,6.0,10.1467,-0.603903,108.108704,336.0
43.6527042351663,16.8109,43.7681558346376,16.3159,6.0,16.70052,6.0,10.86442,0.117138,106.8122,336.0
43.6691949348897,14.8925,43.785931034945,18.0744,6.0,16.69974,6.0,12.06713,0.820379,106.5098,336.0
43.6861326340586,16.5441,43.801866534166,15.7559,6.0,16.69967,6.0,10.66949,0.769383,104.544496,336.0
43.7016402343288,19.1412,43.8193426346406,15.636,6.0,16.70072,6.0,10.5784,0.811718,106.5388,336.0
43.7190919341519,16.5392,43.8358189342543,16.493,6.0,16.70065,6.0,9.673862,0.981057,106.4046,336.0
43.7356840344146,16.8427,43.8537568347529,19.4346,6.0,16.70071,6.0,11.36132,-0.761704,108.7986,336.0
43.7525262339041,14.7175,43.8693952346221,16.1192,6.0,16.69986,6.0,9.021717,-0.980789,108.7556,336.0
43.7681558346376,16.6427,43.8861864348873,16.5888,6.0,16.69983,6.0,8.861782,-0.369005,105.5766,336.0
43.801866534166,20.0864,43.903102834709,15.1256,6.0,16.70129,5.0,8.049043,0.524564,94.9764,336.0
43.801866534166,15.4131,43.9197305338457,16.6284,5.0,16.70074,5.0,10.8177,-0.5861,90.208704,336.0
43.8193426346406,16.5405,43.9350339341909,16.8458,6.0,16.70067,5.0,10.69539,-0.810869,90.2882,336.0
43.8358189342543,16.3394,43.9521405342966,17.6379,6.0,16.70051,5.0,11.1074,-0.440035,88.831504,336.0
43.8537568347529,15.0922,43.9690797347575,16.8529,6.0,16.69982,5.0,12.13594,-0.31913,88.4674,336.0
43.8693952346221,16.5792,43.9859145339578,14.9014,6.0,16.69977,5.0,11.2913,0.830275,90.887904,336.0
43.8861864348873,18.3488,44.0035940334201,17.6391,6.0,16.70048,5.0,10.70927,-0.590946,89.7128,336.0
43.903102834709,16.6218,44.0194848328829,17.0438,6.0,16.70044,5.0,10.69203,-0.569967,90.098304,336.0
43.9350339341909,18.0543,44.0361635331064,17.1608,6.0,16.70103,5.0,9.73483,0.742721,89.142,336.0
43.9350339341909,13.6294,44.0523686334491,16.396,5.0,16.69971,5.0,11.73812,0.534978,89.324896,336.0
43.9521405342966,16.4695,44.0690601337701,16.5121,6.0,16.69961,5.0,8.779546,0.119752,90.4148,336.0
43.9690797347575,18.2365,44.0863524340093,15.6669,6.0,16.70027,5.0,10.33877,0.340074,94.3624,336.0
43.9859145339578,16.7232,44.1036417335272,17.2113,6.0,16.70028,5.0,12.23548,1.210296,90.6858,336.0
44.0194848328829,17.7662,44.1196404341608,17.6259,6.0,16.70073,5.0,11.04042,-0.526478,89.566496,336.0
44.0194848328829,14.8713,44.1361498348415,16.7135,6.0,16.69995,5.0,11.02755,-0.982975,88.7374,336.0
44.0361635331064,16.5836,44.1531308349222,15.2997,6.0,16.6999,5.0,9.238326,-0.547281,89.556096,336.0
44.0523686334491,16.9035,44.1693902350962,16.5877,6.0,16.69999,5.0,11.5516,-0.302487,90.8402,336.0
44.0690601337701,18.2621,44.1860603354871,16.3112,6.0,16.70066,5.0,10.57358,-1.020335,93.033296,336.0
44.0863524340093,17.3193,44.2039451356977,19.2974,6.0,16.70092,5.0,10.45827,-0.31236,90.972496,336.0
44.1196404341608,16.3604,44.2198649365455,16.226,6.0,16.70078,5.0,10.65038,-0.7377,90.454096,336.0
44.1196404341608,14.6227,44.236687336117,17.017,5.0,16.69989,5.0,10.36869,0.972995,90.797,336.0
44.1361498348415,16.2016,44.2548409365118,16.16,6.0,16.69967,5.0,11.85503,-0.473254,89.9588,336.0
44.1531308349222,17.7084,44.2694332366809,14.5255,6.0,16.70011,5.0,11.06586,-0.309506,88.9408,336.0
44.1693902350962,16.8525,44.2869577361271,19.1457,6.0,16.70017,5.0,11.7546,-0.997787,91.505696,336.0
44.1860603354871,17.3049,44.2869577361271,4.4107,6.0,16.70043,5.0,10.7281,0.170552,92.1914,336.0
44.2039451356977,14.4404,44.3027010364458,9.6736,6.0,16.69947,5.0,10.67845,-0.475609,94.1696,336.0
44.2198649365455,17.1583,44.3198149362579,17.2376,6.0,16.69966,5.0,12.02101,-0.157185,90.821904,336.0
44.236687336117,17.5798,44.3360044369474,16.1216,6.0,16.70004,5.0,10.32139,0.107181,87.7252,336.0
44.2548409365118,16.8369,44.3523634364828,16.4723,6.0,16.70009,5.0,11.55895,0.106847,89.871104,336.0
44.2694332366809,16.9354,44.3701666360721,19.3552,6.0,16.70019,5.0,11.62311,-0.166567,91.051104,336.0
44.2869577361271,16.284,44.386876235716,15.1089,6.0,16.70002,5.0,12.21369,-0.486055,92.9912,336.0
44.3027010364458,17.0505,44.4043129356578,17.4353,5.0,16.70017,5.0,9.013219,-0.338489,93.007,336.0
44.3198149362579,16.943,44.4204252352938,15.9887,5.0,16.70027,5.0,11.67985,-0.11768,88.800096,336.0
44.3360044369474,16.4327,44.4369690353051,16.6123,5.0,16.70016,5.0,11.55087,-0.970171,88.5762,336.0
44.3523634364828,17.009,44.4535522358492,18.0987,5.0,16.70029,5.0,11.35445,-0.316424,88.3506,336.0
44.3701666360721,14.5715,44.4718411350623,18.5195,5.0,16.69938,5.0,10.06509,-0.304503,91.492704,336.0
44.386876235716,19.2899,44.4890296356753,15.6121,5.0,16.70048,5.0,9.89488,-0.10021,93.101696,336.0
44.4043129356578,16.1695,44.5041993353516,15.058,5.0,16.70026,5.0,9.970171,-0.094958,93.423504,336.0
44.4204252352938,17.0316,44.5203965362161,16.1935,5.0,16.7004,5.0,12.74512,-0.74945,92.3938,336.0
44.4369690353051,16.6603,44.5378737356514,17.4795,5.0,16.70038,5.0,11.932,-0.596118,89.856496,336.0
44.4535522358492,14.8177,44.553957534954,16.1012,5.0,16.69958,5.0,10.02531,-0.599934,90.540896,336.0
44.4718411350623,16.6509,44.5712820347399,18.8437,5.0,16.69956,5.0,11.91476,-0.385663,90.7258,336.0
44.4890296356753,18.1566,44.5870393346995,16.0947,5.0,16.70018,5.0,11.78235,-0.122792,91.028496,336.0
44.5041993353516,17.117,44.6034773346037,16.5983,5.0,16.70036,5.0,10.63902,-0.918421,93.4398,336.0
44.5203965362161,16.6858,44.6207754351199,17.0281,5.0,16.70035,5.0,10.38723,-0.33895,94.329,336.0
44.5378737356514,16.3905,44.6382435355335,15.5516,5.0,16.70022,5.0,10.22066,0.249121,94.2982,336.0
44.553957534954,16.9785,44.65416033566,15.9601,5.0,16.70034,5.0,11.94349,-0.019608,90.583104,336.0
44.5712820347399,14.7602,44.6714303363115,17.3248,5.0,16.69952,5.0,9.876321,-0.250737,88.280496,336.0
44.5870393346995,16.8578,44.6873991359025,17.5446,5.0,16.69958,5.0,12.77955,-0.288166,92.260704,336.0
44.6034773346037,16.5493,44.7054041363299,18.5281,5.0,16.69952,5.0,10.11918,-0.166494,93.345696,336.0
44.6207754351199,18.1307,44.7205204367638,14.7795,5.0,16.70012,5.0,16.08091,-0.687063,95.418496,336.0
44.6382435355335,17.9732,44.7371607366949,14.876,5.0,16.70066,5.0,16.24944,-0.571013,92.336,336.0
44.65416033566,16.1241,44.7553572375327,18.2701,5.0,16.70042,5.0,16.56957,-0.916446,90.841,336.0
44.6873991359025,17.3747,44.7723191380501,18.5554,5.0,16.7007,5.0,12.14239,-0.570479,92.7164,336.0
44.6873991359025,14.5205,44.78854553774,16.4593,4.0,16.69978,5.0,11.93016,0.049817,94.023104,336.0
44.7054041363299,16.9026,44.8053713385016,16.9183,5.0,16.69987,5.0,10.64511,-1.061009,93.469104,336.0
44.7205204367638,18.071,44.8211816381663,13.8629,5.0,16.70045,5.0,9.625346,0.016533,91.2164,336.0
44.7371607366949,17.2039,44.8381641376764,16.9793,5.0,16.70066,5.0,12.63018,-1.687707,90.755504,336.0
44.7553572375327,16.2077,44.853980736807,15.9823,5.0,16.70045,5.0,12.20548,-0.170347,91.931696,336.0
44.7723191380501,15.3306,44.8726793359965,18.4731,5.0,16.69987,5.0,11.55431,-0.056609,94.391,336.0
44.78854553774,15.0224,44.8877795357257,16.6301,5.0,16.69917,5.0,10.72227,-0.554562,93.138704,336.0
44.8053713385016,18.3783,44.9054658357054,18.6994,5.0,16.69987,5.0,8.998807,-0.408563,90.959296,336.0
44.8211816381663,16.6501,44.9215166363865,15.6226,5.0,16.69985,5.0,11.02895,-0.037163,90.500096,336.0
44.8381641376764,17.0595,44.9382143355906,14.5188,5.0,16.7,5.0,11.53221,-0.361229,90.5544,336.0
44.853980736807,16.6836,44.9553519356996,17.3676,5.0,16.7,5.0,11.72846,-0.293695,92.736096,336.0
44.8726793359965,15.986,44.9716724362224,16.1712,5.0,16.6997,5.0,9.366463,-0.20832,95.7856,336.0
44.8877795357257,15.6169,44.9875295367092,15.9217,5.0,16.69925,5.0,10.18966,-0.865036,90.509696,336.0
44.9054658357054,16.7413,45.0049576368183,19.15,5.0,16.69926,5.0,9.472729,-0.624645,90.250896,336.0
44.9215166363865,16.0588,45.021960536018,16.9468,5.0,16.699,5.0,12.01579,0.030618,91.7782,336.0
44.9382143355906,16.9062,45.0387008357793,16.8893,5.0,16.69908,5.0,12.12432,-0.639134,93.7884,336.0
44.9553519356996,18.3738,45.0551880355924,14.6441,5.0,16.69978,5.0,12.10934,-0.308986,94.708096,336.0
44.9716724362224,18.1652,45.0710222348571,15.862,5.0,16.70039,5.0,12.66864,-0.353986,91.5508,336.0
44.9875295367092,15.7502,45.0891408342868,19.7299,5.0,16.7,5.0,10.03388,-0.498718,91.784496,336.0
45.0049576368183,14.2934,45.104241034016,15.3791,5.0,16.69899,5.0,10.29323,-0.61325,92.173,336.0
45.021960536018,16.8027,45.1228840332478,18.8741,5.0,16.69904,5.0,12.34889,-1.374947,95.1384,336.0
45.0387008357793,17.9798,45.1399401333183,14.8962,5.0,16.69957,5.0,11.60559,-0.55908,94.0228,336.0
45.0551880355924,17.0226,45.1553809335455,15.5275,5.0,16.69971,5.0,10.89622,-0.710965,91.070096,336.0
45.0710222348571,16.9441,45.1724654333666,18.8187,5.0,16.69981,5.0,10.67845,-0.313094,90.439696,336.0
45.0891408342868,14.4947,45.188360533677,15.8024,5.0,16.69889,5.0,12.50925,-0.131242,90.996496,336.0
45.104241034016,17.7699,45.2053714329377,17.2148,5.0,16.69933,5.0,12.95188,-0.468575,94.2466,336.0
45.1228840332478,17.5284,45.2226640330628,15.2751,5.0,16.69968,5.0,12.38997,-0.484108,94.705104,336.0
45.1399401333183,16.8163,45.2390099326149,16.3548,5.0,16.69973,5.0,10.82169,0.485011,90.7958,336.0
45.1553809335455,16.6268,45.2551588332281,17.8021,5.0,16.6997,5.0,10.04774,-0.65341,89.903904,336.0
45.1724654333666,14.7246,45.2720573330298,17.1847,5.0,16.69888,5.0,9.239875,-0.590099,92.151904,336.0
45.188360533677,17.9202,45.2884739330038,16.6676,5.0,16.69938,5.0,12.25271,-1.104536,93.9208,336.0
45.2053714329377,17.8796,45.3060323325917,15.6988,5.0,16.69987,5.0,11.07789,-0.651873,95.166704,336.0
45.2226640330628,16.7338,45.3225331334397,16.286,5.0,16.69989,5.0,9.63801,-0.488314,90.1484,336.0
45.2390099326149,17.2747,45.3382768342271,17.3166,5.0,16.70013,5.0,10.3787,-0.664455,89.956704,336.0
45.2551588332281,15.2376,45.3554919334128,17.4204,5.0,16.69952,5.0,9.788136,-0.497398,90.407904,336.0
45.2720573330298,15.7372,45.373846934177,18.7861,5.0,16.69912,5.0,12.96587,-0.246441,91.8256,336.0
45.2884739330038,18.1486,45.3890162343159,12.8714,5.0,16.69972,5.0,5.979914,0.243716,94.5236,336.0
45.3060323325917,16.4602,45.4051804346964,16.2036,5.0,16.69962,5.0,10.54296,-0.771127,92.037904,336.0
45.3225331334397,16.947,45.4220076343045,18.4714,5.0,16.69972,5.0,10.6923,-0.64217,91.6702,336.0
45.3382768342271,14.9442,45.4387846337631,16.9548,5.0,16.699,5.0,12.35204,0.154787,89.7266,336.0
45.3554919334128,16.2084,45.4556385343894,17.1281,5.0,16.6988,5.0,10.16918,-0.898556,90.6244,336.0
45.373846934177,17.9021,45.4725519334897,14.7432,5.0,16.69929,5.0,11.49033,0.352501,91.5762,336.0
45.3890162343159,17.2311,45.4898846326396,17.4645,5.0,16.69951,5.0,10.80907,-0.609219,92.014704,336.0
45.4051804346964,16.3689,45.5053279325366,16.7571,5.0,16.69938,5.0,12.48621,0.154061,92.720496,336.0
45.4220076343045,15.2396,45.5229293331504,18.2053,5.0,16.69877,5.0,11.73596,-0.787335,91.726304,336.0
45.4387846337631,17.6045,45.5388117339462,16.4886,5.0,16.69915,5.0,17.2592,-0.917876,94.4268,336.0
45.4556385343894,17.9906,45.5562557335943,15.0367,5.0,16.69968,5.0,8.978519,-0.157144,90.08,336.0
45.4725519334897,16.9646,45.5726453326643,16.3335,5.0,16.69979,5.0,12.46714,-0.690595,91.773,336.0
45.4898846326396,17.1894,45.5891876332462,17.7456,5.0,16.69999,5.0,11.69524,-0.419569,91.681904,336.0
45.5053279325366,14.3564,45.6062542330474,17.6073,5.0,16.69902,5.0,10.70678,-0.217843,93.7816,336.0
45.5229293331504,17.1228,45.6235128324479,17.5813,5.0,16.6992,5.0,10.43624,0.603936,94.3938,336.0
45.5388117339462,18.16,45.6399071328342,14.2495,5.0,16.6998,5.0,9.407295,-0.708195,95.7274,336.0
45.5562557335943,17.0328,45.6558902319521,16.1433,5.0,16.69994,5.0,10.78637,-0.752226,93.066496,336.0
45.5726453326643,16.5747,45.6732504311949,18.8189,5.0,16.69989,5.0,12.19354,-0.307867,92.868704,336.0
45.5891876332462,14.8773,45.6897051315755,16.6558,5.0,16.69914,5.0,10.32886,0.081743,94.113296,336.0
45.6062542330474,16.6842,45.7073016315699,17.9208,5.0,16.69913,5.0,9.113795,-1.337614,91.3552,336.0
45.6235128324479,18.172,45.7225861316547,13.1523,5.0,16.69974,5.0,10.80493,1.007629,93.2356,336.0
45.6399071328342,16.9175,45.7391980318353,16.7253,5.0,16.69983,5.0,12.61367,-0.502406,93.384896,336.0
45.6558902319521,17.0599,45.7566242320463,17.5102,5.0,16.69997,5.0,12.17246,-0.258541,93.0856,336.0
45.6732504311949,14.5513,45.772764631547,15.979,5.0,16.69909,5.0,9.757214,0.177724,92.963904,336.0
45.6897051315755,16.4995,45.7900849310681,19.1875,5.0,16.69901,5.0,11.41817,-0.379611,92.228704,336.0
45.7073016315699,18.517,45.8063374301419,16.0303,5.0,16.69976,5.0,8.533906,-1.084146,92.9226,336.0
45.7225861316547,17.0042,45.8246498303488,16.6313,5.0,16.69988,5.0,12.07234,-0.173981,95.973696,336.0
45.7391980318353,16.427,45.8392855301499,14.4833,5.0,16.69977,5.0,10.38658,1.203284,93.638704,336.0
45.7566242320463,17.0487,45.857169829309,17.9458,5.0,16.69991,5.0,11.49991,0.003821,91.851696,336.0
45.772764631547,16.2167,45.8734014295042,17.1684,5.0,16.69971,5.0,9.867846,-0.197123,92.8104,336.0
45.7900849310681,15.469,45.890095628798,15.9072,5.0,16.69921,5.0,12.65138,-0.769967,91.801504,336.0
45.8063374301419,17.0569,45.9062441289425,17.7628,5.0,16.69936,5.0,11.60742,-0.399431,94.6614,336.0
45.8246498303488,18.0285,45.9232058282942,17.033,5.0,16.6999,5.0,6.417479,-0.12905,93.875104,336.0
45.8392855301499,14.6068,45.9401046279818,17.3081,5.0,16.69904,5.0,10.84592,0.313231,95.6628,336.0
45.857169829309,18.1992,45.9562583286315,13.8725,5.0,16.69966,5.0,11.95427,-0.463718,95.327696,336.0
45.8734014295042,15.4486,45.9733396284282,17.1284,5.0,16.69915,5.0,10.92553,-0.044614,93.689104,336.0
45.890095628798,16.9377,45.9900429286063,16.8373,5.0,16.69924,5.0,9.42745,1.186844,90.908496,336.0
45.9062441289425,15.1177,46.0070891287178,17.2179,5.0,16.6986,5.0,11.79387,0.320223,97.916704,336.0
45.9232058282942,16.5946,46.0234085284173,17.2068,5.0,16.69856,5.0,11.32772,0.304018,95.8564,336.0
45.9401046279818,16.5795,46.0402316283435,17.9129,5.0,16.69851,5.0,12.16491,-0.810196,95.535504,336.0
45.9562583286315,18.4222,46.0564700290561,15.7597,5.0,16.69921,5.0,10.17056,-0.54971,94.765696,336.0
45.9733396284282,16.7206,46.0731065291911,16.5251,5.0,16.69922,4.0,8.597477,0.203483,91.902,336.0
45.9900429286063,16.5627,46.0903475284576,17.804,5.0,16.69916,3.0,8.570282,0.773067,93.2972,336.0
46.0070891287178,17.038,46.106867428869,14.2799,5.0,16.6993,2.0,9.737896,-0.399157,92.721,336.0
46.0234085284173,14.9146,46.1235544290394,16.7945,5.0,16.69857,1.0,12.51701,0.706219,93.508704,336.0
46.0402316283435,16.4245,46.140190128237,16.5734,5.0,16.69846,0.0,10.36962,0.430759,94.670496,336.0
46.0564700290561,16.9902,46.1569433286786,16.6906,5.0,16.69858,7.0,9.314633,-0.900237,12.433,336.0
46.0731065291911,16.4597,46.1732562296093,16.3377,5.0,16.69848,7.0,7.820257,-0.272931,24.4406,336.0
46.0903475284576,18.531,46.1909581292421,17.7951,5.0,16.69923,7.0,12.09538,-1.329328,39.0841,336.0
46.106867428869,17.3648,46.2073640283197,18.0705,5.0,16.6995,7.0,10.10894,-1.108525,52.9988,336.0
46.1235544290394,15.8442,46.2268834281713,18.8861,5.0,16.69915,7.0,9.734037,-0.173561,70.9864,336.0
46.140190128237,16.5144,46.2419669283554,14.1784,5.0,16.69908,7.0,10.75963,-0.385535,85.879504,336.0
46.1569433286786,16.893,46.2570743281394,15.1029,5.0,16.69916,7.0,8.984828,-0.991578,99.606704,336.0
46.1732562296093,16.5525,46.2748630288988,17.5111,5.0,16.6991,7.0,12.93052,-0.422221,116.1396,336.0
46.1909581292421,16.6116,46.2904309285805,15.6014,5.0,16.69906,7.0,12.94066,0.164743,125.3722,336.0
46.2073640283197,15.3098,46.3071225294843,18.1699,5.0,16.6985,7.0,10.05523,-0.232464,122.978304,336.0
46.2268834281713,18.1594,46.3242139304057,17.372,5.0,16.69909,7.0,9.394878,0.292916,125.823,336.0
46.2419669283554,14.8133,46.341005130671,16.604,5.0,16.69833,7.0,12.76262,0.509868,125.3646,336.0
46.2570743281394,18.1421,46.358366929926,17.8034,5.0,16.69891,7.0,12.28266,-0.98088,127.6422,336.0
46.2748630288988,17.1285,46.3759716292843,15.4896,5.0,16.69908,7.0,11.46306,-0.146728,125.2888,336.0
46.2904309285805,16.9996,46.3901720289141,14.2211,5.0,16.69921,7.0,10.11668,-0.539428,124.285,336.0
46.3071225294843,14.4894,46.4098294284195,21.4951,5.0,16.69831,7.0,8.739932,0.954572,124.951504,336.0
46.3242139304057,17.2412,46.4250473286957,15.1825,5.0,16.69853,7.0,9.49588,-0.024139,125.549296,336.0
46.341005130671,16.2927,46.4410929288715,15.9696,5.0,16.69837,7.0,12.48723,-0.841551,126.488496,336.0
46.358366929926,18.648,46.4584738295525,17.8502,5.0,16.69916,7.0,9.629128,0.299737,128.461104,336.0
46.3759716292843,16.3977,46.4739751294255,13.5307,5.0,16.69903,7.0,12.17103,-0.571675,128.893696,336.0
46.3901720289141,18.0725,46.49193472974,19.4695,5.0,16.69959,7.0,10.15224,0.661113,124.931696,336.0
46.4098294284195,14.7793,46.5076312292367,14.2007,5.0,16.69881,7.0,9.919951,0.320601,125.2074,336.0
46.4250473286957,16.6498,46.5251508299261,17.4369,5.0,16.69879,7.0,10.44986,-0.426711,123.8794,336.0
46.4410929288715,16.729,46.5414596293122,17.8903,5.0,16.69881,7.0,11.47357,-0.658023,125.9734,336.0
46.5740944296122,133.6851,46.5911662299186,51.4468,5.0,16.74592,7.0,10.61989,-0.243435,128.147904,336.0
46.5740944296122,2.2025,46.6071018297225,14.2099,0.0,16.74007,7.0,11.0537,-1.015747,128.6498,336.0
46.5740944296122,1.8513,46.6251478288323,16.4934,1.0,16.73407,7.0,11.42391,0.213059,125.805504,336.0
46.5911662299186,1.9586,46.6412050295621,15.8737,2.0,16.72813,7.0,10.46092,-0.97505,125.536304,336.0
46.5911662299186,1.7275,46.658922329545,19.7282,2.0,16.7221,7.0,12.49403,0.776141,124.487904,336.0
46.5911662299186,0.485,46.6746024303138,15.3637,3.0,16.71557,7.0,11.86045,-0.216737,127.988896,336.0
46.5911662299186,1.2666,46.6912669297308,14.9931,4.0,16.70937,7.0,11.95424,-0.382215,127.333,336.0
46.5911662299186,1.0063,46.7088703289628,17.5483,5.0,16.70306,7.0,7.85175,0.028107,127.187504,336.0
46.5911662299186,5.8461,46.7239477289841,15.0716,6.0,16.6987,7.0,12.22456,0.267329,126.735296,336.0
46.6071018297225,19.8605,46.7412616284564,17.4641,7.0,16.69997,7.0,10.95624,0.924451,126.989104,336.0
46.6251478288323,16.0356,46.7581382291391,18.8796,7.0,16.6997,7.0,10.22771,-1.237127,125.1894,336.0
46.6412050295621,17.119,46.7750698300079,16.6604,7.0,16.69987,7.0,12.28809,0.165295,126.642096,336.0
46.658922329545,14.9061,46.792095429264,17.1829,7.0,16.69915,7.0,11.84257,0.199017,128.0062,336.0
46.6746024303138,16.3956,46.8081874297932,14.0419,7.0,16.69903,7.0,9.428749,0.094161,129.929296,336.0
46.6912669297308,18.2117,46.8252163296565,17.2068,7.0,16.69964,6.0,10.85123,0.210689,117.722,336.0
46.7088703289628,16.1186,46.8421757305041,16.7873,7.0,16.6994,6.0,11.4496,0.170727,112.898096,336.0
46.7239477289841,16.9392,46.858021129854,17.534,7.0,16.6995,6.0,11.32468,-0.740035,111.7708,336.0
46.7412616284564,16.6531,46.8752800291404,17.5915,7.0,16.69948,6.0,10.77114,-0.170297,111.705904,336.0
46.7581382291391,14.8267,46.8921189298853,16.7999,7.0,16.69873,6.0,9.630511,-0.188313,111.6144,336.0
46.7750698300079,17.162,46.9098704298958,17.5971,7.0,16.69892,6.0,8.563473,-0.652094,111.8084,336.0
46.792095429264,18.3814,46.925956829451,14.4157,7.0,16.69959,6.0,8.988435,1.075225,110.453104,336.0
46.8081874297932,16.1279,46.9424938289449,16.4031,7.0,16.69936,6.0,12.4042,-0.775482,108.4472,336.0
46.8252163296565,16.8663,46.9580900287256,15.5372,7.0,16.69943,6.0,10.32591,-0.487989,111.718704,336.0
46.8421757305041,16.7046,46.974936128594,18.7992,7.0,16.69943,6.0,10.60569,-0.635042,112.661904,336.0
46.858021129854,15.0319,46.9917273288593,17.2058,7.0,16.69876,6.0,12.42568,-1.014595,113.6872,336.0
46.8752800291404,16.7117,47.0095883281901,17.2138,7.0,16.69877,6.0,9.468482,0.195201,112.0052,336.0
46.8921189298853,16.9637,47.0250850282609,14.1179,7.0,16.69888,6.0,12.41659,0.408172,111.460896,336.0
46.9098704298958,17.7753,47.0427365284413,17.5081,7.0,16.6993,6.0,10.56024,-1.085645,112.885904,336.0
46.925956829451,17.151,47.0588320288807,16.0996,7.0,16.69949,6.0,12.36129,0.445738,109.313296,336.0
46.9424938289449,16.189,47.0764884296805,19.6894,7.0,16.69928,6.0,11.0127,-0.64556,109.616496,336.0
46.9580900287256,16.785,47.0928606297821,16.1292,7.0,16.69932,6.0,10.05613,1.220669,110.262304,336.0
46.974936128594,15.7325,47.1102662291378,15.5868,7.0,16.69893,6.0,9.686645,-0.616074,112.016,336.0
46.9917273288593,16.2868,47.1260996293277,15.8346,7.0,16.69877,6.0,12.81976,-0.60614,112.9098,336.0
47.0095883281901,16.5347,47.1429160293192,16.7879,7.0,16.6987,6.0,9.52986,-0.158006,113.486704,336.0
47.0250850282609,17.0329,47.1582023296505,15.2315,7.0,16.69884,6.0,10.33753,-0.961614,111.4758,336.0
47.0427365284413,16.1176,47.1758722290397,17.5767,7.0,16.6986,6.0,10.57497,-0.759615,112.102304,336.0
47.0588320288807,17.0419,47.1923218294978,18.3994,7.0,16.69874,6.0,9.83704,0.975841,112.847504,336.0
47.0764884296805,15.4501,47.2094814293087,17.3729,7.0,16.69824,6.0,11.07621,-0.185763,109.941696,336.0
47.0928606297821,16.6744,47.2278021294624,16.1655,7.0,16.69823,6.0,10.84751,-0.964137,109.512896,336.0
47.1102662291378,16.3126,47.2278021294624,4.6141,7.0,16.69808,6.0,10.83772,1.185617,110.0694,336.0
47.1260996293277,17.2426,47.2424196293578,12.4178,7.0,16.6983,6.0,10.25476,-0.862649,112.450096,336.0
47.1429160293192,17.2698,47.2590833296999,16.1413,7.0,16.69852,6.0,9.609363,0.093588,111.9802,336.0
47.1582023296505,17.1107,47.2760191289708,17.0456,7.0,16.69869,6.0,9.978237,-0.497975,114.42,336.0
47.1758722290397,16.9751,47.2929865298793,16.8834,7.0,16.6988,6.0,10.75048,0.421648,111.5232,336.0
47.1923218294978,14.8135,47.3097011307254,15.0081,7.0,16.69805,6.0,10.60875,-1.101469,111.453904,336.0
47.2094814293087,16.5457,47.3250121306628,15.1894,7.0,16.69799,6.0,10.89071,-0.361744,111.860704,336.0
47.2278021294624,20.2773,47.3432686310261,18.2701,7.0,16.69941,6.0,9.112975,-1.42493,111.009504,336.0
47.2424196293578,12.859,47.3593569304794,16.1316,6.0,16.69789,6.0,10.67955,-1.321216,110.435296,336.0
47.2590833296999,16.9288,47.37715713121,17.8706,6.0,16.69798,6.0,9.953069,0.062182,111.0048,336.0
47.2760191289708,17.1019,47.3935524318367,18.1264,6.0,16.69814,6.0,11.03424,-0.698927,111.796704,336.0
47.2929865298793,17.8315,47.4094878323376,16.149,6.0,16.69859,6.0,9.83023,1.11729,111.207,336.0
47.3097011307254,17.3124,47.4262576326728,16.7677,6.0,16.69883,6.0,12.93322,-0.822275,111.731504,336.0
47.3250121306628,15.9658,47.4457380324602,17.3901,6.0,16.69854,6.0,12.70732,-0.094878,111.246096,336.0
47.3432686310261,16.9628,47.459087732248,13.3902,6.0,16.69864,6.0,10.97753,-0.51788,109.649504,336.0
47.3593569304794,16.6741,47.475982031785,16.9781,6.0,16.69863,6.0,10.38821,-1.039088,110.6168,336.0
47.37715713121,16.9399,47.4935533320531,17.5838,6.0,16.69873,6.0,8.740675,-0.666133,109.5436,336.0
47.3935524318367,14.5515,47.5096747325733,16.3044,6.0,16.69788,6.0,10.49498,-0.532087,110.902,336.0
47.4094878323376,16.9525,47.5278809322044,17.8463,6.0,16.69798,6.0,10.97798,-0.043976,111.7518,336.0
47.4262576326728,16.4064,47.5428848322481,16.9832,6.0,16.69787,6.0,11.55359,-0.806641,112.9108,336.0
47.4457380324602,18.4765,47.5595060326159,16.464,6.0,16.69857,6.0,10.65883,-1.405655,112.426896,336.0
47.459087732248,17.2326,47.5770147331059,17.8592,6.0,16.69878,6.0,9.718687,0.704009,111.5892,336.0
47.475982031785,15.8022,47.5953941326588,16.547,6.0,16.69843,6.0,10.08858,-0.156648,111.2148,336.0
47.4935533320531,16.8396,47.6093892324716,13.9337,6.0,16.69848,6.0,10.89094,-0.932796,109.595104,336.0
47.5096747325733,16.8261,47.6259832326323,16.4049,6.0,16.69853,6.0,10.80816,-0.472313,109.5026,336.0
47.5278809322044,16.4112,47.6428842321038,16.959,6.0,16.69842,6.0,11.05619,0.030293,110.720304,336.0
47.5428848322481,15.3107,47.6605074312538,17.6911,6.0,16.69787,6.0,9.319748,-0.888258,113.315104,336.0
47.5595060326159,16.5052,47.6765865311027,16.0347,6.0,16.6978,6.0,9.895996,0.316691,113.1186,336.0
47.5770147331059,16.6206,47.6941591314971,19.0627,6.0,16.69777,6.0,10.52841,-1.160018,111.858496,336.0
47.5953941326588,18.6879,47.710010131821,15.7877,6.0,16.69855,6.0,10.40201,-0.046471,109.715696,336.0
47.6093892324716,16.6188,47.7260515317321,16.5493,6.0,16.69852,6.0,10.94586,-0.364565,109.317296,336.0
47.6259832326323,16.6787,47.7451699320227,17.0848,6.0,16.69851,6.0,12.58401,0.429925,110.2244,336.0
47.6428842321038,16.8809,47.7611923329532,16.0428,6.0,16.69858,6.0,10.45532,0.063958,110.150304,336.0
47.6605074312538,16.6053,47.7772271335125,16.0174,6.0,16.69855,6.0,11.00227,-0.554109,114.763296,336.0
47.6765865311027,16.9685,47.7947610337287,17.5371,6.0,16.69865,6.0,10.10497,-0.435533,114.900896,336.0
47.6941591314971,15.3589,47.8108657337725,16.1509,6.0,16.69813,6.0,11.49148,1.610662,114.780304,336.0
47.710010131821,16.6712,47.8269583340734,16.0812,6.0,16.69812,6.0,11.17604,-0.522694,109.387504,336.0
47.7260515317321,17.9288,47.8435826338828,18.4526,6.0,16.6986,6.0,9.573409,-0.08255,111.5646,336.0
47.7451699320227,16.9736,47.8601094335318,16.4874,6.0,16.6987,6.0,10.26903,-0.375164,109.611904,336.0
47.7611923329532,16.792,47.8771565333009,15.1945,6.0,16.69874,6.0,10.12214,1.153272,110.5552,336.0
47.7772271335125,16.716,47.8947544340044,17.6834,6.0,16.69875,6.0,9.900794,-1.429797,112.685504,336.0
47.7947610337287,16.6713,47.9104036334902,15.5971,6.0,16.69874,6.0,12.26635,0.583609,112.062096,336.0
47.8108657337725,16.33,47.9275014325976,17.6884,6.0,16.69859,6.0,10.35116,0.012082,113.2992,336.0
47.8269583340734,16.4825,47.9439656324685,17.3314,6.0,16.69851,6.0,10.12883,-0.361352,111.056496,336.0
47.8435826338828,15.4826,47.9604540318251,16.6448,6.0,16.69803,6.0,8.883697,-1.412549,109.506304,336.0
47.8601094335318,17.979,47.9784555323422,17.4911,6.0,16.69853,6.0,11.74269,-0.446286,111.870896,336.0
47.8771565333009,15.4052,47.9940725322813,14.5683,6.0,16.69803,6.0,11.11222,0.364897,110.321104,336.0
47.8947544340044,17.8799,48.011546432972,17.514,6.0,16.69849,6.0,9.774652,0.357499,109.9456,336.0
47.9104036334902,16.9469,48.0269352328032,15.317,6.0,16.69859,6.0,9.915149,0.691928,112.5758,336.0
47.9275014325976,16.796,48.0436566323042,16.7025,6.0,16.69863,6.0,11.37329,0.650478,112.9096,336.0
47.9439656324685,15.2737,48.0601909328252,16.5003,6.0,16.69807,6.0,11.0262,-0.501794,112.3944,336.0
47.9604540318251,16.4839,48.0772461332381,19.0698,6.0,16.69799,5.0,11.1456,-0.898979,111.685104,336.0
47.9784555323422,17.4195,48.0948352329433,17.2218,6.0,16.69827,4.0,11.09557,-0.462658,111.2674,336.0
47.9940725322813,18.061,48.1132597327232,16.801,6.0,16.6988,3.0,11.00492,0.123602,109.6902,336.0
48.011546432972,16.6039,48.1277544330806,14.4609,6.0,16.69876,2.0,9.615994,0.398194,110.223904,336.0
48.0269352328032,17.5545,48.1448774337769,17.1553,6.0,16.69909,1.0,10.63248,0.535728,114.002304,336.0
48.0436566323042,15.0787,48.1608172338456,15.9869,6.0,16.69846,0.0,10.48626,0.354625,111.719904,336.0
48.0601909328252,16.5606,48.1774170342833,16.4845,6.0,16.69841,7.0,10.0548,-0.56772,14.6343,336.0
48.0772461332381,15.4003,48.1952583342791,20.0136,6.0,16.69791,7.0,10.46011,0.00111,25.9299,336.0
48.0948352329433,16.5794,48.2121793348342,16.719,6.0,16.69786,7.0,11.08027,-0.969982,43.0297,336.0
48.1132597327232,16.8485,48.2287455350161,16.7247,6.0,16.69792,7.0,10.17227,-0.877989,55.3988,336.0
48.1277544330806,19.3129,48.2447155341506,13.9194,6.0,16.69893,7.0,9.73512,-0.45421,70.5838,336.0
48.1448774337769,15.5857,48.2618585340679,17.7624,6.0,16.6985,7.0,10.33319,0.341921,86.7054,336.0
48.1608172338456,16.9139,48.2774782339111,14.9608,6.0,16.69858,7.0,11.81998,0.363763,97.474304,336.0
48.1774170342833,17.1166,48.2953669345006,18.0594,6.0,16.69875,7.0,11.86939,-0.247444,113.676096,336.0
48.1952583342791,14.2894,48.312018734403,16.4193,6.0,16.69781,7.0,10.12951,0.159175,127.838,336.0
48.2121793348342,16.8805,48.3281622352079,16.2568,6.0,16.69789,7.0,10.46238,0.193708,127.8962,336.0
48.2287455350161,18.3103,48.3460739357397,19.5459,6.0,16.69851,7.0,11.53464,-0.090528,130.3438,336.0
48.2447155341506,17.2498,48.3628762355074,15.0166,6.0,16.69872,7.0,11.32994,-1.384398,131.3686,336.0
48.2618585340679,16.1552,48.3773761354387,14.5949,6.0,16.69851,7.0,12.05892,-0.11655,129.9084,336.0
48.2774782339111,16.912,48.3964446354657,19.2773,6.0,16.69859,7.0,10.43889,-0.398344,129.9536,336.0
48.2953669345006,16.8641,48.4119793353602,15.3134,6.0,16.69866,7.0,9.952028,-0.747058,127.526096,336.0
48.312018734403,16.8561,48.428154735826,16.4805,6.0,16.69872,7.0,11.9761,-0.767925,127.790496,336.0
48.3281622352079,16.8166,48.4461646350101,19.4459,6.0,16.69876,7.0,12.23115,-0.446687,129.006704,336.0
48.3460739357397,14.9511,48.4613333353773,15.2844,6.0,16.69809,7.0,11.95964,0.008665,129.0968,336.0
48.3628762355074,17.7766,48.4785035355017,17.2737,6.0,16.69851,7.0,10.63126,0.004446,130.782896,336.0
48.3773761354387,16.0129,48.4957348359749,15.2996,6.0,16.69824,7.0,10.87453,-1.060246,129.8046,336.0
48.3964446354657,17.726,48.5114008365199,17.2983,6.0,16.69864,7.0,12.54169,0.116145,130.167696,336.0
48.4119793353602,16.5763,48.528147037141,14.9985,6.0,16.69859,7.0,12.25694,-1.401459,131.942,336.0
48.428154735826,16.9532,48.5455164378509,17.4866,6.0,16.69869,7.0,11.77555,-0.109511,129.498304,336.0
48.4461646350101,14.6413,48.56195013877,18.4206,6.0,16.6979,7.0,10.38535,-0.324766,133.2434,336.0
48.4613333353773,17.286,48.579011538066,15.0026,6.0,16.69812,7.0,11.07386,-0.267218,130.173504,336.0
48.5949691375718,135.2461,48.6128020370379,38.1593,6.0,16.74365,7.0,11.84196,-0.098091,129.393504,336.0
48.5949691375718,2.3732,48.6289897365496,13.6685,0.0,16.73813,7.0,11.85201,0.445234,129.672,336.0
48.5949691375718,0.7579,48.6461813366041,17.8561,1.0,16.732,7.0,11.87727,-0.177968,127.8022,336.0
48.5949691375718,2.3847,48.6612263368443,14.7909,2.0,16.7265,7.0,11.97842,0.321323,128.466896,336.0
48.6128020370379,2.0882,48.6788032362238,17.2353,3.0,16.72088,7.0,10.97799,0.130755,130.709504,336.0
48.6128020370379,1.9549,48.6963263368234,18.0758,3.0,16.71522,7.0,10.32097,0.381339,128.934,336.0
48.6128020370379,2.0494,48.7114192368463,12.8192,4.0,16.7096,7.0,11.39627,-0.842996,129.850704,336.0
48.6128020370379,0.6813,48.7283672364429,16.8827,5.0,16.70347,7.0,12.00318,-0.070664,130.429104,336.0
48.6128020370379,3.3404,48.7461013356224,17.5197,6.0,16.69835,7.0,11.19744,-0.237185,132.2048,336.0
48.6289897365496,15.4705,48.7612051358446,15.5105,7.0,16.69788,7.0,10.51086,-0.052337,130.398096,336.0
48.6461813366041,17.2116,48.7790691358969,19.6587,7.0,16.69808,7.0,9.643896,-1.14195,131.1474,336.0
48.6612263368443,16.4768,48.7967867357656,17.5021,7.0,16.69799,7.0,10.59996,-0.018608,129.4692,336.0
48.6788032362238,16.6098,48.8120399359614,15.1488,7.0,16.69796,7.0,11.93989,-0.783142,130.7892,336.0
48.6963263368234,17.5076,48.8292308356613,17.5512,7.0,16.69827,6.0,12.06544,-0.027134,118.6922,336.0
48.7114192368463,16.0131,48.8449363354594,13.5975,7.0,16.69801,5.0,10.83655,-0.255371,113.924304,336.0
48.7283672364429,16.8776,48.8621112350374,17.1292,7.0,16.69807,4.0,11.22181,1.035161,113.600896,336.0
48.7461013356224,16.5924,48.879837134853,17.8087,7.0,16.69803,3.0,9.846342,-0.117952,114.9494,336.0
48.7612051358446,16.6359,48.8963262345642,16.7262,7.0,16.69801,2.0,10.79173,-0.024774,114.0224,336.0
48.7790691358969,15.2636,48.9131204336882,16.9492,7.0,16.69746,1.0,11.86277,0.192956,113.507696,336.0
48.7967867357656,16.8127,48.9292734339833,15.8334,7.0,16.69751,0.0,12.04574,0.199478,114.626496,336.0
48.8120399359614,16.3844,48.94597373344,16.7477,7.0,16.69739,7.0,9.331652,-1.225866,14.4747,336.0
48.8292308356613,17.0679,48.9633088335395,18.8794,7.0,16.69753,7.0,9.910574,-0.872891,28.4779,336.0
48.8449363354594,18.592,48.979052234441,16.109,7.0,16.69825,7.0,10.02154,-0.636799,45.2299,336.0
48.8621112350374,14.644,48.9978315345943,18.3903,7.0,16.69747,7.0,11.60532,-0.440008,59.1475,336.0
48.879837134853,18.0418,49.0128359347582,14.9731,7.0,16.69798,7.0,11.67857,0.566624,73.0972,336.0
48.8963262345642,17.5881,49.029360935092,16.8049,7.0,16.69832,7.0,11.52899,-0.338054,90.8102,336.0
48.9131204336882,16.2394,49.045997435227,16.5174,7.0,16.69814,7.0,10.5899,-0.370288,104.578704,336.0
48.9292734339833,16.396,49.0623677354306,14.5259,7.0,16.69803,7.0,10.42331,-0.846639,119.782304,336.0
48.94597373344,17.1584,49.0799012351781,17.8229,7.0,16.69821,7.0,12.24358,-0.85434,131.277296,336.0
48.9633088335395,14.4039,49.0968930348754,16.6465,7.0,16.69733,7.0,11.30465,-0.315029,129.6328,336.0
48.979052234441,17.0848,49.1120447348803,15.3089,7.0,16.69748,7.0,10.95899,0.291115,130.694096,336.0
48.9978315345943,17.405,49.1301026344299,18.3222,7.0,16.69775,7.0,10.49564,-0.427405,130.1682,336.0
49.0128359347582,15.983,49.1468906346709,16.5595,7.0,16.69748,7.0,10.80114,-0.57828,129.599296,336.0
49.029360935092,16.1707,49.1628752350807,17.9465,7.0,16.69728,7.0,10.98483,-0.356468,130.4252,336.0
49.045997435227,18.6596,49.1798526346684,16.8519,7.0,16.69802,7.0,12.02999,-0.677243,131.048496,336.0
49.0623677354306,16.2199,49.1970732342452,16.9722,7.0,16.69784,7.0,11.54391,-0.785949,127.6358,336.0
49.0799012351781,17.0503,49.2122993338853,15.3683,7.0,16.69797,7.0,10.61288,0.42648,128.228704,336.0
49.0968930348754,16.55,49.2299783341587,17.8693,7.0,16.69792,7.0,10.59427,-0.489848,128.7344,336.0
49.1120447348803,16.6707,49.2487233337015,16.6476,7.0,16.69791,7.0,11.99964,-0.252414,128.578304,336.0
49.1301026344299,16.6255,49.2487233337015,4.5531,7.0,16.69788,7.0,12.11185,1.170625,127.785504,336.0
49.1468906346709,17.4034,49.2636645333841,12.6377,7.0,16.69815,7.0,12.50602,-0.845111,132.4124,336.0
49.1628752350807,14.0915,49.2796664340422,13.7633,7.0,16.69716,7.0,9.907848,-0.021705,132.090096,336.0
49.1798526346684,17.0448,49.2979337340221,18.3925,7.0,16.69729,7.0,10.38231,-0.993599,130.840496,336.0
49.1970732342452,16.9137,49.3121942337602,15.9865,7.0,16.69737,7.0,10.06468,-0.574816,129.750496,336.0
49.2122993338853,16.0731,49.3296864330769,15.5581,7.0,16.69714,7.0,10.61151,-1.120882,129.594896,336.0
49.2299783341587,17.1364,49.3479024339467,18.2544,7.0,16.69731,7.0,12.78911,-1.440051,129.238704,336.0
49.3630827339366,135.0463,49.3819067338482,34.8938,7.0,16.74196,7.0,5.925299,-0.321206,128.992496,336.0
49.3630827339366,1.9418,49.3969377335161,15.9441,0.0,16.73638,7.0,12.95722,-0.319392,128.774896,336.0
49.3630827339366,0.5005,49.4138778336346,17.2517,1.0,16.73026,7.0,12.42168,0.397724,129.8728,336.0
49.3630827339366,1.7248,49.4297035336494,15.6416,2.0,16.7246,7.0,12.99945,-0.188458,130.714,336.0
49.3630827339366,1.4528,49.4470788333565,15.4021,3.0,16.71885,7.0,13.22651,-0.367915,133.148496,336.0
49.3630827339366,0.4941,49.4651586338878,18.2065,4.0,16.71274,7.0,10.54919,-0.482212,132.498496,336.0
49.3630827339366,1.3078,49.4803658341989,15.076,5.0,16.70694,7.0,12.16238,1.057808,131.141904,336.0
49.3630827339366,1.6611,49.4972130348906,16.8643,6.0,16.70128,7.0,11.42666,-0.202075,129.4886,336.0
49.3819067338482,6.5758,49.5151728345081,18.0711,7.0,16.69747,7.0,12.14141,0.021362,128.5466,336.0
49.3969377335161,16.8177,49.5302318343893,15.1748,7.0,16.69751,7.0,12.22991,-0.417117,129.3978,336.0
49.4138778336346,16.573,49.5480528352782,17.633,7.0,16.69747,7.0,10.82549,0.282128,129.550096,336.0
49.4297035336494,18.1892,49.5650798352435,17.664,7.0,16.69802,6.0,9.008375,-0.327121,120.124096,336.0
49.4470788333565,16.8127,49.5802212348208,16.2413,7.0,16.69807,6.0,10.09894,0.380861,114.209696,336.0
49.4651586338878,16.4921,49.5973085341975,17.3208,7.0,16.69799,6.0,11.74402,-0.652675,112.557104,336.0
49.4803658341989,16.5457,49.6159407338127,17.1657,7.0,16.69793,6.0,12.25277,-0.893092,112.0086,336.0
49.4972130348906,17.1214,49.6300037335604,13.7077,7.0,16.69809,6.0,11.42972,-0.284876,112.126304,336.0
49.5151728345081,16.65,49.6473086327314,17.2425,7.0,16.69807,6.0,12.07604,0.493704,113.796,336.0
49.5302318343893,17.0056,49.6648770328611,17.5233,7.0,16.69819,6.0,9.925375,-0.328819,115.0394,336.0
49.5480528352782,15.9508,49.6807524319738,15.7861,7.0,16.69791,6.0,10.53269,0.306321,109.9542,336.0
49.5650798352435,17.383,49.6972729321569,16.5886,7.0,16.69817,6.0,10.63618,-0.477696,113.6826,336.0
49.5802212348208,14.7419,49.7148179318756,19.3655,7.0,16.69743,6.0,10.3075,0.805403,112.9372,336.0
49.5973085341975,16.6526,49.7310305312276,16.3329,7.0,16.69742,6.0,11.46222,-0.74578,114.008304,336.0
49.6159407338127,18.2284,49.7482327315956,16.9751,7.0,16.69799,6.0,12.20388,-0.840649,113.2592,336.0
49.6300037335604,17.0353,49.7642871309072,15.948,7.0,16.69812,6.0,11.5821,0.735006,116.272304,336.0
49.6473086327314,16.3691,49.7801330313087,16.2104,7.0,16.69799,6.0,10.734,0.989549,115.0288,336.0
49.6648770328611,16.8232,49.7986383307725,16.4711,7.0,16.69804,6.0,8.89908,0.437499,115.400496,336.0
49.6807524319738,16.4239,49.8147782310843,16.1733,7.0,16.69794,6.0,10.82835,0.572324,115.161504,336.0
49.6972729321569,16.4986,49.8310348317027,16.2804,7.0,16.69786,6.0,12.65249,-0.287547,113.2858,336.0
49.7148179318756,15.411,49.8476171325892,16.5078,7.0,16.69738,6.0,11.08565,-0.024022,113.3848,336.0
49.7310305312276,17.0436,49.8652926329523,17.8847,7.0,16.69751,6.0,9.229601,-0.880776,114.023104,336.0
49.7482327315956,16.1554,49.8818385321647,18.5902,7.0,16.69731,6.0,9.468076,1.033219,114.494,336.0
49.7642871309072,16.5507,49.8982061315328,15.9002,7.0,16.69725,6.0,9.250947,-0.460579,115.6382,336.0
49.7801330313087,19.2668,49.9156024307013,17.9087,7.0,16.69821,6.0,12.07102,0.455622,114.717,336.0
49.7986383307725,16.2085,49.9303231304511,14.5553,7.0,16.69803,6.0,11.81698,-0.195724,113.703296,336.0
49.8147782310843,16.7482,49.9482453307137,15.8084,7.0,16.69805,6.0,12.53288,-0.138887,113.246496,336.0
49.8310348317027,16.1621,49.9650910301134,17.0104,7.0,16.69785,6.0,10.76188,0.268218,114.992704,336.0
49.8476171325892,16.913,49.9822813300416,17.0648,7.0,16.69793,6.0,10.82848,-0.062564,113.8086,336.0
49.8652926329523,16.783,49.9984674295411,17.9884,7.0,16.69796,6.0,8.825924,-0.980746,116.6746,336.0
49.8818385321647,15.2377,49.9984674295411,4.6054,7.0,16.69742,6.0,9.903087,-0.24854,116.1572,336.0
49.8982061315328,16.1761,50.0150991296396,10.2616,7.0,16.69722,6.0,12.09298,0.046063,113.8314,336.0
49.9156024307013,17.7898,50.0311026303098,16.1365,7.0,16.69763,6.0,11.42506,0.11137,114.955696,336.0
49.9303231304511,17.5993,50.0481850309297,17.0498,7.0,16.69797,6.0,11.95445,-0.035266,113.847,336.0
49.9482453307137,16.7409,50.0651694303378,16.8652,7.0,16.69798,6.0,12.72914,-0.957436,114.119696,336.0
49.9650910301134,16.611,50.0815949300304,18.2732,7.0,16.69795,6.0,10.28044,0.499259,113.584896,336.0
49.9822813300416,16.5304,50.0993690295145,17.7736,7.0,16.69789,6.0,10.02963,-1.167048,113.7912,336.0
49.9984674295411,21.1259,50.1151651302353,16.0404,7.0,16.69953,6.0,9.843666,0.764264,112.166704,336.0
50.0150991296396,10.9894,50.1319045303389,14.7181,6.0,16.69741,6.0,11.89974,1.11943,116.6312,336.0
50.0311026303098,16.879,50.1476472308859,16.1416,6.0,16.69748,6.0,12.74564,-0.120349,112.9756,336.0
50.0481850309297,16.9356,50.1660328311846,18.0145,6.0,16.69757,6.0,9.711948,0.238423,115.072096,336.0
50.0651694303378,17.1295,50.1825609309599,16.3621,6.0,16.69773,6.0,11.03184,-0.580674,116.153696,336.0
50.0815949300304,14.9831,50.1984685314819,17.9964,6.0,16.69709,6.0,8.85797,-0.21525,115.384304,336.0
50.0993690295145,17.8771,50.2152869319543,16.6364,6.0,16.69753,6.0,10.66585,0.385066,115.6438,336.0
50.1151651302353,16.7922,50.2324862321839,17.1604,6.0,16.69756,6.0,11.83928,-0.014308,114.8842,336.0
50.1319045303389,16.8382,50.2487326329574,16.5982,6.0,16.69762,6.0,9.716774,-0.496096,117.048096,336.0
50.1476472308859,16.3232,50.2653126334772,14.4471,6.0,16.69748,6.0,10.61345,-0.369623,113.7864,336.0
50.1660328311846,16.7814,50.282152033411,16.8807,6.0,16.69751,6.0,10.10133,-0.659243,116.3742,336.0
50.1825609309599,15.9352,50.2987572336569,16.5727,6.0,16.69723,6.0,11.53271,0.240736,113.8122,336.0
50.1984685314819,16.5932,50.3158737337217,17.0637,6.0,16.69719,6.0,11.8801,0.029514,113.390496,336.0
50.2152869319543,16.531,50.3332526339218,17.6954,6.0,16.69713,6.0,10.77272,-0.912808,114.252,336.0
50.2324862321839,17.2214,50.3496606340632,16.2821,6.0,16.69732,6.0,10.28654,-0.436633,114.959904,336.0
50.2487326329574,18.2029,50.3652433343232,17.1887,6.0,16.69788,6.0,10.32036,1.217769,113.6782,336.0
50.2653126334772,15.2317,50.3816358335316,14.7717,6.0,16.69734,6.0,11.32249,-0.317226,116.4248,336.0
50.282152033411,16.977,50.3986232336611,18.7228,6.0,16.69744,6.0,11.73781,-0.788719,114.7316,336.0
50.2987572336569,16.0745,50.4152727331966,14.8898,6.0,16.69721,6.0,11.11673,-0.648032,115.3326,336.0
50.3158737337217,16.9019,50.433203432709,19.7671,6.0,16.69728,6.0,10.39663,-0.660108,115.484304,336.0
50.3332526339218,16.3082,50.449227033183,15.7907,6.0,16.69714,6.0,8.312826,-0.515381,115.017696,336.0
50.3496606340632,17.8104,50.4663592334837,15.4839,6.0,16.69755,6.0,12.14692,-0.270728,116.027104,336.0
50.3652433343232,15.1332,50.4826982337981,16.2571,6.0,16.69698,6.0,12.64333,0.379292,113.126496,336.0
50.3816358335316,17.455,50.4990596342832,16.3469,6.0,16.69725,6.0,10.86861,-0.928997,113.1236,336.0
50.3986232336611,16.0982,50.5152896344662,16.3809,6.0,16.69703,6.0,10.60588,-0.014988,114.268704,336.0
50.4152727331966,17.5405,50.5323593337089,16.9937,6.0,16.69734,6.0,10.18333,-0.844713,113.6922,336.0
50.433203432709,17.1724,50.5498051345348,17.3787,6.0,16.69752,7.0,12.14811,0.002987,116.4656,336.0
50.449227033183,17.3542,50.5654923338443,15.7286,6.0,16.69776,6.0,11.375,-0.414315,115.647504,336.0
50.4663592334837,13.9884,50.5820661336184,18.4562,6.0,16.69677,6.0,11.32379,-0.510254,111.272096,336.0
50.4826982337981,18.3289,50.5985594335943,14.6694,6.0,16.69736,6.0,9.814713,-0.166241,113.4686,336.0
50.4990596342832,16.5061,50.6153384335339,18.6021,6.0,16.69729,6.0,10.02891,0.403022,112.806096,336.0
50.5152896344662,16.7947,50.6328682340682,17.8757,6.0,16.69733,6.0,11.69361,0.089991,112.8118,336.0
50.5323593337089,16.885,50.6494244337082,16.1154,6.0,16.6974,6.0,12.06215,-0.623646,113.236496,336.0
50.5498051345348,16.5319,50.6661114338785,16.7917,6.0,16.69734,6.0,11.01634,0.087028,116.4122,336.0
50.5654923338443,17.0368,50.6822511330247,16.2761,6.0,16.69746,6.0,10.10628,-0.220946,113.969296,336.0
50.5820661336184,15.4112,50.6997744329274,17.5754,6.0,16.69699,6.0,9.226509,0.683862,117.276496,336.0
50.5985594335943,18.4634,50.7152128331363,15.2009,6.0,16.69764,6.0,11.67885,-0.687648,115.566,336.0
50.6153384335339,14.7624,50.7343476340175,17.3528,6.0,16.69693,6.0,12.23497,-0.767104,113.980496,336.0
50.6328682340682,17.9152,50.7497110338882,15.3523,6.0,16.69737,6.0,10.11445,-0.090085,112.722,336.0
50.6494244337082,15.9743,50.7653078334406,15.5606,6.0,16.69711,6.0,10.15234,-0.699954,113.758,336.0
50.6661114338785,16.9199,50.7831411333755,17.7701,6.0,16.69719,6.0,8.935648,-0.009266,114.6308,336.0
50.6822511330247,15.7987,50.7996309334412,16.5065,6.0,16.69686,6.0,12.4878,-0.48328,114.875904,336.0
50.6997744329274,18.0445,50.8164221337065,16.7615,6.0,16.69736,5.0,12.45928,-0.50399,101.6218,336.0
50.7152128331363,16.3409,50.8353671329096,19.0902,6.0,16.69723,5.0,11.64905,-0.965846,96.6504,336.0
50.7343476340175,16.3002,50.8501614332199,14.6036,6.0,16.69708,5.0,12.37427,0.233054,97.531904,336.0
50.7497110338882,17.6681,50.8665714338422,18.2776,6.0,16.69744,5.0,9.88548,-0.20579,97.6602,336.0
50.7653078334406,16.8876,50.8830272331834,17.0321,6.0,16.69751,5.0,10.55089,-0.221147,98.294,336.0
50.7831411333755,16.9006,50.8997200336307,16.4319,6.0,16.69758,5.0,10.61895,-0.769993,98.349,336.0
50.7996309334412,16.3099,50.9191190339625,17.3178,6.0,16.69744,5.0,12.83675,-0.516937,92.371504,336.0
50.8164221337065,17.0638,50.9331752341241,14.163,6.0,16.69757,5.0,11.58969,-0.352535,100.4366,336.0
50.8353671329096,17.7608,50.9508657343686,17.7578,6.0,16.69796,5.0,11.11745,-0.831791,97.2116,336.0
50.8501614332199,15.6925,50.9679000340402,16.8402,6.0,16.69759,5.0,11.91329,-0.493998,98.4676,336.0
50.8665714338422,15.5325,50.9827757338062,14.9524,6.0,16.69717,5.0,10.84824,-0.481308,96.2184,336.0
50.8830272331834,16.7507,50.999856733717,19.5406,6.0,16.69719,5.0,10.51624,-0.114927,98.273696,336.0
50.8997200336307,16.7457,51.0180747332051,15.9128,6.0,16.6972,5.0,9.906691,-0.59899,98.904304,336.0
50.9191190339625,18.9778,51.0329671334475,14.5986,6.0,16.69803,5.0,12.7383,-0.443291,95.5138,336.0
50.9331752341241,15.2417,51.0503710340708,17.4376,6.0,16.69751,5.0,12.30911,-0.875966,100.7942,336.0
50.9508657343686,16.7166,51.0664300341159,16.0536,6.0,16.69751,5.0,12.17253,-0.937229,99.585696,336.0
50.9679000340402,17.0066,51.0833856333047,17.0121,6.0,16.69762,5.0,11.65129,-0.372111,97.4862,336.0
50.9827757338062,16.4215,51.1002124324441,16.8484,6.0,16.69752,5.0,11.14309,-0.560496,95.217296,336.0
50.999856733717,15.2334,51.1169548332691,18.4062,6.0,16.69699,5.0,9.928066,-0.522225,97.500096,336.0
51.0180747332051,18.7244,51.1332292333245,16.2807,6.0,16.69773,5.0,10.86753,-0.622925,99.406704,336.0
51.0329671334475,14.3741,51.1499937325716,17.6815,6.0,16.69689,5.0,11.03651,-0.574477,99.462096,336.0
51.0503710340708,18.3308,51.1672129333019,16.6222,6.0,16.69748,5.0,9.934996,-0.959454,95.620896,336.0
51.0664300341159,16.3599,51.1838230341673,14.7733,6.0,16.69736,5.0,12.36053,0.05839,97.193296,336.0
51.0833856333047,17.6156,51.2002131342888,16.3544,6.0,16.69769,5.0,12.26632,-0.258206,98.849104,336.0
51.1002124324441,16.6947,51.2182193342596,17.7303,6.0,16.69769,5.0,12.39248,0.528933,97.506704,336.0
51.1169548332691,15.2798,51.2342327348888,16.1627,6.0,16.69717,5.0,12.40065,0.900735,96.8214,336.0
51.1332292333245,16.3426,51.2509328350425,16.5767,6.0,16.69705,5.0,12.76321,-0.634155,99.1516,336.0
51.1499937325716,17.141,51.2672077342868,18.264,6.0,16.69721,5.0,11.66501,0.460719,99.252,336.0
51.1672129333019,18.94,51.2672077342868,4.5612,6.0,16.69802,5.0,10.28997,-0.672692,100.900704,336.0
51.1838230341673,15.0073,51.2836951334029,10.0373,6.0,16.69741,5.0,8.097765,-0.704076,99.2768,336.0
51.2002131342888,16.1202,51.3008325342089,17.0026,6.0,16.6972,5.0,10.62675,-0.284082,96.8252,336.0
51.2182193342596,18.0968,51.3175252340734,18.222,6.0,16.6977,5.0,12.22238,-0.200495,97.285296,336.0
51.2342327348888,15.6627,51.3349758349359,16.2963,6.0,16.69733,5.0,11.41169,0.471673,97.290496,336.0
51.2509328350425,16.9285,51.3500889353454,16.9832,6.0,16.69741,5.0,12.51088,1.398605,96.5244,336.0
51.2672077342868,22.8106,51.3671972360462,16.832,6.0,16.69962,5.0,11.03958,-1.08535,95.653504,336.0
51.2836951334029,9.8073,51.38681223616,17.8723,5.0,16.69713,5.0,10.36629,1.869616,95.9406,336.0
51.3008325342089,17.3512,51.4009030358866,14.1254,5.0,16.69737,5.0,10.46133,0.370728,99.411296,336.0
51.3175252340734,15.3506,51.4172906363383,16.6071,5.0,16.69688,5.0,9.350595,-0.312385,100.4196,336.0
51.3349758349359,18.7226,51.4338261364028,16.4722,5.0,16.69761,5.0,10.57225,0.373021,98.662704,336.0
51.3500889353454,15.2683,51.4512875368819,17.323,5.0,16.6971,5.0,13.04748,-0.816485,98.8818,336.0
51.3671972360462,16.8722,51.4670499367639,17.5025,5.0,16.69716,5.0,8.249572,0.411109,98.4418,336.0
51.38681223616,19.459,51.4832540368661,16.0676,5.0,16.69815,5.0,9.763885,-0.576297,98.974,336.0
51.4009030358866,12.643,51.5006171362475,17.9238,5.0,16.6967,5.0,10.46378,0.248097,96.909504,336.0
51.4172906363383,18.0185,51.5179727366194,16.8088,5.0,16.69717,5.0,9.314085,-0.145609,97.7054,336.0
51.4338261364028,17.2458,51.5349635360762,15.1459,5.0,16.69737,5.0,12.48269,0.430185,96.241104,336.0
51.4512875368819,17.22,51.5499591361731,14.9511,5.0,16.69756,5.0,9.711997,-0.871521,98.147,336.0
51.4670499367639,15.2298,51.5673246365041,17.5128,5.0,16.69703,5.0,12.2121,-0.563427,98.817696,336.0
51.4832540368661,16.0385,51.585102936253,17.9441,5.0,16.69679,6.0,11.47541,-1.314787,99.0324,336.0
51.5006171362475,17.9048,51.6013342365623,17.9596,5.0,16.69723,5.0,10.28432,0.040812,100.0154,336.0
51.5179727366194,18.7242,51.61806393601,14.8823,5.0,16.69795,6.0,15.92452,-0.553358,98.8956,336.0
51.5349635360762,15.4544,51.6349782366306,17.0259,5.0,16.69751,5.0,17.28913,0.409738,99.8026,336.0
51.5499591361731,14.9947,51.6514511369169,16.6508,5.0,16.6969,5.0,8.937287,-0.593234,98.352496,336.0
51.5673246365041,17.1213,51.6673539374024,15.7787,5.0,16.69705,5.0,11.42589,-0.631087,96.0788,336.0
51.585102936253,18.1545,51.6851316373795,17.4682,5.0,16.69757,5.0,11.63556,0.273482,99.2932,336.0
51.6013342365623,15.9758,51.7016071379185,18.3058,5.0,16.69731,5.0,12.46146,-1.347955,97.2852,336.0
51.61806393601,17.015,51.7205607388169,17.1158,5.0,16.69743,5.0,9.432734,-0.745959,102.004096,336.0
51.6349782366306,16.6369,51.7366383392364,18.2844,5.0,16.6974,5.0,10.76849,-0.524759,96.426704,336.0
51.6514511369169,16.998,51.7521662395447,15.3729,5.0,16.69751,5.0,12.47542,-0.347141,98.7608,336.0
51.6673539374024,16.4458,51.7681062389165,13.9905,5.0,16.69742,5.0,11.62866,-0.051374,100.349296,336.0
51.6851316373795,16.9016,51.78520183824,17.3603,5.0,16.6975,5.0,13.25636,-0.645192,97.301296,336.0
51.7016071379185,16.0936,51.801638437435,16.1067,5.0,16.69728,5.0,12.48636,-0.278082,96.5234,336.0
51.7205607388169,17.1571,51.8180759381503,16.3965,5.0,16.69744,5.0,10.30834,-0.112944,98.029504,336.0
51.7366383392364,17.674,51.834876537323,16.8087,5.0,16.69779,5.0,10.34857,-0.898773,98.1872,336.0
51.7521662395447,17.6222,51.850939437747,17.888,5.0,16.69812,5.0,9.889992,-0.353904,98.156896,336.0
51.7681062389165,14.1268,51.8684754371643,17.5971,5.0,16.6972,5.0,12.55168,-0.209069,97.5348,336.0
51.78520183824,15.9308,51.8851945362985,16.9386,5.0,16.69693,5.0,12.04374,0.83346,99.393296,336.0
51.801638437435,17.3214,51.9010297358036,15.5672,5.0,16.69715,5.0,11.95917,0.227884,100.270096,336.0
51.8180759381503,16.2066,51.9191515352577,16.4248,5.0,16.69698,5.0,11.1219,0.039279,98.6406,336.0
51.834876537323,17.2976,51.9360181353986,16.8547,5.0,16.69719,5.0,10.22817,-1.012306,100.043,336.0
51.850939437747,15.6,51.9522839356214,16.1319,5.0,16.6968,5.0,10.12784,-0.901688,99.4004,336.0
51.8684754371643,17.8802,51.9681358356029,15.8151,5.0,16.69722,5.0,9.231116,-0.846604,97.752896,336.0
51.8851945362985,16.9739,51.9859117362648,17.7696,5.0,16.69732,5.0,11.51642,0.293465,97.277,336.0
51.9010297358036,17.474,52.0018869359046,16.0042,5.0,16.6976,5.0,11.81351,-0.882502,97.163,336.0
51.9191515352577,16.5317,52.0184587351978,18.44,5.0,16.69754,5.0,12.97909,0.039196,100.039904,336.0
51.9360181353986,15.0925,52.0360060352832,15.76,5.0,16.69697,5.0,10.8729,-0.553039,96.818896,336.0
51.9522839356214,17.7588,52.0523286350071,17.9757,5.0,16.69735,5.0,10.36594,0.253157,96.2676,336.0
51.9681358356029,16.1069,52.0692712347955,17.095,5.0,16.69714,5.0,9.851902,0.058217,99.0402,336.0
51.9859117362648,17.4275,52.085405735299,16.3015,5.0,16.6974,5.0,12.4365,-0.962828,101.6564,336.0
52.0018869359046,15.8217,52.1022854354233,16.7261,5.0,16.69708,6.0,11.62514,-0.064663,99.6368,336.0
52.0184587351978,16.7789,52.1192813348025,15.3373,5.0,16.69711,5.0,12.22544,0.011954,96.103504,336.0
52.0360060352832,17.8409,52.1349699348211,15.5573,5.0,16.69752,4.0,9.237383,-1.327644,97.766896,336.0
52.0523286350071,13.7893,52.1520054340363,17.0034,5.0,16.69649,3.0,9.805828,-0.326869,101.3624,336.0
52.0692712347955,19.2505,52.1693780347705,17.2424,5.0,16.69739,2.0,10.92616,-0.619157,97.61,336.0
52.085405735299,12.7812,52.1850619353354,17.4991,5.0,16.69601,1.0,11.78345,-0.159054,100.157,336.0
52.1022854354233,21.8441,52.2013262361288,16.2659,5.0,16.69783,0.0,11.69514,-0.938505,98.177696,336.0
52.1192813348025,15.474,52.2189149353653,17.8074,5.0,16.6974,7.0,13.16887,-0.599496,14.5218,336.0
52.1349699348211,15.4375,52.2361429352313,17.0255,5.0,16.69695,7.0,12.28956,-0.637902,30.8416,336.0
52.1520054340363,16.9658,52.2518788352609,13.9205,5.0,16.69705,7.0,10.58555,-0.41499,45.8107,336.0
52.1693780347705,17.5331,52.2685607355088,16.7513,5.0,16.69734,7.0,9.911505,-0.17697,61.0763,336.0
52.1850619353354,15.4884,52.2855683360249,16.9948,5.0,16.69691,7.0,5.833796,-0.215409,78.79,336.0
52.2013262361288,16.408,52.3021578360349,16.5682,5.0,16.69681,8.0,10.1074,-1.485196,94.2944,336.0
52.2189149353653,17.7495,52.3198754359037,17.7156,5.0,16.69718,7.0,10.67019,0.069875,109.618304,336.0
52.2361429352313,18.7065,52.3359463363886,18.0846,5.0,16.69789,7.0,10.32387,-0.548865,126.127504,336.0
52.2518788352609,14.4678,52.3527075368911,16.3248,5.0,16.69711,8.0,10.13811,0.508891,134.163904,336.0
52.2685607355088,16.4994,52.3695322368294,17.3762,5.0,16.69704,7.0,11.8283,0.205357,131.7944,336.0
52.2855683360249,16.8614,52.3850745372474,15.231,5.0,16.69709,7.0,13.34383,-0.526472,130.475904,336.0
52.3021578360349,16.486,52.4030614364892,17.8897,5.0,16.69702,7.0,11.77326,-0.497056,130.8698,336.0
52.3198754359037,18.045,52.4201107360423,17.4006,5.0,16.6975,7.0,12.33911,0.48096,131.3698,336.0
52.3359463363886,15.816,52.4364007357508,14.1787,5.0,16.69719,7.0,11.16454,-1.019709,134.1676,336.0
52.3527075368911,16.4589,52.4523197356611,15.9724,5.0,16.6971,7.0,9.740172,-0.859678,134.562496,336.0
52.3695322368294,17.3973,52.4695218354464,17.2861,5.0,16.69735,7.0,10.28806,0.018143,133.6994,336.0
52.3850745372474,15.2765,52.4876292347908,18.1497,5.0,16.69685,7.0,10.21904,-0.549583,135.919904,336.0
52.4030614364892,18.0018,52.502486734651,14.7801,5.0,16.69731,7.0,9.533109,0.898935,133.966704,336.0
52.4201107360423,18.9498,52.5191326355562,18.3975,5.0,16.6981,7.0,12.84008,-0.736997,133.1612,336.0
52.4364007357508,14.2788,52.5364755364135,17.0543,5.0,16.69725,7.0,12.55666,-0.880116,130.081904,336.0
52.4523197356611,14.2286,52.552685235627,16.8423,5.0,16.69638,7.0,11.67318,-0.056691,132.0784,336.0
52.4695218354464,19.1401,52.569328035228,17.1184,5.0,16.69724,7.0,12.06726,-0.10569,131.8672,336.0
52.4876292347908,18.0378,52.586428434588,14.5117,5.0,16.69771,7.0,10.9228,-1.111959,131.7564,336.0
52.502486734651,15.0667,52.6030306341127,16.7257,5.0,16.69714,8.0,10.63362,-1.141608,131.3854,336.0
52.5191326355562,16.2787,52.6210588337854,19.8704,5.0,16.69699,8.0,10.89669,-0.935826,131.544,336.0
52.5364755364135,17.1395,52.6362014338374,13.3875,5.0,16.69715,7.0,9.73129,-0.043136,130.475904,336.0
52.552685235627,16.7569,52.6537594329566,19.3028,5.0,16.69717,7.0,9.884559,-0.633017,131.7672,336.0
52.569328035228,15.7349,52.6693894322962,13.7547,5.0,16.69683,7.0,12.65021,0.244938,132.1604,336.0
52.704179931432,133.6613,52.7192871309817,50.0184,5.0,16.73787,7.0,12.94403,-0.638512,129.3226,336.0
52.704179931432,0.7195,52.7365347314626,17.0255,0.0,16.73225,8.0,12.68234,-1.264538,131.5766,336.0
52.704179931432,1.5293,52.7530313320458,16.4971,1.0,16.72692,7.0,11.69102,1.148746,130.781696,336.0
52.704179931432,1.7267,52.7698106318712,16.9919,2.0,16.72166,7.0,12.35886,0.506149,135.1404,336.0
52.704179931432,0.6033,52.786575332284,18.3192,3.0,16.71601,7.0,9.993912,-0.190655,134.920192,336.0
52.704179931432,1.4265,52.803209932521,16.9276,4.0,16.71066,8.0,10.90294,0.637704,133.609104,336.0
52.704179931432,1.2671,52.8201089333743,16.5905,5.0,16.70525,8.0,11.05595,0.055257,132.3508,336.0
52.704179931432,0.4878,52.8368913326412,17.0001,6.0,16.69958,7.0,10.67025,-0.56058,133.214,336.0
52.7192871309817,8.7168,52.8533245325089,16.7501,7.0,16.69678,7.0,11.32996,-0.624973,132.173,336.0
52.7365347314626,17.6092,52.8706131316721,15.2398,7.0,16.6971,7.0,12.0065,-0.811382,122.072704,336.0
52.7530313320458,16.482,52.8859730316326,15.1629,7.0,16.69703,6.0,11.17334,-0.451017,114.204704,336.0
52.7698106318712,17.3606,52.9035641318187,17.7539,7.0,16.69726,6.0,11.71778,0.431749,114.4614,336.0
52.786575332284,16.2384,52.9202618310228,16.7382,7.0,16.6971,6.0,12.33767,-0.571481,117.2896,336.0
52.803209932521,14.7555,52.9362598313019,17.5531,7.0,16.69642,6.0,10.58088,-0.200671,118.9274,336.0
52.8201089333743,18.7678,52.9553904319182,19.1623,7.0,16.69714,6.0,10.79332,-0.433358,114.149696,336.0
52.8368913326412,16.9882,52.9714474314824,16.1248,7.0,16.69724,6.0,12.30145,-0.599983,114.544096,336.0
52.8533245325089,14.6116,52.9879434322938,16.8437,7.0,16.69652,6.0,11.31388,0.681046,110.669504,336.0
52.8706131316721,18.9616,53.0052881324664,16.995,7.0,16.69731,6.0,12.41827,-0.419741,116.922304,336.0
52.8859730316326,14.3661,53.0206410326064,13.5606,7.0,16.69649,6.0,11.42826,0.285491,115.1316,336.0
52.9035641318187,18.5838,53.036127332598,15.5041,7.0,16.69715,6.0,10.79448,-0.985706,115.642,336.0
52.9202618310228,17.2916,53.0554592330009,19.2874,7.0,16.69736,7.0,10.84795,-0.952866,116.8166,336.0
52.9362598313019,15.3787,53.0707369325683,15.1672,7.0,16.6969,6.0,10.05664,-1.115858,116.4212,336.0
52.9553904319182,18.8942,53.0876044323668,18.8007,7.0,16.69766,5.0,12.18301,-0.753422,115.039296,336.0
52.9714474314824,16.1868,53.1036823326722,15.7973,7.0,16.69749,4.0,11.36901,0.146068,114.916,336.0
52.9879434322938,17.163,53.1205912334844,17.3213,7.0,16.69765,3.0,12.75097,0.212361,116.386,336.0
53.0052881324664,18.1854,53.1375656342134,17.1167,7.0,16.69817,2.0,12.75036,-0.3398,119.164096,336.0
53.0206410326064,14.3194,53.1535036349669,15.6136,7.0,16.69734,1.0,12.95472,0.071481,112.721,336.0
53.036127332598,15.26,53.1708240350708,15.6593,7.0,16.69684,0.0,10.58243,-0.673151,119.9512,336.0
53.0554592330009,19.3192,53.1874350355938,16.4717,7.0,16.69775,8.0,10.05694,-0.781552,19.4579,336.0
53.0707369325683,15.2686,53.2042312351987,17.5216,7.0,16.69725,8.0,9.9576,0.330464,35.3568,336.0
53.0876044323668,16.934,53.2211090354249,16.1394,7.0,16.69734,7.0,12.19482,0.494118,49.517,336.0
53.1036823326722,11.9758,53.2374540353194,16.3344,7.0,16.6957,7.0,11.73455,0.380603,65.714,336.0
53.1205912334844,17.0737,53.254252535291,16.8562,7.0,16.69583,8.0,12.44485,-0.344882,81.008896,336.0
53.1375656342134,20.7782,53.2721059350297,19.463,7.0,16.69724,8.0,12.66404,0.04401,96.7536,336.0
53.1535036349669,17.7206,53.2879147352651,16.4648,7.0,16.6976,7.0,9.343482,-0.959911,110.5962,336.0
53.1708240350708,15.8557,53.305119135417,16.7151,7.0,16.69731,7.0,9.324497,0.187778,125.3842,336.0
53.1874350355938,16.3623,53.3205803353339,15.3209,7.0,16.69719,7.0,9.299782,0.188384,134.2668,336.0
53.2042312351987,14.2534,53.3376273345202,17.3113,7.0,16.69634,8.0,12.08429,-0.362873,136.286304,336.0
53.2211090354249,19.7563,53.3376273345202,6.5967,7.0,16.6974,8.0,10.99251,0.790809,131.6156,336.0
53.2374540353194,15.9371,53.35433123447,8.0697,7.0,16.69714,7.0,12.76172,-0.714554,131.8684,336.0
53.254252535291,16.9289,53.3714116346091,17.185,7.0,16.69722,8.0,11.39662,-1.238944,136.669408,336.0
53.2721059350297,13.0814,53.38743163459,15.9086,7.0,16.69597,7.0,11.68447,1.07315,135.055808,336.0
53.2879147352651,16.3808,53.4049089346081,18.0213,7.0,16.69586,8.0,12.12419,-0.042892,131.982304,336.0
53.305119135417,20.9645,53.4213888347149,16.1833,7.0,16.69734,8.0,9.275454,-0.575429,133.8512,336.0
53.3205803353339,15.7102,53.4375710338354,16.104,7.0,16.697,7.0,10.95824,0.735981,132.4518,336.0
53.3376273345202,20.6074,53.4543451331556,16.7319,7.0,16.69835,8.0,13.06415,-0.797407,136.633104,336.0
53.35433123447,13.0351,53.4718118328601,19.2904,6.0,16.69708,7.0,10.47909,-0.359804,136.212192,336.0
53.3714116346091,17.4192,53.4873943328857,15.625,6.0,16.69733,7.0,11.86903,0.211173,131.216496,336.0
53.38743163459,15.9166,53.5056066326797,16.4295,6.0,16.69706,7.0,12.08442,-0.88885,135.922304,336.0
53.4049089346081,17.4638,53.5225931331515,18.6454,6.0,16.69733,7.0,9.338707,-0.800673,133.7518,336.0
53.4213888347149,16.4125,53.5385847333819,16.0065,6.0,16.69723,7.0,10.7677,-0.177496,135.4176,336.0
53.4375710338354,16.2822,53.5552422329783,14.9052,6.0,16.69708,7.0,10.19133,-0.398919,136.417104,336.0
53.4543451331556,16.6156,53.5718900337815,16.4865,6.0,16.69706,7.0,11.59475,-0.034642,131.398896,336.0
53.4718118328601,17.2017,53.5890409331769,18.6774,6.0,16.69723,7.0,10.99447,-0.806965,133.814496,336.0
53.4873943328857,15.9676,53.606857933104,18.7528,6.0,16.69698,7.0,12.6983,-0.429388,130.6328,336.0
53.5056066326797,18.3101,53.6210034331307,11.8599,6.0,16.69753,7.0,11.90302,-0.138754,132.0502,336.0
53.5225931331515,12.3024,53.6387603329495,19.525,6.0,16.69602,7.0,10.18604,0.335196,129.7848,336.0
53.6542661329731,132.6871,53.671818732284,32.1939,6.0,16.73592,8.0,11.87986,-1.342484,132.6132,336.0
53.6542661329731,2.3801,53.6891733324155,18.2776,0.0,16.73099,7.0,17.11469,-0.446661,132.410304,336.0
53.6542661329731,1.9181,53.7050516316667,16.0769,1.0,16.72589,8.0,7.109754,0.402047,133.8962,336.0
53.6542661329731,0.5559,53.7220009313896,16.7528,2.0,16.72034,8.0,10.1567,-1.235211,132.9488,336.0
53.6542661329731,1.7429,53.7387261306867,17.0369,3.0,16.71519,8.0,8.995684,-0.955579,134.320304,336.0
53.6542661329731,1.2777,53.7556033311412,17.0219,4.0,16.70989,7.0,10.90286,0.027915,129.9454,336.0
53.6542661329731,0.5188,53.7722662305459,14.3614,5.0,16.70433,7.0,10.36915,-1.60796,130.8414,336.0
53.6542661329731,1.3554,53.7885206313804,16.1462,6.0,16.69907,7.0,8.990411,-0.475194,131.239904,336.0
53.671818732284,8.5391,53.8059433316812,17.4183,7.0,16.69627,7.0,12.87158,0.641395,121.016704,336.0
53.6891733324155,15.6184,53.8222773307934,17.6463,7.0,16.6959,6.0,12.68839,-0.817169,117.088496,336.0
53.7050516316667,20.3979,53.8382777301595,15.7274,7.0,16.69717,6.0,11.86996,-0.322477,119.573696,336.0
53.7220009313896,16.7196,53.8561332309619,16.9772,7.0,16.69717,7.0,13.05269,-1.282965,118.6476,336.0
53.7387261306867,12.7823,53.8726699305698,17.5687,7.0,16.69583,7.0,10.09381,-0.852794,117.7786,336.0
53.7556033311412,17.8426,53.8882328309119,16.247,7.0,16.69622,7.0,9.290369,0.259755,117.9032,336.0
53.7722662305459,20.5467,53.9053355306387,17.456,7.0,16.69754,6.0,10.83968,-0.029414,113.721104,336.0
53.7885206313804,15.5026,53.9228078313172,17.3728,7.0,16.69713,6.0,9.986265,0.076806,115.1968,336.0
53.8059433316812,17.3804,53.9387213308364,15.977,7.0,16.69737,6.0,13.09119,-0.444513,115.834,336.0
53.8222773307934,13.3231,53.9564439300448,17.5039,7.0,16.69621,6.0,12.65835,-0.497157,114.6708,336.0
53.8382777301595,16.6486,53.9725881293416,16.2677,7.0,16.6962,6.0,11.49261,0.173313,118.908704,336.0
53.8561332309619,20.3942,53.9884546287358,15.3578,7.0,16.69746,6.0,11.51859,-0.832992,118.287504,336.0
53.8726699305698,13.3732,54.0061210282147,18.0782,7.0,16.69633,6.0,11.26911,1.320575,115.882496,336.0
53.8882328309119,18.7667,54.0228631272912,16.5969,7.0,16.69703,7.0,12.13526,-0.413005,115.8132,336.0
53.9053355306387,12.746,54.0389606282115,14.4151,7.0,16.69568,7.0,12.08219,-0.560354,115.963,336.0
53.9228078313172,17.4764,54.0564497280866,18.4712,7.0,16.69595,6.0,9.902792,-0.631632,115.019504,336.0
53.9387213308364,20.3585,54.0727622285485,15.34,7.0,16.6972,6.0,10.49102,-0.89491,116.354096,336.0
53.9564439300448,13.1339,54.0884473286569,15.5496,7.0,16.69599,7.0,8.799905,-0.163532,116.2994,336.0
53.9725881293416,20.4297,54.1055444292724,17.26,7.0,16.69726,7.0,10.52395,0.184427,117.803504,336.0
53.9884546287358,15.6484,54.1226528286934,17.0519,7.0,16.6969,6.0,10.41653,-1.378847,114.7374,336.0
54.0061210282147,17.8413,54.1383220292628,15.576,7.0,16.69729,6.0,10.59691,-0.007165,117.881296,336.0
54.0228631272912,18.1146,54.1570575293154,20.9424,7.0,16.69777,6.0,12.77313,0.082827,119.850704,336.0
54.0389606282115,15.1693,54.1720212297514,14.9655,7.0,16.69725,6.0,11.64817,-0.623853,115.1406,336.0
54.0564497280866,15.7298,54.1893105292693,17.2229,7.0,16.69692,6.0,11.70125,-0.364,116.748304,336.0
54.0727622285485,18.0274,54.2064627287909,17.0717,7.0,16.69738,7.0,13.09056,0.166538,120.578096,336.0
54.0884473286569,16.0487,54.2226807279512,17.4236,7.0,16.69715,7.0,11.46537,-1.318155,119.561296,336.0
54.1055444292724,16.7414,54.2381078274921,12.3628,7.0,16.69717,7.0,11.60355,-0.31603,115.191504,336.0
54.1226528286934,17.2462,54.2564093274996,18.1416,7.0,16.69736,7.0,10.354,-0.075369,116.760496,336.0
54.1383220292628,15.6167,54.2724860282615,16.0148,7.0,16.69699,7.0,10.19896,-0.073074,115.539504,336.0
54.1570575293154,14.2143,54.2890120288357,16.6105,7.0,16.69615,7.0,9.921255,-0.767079,116.146096,336.0
54.1720212297514,19.3986,54.2890120288357,6.7822,7.0,16.69706,7.0,11.25603,0.834116,114.8732,336.0
54.1893105292693,15.5128,54.3051477288827,11.6139,7.0,16.69666,6.0,10.07627,-1.611789,118.034896,336.0
54.2064627287909,14.3279,54.3223796291277,16.7799,7.0,16.69586,6.0,5.579974,-0.804594,116.871904,336.0
54.2226807279512,18.0385,54.3393320282921,17.1109,7.0,16.69631,6.0,9.638879,0.721201,117.905,336.0
54.2381078274921,18.7565,54.3569698287174,17.8869,7.0,16.69701,6.0,12.57658,-0.794504,118.7156,336.0
54.2564093274996,17.9908,54.3738611293957,18.1154,7.0,16.69745,6.0,10.88169,0.252491,120.1748,336.0
54.2724860282615,15.7745,54.3890141295269,11.5915,7.0,16.69714,7.0,11.59069,-0.345485,119.699504,336.0
54.2890120288357,16.8037,54.4063989287242,18.2795,7.0,16.69717,7.0,12.7336,-0.104451,119.569296,336.0
54.3051477288827,15.9602,54.4234774289653,16.5969,6.0,16.69692,7.0,11.1767,-0.982463,117.516304,336.0
54.3223796291277,16.7358,54.4391565294936,15.5717,6.0,16.69694,6.0,17.15611,-0.366728,115.683,336.0
54.3393320282921,12.7461,54.4564297301695,16.984,6.0,16.6956,6.0,9.684785,1.074547,116.212,336.0
54.3569698287174,17.7262,54.473424830474,17.1046,6.0,16.69595,6.0,10.43395,-0.403121,115.442896,336.0
54.3738611293957,18.5003,54.4894105298445,16.1093,6.0,16.69656,7.0,9.883963,-0.271512,115.332304,336.0
54.3890141295269,18.8705,54.5063680289313,18.7966,6.0,16.69729,6.0,10.94133,0.991354,117.7894,336.0
54.4063989287242,17.139,54.5230717295781,17.2774,6.0,16.69744,6.0,12.24205,-0.643439,117.864896,336.0
54.4234774289653,16.5816,54.5392627296969,15.6379,6.0,16.6974,6.0,10.73232,0.458286,119.163296,336.0
54.4391565294936,15.4247,54.5560387289152,16.7587,6.0,16.69698,6.0,12.35741,0.788296,116.140096,336.0
54.4564297301695,17.3277,54.5731164282188,17.2729,6.0,16.69719,6.0,12.19185,-0.752914,115.823,336.0
54.473424830474,17.2156,54.5908809276298,18.7192,6.0,16.69736,6.0,10.81664,-0.363281,115.866496,336.0
54.4894105298445,15.9445,54.6070615267381,12.8783,6.0,16.69711,6.0,12.33611,-0.111915,117.2904,336.0
54.5063680289313,12.3595,54.6223844271153,15.503,6.0,16.69565,6.0,11.3959,-1.051032,115.295904,336.0
54.5230717295781,17.3064,54.6410713270307,19.2777,6.0,16.69585,7.0,10.40781,-0.456622,118.2692,336.0
54.5392627296969,19.7382,54.6565577266738,15.0245,6.0,16.69688,7.0,10.89608,0.404662,116.136704,336.0
54.5560387289152,16.758,54.6750227259472,18.3651,6.0,16.6969,7.0,10.27411,-0.459131,115.9494,336.0
54.5731164282188,13.0897,54.6900775255635,16.9191,6.0,16.69568,7.0,9.806132,-0.582371,115.5884,336.0
54.5908809276298,19.4009,54.7082595257089,18.3839,6.0,16.69659,7.0,12.79802,0.274191,115.8178,336.0
54.6070615267381,19.6898,54.7232977254316,15.3192,6.0,16.6976,7.0,12.25424,-0.220672,117.174304,336.0
54.6223844271153,14.7249,54.7400653259829,16.2933,6.0,16.69694,7.0,11.42943,0.284845,116.3032,336.0
54.6410713270307,18.4552,54.7572169257328,17.2341,6.0,16.69753,6.0,12.34317,-0.364167,115.791,336.0
54.6565577266738,15.2906,54.7731309263036,15.8965,6.0,16.69706,7.0,12.45281,-1.226877,120.938,336.0
54.6750227259472,18.9521,54.7904390254989,17.6787,6.0,16.69781,6.0,9.782772,0.590768,117.697104,336.0
54.6900775255635,10.2939,54.8064335258678,13.4714,6.0,16.69566,7.0,10.14106,0.024855,121.016096,336.0
54.7082595257089,18.2732,54.8234496256337,17.0942,6.0,16.69619,7.0,9.869767,-0.413275,120.802,336.0
54.7232977254316,15.5321,54.8400724260136,16.5642,6.0,16.6958,6.0,10.61848,-0.529424,117.008704,336.0
54.7400653259829,16.185,54.8570862254128,16.995,6.0,16.69563,7.0,11.10783,0.437226,122.981696,336.0
54.7572169257328,17.0733,54.8749232245609,18.5325,6.0,16.69576,7.0,11.33745,0.301596,116.490096,336.0
54.7731309263036,16.1233,54.88999302499,15.6502,6.0,16.69556,7.0,11.86308,-0.042765,120.978,336.0
54.7904390254989,18.256,54.9071194250137,18.137,6.0,16.69609,7.0,12.28052,-0.797883,117.1098,336.0
54.8064335258678,19.4756,54.9250621255487,17.4137,6.0,16.69702,7.0,12.47237,-1.332207,121.413104,336.0
54.8234496256337,16.8434,54.9401475256309,15.0029,6.0,16.69707,6.0,11.2831,-0.107137,118.841904,336.0
54.8400724260136,16.4455,54.95703142602,16.9769,6.0,16.69698,6.0,9.389665,0.035098,114.1342,336.0
54.8570862254128,17.2803,54.9732160260901,16.5083,6.0,16.69718,7.0,10.18628,0.535817,121.916096,336.0
54.8749232245609,18.4326,54.9911690251902,18.3409,6.0,16.69776,7.0,8.985707,-0.015032,120.3872,336.0
54.88999302499,10.8836,55.0068972250447,13.3305,6.0,16.69581,6.0,11.12714,-0.041719,119.5714,336.0
54.9071194250137,16.335,55.0231704255566,16.4006,6.0,16.69569,7.0,12.0209,-0.769749,119.5478,336.0
54.9250621255487,17.2465,55.0419165259227,18.5446,6.0,16.69588,7.0,11.70778,-0.390561,122.499,336.0
54.9401475256309,19.4468,55.0583647256717,16.4231,6.0,16.6968,6.0,11.34223,-0.11614,106.0244,336.0
54.95703142602,17.0681,55.075071725063,16.7539,6.0,16.69692,5.0,5.440119,-0.367608,101.4072,336.0
54.9732160260901,16.4748,55.0913993259892,16.5149,6.0,16.69685,5.0,11.88295,0.679364,102.0896,336.0
54.9911690251902,14.5933,55.1071075266227,16.0347,6.0,16.69614,5.0,12.43936,-0.194529,97.683696,336.0
55.0068972250447,19.8003,55.1251299260184,17.7863,6.0,16.69718,5.0,12.08824,-0.124058,102.1262,336.0
55.0231704255566,15.6648,55.1415818268433,18.637,6.0,16.69684,5.0,11.92251,-1.068722,103.780096,336.0
55.0419165259227,18.1868,55.1581860268489,16.0574,6.0,16.69733,6.0,10.34554,0.529862,105.0506,336.0
55.0583647256717,17.2514,55.175046027638,17.0601,6.0,16.69752,6.0,9.270729,0.349584,100.3446,336.0
55.075071725063,16.7615,55.1919198269024,16.4003,6.0,16.69754,6.0,9.907158,-0.409225,98.0172,336.0
55.0913993259892,15.8474,55.2076117275283,16.0766,6.0,16.69726,6.0,11.91542,-0.290052,99.8706,336.0
55.1071075266227,16.0917,55.2241318272427,17.4478,6.0,16.69706,6.0,12.45914,0.233559,101.0904,336.0
55.1251299260184,18.1708,55.2424261281267,17.2993,6.0,16.69755,5.0,11.15052,-0.235468,95.106896,336.0
55.1415818268433,14.3398,55.2582440273836,13.8273,6.0,16.69676,5.0,11.49613,-0.302089,101.3882,336.0
55.1581860268489,13.9368,55.277206026949,19.0835,6.0,16.69584,5.0,10.18885,-0.217066,101.337296,336.0
55.175046027638,17.1193,55.2912160269916,13.8776,6.0,16.69598,6.0,10.24464,-0.294902,103.768,336.0
55.1919198269024,16.0351,55.3104916270822,19.3534,6.0,16.69576,5.0,9.788468,0.159459,101.385296,336.0
55.2076117275283,16.3047,55.3250305270776,16.1095,6.0,16.69563,6.0,9.887689,0.74475,104.827296,336.0
55.2241318272427,18.1715,55.3410724261776,14.3804,6.0,16.69612,5.0,12.13927,0.499465,98.3084,336.0
55.2241318272427,13.1037,55.3581583267078,19.0542,6.0,16.69493,6.0,11.9575,-0.609176,100.049296,336.0
55.2582440273836,23.4046,55.3769029257819,16.9183,7.0,16.69716,6.0,12.08184,-0.920527,99.4066,336.0
55.2582440273836,12.0556,55.3935048254207,16.537,6.0,16.69562,6.0,11.72315,-0.639403,104.2016,336.0
55.2912160269916,21.4858,55.4100819258019,17.6361,7.0,16.69721,6.0,10.71933,-0.687657,99.360304,336.0
55.2912160269916,11.8122,55.4257157249376,16.1049,6.0,16.69559,6.0,11.12878,0.491309,104.13,336.0
55.3250305270776,16.5157,55.4412064244971,13.9364,7.0,16.69553,6.0,10.64763,-0.131035,99.2178,336.0
55.3410724261776,21.7067,55.4582098247483,16.9979,6.0,16.69719,6.0,12.5714,0.305146,103.848704,336.0
55.3581583267078,11.8411,55.4760551238433,19.6233,6.0,16.69558,6.0,10.54676,-0.041314,104.2468,336.0
55.3769029257819,16.6603,55.4914943240583,15.1339,6.0,16.69557,5.0,12.36089,-0.350279,101.702304,336.0
55.3769029257819,16.4045,55.5084762237966,15.5858,6.0,16.69547,5.0,9.292235,-0.855543,103.0116,336.0
55.4100819258019,18.4756,55.5252541229129,18.4505,7.0,16.69606,6.0,10.20485,-0.506637,103.2568,336.0
55.4100819258019,13.1504,55.5415216237307,16.1017,6.0,16.69489,5.0,11.41511,0.255233,102.7916,336.0
55.4412064244971,23.6975,55.5584194231778,17.5085,7.0,16.6972,6.0,11.85668,-0.745666,103.8124,336.0
55.4582098247483,16.6031,55.5584194231778,6.3241,6.0,16.69717,6.0,12.21214,-0.886504,103.423696,336.0
55.4760551238433,12.6847,55.5749382227659,8.0592,6.0,16.69585,6.0,12.52234,-1.081266,103.1964,336.0
55.4914943240583,17.585,55.5928984228522,18.2858,6.0,16.69614,6.0,12.22847,-1.017157,98.981104,336.0
55.5084762237966,19.9522,55.6085013225675,15.5305,6.0,16.69722,6.0,11.54697,-0.167295,104.294096,336.0
55.5252541229129,12.2655,55.6252934224904,16.7036,6.0,16.69575,6.0,12.5173,-0.320925,99.2882,336.0
55.5415216237307,16.0586,55.6431628223509,17.7125,6.0,16.69554,6.0,10.76007,-0.2933,103.418304,336.0
55.5584194231778,17.385,55.6599511224777,18.6578,6.0,16.69577,5.0,12.78956,-0.884311,102.1756,336.0
55.5749382227659,20.7016,55.6759074218571,15.9915,6.0,16.69709,5.0,10.8868,-0.064803,102.4718,336.0
55.5928984228522,18.2734,55.691640522331,15.9458,5.0,16.69761,6.0,9.709525,-1.322867,107.155,336.0
55.6085013225675,15.1872,55.7089581228793,17.0406,5.0,16.69711,5.0,10.2927,1.104177,104.8752,336.0
55.6252934224904,16.7812,55.7271173223853,17.9998,5.0,16.69714,6.0,10.19721,-0.214349,107.233504,336.0
55.6431628223509,18.4847,55.7413572221994,12.5043,5.0,16.69773,6.0,10.6206,-1.28613,104.023,336.0
55.6599511224777,11.6393,55.7592538222671,17.9171,5.0,16.69606,6.0,9.741467,-0.194266,99.1768,336.0
55.6759074218571,16.1684,55.775272121653,16.1167,5.0,16.69589,6.0,11.23942,-0.407571,100.5996,336.0
55.691640522331,16.1211,55.7928105220199,18.5508,5.0,16.6957,5.0,10.58165,-0.30695,102.7836,336.0
55.7089581228793,16.9219,55.8083572220057,14.5399,5.0,16.69577,6.0,11.92993,1.930812,101.272896,336.0
55.7271173223853,15.6333,55.8275067228824,19.0774,5.0,16.69543,5.0,13.07587,0.049741,102.681296,336.0
55.7413572221994,21.5631,55.8424612227827,15.0402,5.0,16.69703,6.0,11.99747,-0.243517,105.0372,336.0
55.7592538222671,17.2073,55.8597603235394,18.9513,5.0,16.69719,6.0,12.18295,-0.485209,103.239504,336.0
55.775272121653,16.519,55.8754110243171,15.875,5.0,16.69714,6.0,12.12759,-0.507677,104.1896,336.0
55.7928105220199,12.6974,55.8927994240075,17.4965,5.0,16.69582,6.0,9.733559,0.429135,101.192096,336.0
55.8083572220057,20.5568,55.9085538238287,15.7076,5.0,16.69709,6.0,11.82972,-0.45427,104.8504,336.0
55.8083572220057,11.6252,55.9252752233297,16.3942,5.0,16.69542,6.0,10.24911,0.541395,99.731904,336.0
55.8424612227827,22.6751,55.9447141233832,17.7624,6.0,16.69739,6.0,9.915877,0.85029,106.5044,336.0
55.8597603235394,12.2584,55.959689123556,16.9309,5.0,16.69593,6.0,10.18336,-0.946422,104.8894,336.0
55.8754110243171,15.8255,55.9769971240312,16.1821,5.0,16.69564,5.0,9.56807,-0.668046,105.133296,336.0
55.8927994240075,17.3832,55.9927603248507,14.8375,5.0,16.69587,4.0,12.09671,-0.797039,102.0358,336.0
55.9085538238287,15.8127,56.0098202247173,17.1224,5.0,16.69558,3.0,11.03471,-0.808832,103.6176,336.0
55.9252752233297,16.3443,56.0251886248589,16.5886,5.0,16.69547,2.0,10.89852,-0.08596,105.456896,336.0
55.9447141233832,17.1177,56.0429623257369,16.6612,5.0,16.6956,1.0,12.64285,-0.741946,103.1306,336.0
55.959689123556,17.545,56.0598369259387,18.5559,5.0,16.69588,0.0,9.802439,-0.488824,103.283696,336.0
55.9769971240312,16.817,56.0762222260237,16.4456,5.0,16.69592,8.0,10.59033,-0.37498,20.3644,336.0
55.9927603248507,18.9223,56.0953124258667,18.6802,5.0,16.69665,8.0,12.69226,-0.328368,35.2041,336.0
56.0098202247173,18.9867,56.1099326256663,14.7668,5.0,16.6974,8.0,11.95205,-0.752355,50.3109,336.0
56.0251886248589,11.3916,56.1263565253466,16.72,5.0,16.69566,8.0,12.59642,-0.692429,66.2363,336.0
56.0429623257369,22.1649,56.1438518259674,17.1506,5.0,16.69745,8.0,12.28118,-0.176975,81.1766,336.0
56.0598369259387,11.7625,56.1597266253084,15.8846,5.0,16.69584,7.0,12.13157,-0.244781,95.8756,336.0
56.0762222260237,16.0166,56.1760214250535,14.7736,5.0,16.69562,8.0,10.42406,-0.561198,113.0576,336.0
56.0762222260237,16.8011,56.193100925535,17.0963,5.0,16.69565,8.0,10.83553,0.665196,128.9156,336.0
56.0953124258667,14.2389,56.2121071256697,18.9239,6.0,16.69485,8.0,9.852075,-0.005201,140.247104,336.0
56.1099326256663,16.5186,56.2263778252527,14.2592,6.0,16.69479,7.0,9.927181,0.032896,138.8324,336.0
56.1263565253466,16.6658,56.2453900249675,19.0008,6.0,16.69478,6.0,11.8525,-0.357933,138.0588,336.0
56.1597266253084,19.4113,56.2597100250423,16.1996,6.0,16.69567,5.0,12.1991,-0.511346,136.822592,336.0
56.1760214250535,21.626,56.2764025256038,16.7791,5.0,16.69728,4.0,11.1679,-0.143265,138.660304,336.0
56.193100925535,16.7444,56.2955619264394,18.1706,5.0,16.69729,3.0,11.7053,-0.153898,132.2794,336.0
56.193100925535,11.4057,56.3095913268626,13.5859,5.0,16.69557,2.0,11.82563,0.529434,136.890096,336.0
56.2263778252527,21.759,56.328945627436,20.2481,6.0,16.69722,1.0,5.691946,-0.959349,138.901696,336.0
56.2263778252527,11.6714,56.3430901272222,13.0788,5.0,16.69558,7.0,12.35746,-0.557862,142.475296,336.0
56.2597100250423,17.0074,56.3609247272834,19.3663,6.0,16.69568,8.0,12.0573,0.51714,23.1958,336.0
56.2764025256038,16.8848,56.3780850274488,15.0835,5.0,16.69574,8.0,10.52517,-0.229621,37.9377,336.0
56.2764025256038,16.2171,56.3950673276559,17.1665,5.0,16.69559,8.0,10.89435,-0.557976,53.263,336.0
56.3095913268626,19.7053,56.411856927909,16.7077,6.0,16.69657,7.0,10.63866,-0.710872,64.6571,336.0
56.3095913268626,13.2522,56.4264353280887,16.9096,5.0,16.69545,8.0,10.50866,0.053257,81.891296,336.0
56.3430901272222,21.6036,56.4450171282515,16.4848,6.0,16.69704,8.0,9.336321,-0.866512,98.1982,336.0
56.3430901272222,10.4722,56.4621943281963,17.2453,5.0,16.69502,8.0,11.90888,-1.455769,112.491904,336.0
56.3609247272834,17.5696,56.4784598285332,15.9622,6.0,16.6953,8.0,11.98077,-0.744898,129.215904,336.0
56.3780850274488,16.3805,56.4931016284972,16.6148,6.0,16.6952,8.0,12.22364,-0.072691,138.4792,336.0
56.3950673276559,17.3783,56.5092172287405,14.2803,6.0,16.69542,8.0,11.59991,0.186983,139.675808,336.0
56.4264353280887,17.2398,56.5279313288629,18.8215,6.0,16.6956,8.0,10.79277,-1.483271,139.553408,336.0
56.4264353280887,15.9202,56.5440022293478,17.7585,5.0,16.69535,8.0,11.4247,-0.786479,133.266,336.0
56.4450171282515,17.1508,56.5605825297534,14.824,6.0,16.6955,8.0,10.19619,0.243524,138.3652,336.0
56.4621943281963,16.336,56.5771964304149,16.4886,6.0,16.69538,8.0,10.08582,-0.200225,138.993408,336.0
56.6105891298503,135.0721,56.6273494306952,52.1521,6.0,16.73376,8.0,11.64077,-0.164797,140.6736,336.0
56.6105891298503,1.7077,56.645797630772,16.5616,0.0,16.72889,8.0,13.38748,0.06629,139.773104,336.0
56.6105891298503,0.5402,56.6615732312202,15.6313,1.0,16.72365,8.0,12.57148,-0.153437,140.915104,336.0
56.6105891298503,1.4032,56.6789101306349,17.3285,2.0,16.71868,8.0,11.32522,-1.002542,139.686,336.0
56.6105891298503,1.4482,56.6952004302293,16.3878,3.0,16.71374,8.0,10.0616,-0.022655,139.149904,336.0
56.6105891298503,0.441,56.7103991303593,15.143,4.0,16.70847,8.0,11.87731,-0.107178,137.057408,336.0
56.6105891298503,1.1426,56.7285750303417,18.3206,5.0,16.70343,8.0,11.54904,0.387926,137.1592,336.0
56.6105891298503,1.0616,56.7455646302551,16.9196,6.0,16.69837,8.0,11.59654,0.115346,137.6012,336.0
56.6105891298503,5.2194,56.7620718311518,16.5536,7.0,16.69466,8.0,12.51715,0.375002,139.159008,336.0
56.6273494306952,18.8035,56.7776740314439,17.3859,8.0,16.69534,8.0,11.74958,-0.358991,140.497904,336.0
56.645797630772,16.2082,56.7946495311335,15.4333,8.0,16.69518,8.0,10.13747,-0.024714,139.628704,336.0
56.6615732312202,17.3834,56.8110028309748,16.1465,8.0,16.69541,8.0,9.722954,-0.269119,141.439808,336.0
56.6789101306349,16.1412,56.827431130223,18.0117,8.0,16.69523,8.0,8.135498,-0.523451,140.426096,336.0
56.7103991303593,22.7544,56.8454657299444,16.3499,8.0,16.69718,8.0,9.453391,-0.420005,139.347696,336.0
56.7103991303593,10.7474,56.860868729651,15.3479,7.0,16.69526,7.0,12.15831,-1.050584,141.176096,336.0
56.7285750303417,16.9781,56.8777761291713,18.9888,8.0,16.69535,6.0,11.49992,-0.216178,138.331504,336.0
56.7455646302551,16.5359,56.8964291289449,20.113,8.0,16.6953,5.0,12.09185,-0.196181,139.992704,336.0
56.8777761291713,131.9485,56.9114436293021,12.6656,8.0,16.73247,4.0,12.3932,-1.057705,138.252608,336.0
56.8777761291713,2.436,56.928166530095,17.1762,1.0,16.72786,3.0,12.28118,0.366172,137.623104,336.0
56.8964291289449,1.8594,56.9449794301763,17.1888,2.0,16.72307,2.0,11.08238,0.475173,143.329296,336.0
56.8964291289449,2.2636,56.9605364305899,13.6526,2.0,16.71841,1.0,10.18738,0.107033,139.574896,336.0
56.8964291289449,1.5432,56.9791714297608,18.777,3.0,16.71352,5.0,9.946805,-0.745836,142.9516,336.0
56.8964291289449,0.519,56.9958293298259,16.8252,4.0,16.70831,8.0,11.07643,0.347417,23.6046,336.0
56.8964291289449,1.522,57.0119286300614,15.815,5.0,16.70342,8.0,11.35103,-0.38252,37.5268,336.0
56.8964291289449,0.4402,57.0288978302851,17.1635,6.0,16.69819,8.0,11.19587,-0.512216,53.923,336.0
56.9114436293021,7.0843,57.045395529829,16.3479,7.0,16.6951,8.0,11.76324,0.336899,67.161,336.0
56.9114436293021,16.0015,57.0628324290738,17.1992,7.0,16.69487,8.0,12.63858,-0.043315,80.5914,336.0
56.928166530095,16.3908,57.0789601290599,16.2672,8.0,16.69478,8.0,11.56932,0.204697,95.685696,336.0
56.9605364305899,23.7854,57.096564929001,17.4973,8.0,16.69706,8.0,12.25952,-0.353891,110.6456,336.0
56.9605364305899,11.2614,57.1129064289853,16.3598,7.0,16.69531,8.0,10.5165,-0.163397,126.7128,336.0
56.9791714297608,16.6744,57.1289683291689,17.3096,8.0,16.6953,8.0,11.45761,0.121597,141.503904,336.0
56.9958293298259,16.1108,57.1453061299399,17.7833,8.0,16.69511,8.0,10.1744,-0.888334,141.049792,336.0
57.0119286300614,16.8381,57.1622936306521,15.9369,8.0,16.69516,8.0,9.780291,-0.552831,141.537296,336.0
57.0288978302851,16.6438,57.1797538297251,17.785,8.0,16.69514,8.0,10.1723,0.084218,141.648496,336.0
57.045395529829,17.3574,57.1961017297581,16.1472,8.0,16.69536,8.0,10.1426,-0.881728,140.3808,336.0
57.0789601290599,16.3949,57.211497229524,15.8397,8.0,16.69526,8.0,11.50443,-1.31427,141.266208,336.0
57.0789601290599,17.4892,57.2288260301575,15.4253,7.0,16.69551,8.0,12.64033,-0.424684,141.438496,336.0
57.096564929001,16.1362,57.2451033303514,16.2073,8.0,16.69534,8.0,12.33938,0.075904,141.722592,336.0
57.1289683291689,16.4491,57.262007731013,16.9007,8.0,16.69526,8.0,11.79653,-0.86858,140.717696,336.0
57.1289683291689,15.4844,57.2791800303385,17.0322,7.0,16.69487,8.0,10.99227,-0.883674,141.064,336.0
57.1453061299399,15.3284,57.2960814302787,16.6665,8.0,16.69443,7.0,11.42328,-0.57038,127.3576,336.0
57.1622936306521,17.0788,57.3121794303879,16.2102,8.0,16.69455,6.0,10.313,-0.678516,122.868896,336.0
57.1797538297251,15.9402,57.330016230233,17.75,8.0,16.69431,5.0,9.98628,0.34499,123.862304,336.0
57.1961017297581,16.982,57.3458486301824,15.9682,8.0,16.6944,4.0,12.76587,-0.28243,123.6992,336.0
57.211497229524,18.0126,57.3628528295085,16.9329,8.0,16.69483,3.0,12.71218,-0.231626,123.9842,336.0
57.2288260301575,16.8587,57.379317429848,18.6898,8.0,16.69488,2.0,12.41422,-0.102011,125.610304,336.0
57.2451033303514,16.9064,57.395484530367,14.0821,8.0,16.69495,1.0,12.54111,-1.253012,121.992096,336.0
57.262007731013,16.4646,57.4119802312925,18.1011,8.0,16.69487,0.0,11.52613,0.031241,122.524304,336.0
57.2791800303385,17.6235,57.429588730447,15.9373,8.0,16.69517,5.0,10.12403,0.380694,8.9089,336.0
57.2960814302787,16.1286,57.4449795307592,15.4874,8.0,16.69499,7.0,10.50991,-0.039312,18.954,336.0
57.3121794303879,16.7121,57.4651672309265,22.3751,8.0,16.69499,7.0,9.829612,-0.850212,33.5234,336.0
57.330016230233,16.0703,57.4797577308491,12.3159,8.0,16.69479,7.0,11.30026,-0.34336,49.8151,336.0
57.3458486301824,16.8544,57.4959276309237,20.2298,8.0,16.69485,7.0,10.10731,1.065761,65.3863,336.0
57.4797577308491,134.1705,57.5130923306569,14.8252,8.0,16.73229,7.0,9.403112,-0.772878,78.891696,336.0
57.4959276309237,2.8098,57.529616930522,16.749,1.0,16.72786,7.0,11.92631,-0.808588,95.2644,336.0
57.4959276309237,0.8307,57.54711213056,17.2064,1.0,16.72279,7.0,12.64586,-0.185725,111.416096,336.0
57.4959276309237,2.5859,57.5626960303634,15.8397,2.0,16.71829,7.0,12.05034,-0.659815,122.7082,336.0
57.4959276309237,1.9818,57.5800044294447,15.3957,3.0,16.7136,7.0,10.60308,-0.72956,125.4926,336.0
57.4959276309237,0.7715,57.5960008297116,15.8667,4.0,16.70852,7.0,12.52079,-0.317489,122.9218,336.0
57.4959276309237,1.5548,57.6124003306031,16.5211,5.0,16.7037,7.0,10.82152,-0.408318,123.446096,336.0
57.4959276309237,0.5439,57.629097931087,16.6022,6.0,16.69856,7.0,10.46731,0.925353,123.227904,336.0
57.4959276309237,3.0411,57.6468430310488,17.8316,7.0,16.69422,7.0,10.32336,-0.637476,121.993,336.0
57.5130923306569,16.7154,57.6630619317293,16.2636,8.0,16.69423,7.0,9.904389,0.208695,123.512704,336.0
57.529616930522,16.715,57.6800898313522,17.2009,8.0,16.69423,7.0,12.08872,-0.840434,123.905296,336.0
57.54711213056,16.8032,57.6971008311957,16.9136,8.0,16.69427,7.0,12.06035,-0.896563,124.333,336.0
57.5626960303634,18.231,57.7133350316435,16.9699,8.0,16.69476,7.0,8.888676,0.536108,125.565504,336.0
57.5800044294447,16.6093,57.7299728319049,17.4949,8.0,16.69473,7.0,12.19761,-0.957321,125.942496,336.0
57.5960008297116,17.1562,57.7473942320794,17.3611,8.0,16.69488,7.0,9.587034,-0.491896,124.675904,336.0
57.6124003306031,16.0516,57.763544132933,16.2939,8.0,16.69467,7.0,12.53666,-0.712078,122.674704,336.0
57.629097931087,17.1577,57.7791481325403,16.1524,8.0,16.69482,7.0,17.21229,-0.611979,123.6952,336.0
57.6468430310488,16.8852,57.7970394333825,17.231,8.0,16.69488,7.0,15.76832,-0.545905,122.364,336.0
57.6630619317293,16.4946,57.8122477335855,15.0662,8.0,16.69482,7.0,12.6232,-0.606363,124.089696,336.0
57.6800898313522,16.8032,57.8122477335855,4.5237,8.0,16.69485,7.0,12.28968,-0.374382,124.5574,336.0
57.6971008311957,16.7408,57.8306620335206,12.2521,8.0,16.69486,7.0,12.48738,-0.300201,124.004496,336.0
57.7133350316435,17.1392,57.8469442343339,18.1325,8.0,16.69501,7.0,12.19341,-0.559744,124.346304,336.0
57.7299728319049,14.6742,57.863193933852,14.5107,8.0,16.69437,7.0,10.57386,0.02384,124.313296,336.0
57.7473942320794,16.7594,57.8801965331659,17.0438,8.0,16.69439,7.0,10.34448,-1.260376,123.454496,336.0
57.763544132933,17.0702,57.8971841325983,18.6961,8.0,16.69451,7.0,10.449,-0.429583,125.468704,336.0
57.7791481325403,17.3156,57.9126533325762,13.6968,8.0,16.6947,7.0,10.15164,-0.454477,125.712096,336.0
57.7970394333825,16.1038,57.9293592330068,16.6355,8.0,16.69452,7.0,10.09566,-1.154129,125.1906,336.0
57.9293592330068,135.8591,57.9471859335899,22.2641,8.0,16.73218,7.0,11.55438,1.232812,125.5662,336.0
57.9471859335899,2.2124,57.9636962339282,12.2366,0.0,16.72759,7.0,13.09408,0.645113,125.2808,336.0
57.9471859335899,1.8386,57.980083534494,16.406,0.0,16.72289,7.0,12.03238,0.417149,125.857504,336.0
57.9471859335899,0.6574,57.9969692341983,16.9484,1.0,16.71781,7.0,11.99213,1.080662,124.3952,336.0
57.9471859335899,2.1084,58.0148521345109,17.6793,2.0,16.7132,7.0,11.13209,-0.219287,124.253504,336.0
57.9471859335899,1.6765,58.0300326347351,15.1812,3.0,16.70846,7.0,8.673587,-1.460853,125.015696,336.0
57.9471859335899,1.7257,58.0481154341251,18.0983,4.0,16.70373,7.0,9.248051,1.165408,125.8798,336.0
57.9471859335899,0.4766,58.0647801347077,16.6479,5.0,16.69861,7.0,9.102138,-0.220831,124.458496,336.0
57.9471859335899,5.2716,58.0801924346015,16.5428,6.0,16.69501,7.0,8.805987,-0.090682,124.226304,336.0
57.9636962339282,16.4517,58.0988365346566,19.2373,7.0,16.69493,7.0,11.94835,-0.660836,124.2942,336.0
57.980083534494,17.2608,58.1135171344504,14.6902,7.0,16.69511,7.0,13.13739,-0.504533,123.317,336.0
57.9969692341983,17.0663,58.1309824353084,17.5891,7.0,16.69523,7.0,10.52803,-0.244662,124.6794,336.0
58.0148521345109,15.9885,58.146832135506,15.7704,7.0,16.69501,7.0,12.08658,-0.975591,124.8894,336.0
58.0300326347351,17.1292,58.162945936434,15.8942,7.0,16.69514,7.0,9.975036,-0.372436,127.000496,336.0
58.0481154341251,16.036,58.1803105371073,17.5552,7.0,16.69494,6.0,10.87883,-0.514036,113.1342,336.0
58.0801924346015,17.1741,58.1976220374927,17.5698,7.0,16.69509,6.0,10.25036,-0.361544,107.2664,336.0
58.0801924346015,14.7405,58.2131211375818,15.1644,6.0,16.69447,6.0,9.831591,-0.184789,106.848896,336.0
58.0988365346566,16.77,58.2308802371845,18.0021,7.0,16.6945,6.0,10.91674,-0.521334,107.420496,336.0
58.1135171344504,16.6338,58.2480961373076,17.0139,7.0,16.69448,6.0,11.95364,-0.423139,106.4732,336.0
58.1309824353084,16.8548,58.2635101368651,15.5847,7.0,16.69453,6.0,12.18174,0.72862,107.377904,336.0
58.146832135506,16.8532,58.2801902359352,14.8508,7.0,16.69458,6.0,11.35219,-0.175151,108.181,336.0
58.162945936434,16.7356,58.2980809351429,17.7554,7.0,16.69459,6.0,11.91543,0.390687,105.9062,336.0
58.1803105371073,17.0994,58.3139136349782,15.7679,7.0,16.69472,6.0,12.27904,-0.895475,108.884,336.0
58.1976220374927,15.1795,58.3307714341208,16.9057,7.0,16.69424,6.0,12.12188,-0.545312,107.0736,336.0
58.2131211375818,16.6542,58.3479102337733,17.1208,7.0,16.69423,6.0,9.356051,-0.515559,109.1208,336.0
58.2308802371845,15.9038,58.363109533675,15.3503,7.0,16.69398,6.0,9.588113,-0.120406,104.873296,336.0
58.2480961373076,18.123,58.3815672332421,18.4644,7.0,16.69443,6.0,9.579075,-0.814188,106.8174,336.0
58.2635101368651,16.2928,58.3979122331366,16.2681,7.0,16.6943,6.0,10.95471,-0.061419,106.033504,336.0
58.2801902359352,17.3713,58.4129998330027,16.5025,7.0,16.69452,6.0,3.742659,-0.263781,106.827696,336.0
58.2980809351429,17.283,58.4318729322404,19.2967,7.0,16.6947,6.0,12.38031,-0.753108,107.750496,336.0
58.3139136349782,16.0782,58.4480584319681,16.325,7.0,16.69451,6.0,11.89179,-0.703736,107.6728,336.0
58.3307714341208,17.0512,58.464768031612,16.5255,7.0,16.69462,6.0,12.68232,0.063079,105.330496,336.0
58.3479102337733,16.59,58.4818181321025,16.9651,7.0,16.69459,6.0,11.34888,-1.033278,106.4226,336.0
58.363109533675,16.4513,58.4979973323643,16.1652,7.0,16.69451,6.0,11.86611,0.464591,106.861296,336.0
58.3815672332421,16.995,58.5151560325176,17.575,7.0,16.6946,6.0,12.45974,0.730611,107.253696,336.0
58.3979122331366,16.6837,58.5324782319367,15.2168,7.0,16.6946,6.0,12.42422,0.009988,107.0028,336.0
58.4129998330027,14.7613,58.5472028320655,14.6199,7.0,16.694,6.0,9.837978,-0.008735,107.274704,336.0
58.4318729322404,16.3322,58.5641574328765,17.0939,7.0,16.69388,6.0,10.90821,-0.055658,107.358304,336.0
58.4480584319681,16.7497,58.5819200323895,17.6143,7.0,16.6939,6.0,11.17709,-1.235081,107.0882,336.0
58.464768031612,17.1889,58.5976258320734,15.7665,7.0,16.69406,6.0,9.231112,-0.127004,104.995,336.0
58.4818181321025,16.6696,58.6139766322449,16.4371,7.0,16.69405,6.0,9.922435,-1.058127,105.686304,336.0
58.4979973323643,16.9869,58.6309954328462,17.054,7.0,16.69414,6.0,11.71216,0.00105,107.386496,336.0
58.5151560325176,17.9662,58.6480781333521,16.9885,7.0,16.69454,6.0,11.92478,-1.194973,108.4042,336.0
58.5324782319367,16.5116,58.6659031333402,17.8732,7.0,16.69448,6.0,9.950304,-0.285096,106.796304,336.0
58.5472028320655,16.9724,58.6816973341629,17.1873,7.0,16.69457,6.0,7.893227,0.322538,106.852,336.0
58.5641574328765,16.2364,58.6995482342318,18.3424,7.0,16.69442,6.0,12.72415,-0.505859,104.8922,336.0
58.5819200323895,17.6949,58.7155400337651,16.2781,7.0,16.69473,6.0,9.894473,-0.228056,106.4536,336.0
58.5976258320734,16.8401,58.7155400337651,4.3887,7.0,16.69478,6.0,17.4914,-0.310722,107.814,336.0
58.6139766322449,15.8321,58.7320900345221,9.9679,7.0,16.69451,6.0,11.10106,-0.074554,108.3684,336.0
58.6309954328462,16.6225,58.7482005348429,16.201,7.0,16.69449,6.0,9.516559,-0.074379,106.9048,336.0
58.6480781333521,17.0514,58.7660005344078,17.6224,7.0,16.6946,6.0,10.13656,-0.473604,106.707904,336.0
58.6659031333402,16.8371,58.7817849339917,15.8894,7.0,16.69464,6.0,10.08212,0.258653,109.534704,336.0
58.6816973341629,15.788,58.7985919332132,16.6929,7.0,16.69436,6.0,9.736054,-0.164781,109.264,336.0
58.6995482342318,16.4648,58.8158271340653,17.2674,7.0,16.69429,6.0,9.418579,-0.867595,109.1956,336.0
58.7155400337651,19.1019,58.8312824340537,16.8263,7.0,16.69504,6.0,11.7524,0.308307,113.034304,336.0
58.7320900345221,16.1278,58.8499811338261,19.1055,6.0,16.69486,6.0,12.31075,0.150709,110.5596,336.0
58.7482005348429,17.1487,58.8651296338066,15.3381,6.0,16.695,6.0,11.58898,-0.991917,111.834704,336.0
58.7660005344078,16.1755,58.8829679330811,18.2254,6.0,16.69484,6.0,10.63389,-0.564543,109.478704,336.0
58.7817849339917,17.3758,58.8983525326476,13.1242,6.0,16.69505,6.0,11.60199,0.196073,112.047504,336.0
58.7985919332132,15.7784,58.9161030324176,17.7218,6.0,16.69477,6.0,11.32349,-0.580778,111.0356,336.0
58.8158271340653,17.2878,58.9325529327616,16.5217,6.0,16.69495,6.0,10.45142,0.397671,110.9574,336.0
58.8312824340537,14.8571,58.9482304332778,15.6334,6.0,16.69438,6.0,10.90164,-0.123214,112.0098,336.0
58.8499811338261,16.618,58.9658023333177,17.54,6.0,16.69436,6.0,10.14183,-0.967699,111.102704,336.0
58.8651296338066,16.4625,58.981742833741,16.3843,6.0,16.69429,6.0,9.467578,0.028443,109.5936,336.0
58.8829679330811,18.441,58.9981999332085,16.1013,6.0,16.69483,6.0,10.19303,0.065343,108.511504,336.0
58.8983525326476,16.6856,59.0160478325561,17.7736,6.0,16.69483,6.0,9.387614,-0.545247,108.850704,336.0
58.9161030324176,16.8077,59.0327330334112,17.2453,6.0,16.69486,6.0,9.816399,0.31398,108.606496,336.0
58.9325529327616,16.3535,59.0484365327284,16.7458,6.0,16.69476,6.0,11.15936,-0.126543,109.3778,336.0
58.9482304332778,16.7416,59.0649156318977,16.4906,6.0,16.69477,6.0,9.770957,-1.098366,109.1002,336.0
58.9658023333177,16.8794,59.0820372318849,17.1524,6.0,16.69483,6.0,9.877447,-0.733442,109.622,336.0
58.981742833741,16.4128,59.0983229326084,16.494,6.0,16.69474,6.0,12.16042,-0.301597,107.100304,336.0
58.9981999332085,16.8744,59.1149792326614,16.6044,6.0,16.6948,6.0,10.38804,-1.370368,109.017504,336.0
59.0160478325561,16.6637,59.1313352333382,14.5694,6.0,16.69479,6.0,11.74937,0.665575,107.280096,336.0
59.0327330334112,17.1059,59.1491223340854,17.8008,6.0,16.69491,6.0,12.89884,-1.050172,107.373296,336.0
59.0484365327284,14.3396,59.1651430344209,16.0357,6.0,16.69419,6.0,12.3354,-0.438519,106.452,336.0
59.0649156318977,16.678,59.1828392343596,17.7082,6.0,16.69418,6.0,11.98117,0.025719,107.1652,336.0
59.0820372318849,17.0106,59.1983265345916,15.3894,6.0,16.69428,6.0,13.10343,-0.48764,109.3438,336.0
59.0983229326084,16.6702,59.2150164349005,16.7257,6.0,16.69427,6.0,8.854172,-1.772554,107.921904,336.0
