Interval,Timer
15.8632,5.017730000006501
16.4569,5.036060000006575
16.5874,5.054380000006407
16.7093,5.0727300000065005
17.3445,5.091110000006389
15.9899,5.109430000006221
17.1665,5.127800000006333
17.1016,5.146180000006221
16.1732,5.164520000006072
16.8176,5.181210000006017
16.6901,5.197890000006184
17.9935,5.21459000000637
16.0393,5.231270000006538
16.559,5.247950000006705
16.8363,5.264590000006836
16.9346,5.281290000007022
16.5515,5.297950000007171
16.5764,5.314600000007078
16.716,5.331290000007022
16.9136,5.347980000006967
16.6008,5.36467000000691
16.3326,5.381320000006817
17.2245,5.39803000000678
16.2789,5.414700000006706
16.8595,5.431410000006668
16.6234,5.448080000006594
16.8993,5.46478000000678
16.2397,5.481480000006966
17.0484,5.498160000007134
16.9119,5.514840000007301
16.4328,5.53150000000745
16.9481,5.548180000007618
16.7821,5.564850000007544
16.4854,5.58155000000773
15.4022,5.598200000007637
15.8544,5.614870000007563
17.1642,5.63155000000773
16.4536,5.648210000007879
16.5266,5.664890000008047
16.6905,5.681550000008196
16.7758,5.698260000008158
16.5749,5.714940000008326
16.9989,5.731620000008494
17.0706,5.7483300000084565
16.4383,5.765010000008624
18.2253,5.78171000000881
16.6479,5.798360000008717
16.716,5.815050000008661
16.4769,5.831730000008829
16.6178,5.848400000008755
17.1227,5.86507000000868
16.4097,5.881770000008866
17.1609,5.89846000000881
16.1923,5.915090000008698
17.0452,5.931810000008904
16.7125,5.948470000009053
16.1829,5.965140000008978
16.8961,5.981800000009127
16.57,5.998480000009295
17.6923,6.015190000009257
16.1382,6.031880000009202
16.2803,6.048540000009351
16.6283,6.065190000009258
16.6398,6.081870000009425
16.938,6.098530000009574
16.296,6.115220000009519
14.8207,6.131910000009462
16.9154,6.14859000000963
17.164,6.165260000009555
16.8566,6.181920000009704
16.6738,6.198560000009834
16.7892,6.215260000010021
16.4267,6.231940000010189
17.0244,6.248660000010394
16.3365,6.265320000010543
16.1811,6.2819900000104685
16.507,6.298670000010636
17.3343,6.315350000010803
17.4455,6.332050000010989
15.188,6.348720000010915
16.7935,6.365400000011083
17.1349,6.3820900000110266
16.4428,6.398770000011194
16.5079,6.415410000011325
16.9702,6.432090000011493
16.4477,6.448770000011661
16.6872,6.465460000011604
16.9186,6.482140000011772
17.0923,6.498790000011679
16.5274,6.515470000011846
16.7906,6.532190000012052
16.7065,6.5488600000119765
16.2929,6.565530000011902
16.9092,6.582230000012088
16.7207,6.598930000012275
17.4922,6.615640000012237
15.9245,6.632300000012386
16.6125,6.648980000012554
17.8602,6.665690000012517
16.7045,6.682370000012685
16.4743,6.699020000012592
16.9228,6.715700000012759
16.4727,6.732380000012927
16.9679,6.749060000013095
16.2602,6.765720000013244
15.7358,6.782410000013187
17.3586,6.799110000013374
16.3975,6.815790000013542
16.2005,6.832490000013728
16.8656,6.849170000013896
16.875,6.865850000014063
17.1316,6.88253000001423
16.4211,6.899210000014398
17.6437,6.915870000014547
17.2558,6.932570000014733
16.477,6.9492000000146215
17.0526,6.965890000014566
16.6861,6.982570000014734
16.5772,6.999240000014659
17.0436,7.015920000014827
16.4082,7.03261000001477
16.4284,7.04927000001492
16.6134,7.065950000015087
16.833,7.08266000001505
17.1621,7.099320000015199
13.8507,7.1160300000151615
16.461,7.1326800000150685
16.6849,7.149370000015013
16.7172,7.166040000014938
16.6305,7.182720000015106
16.9552,7.199420000015293
17.1849,7.216130000015255
16.6548,7.232810000015423
16.9998,7.249480000015348
16.4077,7.266160000015516
16.623,7.282810000015423
16.6769,7.299490000015591
17.1645,7.316160000015516
16.593,7.332830000015441
15.6349,7.349510000015609
16.8446,7.366180000015534
16.5396,7.382820000015664
16.9517,7.399500000015832
17.2711,7.416200000016019
16.2436,7.432890000015963
16.3985,7.449570000016131
18.3771,7.466280000016093
16.4919,7.482990000016056
15.0789,7.499690000016242
16.9821,7.51637000001641
16.5673,7.533020000016316
17.0303,7.549710000016261
16.6151,7.566380000016187
17.0118,7.583040000016336
16.9713,7.599710000016261
16.8518,7.616400000016205
16.348,7.633050000016111
16.7617,7.649690000016243
16.8943,7.666340000016149
17.0493,7.683010000016075
16.5187,7.699690000016242
17.2048,7.716390000016428
16.3397,7.733090000016615
16.5971,7.749750000016764
16.7877,7.766430000016931
16.7632,7.783120000016876
16.0199,7.7998000000170435
15.4663,7.816520000017248
16.9994,7.833220000017435
16.3662,7.849920000017621
16.5542,7.8666000000177885
17.0517,7.8832800000179555
16.8522,7.899960000018123
16.5657,7.916640000018291
17.1785,7.933350000018254
16.4374,7.950030000018422
16.4692,7.966710000018589
17.1525,7.983380000018514
16.4316,8.00005000001844
17.0155,8.01671000001859
16.9572,8.033390000018757
16.683,8.050080000018701
16.3909,8.066760000018869
16.5589,8.083430000018794
17.1084,8.10010000001872
16.4283,8.116760000018868
16.5982,8.133440000019036
16.9649,8.150120000019204
16.4788,8.16679000001913
16.9151,8.183500000019093
16.3826,8.200200000019278
16.6306,8.216830000019167
17.0074,8.23352000001911
17.0756,8.250220000019297
16.0796,8.266900000019465
16.5637,8.283580000019633
16.8024,8.300280000019818
16.4859,8.316940000019967
16.8499,8.333630000019912
16.9074,8.350290000020061
16.7811,8.366970000020228
16.4135,8.383670000020414
16.8724,8.400350000020582
17.2251,8.417040000020526
15.7323,8.433690000020434
15.3591,8.450370000020602
16.5553,8.467030000020749
17.1173,8.483740000020713
17.3659,8.500430000020657
15.5242,8.517100000020582
16.9217,8.533760000020731
16.6873,8.550430000020656
16.9541,8.567110000020824
16.9296,8.583790000020992
16.3748,8.60047000002116
16.7033,8.617140000021084
16.8613,8.633820000021252
17.0047,8.65047000002116
16.6658,8.667120000021066
16.7378,8.683820000021253
16.7701,8.700490000021178
16.5291,8.717190000021365
16.6219,8.73384000002127
17.3235,8.750520000021439
16.4199,8.767200000021607
17.8202,8.783920000021812
16.2999,8.800590000021737
16.6829,8.817290000021924
15.1496,8.833970000022092
17.5158,8.850640000022016
17.062,8.867360000022222
16.3561,8.884050000022166
17.0794,8.90074000002211
16.6888,8.917400000022258
16.4908,8.934080000022426
16.5622,8.950740000022575
16.5194,8.967450000022538
16.9145,8.984120000022463
16.5156,9.00080000002263
16.5098,9.017470000022556
17.1448,9.034140000022482
16.2703,9.050810000022407
16.7894,9.067480000022334
16.1167,9.08415000002226
15.8028,9.100830000022428
16.7237,9.117500000022352
16.8165,9.1341600000225
16.4596,9.15082000002265
16.8734,9.167520000022837
16.6172,9.184200000023004
17.4209,9.20088000002317
16.5292,9.217530000023078
16.9202,9.234230000023263
16.3314,9.250910000023431
16.6038,9.267610000023618
16.9325,9.284280000023545
16.6323,9.301000000023748
16.6642,9.317720000023954
16.4812,9.334380000024105
16.8415,9.35106000002427
16.6649,9.36772000002442
16.8593,9.384430000024382
17.7567,9.401100000024307
16.4373,9.417770000024232
16.777,9.43443000002438
16.7359,9.45111000002455
16.9258,9.467770000024698
16.524,9.484420000024606
16.2829,9.501100000024774
15.8065,9.51778000002494
16.5004,9.534460000025108
16.4772,9.551140000025276
16.8567,9.567820000025444
16.8455,9.584500000025612
17.1419,9.601210000025574
16.4998,9.617890000025742
17.1477,9.634580000025686
16.3234,9.65125000002561
16.3896,9.66793000002578
16.904,9.684630000025964
16.7033,9.701340000025928
16.934,9.718030000025871
16.3028,9.734740000025836
17.9326,9.75143000002578
16.3827,9.76807000002591
16.7692,9.784790000026112
16.6704,9.801430000026246
16.8699,9.81813000002643
15.1069,9.834810000026598
16.2507,9.851470000026747
16.5842,9.868120000026654
16.8838,9.884780000026804
16.5973,9.90143000002671
17.2539,9.918120000026654
17.6493,9.934810000026598
16.9679,9.951450000026728
16.3079,9.968130000026896
15.702,9.984810000027064
16.6661,10.001490000027232
16.6528,10.0181700000274
16.4497,10.034840000027325
17.8993,10.051490000027233
16.2317,10.0681700000274
16.7252,10.084840000027326
16.9824,10.10156000002753
16.3833,10.118270000027492
16.9709,10.134960000027435
16.7084,10.151630000027362
16.962,10.168330000027549
16.3164,10.185010000027717
17.0993,10.20172000002768
16.3844,10.218420000027866
16.9472,10.235080000028017
16.4323,10.25176000002818
16.3383,10.268400000028311
15.686,10.28505000002822
17.1354,10.301730000028387
16.9048,10.31842000002833
16.5765,10.33508000002848
17.2243,10.351780000028668
15.7077,10.368430000028573
16.9007,10.38513000002876
17.4605,10.401830000028946
16.4557,10.41852000002889
16.5851,10.435210000028832
17.1567,10.451890000029
16.5472,10.468560000028926
17.1956,10.485240000029094
17.0837,10.501920000029262
16.5776,10.518570000029168
14.7087,10.535290000029374
16.5813,10.551940000029282
16.8293,10.568610000029206
16.5676,10.585270000029356
16.9669,10.6019600000293
16.4125,10.618640000029467
16.7036,10.63533000002941
17.1531,10.65199000002956
16.6189,10.668670000029728
17.3672,10.68538000002969
16.6347,10.702060000029858
16.2869,10.718730000029783
17.4358,10.73543000002997
16.3436,10.752110000030138
16.2114,10.76880000003008
16.6835,10.785520000030289
16.6328,10.802190000030212
16.6664,10.81887000003038
16.8112,10.835570000030566
16.6367,10.852220000030472
16.8499,10.8688900000304
16.8218,10.885600000030362
16.1264,10.902250000030268
17.7327,10.918930000030436
17.0932,10.93560000003036
16.7487,10.95226000003051
16.3478,10.968940000030678
16.8997,10.985640000030864
16.4404,11.002300000031012
16.4243,11.01898000003118
15.4291,11.035630000031087
16.8665,11.052320000031033
17.0833,11.069010000030977
16.1514,11.085690000031144
16.9844,11.102380000031088
16.8888,11.119080000031271
16.1413,11.1357500000312
17.0343,11.152430000031368
16.5009,11.169110000031534
16.9835,11.185790000031702
16.9369,11.202490000031888
16.5218,11.21913000003202
16.8222,11.235820000031962
17.4068,11.252540000032168
16.2145,11.269180000032298
16.761,11.285820000032428
16.8452,11.302500000032596
16.7296,11.319160000032744
16.4736,11.33583000003267
16.9644,11.352540000032633
16.9089,11.369230000032578
15.834,11.385920000032522
15.6182,11.402580000032671
17.1443,11.419250000032596
16.6459,11.43596000003256
16.3808,11.452640000032726
17.0982,11.469360000032932
16.2598,11.4860400000331
17.0345,11.502720000033268
16.823,11.519360000033398
16.5161,11.536020000033549
16.7628,11.552700000033711
16.4661,11.569410000033676
16.7498,11.586060000033584
16.6588,11.60271000003349
17.0295,11.619410000033676
17.2825,11.636090000033844
16.6419,11.652770000034012
16.1819,11.66945000003418
17.171,11.68618000003416
16.0456,11.70284000003431
16.0822,11.719520000034478
16.7066,11.736180000034626
17.3375,11.752860000034794
16.5307,11.76956000003498
16.7824,11.786260000035169
16.2125,11.802900000035295
16.9673,11.819600000035484
16.5636,11.836290000035428
16.252,11.852920000035317
17.0188,11.86963000003528
16.7943,11.886310000035444
17.0438,11.902980000035372
16.503,11.91966000003554
16.3852,11.936320000035687
16.7972,11.952950000035576
17.0566,11.96966000003554
16.2098,11.986310000035449
17.3218,12.00300000003539
16.6224,12.019700000035575
15.7417,12.03639000003552
17.1307,12.053100000035483
16.3413,12.069780000035651
16.7621,12.086450000035576
16.875,12.103150000035765
16.3381,12.119840000035706
17.521,12.136490000035614
15.8405,12.153200000035577
16.4712,12.169870000035502
16.4244,12.186530000035653
16.954,12.203180000035555
16.6108,12.219830000035463
17.0685,12.236560000035446
17.0937,12.253290000035427
16.6735,12.269950000035577
16.1784,12.286630000035744
16.9346,12.303320000035688
16.7751,12.319970000035594
16.7171,12.33664000003552
16.7449,12.353330000035465
17.0184,12.370030000035651
16.4432,12.386700000035576
16.6458,12.403330000035464
16.6501,12.419970000035596
16.6867,12.43664000003552
16.7037,12.453340000035707
16.76,12.470040000035894
16.4504,12.48672000003606
16.8729,12.503400000036228
16.5901,12.520070000036156
15.9141,12.536730000036304
16.7274,12.55341000003647
16.755,12.570120000036434
16.3765,12.5868000000366
16.9484,12.603520000036806
16.9509,12.620220000036992
16.1015,12.6368700000369
16.6695,12.653560000036844
16.6665,12.67024000003701
17.1014,12.686970000036991
16.914,12.703640000036918
17.1969,12.720360000037122
16.3201,12.73702000003727
16.1511,12.753690000037198
16.9037,12.770360000037122
16.7527,12.786990000037012
17.2261,12.803700000036974
16.2248,12.8203700000369
16.9826,12.837070000037086
16.2979,12.853710000037216
17.1426,12.87043000003742
16.4144,12.887080000037328
16.9204,12.903780000037514
16.2479,12.920470000037458
16.6471,12.937160000037402
16.5921,12.953880000037609
16.4801,12.970520000037736
16.8503,12.987220000037924
17.0751,13.003880000038071
16.706,13.02056000003824
16.5018,13.03720000003837
17.5314,13.053870000038296
18.0449,13.07056000003824
16.2173,13.087240000038408
16.8524,13.103890000038314
16.4046,13.120530000038444
16.9528,13.13722000003839
16.9061,13.153900000038556
16.4506,13.170580000038724
16.4783,13.18725000003865
15.9124,13.203960000038611
16.7361,13.220650000038557
17.0357,13.237300000038465
16.1549,13.25398000003863
17.0399,13.270680000038816
16.3444,13.287360000038984
16.8058,13.304070000038948
16.6682,13.320720000038854
16.4395,13.337400000039022
16.7783,13.35408000003919
16.7411,13.370760000039358
16.6239,13.387440000039526
17.4749,13.404140000039712
16.0576,13.420810000039635
16.7952,13.437490000039803
16.4978,13.454170000039973
16.9491,13.470840000039898
16.6065,13.48755000003986
16.7375,13.504230000040028
16.4529,13.520920000039972
16.7263,13.53757000003988
16.9843,13.554260000039823
16.0065,13.570900000039954
15.8241,13.587610000039916
16.7713,13.604290000040084
16.3496,13.620970000040252
16.8659,13.637660000040196
16.6787,13.654320000040345
16.3645,13.671010000040289
16.8583,13.687680000040215
17.6277,13.7043800000404
16.5536,13.72104000004055
16.089,13.737760000040756
16.8988,13.75446000004094
16.3902,13.77114000004111
17.0133,13.787840000041294
16.1755,13.804500000041443
16.7268,13.82120000004163
16.3438,13.837870000041557
16.7412,13.8545600000415
16.7705,13.871210000041406
17.3289,13.887930000041612
17.1194,13.904570000041742
17.671,13.921240000041667
16.7394,13.937920000041837
16.2561,13.95457000004174
16.9566,13.971270000041928
16.0805,13.987930000042075
15.2275,14.004610000042245
16.6143,14.02128000004217
16.7098,14.037960000042338
16.6939,14.054620000042489
17.6434,14.07133000004245
16.5855,14.087980000042355
16.9906,14.1046700000423
17.4256,14.121360000042245
17.1614,14.138000000042377
14.9497,14.1546700000423
16.0739,14.171350000042468
16.6917,14.188040000042411
16.3587,14.204730000042357
17.185,14.221410000042525
16.3668,14.23806000004243
16.8713,14.254760000042618
16.2851,14.271390000042503
17.7641,14.28810000004247
16.1608,14.304790000042413
16.8352,14.321500000042375
16.3403,14.3381700000423
16.8407,14.354850000042468
16.9244,14.37156000004243
16.5479,14.38822000004258
16.7685,14.404930000042542
16.8049,14.42161000004271
16.4386,14.438320000042673
17.0167,14.455010000042618
16.462,14.471710000042805
16.411,14.48836000004271
16.6469,14.50504000004288
16.7761,14.521730000042822
16.8896,14.538400000042747
16.291,14.555070000042674
16.8677,14.5717400000426
16.4953,14.588400000042748
16.7264,14.605050000042654
16.925,14.621710000042803
16.4524,14.638360000042711
16.6725,14.655050000042657
16.3112,14.671730000042825
16.8357,14.688420000042766
16.6263,14.705080000042916
16.5632,14.721760000043083
17.8055,14.738450000043027
16.7447,14.755150000043214
16.8974,14.771840000043158
17.1809,14.788500000043308
16.6146,14.805180000043476
16.7741,14.821860000043642
16.3203,14.838550000043586
15.345,14.855200000043492
16.7169,14.87190000004368
16.4495,14.888580000043849
17.0979,14.905240000043996
16.9396,14.921890000043902
17.9844,14.938590000044089
16.7758,14.955290000044275
16.4757,14.971970000044443
16.8561,14.988640000044368
17.0517,15.005310000044291
16.5217,15.02201000004448
16.7393,15.038690000044648
16.073,15.055380000044591
17.4501,15.072080000044778
16.3348,15.088750000044705
16.8463,15.105440000044648
16.4918,15.122100000044796
16.5239,15.138780000044964
15.8395,15.155460000045132
16.7247,15.1721400000453
16.9481,15.188820000045467
16.418,15.205490000045392
16.6147,15.22216000004532
16.4603,15.238820000045466
16.0092,15.25553000004543
16.4214,15.27217000004556
16.6591,15.288840000045486
17.3351,15.305550000045448
16.3591,15.322230000045616
17.3832,15.338930000045805
16.7408,15.35561000004597
16.3412,15.37227000004612
16.717,15.388950000046286
15.6932,15.405610000046437
16.8315,15.422260000046345
16.825,15.438970000046304
16.7905,15.45566000004625
17.5274,15.472340000046415
16.5274,15.48903000004636
16.6577,15.505680000046269
17.4517,15.522360000046437
16.2899,15.539040000046604
16.889,15.55572000004677
16.4133,15.572400000046938
16.5089,15.589090000046882
16.4364,15.60577000004705
17.5059,15.622460000046994
16.3919,15.639110000046902
17.1583,15.655810000047088
16.3121,15.672510000047271
16.7899,15.68919000004744
16.6373,15.705900000047404
16.4223,15.722580000047572
15.5218,15.73926000004774
16.7344,15.755960000047926
16.6597,15.772630000047853
16.5763,15.789290000048
17.5225,15.805980000047944
16.2993,15.822630000047852
16.8967,15.839290000048
16.5733,15.85595000004815
16.5554,15.87259000004828
17.0263,15.889290000048463
17.0754,15.90601000004867
16.0407,15.922700000048614
17.0615,15.939360000048763
17.8682,15.956070000048728
16.2182,15.972740000048653
16.6724,15.989430000048596
16.7214,16.00612000004854
16.8257,16.022830000048504
16.4766,16.039520000048448
16.4711,16.056180000048595
17.0494,16.072830000048505
16.4022,16.08948000004841
14.8513,16.106170000048355
16.8365,16.122830000048502
16.5114,16.139520000048446
16.9765,16.156190000048372
16.6705,16.17287000004854
16.9598,16.189540000048467
16.3701,16.206220000048635
17.4852,16.22292000004882
16.3298,16.239590000048747
18.3289,16.25629000004893
17.0159,16.272990000049116
16.0228,16.289660000049043
16.803,16.306350000048987
16.5262,16.323030000049155
16.6792,16.339710000049323
16.7221,16.356400000049266
16.9579,16.37311000004923
16.1346,16.389770000049378
17.4641,16.406480000049342
16.1843,16.423130000049248
16.8302,16.439810000049416
16.4703,16.456490000049584
16.5435,16.47315000004973
16.9577,16.4898300000499
16.609,16.506500000049826
16.6146,16.523170000049753
16.8865,16.5398300000499
14.8277,16.556530000050085
16.2734,16.573180000049994
16.9451,16.589890000049955
16.5375,16.606560000049882
16.6653,16.62324000005005
16.8281,16.63995000005001
16.748,16.656620000049937
16.6542,16.6733300000499
16.4243,16.690000000049825
16.8265,16.70667000004975
17.0251,16.723360000049695
16.5596,16.740060000049883
16.7147,16.756750000049827
16.632,16.773430000049995
16.5995,16.790150000050197
16.8084,16.806800000050107
17.3224,16.82352000005031
16.659,16.840190000050235
16.3249,16.856860000050162
16.4685,16.87354000005033
16.7504,16.890190000050236
16.9267,16.90688000005018
16.4083,16.923560000050347
16.3006,16.940220000050495
16.6822,16.956860000050625
17.171,16.973540000050793
16.8014,16.99021000005072
16.8568,17.006880000050646
16.6908,17.02355000005057
16.1291,17.040230000050737
17.0428,17.056910000050905
16.5229,17.073590000051073
17.4633,17.090230000051204
17.684,17.10691000005137
16.5857,17.12359000005154
17.0139,17.140300000051504
16.3401,17.15695000005141
16.5785,17.173620000051333
16.5763,17.1903000000515
17.1826,17.20700000005169
16.6324,17.223680000051857
16.4679,17.240360000052025
16.7128,17.25705000005197
16.8307,17.273750000052154
16.2702,17.29042000005208
17.047,17.307090000052003
16.3617,17.32377000005217
16.9839,17.340480000052136
15.0766,17.357160000052303
15.8403,17.37382000005245
17.3867,17.39052000005264
16.3826,17.407170000052545
17.1832,17.42387000005273
16.3824,17.440540000052657
16.5535,17.4572300000526
16.7376,17.47389000005275
16.8363,17.490600000052712
16.4765,17.50725000005262
17.5213,17.523950000052807
16.2393,17.540630000052975
16.7933,17.557290000053122
16.8332,17.57397000005329
17.0185,17.590650000053458
16.3909,17.607350000053643
15.5193,17.62403000005381
16.6812,17.640740000053775
17.124,17.657420000053943
16.0498,17.67410000005411
17.2673,17.69078000005428
17.3082,17.707480000054463
16.7494,17.724190000054428
16.3623,17.740870000054596
16.5099,17.7575200000545
16.2145,17.774170000054408
16.8232,17.790870000054593
16.3495,17.807510000054723
16.1532,17.824160000054633
17.491,17.840860000054818
16.4314,17.857510000054724
17.0347,17.87419000005489
16.6231,17.89086000005482
16.8788,17.907550000054762
16.2723,17.92423000005493
17.3694,17.940930000055115
16.3798,17.957590000055266
17.1436,17.974300000055226
16.3064,17.990980000055394
16.8922,18.007670000055338
16.2977,18.024390000055543
16.2051,18.04104000005545
16.9403,18.057710000055376
16.5162,18.074390000055544
16.9336,18.091070000055712
17.0279,18.10775000005588
16.647,18.124430000056048
17.3492,18.14110000005597
16.6391,18.15780000005616
16.5837,18.174470000056083
16.4146,18.191110000056213
16.579,18.20780000005616
15.5914,18.224460000056308
17.5517,18.24115000005625
16.4574,18.25783000005642
17.0492,18.274500000056342
16.4234,18.29117000005627
16.8206,18.30783000005642
16.7689,18.324490000056567
16.4685,18.34114000005648
17.0319,18.35785000005644
16.2816,18.374520000056364
16.6718,18.391210000056308
16.8602,18.40786000005621
16.7888,18.4245600000564
16.4504,18.44123000005633
16.5477,18.457910000056494
16.7381,18.47459000005666
16.7308,18.49127000005683
16.7541,18.507960000056773
16.6827,18.52461000005668
17.1531,18.541330000056885
16.2243,18.55800000005681
16.8024,18.57471000005677
16.5645,18.59140000005672
16.6287,18.608080000056884
16.7276,18.62476000005705
16.7878,18.641450000057
16.7694,18.658130000057163
16.2892,18.67481000005733
16.96,18.69152000005729
16.5081,18.708160000057426
16.9082,18.72486000005761
16.2745,18.74152000005776
17.0821,18.75820000005793
16.9802,18.77487000005785
15.5896,18.79155000005802
17.2632,18.808240000057964
16.5019,18.82492000005813
17.3557,18.84162000005832
16.2431,18.858270000058223
15.7947,18.874950000058394
16.5956,18.8916000000583
16.8072,18.90828000005847
16.7458,18.92493000005837
16.8738,18.94164000005834
16.3702,18.958320000058507
16.6632,18.97498000005865
17.6281,18.99168000005884
16.8861,19.00835000005877
16.2785,19.025030000058933
16.9979,19.04173000005912
16.555,19.058450000059324
17.1946,19.07512000005925
16.625,19.091790000059177
16.4953,19.108440000059083
17.2235,19.125150000059048
16.435,19.14184000005899
16.5434,19.15850000005914
16.544,19.175170000059065
17.0285,19.19189000005927
16.3779,19.20857000005944
15.5365,19.225220000059345
16.9232,19.24191000005929
16.8818,19.25863000005949
16.7475,19.27531000005966
17.1551,19.291980000059585
16.1671,19.30865000005951
17.076,19.325350000059696
16.4102,19.342030000059864
16.9712,19.35870000005979
16.3923,19.37536000005994
17.1486,19.392070000059903
16.4042,19.40875000006007
16.3405,19.42543000006024
16.4648,19.442110000060406
16.7068,19.458770000060557
16.5991,19.47545000006072
16.5507,19.492110000060872
17.8968,19.50879000006104
16.3979,19.525440000060943
16.7329,19.542120000061114
17.1034,19.55880000006128
16.9008,19.575490000061222
16.5041,19.59214000006113
16.5985,19.6088200000613
16.8258,19.625490000061227
17.0638,19.642200000061187
16.5197,19.658870000061118
16.601,19.67555000006128
16.412,19.69223000006145
17.0626,19.70894000006141
16.2526,19.72559000006132
16.986,19.742290000061505
15.9638,19.75896000006143
15.9283,19.775660000061617
16.6994,19.792370000061577
16.0492,19.809010000061708
17.5894,19.825730000061917
16.3095,19.84240000006184
17.0328,19.859100000062025
16.3837,19.875760000062176
16.7297,19.89246000006236
16.7291,19.90910000006249
16.0404,19.92580000006268
16.4954,19.942460000062827
17.6922,19.95915000006277
16.565,19.97586000006273
16.3817,19.992500000062865
17.2745,20.009210000062826
16.4805,20.02590000006277
17.0132,20.042580000062937
16.6056,20.059240000063088
16.8631,20.07595000006305
16.4976,20.09260000006296
16.6525,20.109280000063126
16.671,20.125930000063036
15.7427,20.14260000006296
16.5673,20.159280000063124
16.9673,20.17597000006307
16.9829,20.192630000063215
17.4736,20.209300000063145
15.6512,20.22599000006309
16.1167,20.24265000006324
16.6937,20.25934000006318
17.2588,20.276050000063144
16.8244,20.29272000006307
16.9397,20.309380000063214
17.6534,20.326060000063386
16.8919,20.342730000063312
16.621,20.359430000063497
16.6972,20.37614000006346
16.5861,20.39280000006361
16.839,20.409500000063797
16.6827,20.42618000006396
16.8611,20.44286000006413
16.4659,20.45956000006432
16.5368,20.47625000006426
16.6792,20.49293000006443
16.6279,20.50957000006456
16.8335,20.526220000064463
16.7698,20.542900000064638
16.6133,20.5595800000648
15.6639,20.576230000064708
16.7526,20.592900000064635
16.9219,20.60957000006456
16.8163,20.626270000064743
15.4346,20.64294000006467
16.6694,20.65962000006484
16.6034,20.67631000006478
16.7388,20.69299000006495
16.6275,20.7096500000651
16.9612,20.726370000065305
16.7715,20.743080000065262
16.4494,20.75977000006521
16.7896,20.77646000006516
16.6614,20.79314000006532
16.0451,20.80982000006549
16.7779,20.82651000006544
17.1058,20.8432200000654
16.4893,20.859940000065603
16.571,20.87662000006577
16.4582,20.8932600000659
18.6814,20.909930000065827
15.8781,20.926610000065992
16.9634,20.943270000066143
15.7186,20.959960000066086
16.0318,20.97664000006625
17.1367,20.9933000000664
17.7886,21.00998000006657
16.8547,21.02664000006672
16.6293,21.043300000066868
18.7503,21.060010000066832
16.6994,21.07668000006676
16.9948,21.093360000066927
14.1647,21.11003000006685
15.7987,21.126690000067
16.698,21.14340000006696
16.2779,21.160090000066905
16.5569,21.17674000006681
17.3817,21.19343000006676
16.3626,21.210110000066926
17.3679,21.22678000006685
16.9996,21.243450000066776
16.9086,21.26015000006696
16.3953,21.27683000006713
16.6466,21.293480000067035
16.6931,21.310130000066945
16.6566,21.32683000006713
15.4505,21.343520000067077
16.9254,21.360190000067
16.822,21.376870000067168
16.9867,21.393570000067356
16.3998,21.41027000006754
16.6962,21.426920000067447
16.8874,21.443630000067408
17.4312,21.460350000067614
17.2374,21.47702000006754
16.6396,21.493680000067688
16.6545,21.51034000006784
16.2422,21.526990000067745
15.1357,21.543670000067912
16.7311,21.5603000000678
16.8468,21.57696000006795
16.58,21.593650000067893
16.568,21.610290000068023
16.8912,21.626930000068157
16.6973,21.643620000068097
16.6347,21.660300000068265
16.62,21.676980000068436
16.7796,21.69368000006862
16.5439,21.710350000068544
18.0962,21.72706000006851
16.1499,21.743730000068435
17.0252,21.7604100000686
16.5626,21.777090000068767
16.7845,21.79379000006896
17.2261,21.81050000006892
14.9373,21.827170000068843
16.8987,21.84385000006901
17.6813,21.860540000068955
16.6058,21.87724000006914
16.5538,21.89389000006905
16.9627,21.910580000068997
16.7267,21.92726000006916
16.5557,21.943950000069105
16.4046,21.96061000006925
17.2675,21.9773000000692
16.3119,21.994000000069384
16.7938,22.010710000069345
15.5617,22.02736000006925
16.7912,22.0440500000692
16.6319,22.06078000006918
17.0423,22.077460000069348
17.8789,22.09416000006953
15.0814,22.11083000006946
16.7959,22.12754000006942
16.8463,22.14418000006955
16.7438,22.16085000006948
16.5078,22.177500000069383
16.8595,22.19420000006957
17.2052,22.210890000069515
16.0354,22.227570000069683
16.4509,22.24424000006961
16.673,22.260890000069512
17.352,22.27757000006968
17.4827,22.29422000006959
16.6722,22.31090000006976
16.9392,22.327600000069943
16.7257,22.344300000070128
16.554,22.36097000007005
16.8493,22.377650000070226
16.4097,22.394290000070352
17.1199,22.411000000070317
16.1475,22.42768000007048
16.9349,22.44438000007067
16.4188,22.461070000070613
15.1718,22.47775000007078
16.9186,22.494440000070725
16.901,22.51113000007067
17.0043,22.527800000070595
17.022,22.544480000070763
16.4083,22.56116000007093
16.564,22.57782000007108
15.9144,22.594510000071026
16.8952,22.61119000007119
16.5489,22.62786000007112
17.3212,22.6445600000713
16.4241,22.66120000007143
16.7206,22.67787000007136
17.4502,22.694570000071543
17.0139,22.71122000007145
15.2003,22.72792000007164
16.5574,22.74461000007158
16.937,22.76128000007151
17.0149,22.77797000007145
16.4584,22.79464000007137
16.9735,22.811340000071564
16.5434,22.82806000007177
16.7637,22.84472000007192
16.6798,22.861380000072067
16.7069,22.87805000007199
16.8535,22.89472000007192
16.5838,22.911390000071844
17.1959,22.92809000007203
16.3405,22.94474000007193
16.8248,22.96146000007214
16.5224,22.978120000072288
16.7434,22.994800000072456
16.3268,23.011490000072403
16.7243,23.028170000072567
17.0831,23.04488000007253
20.7695,23.06154000007268
12.0294,23.078210000072605
17.6843,23.09486000007251
15.0133,23.11154000007268
16.661,23.12818000007281
16.5791,23.14483000007272
17.2825,23.161490000072867
16.6345,23.17819000007305
16.2323,23.19487000007322
17.136,23.211560000073163
16.9026,23.228270000073127
16.2772,23.244950000073292
17.0108,23.261660000073256
17.0694,23.278340000073424
15.7465,23.295020000073592
16.7556,23.31170000007376
16.6286,23.32836000007391
17.014,23.34504000007408
16.293,23.361720000074246
16.9795,23.37840000007441
16.3504,23.39505000007432
17.3232,23.411750000074505
16.6221,23.428430000074677
16.4604,23.44511000007484
16.9689,23.461820000074805
16.8537,23.47850000007497
16.8089,23.495170000074896
16.7133,23.511810000075027
16.5851,23.528490000075195
16.6236,23.545130000075325
16.6705,23.561810000075493
16.8096,23.578470000075644
16.5667,23.59513000007579
16.826,23.611830000075976
17.5434,23.62852000007592
16.043,23.645200000076088
15.6703,23.661890000076035
16.9292,23.67858000007598
16.2081,23.695260000076143
16.7163,23.711940000076314
17.0569,23.72862000007648
16.9877,23.745330000076443
16.4993,23.762030000076628
16.5535,23.778680000076537
17.0151,23.795340000076685
16.4599,23.81203000007663
16.3618,23.8287100000768
16.7457,23.845390000076964
16.7505,23.86206000007689
16.7445,23.87877000007685
16.5622,23.89547000007704
17.0702,23.91211000007717
16.1682,23.92877000007732
16.9634,23.94546000007726
16.6246,23.96214000007743
16.914,23.97881000007736
16.8816,23.995490000077524
17.0963,24.012200000077485
16.0964,24.028880000077653
16.7531,24.045540000077803
16.4696,24.06222000007797
17.1307,24.078910000077915
15.7878,24.0956100000781
16.3891,24.112280000078027
17.1392,24.12897000007797
16.6687,24.145650000078135
16.6741,24.162330000078303
17.5413,24.17897000007844
16.6684,24.195650000078604
17.0089,24.21235000007879
16.3903,24.22901000007894
16.7386,24.245710000079125
16.7314,24.26238000007905
16.7197,24.27906000007922
16.0884,24.295730000079143
15.7858,24.31241000007931
16.809,24.32909000007948
16.5547,24.345770000079646
17.4147,24.36249000007985
16.3885,24.37916000007978
16.5144,24.395840000079943
17.0593,24.41251000007987
16.8157,24.4291800000798
17.0249,24.44587000007974
15.4307,24.462530000079887
17.1847,24.479220000079835
16.4457,24.49589000007976
16.8858,24.51260000007972
16.6263,24.52926000007987
16.5542,24.54592000008002
16.6376,24.562600000080188
16.6761,24.57927000008011
16.5979,24.59594000008004
16.5726,24.612610000079965
16.8236,24.62929000008013
16.6186,24.64595000008028
16.7443,24.662640000080224
16.6614,24.67929000008013
16.9026,24.69598000008008
16.2792,24.71266000008024
17.166,24.729380000080447
16.3864,24.746080000080635
17.2677,24.76280000008084
16.4634,24.779490000080784
16.5747,24.796170000080952
16.8348,24.812860000080896
16.5151,24.829540000081064
16.573,24.84622000008123
17.143,24.862910000081172
17.5233,24.879620000081136
16.3565,24.896260000081263
16.8837,24.912910000081173
16.8828,24.929570000081323
16.3207,24.94623000008147
16.8415,24.96291000008164
16.6828,24.979610000081827
16.593,24.99628000008175
15.2596,25.01296000008192
17.2117,25.02960000008205
16.4431,25.04627000008197
16.6741,25.06296000008192
16.9354,25.079650000081863
16.7549,25.09635000008205
16.2412,25.113040000081995
17.307,25.12974000008218
16.4193,25.146430000082123
16.1617,25.16311000008229
17.0668,25.179830000082497
16.5578,25.19653000008268
16.5068,25.213190000082832
16.5848,25.22986000008276
17.0427,25.24657000008272
17.6104,25.263220000082622
16.6265,25.279900000082797
16.7857,25.296560000082945
16.5857,25.31321000008285
16.7732,25.32989000008302
16.5669,25.346540000082925
17.0613,25.36324000008311
16.5352,25.379940000083295
16.6332,25.396640000083483
17.0003,25.413280000083613
16.3624,25.42996000008378
16.7654,25.44664000008395
16.934,25.463350000083917
16.3231,25.480040000083857
16.5507,25.4967300000838
15.4435,25.513400000083728
16.8091,25.530040000083854
16.8413,25.546720000084026
16.4198,25.56337000008393
16.9629,25.5800500000841
16.7364,25.596720000084023
16.8747,25.61342000008421
16.5649,25.63007000008412
16.9042,25.646730000084265
17.4063,25.663430000084453
16.1206,25.68015000008466
16.1204,25.696830000084823
16.2556,25.713480000084733
17.0281,25.7301600000849
16.912,25.74686000008509
16.487,25.763540000085253
17.0341,25.78022000008542
16.2809,25.79690000008559
17.434,25.81358000008576
18.4788,25.83025000008568
16.562,25.84689000008581
17.0219,25.863590000086
16.7413,25.88030000008596
16.5115,25.897010000085924
16.7425,25.913700000085868
16.8529,25.930420000086077
14.0754,25.947110000086017
16.919,25.96382000008598
15.9302,25.980510000085925
16.9798,25.997170000086072
16.9335,26.01387000008626
16.6787,26.030530000086408
16.8331,26.047210000086576
16.3647,26.06386000008648
17.3825,26.08054000008665
16.3584,26.09719000008656
16.6492,26.113840000086466
16.8535,26.1304800000866
16.8748,26.14718000008678
16.1831,26.16386000008695
17.2965,26.18055000008689
16.2669,26.19723000008706
16.7455,26.213880000086967
17.0807,26.23056000008713
16.7667,26.247220000087285
16.6618,26.26391000008723
15.185,26.2805900000874
17.258,26.2973100000876
17.2303,26.314000000087542
16.4224,26.33070000008773
17.4262,26.347390000087675
15.1659,26.364070000087843
16.9722,26.38075000008801
16.9648,26.39746000008797
16.7394,26.41415000008792
16.522,26.430810000088066
17.4251,26.447490000088237
16.7438,26.46414000008814
17.0178,26.48080000008829
16.4222,26.49748000008846
15.4019,26.51412000008859
17.2918,26.53084000008879
16.3383,26.54752000008896
16.8134,26.56417000008887
17.3191,26.58086000008881
15.8089,26.59754000008898
16.8964,26.614240000089165
16.3404,26.63091000008909
17.8078,26.647600000089035
16.7007,26.664280000089203
16.4303,26.680990000089164
16.6417,26.69763000008929
16.8497,26.7143500000895
16.0621,26.731060000089464
16.5326,26.74774000008963
16.6024,26.764410000089555
16.7903,26.781060000089465
17.6124,26.79774000008963
15.7217,26.81438000008976
18.223,26.83104000008991
14.6337,26.84768000009004
16.9332,26.86436000009021
16.6526,26.881010000090114
16.7711,26.897670000090265
16.8868,26.91432000009017
16.4184,26.931010000090115
16.6367,26.947690000090283
16.8454,26.964380000090227
17.0275,26.98109000009019
16.6221,26.99778000009013
17.0971,27.01447000009008
16.7502,27.031160000090026
16.5055,27.04783000008995
16.8723,27.06454000008991
16.5099,27.081240000090094
16.5403,27.097920000090262
17.1002,27.114630000090227
16.5715,27.131300000090157
16.9024,27.147990000090097
16.727,27.164650000090244
16.5419,27.18132000009017
17.1139,27.198010000090115
16.2451,27.21469000009028
16.7913,27.231330000090413
16.5405,27.24799000009056
16.9021,27.26469000009075
16.8251,27.281360000090675
16.5013,27.2980300000906
16.8213,27.314700000090525
16.7846,27.331430000090503
15.4052,27.348110000090674
16.9989,27.36479000009084
16.7775,27.381500000090803
16.6888,27.39817000009073
16.7238,27.414870000090914
16.5075,27.431530000091065
17.0469,27.44822000009101
16.7349,27.46494000009121
16.6234,27.48163000009116
16.8397,27.498260000091047
15.6458,27.51494000009121
16.9501,27.53159000009112
16.5378,27.54825000009127
16.7198,27.56494000009121
17.082,27.58162000009138
16.3636,27.598290000091307
16.9289,27.614970000091475
16.5177,27.63162000009138
17.1269,27.648290000091308
16.5143,27.664990000091493
16.7218,27.68167000009166
16.474,27.69835000009183
16.8097,27.715020000091755
17.0046,27.73173000009172
16.3176,27.748390000091867
17.0408,27.765110000092072
16.3795,27.78177000009222
16.6308,27.798450000092387
17.4262,27.815130000092555
16.3729,27.831810000092723
16.0492,27.84849000009289
16.9294,27.86520000009285
16.3037,27.88188000009302
17.0221,27.898550000092943
16.5344,27.915220000092877
16.5301,27.931860000093003
16.68,27.948530000092926
17.0297,27.96524000009289
16.3355,27.981910000092817
17.5256,27.998610000093
16.6134,28.015330000093208
16.2832,28.031990000093355
16.9934,28.048690000093544
16.6706,28.06535000009369
15.6105,28.08205000009388
17.0562,28.098750000094064
17.0785,28.115430000094232
16.985,28.13209000009438
16.8248,28.148770000094547
16.3589,28.16541000009468
16.9285,28.182080000094604
16.5774,28.198750000094527
16.9211,28.215440000094475
16.3373,28.2321100000944
15.853,28.248780000094325
16.2617,28.265440000094472
17.0712,28.28214000009466
16.6046,28.298830000094604
16.6577,28.31549000009475
16.3781,28.33217000009492
17.1828,28.34881000009505
16.5765,28.36552000009501
16.3932,28.382160000095144
17.5095,28.39887000009511
16.4816,28.41554000009503
16.4352,28.4322200000952
17.0232,28.448910000095143
16.3879,28.46558000009507
17.5444,28.482300000095275
17.5248,28.498980000095443
16.5957,28.515700000095645
14.6307,28.532350000095555
16.747,28.5490400000955
16.5895,28.565690000095405
17.22,28.58241000009561
16.0654,28.599080000095537
17.0817,28.6157600000957
16.5823,28.63242000009585
16.9733,28.64909000009578
16.598,28.665770000095947
16.7181,28.68241000009608
17.3962,28.699080000096
17.2071,28.715750000095927
16.3263,28.73243000009609
16.8777,28.749100000096018
16.6628,28.765830000096
16.5875,28.78248000009591
16.6561,28.79917000009585
16.6241,28.815830000096
16.7315,28.832500000095926
16.2934,28.84919000009587
16.1366,28.86591000009608
16.9696,28.88260000009602
17.274,28.899280000096187
16.3062,28.91594000009633
16.3364,28.932580000096465
16.9542,28.94925000009639
16.6521,28.96592000009632
16.5754,28.98260000009649
16.8897,28.99932000009669
16.3067,29.016000000096856
16.9141,29.032640000096983
16.5269,29.049310000096916
16.9822,29.06602000009688
16.2968,29.0826900000968
16.6095,29.099360000096727
16.9882,29.116090000096708
16.6835,29.132810000096917
16.3308,29.14949000009708
16.7753,29.16615000009723
17.3138,29.18282000009716
16.6045,29.199500000097323
16.6809,29.21618000009749
16.5512,29.2328300000974
15.5893,29.249510000097565
16.5755,29.26620000009751
16.6268,29.2828300000974
16.8507,29.29947000009753
16.8531,29.31614000009745
16.3985,29.33281000009738
16.9809,29.349520000097343
16.9292,29.36620000009751
16.4271,29.38288000009768
17.0834,29.39959000009764
16.7246,29.416290000097828
16.4401,29.43296000009775
17.0085,29.449670000097715
16.3987,29.4663700000979
16.3739,29.483040000097827
17.0491,29.499760000098032
16.3258,29.516410000097935
17.2311,29.533090000098102
16.6412,29.549770000098277
16.9344,29.56645000009844
16.4312,29.58311000009859
16.1199,29.59979000009876
16.6784,29.616470000098925
17.2872,29.63316000009887
17.1051,29.64985000009881
15.4414,29.666490000098943
17.0471,29.683180000098886
17.0839,29.69986000009905
16.641,29.716540000099226
16.8443,29.733200000099373
16.6103,29.74988000009954
16.2523,29.7665900000995
16.3164,29.78326000009943
17.1651,29.79991000009933
16.7308,29.81660000009928
16.7104,29.83328000009945
17.2935,29.84996000009961
16.6505,29.866640000099785
16.5076,29.88331000009971
16.172,29.90000000009965
16.8203,29.91668000009982
16.3559,29.93333000009973
17.0486,29.949990000099877
16.9456,29.966690000100066
17.5356,29.98337000010023
16.7575,30.000040000100157
16.8621,30.01675000010012
16.3796,30.033430000100285
16.6236,30.05012000010023
17.1404,30.0668000001004
15.9762,30.083470000100323
15.6427,30.100190000100525
16.5872,30.11690000010049
16.4886,30.13356000010064
16.8379,30.150250000100584
16.6315,30.166960000100545
16.9581,30.18363000010047
17.4235,30.20035000010068
16.5721,30.21706000010064
16.7163,30.23375000010058
16.6129,30.25045000010077
17.1793,30.267120000100693
16.5142,30.283780000100844
16.5662,30.30046000010101
16.7173,30.31712000010116
16.769,30.333800000101327
16.5615,30.350450000101237
15.5952,30.36712000010116
16.9545,30.383790000101087
16.5684,30.40047000010125
16.3071,30.4171300001014
17.021,30.43381000010157
16.5619,30.450510000101755
17.4341,30.46719000010192
16.5725,30.483900000101887
16.7018,30.500550000101796
17.6782,30.51723000010196
16.2515,30.533880000101867
15.1791,30.550530000101777
17.7436,30.5672000001017
16.5924,30.583900000101888
15.7973,30.600560000102035
16.6787,30.61721000010194
17.0066,30.633930000102147
16.5076,30.650580000102053
17.744,30.667270000102
16.3271,30.683960000101944
16.6444,30.70064000010211
16.5552,30.717330000102056
16.5353,30.73398000010196
17.069,30.75066000010213
17.2491,30.767330000102053
16.9439,30.78401000010222
16.6981,30.80064000010211
17.1361,30.817350000102078
16.5502,30.834060000102035
16.4431,30.85073000010196
16.6254,30.86740000010189
16.8568,30.884100000102077
16.5062,30.900790000102017
17.1297,30.917450000102168
16.3602,30.934150000102356
15.5192,30.95083000010252
16.2995,30.967520000102464
16.167,30.984160000102595
16.9579,31.00083000010252
16.5585,31.01751000010269
17.6169,31.03422000010265
16.6684,31.050910000102597
17.0726,31.067600000102537
16.4784,31.084290000102484
16.777,31.100960000102408
16.7554,31.1176600001026
16.61,31.13434000010276
15.4844,31.15104000010295
16.6524,31.167700000103096
16.9632,31.18441000010306
16.5251,31.201080000102987
16.5915,31.217730000102893
16.9301,31.23439000010304
17.8472,31.251080000102984
16.4604,31.267760000103152
16.8374,31.284420000103303
16.5403,31.30110000010347
16.7073,31.317770000103398
16.4851,31.33445000010356
16.9143,31.35112000010349
16.2622,31.36778000010364
16.146,31.38450000010384
16.9872,31.40120000010403
16.0123,31.417860000104177
16.6457,31.434530000104104
17.1395,31.45123000010429
16.9279,31.467920000104236
17.0045,31.4846300001042
16.8131,31.50133000010438
16.1184,31.517980000104288
17.061,31.534700000104493
16.4212,31.551340000104624
16.6289,31.56800000010477
16.7615,31.584680000104942
16.8124,31.601380000105127
16.6808,31.61805000010505
16.5092,31.634720000104977
18.0332,31.651390000104904
16.7571,31.668080000104847
16.3679,31.68477000010479
15.2899,31.70141000010492
16.5775,31.71809000010509
16.5334,31.734800000105054
16.6039,31.75151000010501
16.5008,31.768170000105165
16.9217,31.78486000010511
16.8405,31.80154000010528
16.537,31.818190000105183
16.7602,31.834830000105317
16.8252,31.85151000010548
16.5045,31.868200000105425
16.9268,31.88489000010537
16.45,31.90154000010528
16.9296,31.9182100001052
17.2863,31.934900000105145
15.5034,31.95155000010505
16.972,31.96825000010524
16.6109,31.984960000105204
17.0333,32.001650000105144
16.6212,32.018330000105315
16.6855,32.03501000010548
17.1922,32.05167000010563
16.6518,32.068350000105795
16.9737,32.08503000010597
16.5612,32.10171000010613
16.3962,32.11840000010608
16.8782,32.13506000010623
15.1786,32.151710000106135
16.7019,32.16838000010606
17.2124,32.18508000010625
16.3657,32.20175000010617
17.2169,32.21844000010611
16.8416,32.23513000010606
17.2932,32.251810000106225
16.5214,32.268470000106376
16.7375,32.28517000010656
16.6281,32.301870000106746
16.0501,32.31859000010695
16.6646,32.3352800001069
16.9508,32.35197000010684
16.4477,32.368660000106786
16.6376,32.38533000010671
17.4139,32.40201000010688
16.6108,32.41866000010678
16.7012,32.43537000010675
16.574,32.45204000010667
15.2848,32.46870000010682
17.3362,32.48536000010697
16.9613,32.50206000010716
16.197,32.51871000010706
16.8787,32.53540000010701
16.7997,32.552100000107195
16.7655,32.56880000010738
16.7404,32.58551000010734
16.6346,32.60220000010729
16.6249,32.618890000107235
16.5306,32.635560000107155
16.6499,32.652220000107306
16.8371,32.66889000010723
16.3066,32.68556000010716
16.8218,32.70222000010731
16.9995,32.71891000010725
16.5106,32.73558000010718
17.3643,32.75228000010736
16.4107,32.76894000010751
16.8875,32.78563000010745
16.8961,32.8023200001074
16.559,32.819000000107565
16.6125,32.835660000107715
16.9325,32.85237000010768
17.0413,32.86906000010762
16.7321,32.885700000107754
17.0702,32.902360000107905
16.3644,32.91899000010779
16.8392,32.93568000010774
16.1364,32.95232000010787
15.3844,32.96902000010805
16.8305,32.98572000010824
16.641,33.00240000010841
16.991,33.01909000010835
16.3715,33.03577000010852
16.8572,33.052490000108726
16.4365,33.069160000108646
18.0103,33.08588000010885
15.5717,33.102540000109
16.7753,33.119220000109166
16.8934,33.13589000010909
16.374,33.152550000109244
16.7073,33.16922000010917
16.6214,33.1858600001093
17.028,33.20255000010924
16.4417,33.219200000109154
16.529,33.235890000109094
16.242,33.252530000109225
17.1179,33.26923000010941
16.2345,33.285900000109336
16.7024,33.30255000010924
17.3377,33.31926000010921
16.3892,33.33595000010915
16.5451,33.35263000010932
17.0216,33.369310000109486
16.4104,33.38598000010941
17.0088,33.4026800001096
16.2123,33.419370000109545
16.7037,33.43602000010945
16.8001,33.45272000010964
16.5317,33.4694000001098
17.084,33.48607000010973
16.0979,33.502760000109674
16.9873,33.519470000109635
16.4264,33.53614000010956
16.895,33.55285000010952
17.133,33.56954000010947
16.8362,33.5862100001094
15.9078,33.60289000010956
16.9761,33.619590000109746
16.2729,33.63628000010969
16.8603,33.65296000010986
16.7985,33.669650000109804
16.6931,33.68630000010971
16.6468,33.70297000010964
17.277,33.71966000010958
16.2874,33.73632000010973
16.5624,33.75300000010989
17.365,33.7697200001101
16.1693,33.78637000011001
16.9075,33.803050000110176
17.4145,33.81974000011012
16.6302,33.83641000011004
16.5878,33.85312000011001
16.4881,33.86979000010993
16.2956,33.88646000010986
16.6694,33.903150000109804
16.413,33.91983000010997
16.5655,33.9364700001101
17.0838,33.95317000011029
16.5217,33.96984000011021
17.0922,33.98652000011038
16.4791,34.00319000011031
16.7138,34.01986000011023
16.5246,34.036550000110175
16.8539,34.05324000011012
16.6803,34.06992000011029
16.043,34.08660000011046
17.041,34.10330000011064
17.5551,34.11999000011058
16.4139,34.13668000011053
16.5846,34.15332000011066
16.8706,34.170000000110825
16.5127,34.18665000011073
17.6617,34.2033600001107
16.4661,34.220030000110626
16.5867,34.23668000011053
16.6261,34.253360000110696
16.6081,34.27002000011085
16.9744,34.286680000111
16.7158,34.30336000011116
15.058,34.320040000111334
16.757,34.33674000011152
16.1775,34.35343000011146
17.1585,34.370100000111385
16.9335,34.38679000011133
16.7362,34.4034700001115
16.5233,34.42017000011168
17.0211,34.43688000011165
16.4127,34.453560000111814
16.5837,34.47023000011174
16.9631,34.486930000111926
16.6351,34.50360000011185
16.9059,34.52030000011204
16.0381,34.53695000011194
16.8749,34.553630000112115
16.3235,34.57034000011208
16.4914,34.587000000112226
17.1619,34.60369000011217
16.4756,34.620380000112114
16.4938,34.637070000112054
16.6306,34.65374000011198
16.6703,34.67040000011213
16.9817,34.687080000112296
17.1071,34.70378000011249
16.9587,34.72045000011241
16.5892,34.73713000011258
16.0086,34.753830000112764
16.5139,34.770470000112894
16.3759,34.787130000113045
17.2502,34.803840000113006
16.3743,34.82052000011318
16.7468,34.83722000011336
16.786,34.853900000113526
16.6082,34.87056000011368
16.5321,34.88721000011358
17.6252,34.90388000011351
16.782,34.920580000113695
16.5602,34.93728000011388
16.5359,34.95396000011405
16.5461,34.97060000011418
17.4347,34.98729000011412
16.5564,35.00395000011427
16.6003,35.020610000114424
16.7346,35.037300000114364
17.2205,35.053980000114535
17.0069,35.070670000114475
16.285,35.08730000011437
16.974,35.10398000011453
16.0716,35.12065000011446
15.3485,35.137340000114406
16.9121,35.15404000011459
16.5409,35.170740000114776
16.4956,35.1874100001147
17.3357,35.20412000011466
16.1565,35.22082000011485
16.4435,35.237470000114754
17.2478,35.25419000011496
16.2142,35.270840000114866
16.8954,35.28752000011504
16.5667,35.304190000114964
16.9071,35.32082000011485
17.0047,35.3375100001148
16.2542,35.35420000011474
17.2692,35.37084000011487
16.3333,35.387530000114815
16.4081,35.40421000011498
16.6397,35.420860000114885
17.0221,35.43755000011483
16.7976,35.454230000115
16.7242,35.470920000114944
16.6276,35.48761000011489
16.7003,35.5042600001148
16.7983,35.52094000011496
16.4966,35.53763000011491
16.6759,35.554280000114815
16.3974,35.570990000114776
16.7625,35.58771000011498
16.7272,35.60440000011493
16.617,35.62109000011487
17.1764,35.637760000114795
16.6845,35.65443000011472
16.8267,35.67110000011465
16.6597,35.68778000011481
16.6385,35.70447000011476
16.5695,35.721150000114925
16.7654,35.73781000011508
16.5583,35.75444000011496
16.7269,35.77110000011511
16.8517,35.7878000001153
16.5381,35.804490000115244
17.1754,35.82117000011541
16.9239,35.83788000011537
16.21,35.854550000115296
17.0622,35.87125000011548
15.6666,35.88796000011545
16.3376,35.904630000115375
16.8656,35.921340000115336
16.4438,35.93803000011528
18.1512,35.95468000011519
17.4116,35.971380000115374
16.1051,35.988070000115314
16.9556,36.00472000011522
16.3562,36.02140000011539
16.9708,36.03806000011554
16.439,36.05471000011545
16.9048,36.071410000115634
16.5802,36.08808000011556
16.3444,36.10475000011549
16.9808,36.12143000011565
16.6831,36.13810000011558
16.7276,36.15479000011552
16.6432,36.17147000011569
16.8142,36.18818000011565
16.5619,36.20485000011558
16.4165,36.221520000115504
16.8525,36.23820000011567
16.3921,36.2548700001156
14.9184,36.27155000011577
17.0601,36.28826000011573
16.5126,36.30493000011565
16.9651,36.32163000011584
16.5968,36.338310000116
16.3894,36.35496000011591
16.719,36.37163000011584
17.1702,36.38831000011601
16.8432,36.40496000011591
17.7719,36.42163000011584
16.7708,36.438310000116005
17.0191,36.454990000116176
16.1013,36.471660000116096
16.8593,36.48833000011602
14.9783,36.50502000011597
16.6569,36.52171000011591
16.6415,36.53840000011586
17.0877,36.55513000011584
16.1149,36.571820000115785
16.5677,36.58850000011595
16.8915,36.60521000011591
16.6171,36.62187000011606
16.6312,36.63854000011599
17.1312,36.65522000011615
16.5325,36.67190000011632
17.4852,36.68857000011625
16.9503,36.70526000011619
16.4051,36.72189000011608
17.1107,36.73859000011627
15.6395,36.75530000011623
16.6645,36.771950000116135
16.5821,36.788610000116286
17.1508,36.80532000011625
16.9321,36.82200000011642
16.3942,36.83868000011658
16.6001,36.85535000011651
16.692,36.87201000011666
16.646,36.8887000001166
16.7871,36.90536000011675
16.6366,36.9220200001169
16.5693,36.938700000117066
16.8736,36.95541000011703
16.5048,36.97206000011694
16.8187,36.98874000011711
16.5032,37.00541000011703
16.9979,37.02212000011699
16.7401,37.03882000011718
16.6059,37.05550000011735
16.6055,37.07219000011729
16.4738,37.088860000117215
16.9192,37.1055600001174
16.4592,37.122210000117306
16.9958,37.13892000011728
15.8188,37.15558000011742
16.4208,37.17226000011759
17.0215,37.18893000011752
16.7322,37.20560000011744
17.0281,37.22227000011736
16.8946,37.23896000011731
17.3003,37.255640000117474
17.0111,37.272320000117645
16.443,37.28900000011781
15.0444,37.30565000011772
16.7106,37.32232000011764
17.3728,37.33904000011785
16.4665,37.355710000117774
17.3633,37.37241000011796
16.3682,37.389110000118144
16.9736,37.40576000011806
15.969,37.42246000011824
16.4385,37.43912000011839
17.0196,37.455850000118375
16.5802,37.47255000011856
16.7858,37.48926000011852
16.8553,37.50590000011865
16.5667,37.52261000011861
16.9427,37.53928000011854
16.1944,37.55595000011847
17.0453,37.572660000118425
16.5112,37.58931000011833
16.5825,37.60601000011852
16.3137,37.62264000011841
17.1674,37.63932000011857
15.7966,37.65597000011848
16.8411,37.67265000011865
16.6795,37.68930000011856
16.7575,37.70596000011871
16.6099,37.72263000011864
17.0286,37.7393100001188
17.0068,37.75603000011901
16.744,37.77270000011893
16.6637,37.789380000119095
16.3397,37.806030000119
16.8355,37.82271000011917
16.9341,37.83941000011936
16.4853,37.85609000011953
16.7689,37.87280000011949
16.6335,37.88951000011945
16.5246,37.90618000011938
16.7377,37.9228500001193
16.675,37.93952000011923
17.231,37.95624000011944
16.5144,37.972930000119376
16.9452,37.98964000011934
16.6048,38.00630000011949
16.5139,38.02298000011966
16.9222,38.03965000011958
16.4439,38.05630000011949
17.1196,38.07299000011943
15.3992,38.08964000011934
17.0865,38.10634000011952
16.6243,38.12299000011943
17.2285,38.1397000001194
16.4649,38.1563500001193
17.4895,38.17307000011951
15.2427,38.18974000011944
16.6655,38.20640000011958
17.287,38.22310000011977
17.466,38.23977000011969
16.7354,38.25645000011986
17.3342,38.27312000011979
16.5151,38.28981000011973
16.3151,38.30646000011964
16.8667,38.32314000011981
16.8912,38.33979000011971
16.238,38.35647000011988
17.0079,38.37315000012005
16.5197,38.3898100001202
15.4731,38.40647000012034
16.2014,38.42316000012029
16.8307,38.439840000120455
16.5571,38.456500000120606
16.695,38.47318000012078
16.6369,38.4898500001207
17.4251,38.50655000012089
16.291,38.52323000012105
16.9874,38.53993000012124
16.6244,38.55663000012142
16.3979,38.57330000012135
16.76,38.58997000012128
16.8766,38.60666000012122
16.4471,38.62334000012139
17.0034,38.64004000012157
16.4082,38.65673000012152
16.4669,38.67337000012165
17.0036,38.69008000012161
16.8284,38.70674000012176
16.0784,38.72340000012191
16.5654,38.74008000012208
16.991,38.75680000012228
16.6814,38.77349000012223
17.0832,38.7901700001224
16.7445,38.8068200001223
16.8486,38.82350000012247
16.8697,38.84021000012243
16.412,38.85686000012234
16.8056,38.87356000012253
16.4123,38.890240000122695
17.2216,38.906950000122656
16.1872,38.92359000012279
17.0141,38.94026000012271
16.482,38.95695000012265
17.2718,38.9736400001226
15.6856,38.99034000012279
16.9737,39.007000000122936
16.2657,39.0237100001229
16.8526,39.04039000012307
16.1641,39.05706000012299
17.5735,39.07374000012316
16.5591,39.09042000012332
16.9678,39.10709000012325
16.737,39.12377000012342
16.5283,39.14045000012359
16.8826,39.15714000012353
16.5794,39.17383000012347
17.2153,39.1905000001234
15.6144,39.20717000012333
17.1527,39.22389000012353
16.4828,39.24055000012368
16.3347,39.25726000012365
16.1653,39.2739200001238
17.2072,39.29062000012398
16.7405,39.307300000124144
16.4799,39.32398000012432
16.4587,39.34065000012424
16.9325,39.3573600001242
16.653,39.37405000012414
16.4164,39.39072000012407
17.4965,39.40741000012402
16.5388,39.42406000012392
17.0338,39.44077000012389
16.6213,39.45744000012381
16.4103,39.47411000012374
16.4871,39.490780000123664
16.3803,39.50745000012358
16.6927,39.52408000012348
17.1298,39.54076000012364
16.3323,39.55743000012357
16.689,39.57409000012372
16.764,39.5907900001239
16.3254,39.60744000012381
16.7843,39.62409000012372
17.1586,39.64078000012366
16.4387,39.65746000012383
16.6682,39.67416000012401
16.45,39.69085000012396
16.4434,39.70749000012409
16.8917,39.72415000012424
16.6168,39.7408300001244
16.7053,39.75749000012456
17.4965,39.77417000012472
16.5943,39.79086000012467
15.8087,39.80753000012459
16.6243,39.82419000012474
17.8011,39.84085000012489
17.1281,39.85755000012507
15.4304,39.87427000012528
16.4385,39.890960000125226
16.63,39.90764000012539
16.9571,39.92434000012558
17.1845,39.94102000012575
16.2865,39.95769000012567
16.8559,39.97437000012584
16.5145,39.99104000012576
17.0315,40.00775000012573
16.4288,40.02440000012564
16.7567,40.04106000012578
16.6426,40.05773000012571
17.4406,40.07444000012567
16.7893,40.09113000012562
16.2096,40.10780000012554
17.0876,40.124510000125504
16.2301,40.14120000012545
16.6804,40.15789000012539
16.7164,40.1745400001253
17.0668,40.19125000012527
16.1838,40.20792000012519
15.713,40.22460000012536
17.701,40.24124000012549
16.9819,40.25791000012541
16.4907,40.27460000012535
16.8824,40.291260000125504
16.8791,40.30795000012545
16.6363,40.32464000012539
16.8909,40.34132000012556
16.3384,40.35799000012549
16.5372,40.37467000012565
16.7479,40.391380000125615
16.9584,40.40807000012556
16.5663,40.42475000012573
16.548,40.44145000012591
16.5162,40.45812000012584
16.8603,40.47480000012601
16.3386,40.49146000012616
16.9851,40.508140000126325
15.2954,40.52480000012648
16.5587,40.54148000012664
17.4857,40.55813000012655
16.7988,40.57481000012672
16.6334,40.591460000126624
16.8649,40.60814000012679
16.5313,40.624830000126735
16.6241,40.64150000012666
16.5268,40.658180000126826
17.7393,40.67490000012703
16.479,40.69159000012698
16.097,40.7082600001269
15.8055,40.72494000012707
17.1289,40.74165000012703
16.6149,40.75837000012724
16.5979,40.77502000012714
16.4025,40.79172000012733
16.6714,40.80839000012725
17.1875,40.82507000012743
16.7602,40.84171000012756
17.2436,40.858400000127496
16.4754,40.87511000012746
16.6496,40.89181000012765
16.3272,40.90845000012778
16.9596,40.925120000127706
16.3966,40.94180000012787
17.4533,40.95848000012804
16.4265,40.975160000128206
16.826,40.99186000012839
16.4786,41.00853000012832
17.0426,41.025220000128265
16.4329,41.04187000012817
16.9178,41.05857000012836
16.4964,41.075260000128296
16.6139,41.09192000012845
16.8643,41.10864000012865
16.5941,41.12529000012856
16.9012,41.142000000128526
16.3471,41.15866000012867
16.6211,41.17535000012862
16.5693,41.19200000012852
15.9902,41.20872000012873
16.4078,41.22538000012888
16.8005,41.24209000012884
16.6236,41.25879000012903
17.4222,41.27546000012895
16.4573,41.29218000012916
17.139,41.30886000012932
16.3382,41.32554000012949
16.4395,41.34224000012968
16.3532,41.358910000129605
16.6394,41.375550000129735
17.0207,41.3922300001299
16.4046,41.40887000013003
17.0427,41.42556000012998
16.5345,41.4422300001299
16.7208,41.458870000130034
16.6176,41.47554000012995
16.4888,41.492220000130125
16.8464,41.50890000013029
16.9788,41.52560000013048
16.5926,41.542280000130646
16.9284,41.55897000013059
17.2132,41.57565000013076
15.4352,41.59229000013089
16.7458,41.60897000013106
16.9117,41.62565000013122
16.7887,41.64233000013139
16.9153,41.65901000013156
16.6565,41.675660000131465
16.6191,41.692320000131616
16.9712,41.7090200001318
16.662,41.72568000013195
17.3969,41.74237000013189
16.8641,41.75905000013206
16.7603,41.77570000013197
16.7698,41.79240000013216
16.5172,41.80907000013208
14.8674,41.82574000013201
16.5563,41.84242000013217
16.8391,41.85911000013212
16.8425,41.87577000013226
16.9072,41.89246000013221
16.7775,41.909140000132375
17.5004,41.92585000013234
16.4261,41.94254000013228
15.488,41.95919000013219
16.6694,41.97585000013234
16.9938,41.9925600001323
16.4734,42.00924000013247
16.6488,42.0259100001324
16.6354,42.04259000013256
17.3434,42.059270000132734
16.4898,42.07596000013268
16.6514,42.09261000013258
16.8027,42.10931000013277
16.8653,42.12599000013294
16.9144,42.14271000013314
16.129,42.15939000013331
17.0511,42.17608000013325
17.0582,42.19280000013346
16.4509,42.209500000133644
16.7998,42.226180000133816
17.1226,42.24286000013398
16.4197,42.25954000013415
16.7724,42.27621000013407
16.7228,42.29290000013402
17.767,42.309550000133925
19.4621,42.32620000013383
13.6379,42.342900000134016
16.4485,42.35954000013415
16.6266,42.37619000013405
16.8876,42.392870000134224
16.5277,42.40953000013437
17.2367,42.42625000013457
16.3471,42.44293000013474
16.5718,42.45961000013491
16.8568,42.4763100001351
14.6213,42.49300000013504
16.6417,42.50966000013519
16.5269,42.52635000013513
17.2866,42.54304000013508
16.1184,42.55970000013523
16.5664,42.57637000013516
16.7812,42.59301000013529
17.2923,42.60970000013523
15.9543,42.626370000135154
17.3374,42.6430600001351
16.1516,42.65974000013527
17.1296,42.67644000013545
16.7753,42.69314000013564
16.4069,42.70982000013581
16.6411,42.72648000013596
16.9878,42.74320000013616
16.3164,42.75988000013633
16.8737,42.776550000136254
16.8073,42.79327000013646
16.4293,42.80991000013659
16.718,42.826590000136754
16.8224,42.843270000136926
16.3765,42.85992000013683
16.4871,42.87659000013676
16.9932,42.89331000013696
16.5524,42.90998000013688
16.8233,42.92669000013685
16.5265,42.94338000013679
16.3949,42.9600300001367
17.0508,42.976740000136665
16.7635,42.99345000013663
16.3866,43.01011000013678
16.5085,43.0267800001367
17.0972,43.04349000013666
16.3792,43.06014000013657
17.0017,43.076820000136735
16.5235,43.093500000136906
17.1335,43.11017000013683
17.761,43.12684000013675
16.6679,43.143490000136666
15.5644,43.16015000013681
16.1584,43.176820000136736
16.769,43.19351000013668
16.7596,43.2101800001366
16.4955,43.22686000013677
17.7646,43.24354000013694
16.4291,43.26020000013709
16.9632,43.276870000137016
17.0896,43.29359000013722
16.6624,43.31029000013741
16.6167,43.32695000013756
16.57,43.3436400001375
17.0508,43.360350000137466
16.2254,43.37701000013761
16.9615,43.3937100001378
17.1038,43.410390000137966
15.4646,43.42709000013815
16.6279,43.4437800001381
16.5324,43.46042000013823
17.2492,43.47708000013838
16.9114,43.49376000013854
16.7517,43.51044000013871
16.262,43.52709000013862
16.7571,43.54377000013879
16.7579,43.56042000013869
16.5197,43.5770700001386
15.7107,43.5937200001385
16.7324,43.61039000013843
16.6773,43.6270700001386
17.4623,43.643750000138766
17.6362,43.66043000013894
16.8851,43.67710000013886
16.6012,43.693770000138784
16.8273,43.71047000013897
16.4816,43.72716000013892
16.5404,43.74384000013908
17.1081,43.760560000139286
16.3551,43.77723000013921
16.542,43.79391000013938
17.0744,43.81061000013957
16.7385,43.82731000013976
16.5444,43.84398000013968
16.6857,43.860680000139865
16.6638,43.87735000013979
16.5111,43.89403000013996
16.7894,43.91071000014013
16.8571,43.92737000014028
16.4296,43.94406000014022
16.6244,43.96074000014039
16.9379,43.97742000014056
16.5817,43.99408000014071
16.5169,44.01078000014089
16.4723,44.02744000014104
16.9072,44.044120000141206
16.3275,44.06080000014138
16.6288,44.07748000014154
16.8829,44.09414000014169
16.51,44.11081000014162
17.2563,44.12752000014158
16.7155,44.14421000014153
16.1789,44.16088000014145
16.7318,44.17755000014137
16.7939,44.194230000141545
16.1031,44.21090000014147
15.1692,44.22758000014164
17.9113,44.24428000014182
16.8184,44.26097000014177
16.3934,44.27765000014193
16.9043,44.29432000014186
16.8947,44.310970000141765
16.5291,44.32769000014197
16.9669,44.34438000014192
15.468,44.36106000014208
16.5264,44.37776000014227
17.0109,44.39445000014221
17.9664,44.41114000014216
16.6356,44.42780000014231
16.8493,44.44450000014249
16.3214,44.46116000014264
16.8328,44.477860000142826
16.7484,44.49451000014273
16.8284,44.51121000014293
16.4979,44.52789000014309
17.0606,44.54457000014325
16.1657,44.561250000143424
17.0644,44.577910000143575
16.0924,44.59459000014374
15.7644,44.61127000014391
16.3548,44.62796000014385
16.8881,44.6446500001438
16.3086,44.661320000143725
16.734,44.677960000143855
16.4859,44.69464000014402
17.0731,44.71132000014418
16.3897,44.72799000014411
17.1656,44.74470000014408
16.8229,44.76138000014424
16.5625,44.7780400001444
17.0206,44.79474000014458
16.5052,44.811390000144485
16.8676,44.828100000144445
16.5131,44.84478000014462
16.8233,44.86146000014478
16.1349,44.87811000014469
16.5428,44.89478000014461
16.983,44.91142000014474
16.2214,44.92810000014492
16.7399,44.94477000014484
16.358,44.96142000014475
16.7971,44.97809000014467
16.8749,44.9947600001446
16.5162,45.01143000014452
16.8252,45.02811000014469
17.1885,45.04480000014463
16.6176,45.06150000014482
17.5043,45.07818000014499
16.45,45.09485000014492
16.9331,45.11157000014512
16.0031,45.12827000014531
16.5717,45.14495000014547
16.7103,45.1616200001454
16.5598,45.17830000014557
17.1634,45.19502000014577
16.5903,45.21174000014597
16.8032,45.2284100001459
16.8728,45.24512000014586
15.6352,45.26183000014583
16.276,45.27847000014596
17.2406,45.295140000145885
16.6558,45.31184000014607
16.6724,45.328510000146
16.6375,45.34520000014594
16.526,45.36184000014607
17.2317,45.3784800001462
16.6852,45.39515000014613
16.5093,45.41180000014603
16.7733,45.42846000014618
16.6603,45.445140000146345
16.5602,45.461800000146496
17.4016,45.47849000014645
16.8571,45.4952000001464
16.2316,45.51188000014657
16.9217,45.52857000014652
16.8009,45.5452700001467
16.7009,45.56198000014666
16.367,45.57866000014683
17.2402,45.5953700001468
16.3663,45.61207000014698
16.4688,45.628760000146926
15.5072,45.64541000014683
17.0665,45.66210000014678
16.6477,45.67880000014696
17.3098,45.69546000014712
17.6086,45.71211000014702
16.6471,45.72878000014694
15.3236,45.74548000014713
16.1008,45.76213000014704
16.961,45.77882000014698
17.2179,45.795510000146926
17.0695,45.81222000014689
16.3136,45.82886000014702
16.7764,45.84552000014717
16.6708,45.86220000014733
16.6334,45.87889000014728
17.4173,45.895560000147206
16.6511,45.91221000014711
16.7849,45.92892000014707
16.3836,45.94557000014698
16.5377,45.96223000014713
17.0742,45.97889000014728
16.3029,45.995570000147445
17.2484,46.01229000014765
16.5841,46.02899000014784
16.3508,46.04566000014776
16.9681,46.06236000014795
16.4551,46.079050000147895
17.2222,46.09574000014784
16.3405,46.1124500001478
15.2577,46.12913000014797
17.4512,46.14581000014814
16.0264,46.1624900001483
16.5684,46.1791200001482
17.0346,46.19582000014838
16.7315,46.21253000014834
16.6057,46.22919000014849
17.3586,46.2459100001487
17.3557,46.26254000014858
16.5201,46.27919000014849
15.4478,46.29590000014845
16.3548,46.312570000148376
16.9513,46.32926000014832
16.4382,46.34595000014826
16.88,46.36262000014819
17.1696,46.37931000014814
16.4503,46.39600000014808
16.9877,46.41266000014823
16.3563,46.4293400001484
17.0031,46.44605000014836
16.8834,46.46272000014829
16.3733,46.47940000014845
17.2747,46.49610000014864
16.0951,46.51280000014883
16.7185,46.52949000014877
16.5176,46.54615000014892
16.51,46.56281000014907
17.0102,46.57946000014898
17.0357,46.59617000014894
16.7008,46.612840000148864
15.7929,46.62950000014901
16.9618,46.646210000148976
16.4356,46.66287000014913
16.4742,46.67952000014903
17.1806,46.69618000014918
16.0374,46.71284000014933
16.9157,46.72953000014928
16.4203,46.74621000014944
16.7209,46.76286000014935
17.0832,46.77956000014953
17.3871,46.796280000149736
17.0511,46.81293000014964
15.3354,46.82960000014957
16.4636,46.84629000014952
17.1877,46.862980000149456
16.2887,46.87966000014963
17.7631,46.89635000014957
16.4012,46.91304000014952
16.6967,46.92973000014946
16.9566,46.94640000014938
16.4813,46.96305000014929
17.1835,46.97973000014946
16.6836,46.9964200001494
16.6605,47.01311000014935
16.6736,47.02976000014925
15.3667,47.046440000149424
16.633,47.06309000014933
16.8133,47.079770000149495
16.7699,47.096480000149455
17.3189,47.11312000014959
16.596,47.12979000014951
17.321,47.1464900001497
16.5551,47.16316000014962
16.988,47.17985000014957
16.4298,47.19654000014951
16.6589,47.21322000014968
16.6273,47.22992000014987
16.6179,47.246590000149794
15.8287,47.263250000149945
16.9652,47.279940000149885
18.7381,47.29665000014985
16.458,47.31334000014979
14.6659,47.33005000014976
16.4997,47.34672000014968
16.9346,47.36338000014983
16.7077,47.38006000015
16.8802,47.39672000015015
16.8811,47.41343000015011
16.6477,47.43011000015028
16.7529,47.44679000015044
16.6535,47.46344000015035
17.3919,47.4801000001505
16.5877,47.49674000015063
17.0694,47.51343000015058
16.5049,47.53014000015054
17.0482,47.54682000015071
15.08,47.56354000015091
16.2176,47.58020000015106
16.8042,47.59686000015121
16.9789,47.61355000015115
16.7157,47.63023000015132
17.3202,47.64690000015125
16.3151,47.66358000015141
17.0811,47.68023000015132
16.9782,47.69691000015149
16.2347,47.71358000015142
15.8731,47.73024000015156
16.5902,47.74691000015149
16.5417,47.76360000015144
16.7067,47.78027000015136
16.8926,47.796950000151526
16.9407,47.81362000015145
16.4411,47.83031000015139
17.0356,47.84702000015136
17.1178,47.86367000015127
17.0876,47.88035000015143
16.6912,47.89702000015136
16.9576,47.91370000015153
16.3265,47.93037000015145
16.6638,47.94705000015162
16.5951,47.96373000015178
16.6926,47.98041000015196
16.9037,47.99708000015188
16.659,48.01373000015179
16.6803,48.03041000015195
17.0433,48.04713000015216
15.1173,48.06383000015234
16.5547,48.08055000015255
16.1649,48.09723000015272
17.5711,48.11394000015268
17.0885,48.13061000015261
15.6778,48.14730000015255
16.3971,48.16398000015272
16.9738,48.180650000152646
18.0243,48.19736000015261
16.98,48.21402000015276
16.2082,48.23067000015266
17.1055,48.24734000015259
16.5884,48.26402000015276
16.7335,48.28069000015268
16.5644,48.297370000152846
16.922,48.31408000015281
16.6979,48.330780000153
16.4982,48.34747000015294
16.387,48.36412000015285
16.4798,48.38079000015277
15.706,48.39747000015294
17.0394,48.41414000015287
16.3989,48.43083000015281
16.9339,48.44749000015296
16.7586,48.464170000153125
16.6427,48.480810000153255
16.9342,48.4975000001532
16.5601,48.51419000015315
16.4871,48.530870000153314
16.0903,48.54754000015324
16.5215,48.56421000015317
16.7093,48.58086000015307
17.0163,48.59755000015301
17.1255,48.61426000015298
15.9443,48.63095000015292
16.6974,48.64763000015309
16.9275,48.66431000015326
16.3009,48.680980000153184
17.3607,48.697690000153145
16.5476,48.71437000015332
16.7918,48.731060000153256
16.6828,48.7477500001532
17.6163,48.76444000015314
16.2687,48.78108000015328
16.985,48.79779000015324
16.4067,48.814470000153406
15.7757,48.83114000015333
16.7861,48.84783000015328
16.2955,48.86448000015319
17.4381,48.88116000015335
16.6638,48.89784000015352
17.2338,48.91455000015348
16.3393,48.931210000153634
16.4465,48.9478900001538
16.988,48.964560000153725
16.5231,48.98124000015389
17.2972,48.99792000015406
16.4505,49.01458000015421
16.8621,49.03129000015417
16.5375,49.0479600001541
16.6371,49.06465000015404
16.6822,49.08131000015419
15.7012,49.09798000015412
16.4997,49.11466000015428
16.4656,49.13130000015441
17.2275,49.14801000015438
16.3115,49.16467000015452
16.6115,49.18136000015447
17.0228,49.198010000154376
17.0573,49.21473000015458
16.4359,49.231410000154746
16.8184,49.24811000015494
16.5381,49.26481000015512
17.7439,49.28153000015533
17.396,49.298250000155534
14.5508,49.31490000015544
17.3466,49.3316100001554
16.3914,49.34828000015533
17.1277,49.36498000015551
16.2898,49.38163000015542
17.0812,49.398320000155366
16.8403,49.414960000155496
16.4236,49.43163000015542
16.7565,49.448290000155566
16.2087,49.46494000015547
16.9542,49.481640000155664
17.1396,49.49830000015581
16.6843,49.51498000015598
16.7488,49.53167000015592
16.6526,49.54837000015611
17.0259,49.56502000015602
17.2828,49.58174000015622
16.3974,49.59842000015639
16.3713,49.61508000015654
17.0109,49.63178000015672
16.4782,49.64845000015665
16.895,49.66512000015658
16.2999,49.68181000015652
17.0037,49.698500000156464
16.552,49.71517000015639
16.8033,49.73188000015635
14.9179,49.74853000015626
16.2393,49.76519000015641
17.4109,49.78190000015637
17.1843,49.798570000156296
16.3568,49.81523000015645
17.0293,49.83193000015663
17.1265,49.84860000015656
16.772,49.8652600001567
16.1945,49.88192000015685
16.021,49.89859000015678
16.8354,49.915290000156965
17.3714,49.93198000015691
15.7946,49.94863000015682
16.9386,49.96532000015676
16.4679,49.98201000015671
16.578,49.99866000015661
17.6518,50.0153600001568
16.3036,50.03205000015674
16.4842,50.04874000015669
17.4392,50.06543000015663
16.7845,50.0821100001568
16.2311,50.09878000015672
17.0758,50.11549000015668
16.4185,50.13216000015661
16.5323,50.148830000156536
17.0548,50.16555000015674
17.0062,50.18222000015667
16.5552,50.198870000156575
16.8961,50.21557000015676
16.5671,50.23223000015691
16.6289,50.24888000015682
16.6782,50.26556000015698
17.0349,50.28224000015715
14.6428,50.29891000015708
16.9989,50.31562000015704
16.816,50.33227000015695
16.5393,50.34894000015687
16.938,50.36565000015683
16.5125,50.38232000015676
16.4352,50.39900000015693
17.1587,50.41571000015689
17.5539,50.4324300001571
16.4488,50.44908000015701
16.4671,50.46575000015693
17.0051,50.482430000157095
16.7899,50.49912000015704
16.2508,50.51581000015698
15.8733,50.53250000015693
16.6815,50.54918000015709
16.4345,50.56585000015702
17.484,50.58250000015693
16.8197,50.59914000015706
16.6458,50.61581000015698
16.7954,50.63251000015717
16.5997,50.649180000157095
16.6299,50.66585000015702
16.9053,50.68253000015719
16.3645,50.69917000015732
16.9401,50.715860000157264
16.7274,50.73256000015745
16.4032,50.7492500001574
16.384,50.76593000015756
16.2409,50.78262000015751
17.0425,50.79931000015745
16.7007,50.81601000015763
16.3086,50.83268000015756
17.4502,50.84937000015751
16.7568,50.86608000015747
16.6139,50.88274000015762
16.5134,50.89940000015777
17.202,50.91608000015793
16.288,50.932760000158105
17.6039,50.94944000015827
16.7023,50.966090000158175
16.9902,50.98273000015831
16.5142,50.99941000015848
17.4686,51.01610000015842
15.8374,51.03274000015855
17.0772,51.04944000015873
16.3157,51.0661200001589
16.7385,51.08279000015883
16.667,51.099470000159
16.8789,51.11616000015894
16.6341,51.13286000015913
16.4976,51.14954000015929
16.6574,51.16621000015922
16.6988,51.18285000015935
16.444,51.19953000015952
15.0803,51.21618000015943
16.9981,51.23290000015963
16.6098,51.24961000015959
16.3339,51.26628000015952
16.9817,51.28297000015946
16.3542,51.29963000015961
16.9251,51.3163300001598
16.7369,51.33302000015974
17.0666,51.3497300001597
16.8063,51.36643000015989
16.8615,51.38310000015981
17.5012,51.39974000015994
17.0821,51.41641000015987
16.5039,51.43312000015983
15.1333,51.44978000015998
16.9676,51.46647000015993
16.8364,51.48313000016008
16.846,51.499810000160245
17.0999,51.516500000160185
16.3231,51.53317000016011
16.6649,51.54986000016006
17.0084,51.56657000016002
16.4321,51.58324000015995
16.6837,51.5999000001601
16.5574,51.61657000016002
16.9635,51.63327000016021
16.4641,51.64996000016015
16.5803,51.66664000016032
16.9835,51.68331000016024
15.9231,51.69998000016017
16.7754,51.716690000160135
16.3933,51.733330000160265
16.5108,51.74999000016041
16.8539,51.76667000016058
17.7634,51.78339000016079
15.2942,51.80004000016069
17.2644,51.81671000016062
16.7129,51.83340000016056
16.7206,51.85006000016071
16.5843,51.86674000016088
17.2065,51.88339000016078
16.468,51.90007000016095
16.862,51.91678000016091
16.9074,51.9334800001611
16.341,51.95013000016101
16.4765,51.966810000161175
17.0403,51.98351000016136
16.7622,52.00020000016131
16.1866,52.016870000161234
16.5646,52.0335500001614
17.0707,52.05026000016136
16.5028,52.06696000016155
16.6652,52.08361000016146
17.0675,52.1003000001614
16.6342,52.11698000016157
16.4693,52.13366000016173
16.7447,52.15031000016164
16.8499,52.16700000016159
16.3828,52.18368000016175
16.5575,52.20036000016192
17.0654,52.217040000162086
16.5912,52.23373000016203
16.4532,52.25042000016197
16.7896,52.26707000016188
16.5681,52.28374000016181
16.9749,52.300450000161774
16.5779,52.317140000161714
16.9052,52.333820000161886
16.1757,52.35050000016205
16.8492,52.367180000162215
16.5639,52.38383000016213
17.6483,52.400480000162034
14.8194,52.41715000016195
16.6007,52.43382000016188
16.6413,52.45050000016205
17.2286,52.46719000016199
16.758,52.48386000016192
17.1601,52.50054000016209
16.159,52.517220000162254
17.0152,52.53392000016244
16.5883,52.55060000016261
16.6696,52.567280000162775
16.8253,52.58399000016274
16.7084,52.6007000001627
16.551,52.61738000016287
16.1723,52.63404000016302
16.4056,52.650730000162966
16.7507,52.66739000016311
16.5226,52.68407000016328
16.8059,52.700750000163445
16.798,52.71743000016362
16.3554,52.73411000016378
16.61,52.75076000016369
16.5879,52.76741000016359
17.1231,52.784110000163786
16.9227,52.80079000016395
16.9453,52.81751000016416
16.322,52.83418000016408
17.0045,52.85087000016402
16.8908,52.86753000016417
16.4865,52.88421000016434
17.2669,52.900900000164285
16.6184,52.917580000164456
17.1966,52.934300000164654
16.269,52.950980000164826
16.9679,52.96766000016499
16.6455,52.98432000016514
16.1842,53.00099000016507
16.9849,53.017680000165015
17.3014,53.034390000164976
16.8352,53.05109000016516
16.7075,53.06779000016535
16.422,53.08448000016529
16.626,53.10112000016542
16.813,53.11780000016559
16.3654,53.13446000016574
16.836,53.1511400001659
15.306,53.167840000166095
16.7844,53.18450000016624
16.501,53.20115000016615
16.6822,53.21780000016606
17.2588,53.2344600001662
16.6383,53.25113000016613
16.7432,53.26782000016608
16.7437,53.28448000016622
16.0974,53.30118000016641
16.057,53.31783000016632
17.6456,53.33452000016626
17.3958,53.35120000016643
17.0994,53.36792000016664
15.0491,53.38464000016684
16.8964,53.40131000016676
16.4711,53.41800000016671
17.4034,53.43467000016663
17.3622,53.45134000016656
16.5365,53.46799000016647
17.3126,53.48471000016667
16.3383,53.5013800001666
16.5943,53.51806000016676
16.8216,53.53473000016669
16.8602,53.551400000166616
16.3756,53.56808000016678
16.9957,53.58477000016673
16.4662,53.60145000016689
16.5814,53.61813000016706
16.9093,53.63485000016727
16.3619,53.651500000167175
16.6891,53.66816000016732
17.1253,53.68486000016751
17.3473,53.70151000016742
14.0456,53.71819000016758
17.0506,53.734890000167766
15.9912,53.75155000016792
16.7687,53.76826000016788
16.3497,53.78494000016805
17.5623,53.80158000016818
16.9591,53.81827000016812
16.4175,53.83495000016829
16.945,53.851630000168456
16.4252,53.86831000016863
17.2903,53.88496000016853
17.1661,53.90165000016847
15.2422,53.91834000016842
16.847,53.93501000016835
16.7202,53.95172000016831
17.9373,53.96843000016827
16.5301,53.98513000016846
15.5603,54.0018200001684
16.3095,54.01848000016855
16.8876,54.03518000016874
16.8034,54.05188000016892
16.8703,54.06856000016909
17.068,54.085270000169054
16.4667,54.101960000169
16.9288,54.118640000169165
16.4843,54.13529000016907
16.2764,54.151960000169
16.279,54.168630000168925
16.6682,54.18532000016887
16.775,54.20197000016877
16.9566,54.21867000016896
16.7589,54.2353600001689
16.534,54.25200000016903
16.7393,54.26865000016894
16.65,54.285300000168846
16.9016,54.30200000016904
16.7316,54.318650000168944
16.1003,54.33533000016911
17.0362,54.35203000016929
16.5573,54.368730000169485
17.5285,54.38541000016965
16.2969,54.40205000016978
16.9597,54.41876000016974
16.4467,54.43544000016991
16.6201,54.45212000017008
16.6215,54.46882000017026
16.0726,54.48549000017019
16.9038,54.50219000017037
16.8186,54.518870000170544
16.9849,54.53554000017047
16.9764,54.55220000017062
16.4583,54.56888000017079
16.8393,54.58555000017071
16.6716,54.60224000017065
16.6311,54.61892000017082
15.7638,54.63556000017096
16.6468,54.65224000017112
16.7379,54.66890000017127
17.3693,54.68556000017142
17.6315,54.70227000017138
16.5762,54.71895000017155
16.5558,54.73563000017172
16.5756,54.75228000017162
16.5681,54.768940000171774
16.9633,54.78566000017198
16.7874,54.80237000017194
16.2083,54.81906000017189
17.0529,54.83577000017185
16.6439,54.85247000017203
15.5837,54.86916000017198
16.3714,54.88582000017213
17.1357,54.90251000017207
17.1537,54.91922000017203
16.5629,54.93592000017222
16.4955,54.95256000017235
17.1085,54.969230000172274
16.7119,54.98594000017224
16.1751,55.00258000017237
17.0135,55.01925000017229
16.6818,55.03587000017241
15.6145,55.05255000017257
17.202,55.06924000017252
16.5676,55.08591000017245
16.8876,55.10261000017263
16.4096,55.11930000017257
16.7962,55.13598000017274
16.3556,55.15263000017265
17.1245,55.169350000172855
16.6039,55.18602000017278
16.9394,55.20272000017297
16.6306,55.21939000017289
17.7786,55.23607000017306
16.6634,55.25273000017321
16.9303,55.26939000017336
16.5133,55.2860800001733
16.7035,55.30276000017347
16.4483,55.31944000017364
17.0192,55.336100000173786
16.367,55.35276000017394
14.9528,55.36943000017386
17.1812,55.38612000017381
16.8595,55.40278000017396
17.4063,55.41949000017392
16.108,55.43615000017407
16.1055,55.45281000017421
17.0629,55.46947000017436
17.4606,55.48617000017455
16.6047,55.5028300001747
16.7917,55.51954000017466
16.9773,55.53622000017483
16.9936,55.55292000017501
16.5063,55.56961000017496
16.4263,55.58626000017487
16.9632,55.60295000017481
16.7026,55.61963000017498
16.5768,55.63631000017514
16.5651,55.65299000017532
15.1834,55.669680000175255
16.5903,55.68633000017516
16.6807,55.70301000017533
17.1381,55.7196900001755
16.6009,55.73638000017544
16.2774,55.75306000017561
16.6721,55.769730000175535
16.8323,55.78643000017572
16.53,55.80311000017589
17.0835,55.81981000017608
16.5023,55.83650000017602
16.7759,55.853210000175984
16.5051,55.86991000017617
17.2898,55.88656000017608
18.3003,55.903230000176
16.9412,55.91993000017619
15.7692,55.936600000176114
15.2885,55.95329000017605
16.4613,55.969990000176246
17.655,55.98662000017613
16.5607,56.00328000017628
16.4134,56.01993000017619
15.6044,56.03659000017634
16.9496,56.0533000001763
17.0558,56.06997000017623
17.3058,56.08663000017637
15.8039,56.10336000017635
16.3559,56.1200200001765
16.5898,56.13668000017665
16.9018,56.15339000017661
17.7749,56.17010000017658
17.2301,56.186780000176746
16.6657,56.20345000017667
16.7938,56.22011000017682
16.6024,56.23678000017674
17.1786,56.253480000176936
15.7794,56.270120000177066
15.4386,56.286810000177006
16.5832,56.30349000017718
16.5799,56.32014000017708
17.2178,56.33682000017725
16.7232,56.353490000177175
16.8059,56.37021000017738
17.0793,56.38689000017754
16.7386,56.40357000017772
16.1951,56.42023000017787
17.272,56.43695000017807
16.4965,56.45363000017824
16.5584,56.47030000017816
17.3608,56.48701000017813
16.4496,56.50366000017803
16.7644,56.520360000178215
16.5117,56.537000000178345
16.8348,56.55370000017854
16.5825,56.57039000017848
16.7899,56.58707000017865
16.5125,56.60371000017878
16.3951,56.620360000178685
15.7163,56.63704000017885
16.4854,56.65369000017876
16.9141,56.67036000017868
18.2296,56.68706000017887
16.6762,56.70377000017884
16.2858,56.72042000017874
16.8758,56.73711000017868
16.457,56.75379000017885
16.8866,56.77047000017902
16.5348,56.78715000017919
15.8185,56.80383000017935
16.2586,56.82051000017952
17.9169,56.837200000179465
14.962,56.8538400001796
17.386,56.87050000017975
16.3258,56.88718000017991
17.4732,56.90387000017986
16.0104,56.92055000018002
16.6255,56.93722000017995
16.7573,56.95390000018012
16.7715,56.97058000018029
16.7972,56.987290000180245
16.8233,57.00399000018044
16.2853,57.02068000018038
17.5204,57.03739000018034
17.4249,57.05407000018051
17.1661,57.070750000180674
16.7422,57.087430000180845
16.585,57.10411000018101
16.7455,57.12082000018098
16.6542,57.13753000018094
16.4297,57.15418000018085
16.9481,57.17085000018077
16.9056,57.18754000018071
16.0059,57.204190000180624
15.0946,57.22089000018081
16.9291,57.237560000180736
16.1912,57.254230000180655
16.7536,57.27091000018083
16.6691,57.28756000018073
16.7859,57.30422000018088
16.9822,57.32089000018081
17.0687,57.337590000181
16.837,57.35426000018092
16.9594,57.37097000018088
16.6249,57.38767000018107
16.7079,57.40433000018122
16.7195,57.42101000018138
19.6657,57.43770000018133
13.6946,57.45439000018127
16.6729,57.47105000018142
15.5844,57.48774000018137
16.5556,57.50439000018128
17.0061,57.52109000018146
16.5351,57.53775000018161
16.8544,57.55440000018152
16.6195,57.57107000018144
16.9836,57.58779000018165
16.4937,57.60447000018181
16.8486,57.62114000018174
16.8748,57.63783000018168
17.1393,57.65454000018165
16.212,57.67122000018181
17.2334,57.68791000018176
15.4489,57.7045700001819
16.6649,57.72126000018185
16.6618,57.7379500001818
17.0946,57.75462000018172
16.7702,57.77132000018191
16.2219,57.78800000018207
16.7697,57.804680000182245
16.6553,57.821320000182375
16.9374,57.838030000182336
17.2008,57.85470000018226
16.5403,57.87140000018245
16.8788,57.88809000018239
16.541,57.904780000182335
16.5843,57.921440000182486
16.7313,57.93809000018239
16.4695,57.95477000018256
16.9762,57.97147000018274
16.3962,57.98815000018291
16.859,58.00480000018282
16.6473,58.021450000182725
16.603,58.03811000018288
16.627,58.054750000183006
16.5747,58.07141000018316
16.6423,58.08812000018312
16.338,58.10480000018328
16.594,58.12147000018321
17.047,58.13815000018338
16.6144,58.15483000018354
16.7459,58.17150000018347
16.7696,58.18818000018364
16.8584,58.2048900001836
16.5655,58.22158000018354
16.6211,58.23827000018349
16.7139,58.25491000018362
16.6734,58.27160000018356
16.6021,58.28829000018351
17.0725,58.30496000018344
16.2336,58.3216400001836
16.3487,58.33832000018377
17.5512,58.35502000018396
16.6303,58.37167000018386
17.0609,58.38838000018382
16.7982,58.405060000184
16.1864,58.42174000018416
16.8981,58.43842000018433
16.443,58.455090000184256
17.9336,58.47179000018444
16.7041,58.48848000018438
17.289,58.50520000018459
15.9166,58.521870000184514
14.8608,58.53855000018468
16.969,58.55519000018481
16.9237,58.571890000185
16.4977,58.58858000018494
16.8473,58.60527000018489
16.9668,58.62196000018483
16.6287,58.63860000018496
16.6692,58.655270000184885
16.7347,58.671910000185015
16.6688,58.68859000018519
16.6945,58.70526000018511
16.9751,58.72198000018531
16.5521,58.73865000018524
16.4633,58.755320000185165
16.4447,58.77197000018507
16.2502,58.78865000018524
16.7766,58.80534000018518
16.9326,58.82204000018537
16.5196,58.838710000185294
16.8768,58.85540000018524
16.4922,58.87209000018518
17.0198,58.88873000018531
16.6185,58.90539000018546
17.5835,58.922100000185424
15.0098,58.93879000018537
18.5485,58.955470000185535
15.0718,58.97214000018546
16.7173,58.98880000018561
16.7909,59.00549000018556
16.9752,59.0221500001857
16.481,59.03882000018563
15.9012,59.0555000001858
16.8071,59.072180000185966
21.6742,59.08883000018587
11.9315,59.1055000001858
16.8217,59.122170000185726
16.3928,59.13885000018589
16.6143,59.15553000018606
16.5801,59.17221000018623
23.2692,59.1888900001864
12.4317,59.20558000018634
14.6188,59.22226000018651
16.7932,59.23895000018645
16.6291,59.25563000018662
17.0205,59.272350000186826
16.4681,59.289040000186766
16.8407,59.30575000018673
17.1394,59.322460000186695
16.3678,59.33915000018664
17.1249,59.355830000186806
16.5202,59.37250000018673
17.7872,59.38919000018667
16.7822,59.4058600001866
16.6425,59.422530000186526
17.1217,59.43920000018645
16.2368,59.45588000018662
16.8383,59.472550000186544
16.8203,59.48922000018647
16.4091,59.5058900001864
16.7284,59.52257000018656
16.5703,59.53926000018651
16.7062,59.55593000018643
16.5904,59.5726100001866
15.0312,59.58930000018655
16.6331,59.60595000018645
17.0522,59.622660000186414
16.3563,59.639320000186565
17.2516,59.65600000018673
16.6515,59.672700000186914
16.4022,59.689380000187086
16.8346,59.70608000018727
16.9331,59.72279000018723
16.3376,59.7394700001874
17.1816,59.75614000018733
17.9808,59.77283000018727
14.3523,59.7894700001874
16.7479,59.80616000018735
16.7188,59.82282000018749
17.0491,59.83948000018764
16.8857,59.8561900001876
16.6158,59.872870000187774
16.4509,59.889510000187904
17.331,59.90621000018809
16.1593,59.92290000018804
16.9138,59.939610000188
16.8178,59.95630000018794
16.2325,59.97296000018809
17.0569,59.98966000018827
17.6149,60.00635000018822
16.3415,60.02299000018835
17.0565,60.03967000018852
16.594,60.05639000018872
16.8575,60.07308000018867
16.2753,60.08976000018883
16.5976,60.10640000018896
16.8078,60.12307000018889
16.6605,60.13976000018884
16.9333,60.15645000018878
16.1699,60.1731200001887
15.6614,60.18984000018891
16.4943,60.20651000018884
16.4891,60.22316000018874
16.9611,60.23983000018867
16.2177,60.25651000018883
17.2682,60.27321000018903
16.8806,60.28989000018919
16.6873,60.306610000189394
16.8348,60.32329000018956
16.5911,60.33997000018973
17.0347,60.35665000018989
16.2028,60.373310000190045
16.8886,60.39001000019023
16.7055,60.40668000019016
16.4295,60.42336000019033
16.6306,60.44002000019047
18.2999,60.45674000019068
16.2512,60.47340000019083
16.6964,60.49004000019096
16.6494,60.50672000019112
15.5943,60.52341000019107
16.0666,60.54010000019102
17.0433,60.55677000019094
16.9673,60.573440000190864
17.4932,60.59014000019105
16.5215,60.60682000019122
15.6662,60.62349000019115
16.5686,60.64015000019129
16.765,60.65683000019146
16.3475,60.67350000019139
16.7432,60.69013000019128
17.5411,60.7068000001912
16.9527,60.723500000191386
16.3767,60.74018000019156
17.275,60.7568400001917
16.4536,60.77352000019187
15.9078,60.79020000019204
16.5635,60.80688000019221
16.8256,60.82357000019215
16.9865,60.84025000019232
16.3072,60.85692000019225
17.1813,60.87363000019221
16.7292,60.89030000019213
16.4871,60.90699000019208
16.5032,60.923660000192
16.8474,60.94037000019196
16.8918,60.95704000019189
16.6019,60.97374000019207
17.3261,60.99045000019204
16.2038,61.007130000192205
16.4957,61.02385000019241
16.6606,61.04051000019256
16.5345,61.05717000019271
16.6973,61.07383000019286
16.7544,61.0905200001928
16.7617,61.10718000019296
16.8168,61.12386000019312
16.5513,61.140550000193066
16.4335,61.1571900001932
16.9128,61.17390000019316
16.3912,61.19055000019306
16.9663,61.20725000019325
16.523,61.22393000019342
17.3627,61.24064000019338
16.3084,61.25731000019331
16.9545,61.27401000019349
16.963,61.290690000193656
16.8448,61.30733000019379
17.0149,61.32404000019376
16.697,61.340730000193695
16.2272,61.357410000193866
17.0224,61.37408000019379
16.1503,61.39075000019371
17.5081,61.40743000019389
16.131,61.42411000019405
16.6736,61.440760000193954
16.4216,61.457420000194105
15.0463,61.47410000019428
16.7172,61.49075000019418
16.9109,61.50739000019431
17.0005,61.524100000194274
16.0961,61.540760000194425
17.2678,61.55744000019459
17.6114,61.57411000019452
16.564,61.59079000019469
16.8367,61.60749000019487
16.6574,61.62417000019504
16.83,61.640880000195
16.3861,61.657570000194944
16.776,61.67425000019511
17.1889,61.69089000019524
16.9346,61.70759000019543
16.1402,61.7242700001956
14.9365,61.74093000019575
16.8891,61.75761000019591
16.5959,61.77427000019606
17.5127,61.79094000019599
16.6038,61.80759000019589
17.0536,61.82428000019584
16.332,61.84097000019578
16.6799,61.85766000019573
16.6913,61.87431000019564
16.7959,61.891000000195575
16.9771,61.90772000019578
16.5683,61.924420000195965
15.737,61.94110000019614
16.8801,61.9578100001961
16.4004,61.97449000019627
16.7667,61.99115000019641
17.1338,62.00782000019634
16.817,62.02453000019631
16.2301,62.04123000019649
17.1899,62.05793000019668
16.3475,62.07457000019681
17.0637,62.09125000019697
17.3665,62.10795000019717
16.6306,62.12461000019731
16.8767,62.14133000019751
16.3104,62.158010000197685
17.0395,62.17473000019789
16.4384,62.191390000198034
15.2738,62.208050000198185
16.9927,62.22473000019836
16.9658,62.24143000019854
17.4808,62.25809000019869
15.2945,62.2747400001986
17.4282,62.29144000019878
17.3162,62.30810000019893
16.5915,62.32479000019888
16.5034,62.34142000019876
16.9778,62.35811000019871
16.4263,62.37479000019887
16.9528,62.39147000019904
16.6301,62.40814000019897
16.4841,62.424820000199134
16.9319,62.4415300001991
16.2726,62.45818000019901
17.2014,62.47486000019917
16.5213,62.49154000019934
16.7366,62.50826000019954
16.4345,62.524910000199455
15.8957,62.5416000001994
16.58,62.5582500001993
17.1863,62.574950000199486
16.5848,62.59162000019941
17.0137,62.608300000199584
16.9142,62.62499000019952
16.4598,62.64164000019943
17.0015,62.65831000019936
16.5212,62.67495000019949
16.0626,62.69163000019966
16.6434,62.70830000019959
16.031,62.72498000019975
16.8038,62.741630000199656
17.4146,62.75836000019964
16.6183,62.77505000019959
16.4114,62.79172000019951
16.5576,62.80841000019945
16.7816,62.8251000001994
17.0283,62.84179000019934
16.8386,62.858480000199286
17.1562,62.87516000019945
15.7114,62.891880000199656
16.865,62.9085700001996
16.6126,62.92520000019949
16.8817,62.94186000019964
17.1354,62.958580000199845
16.3272,62.97526000020001
16.9209,62.99195000019996
