Interval,Timer
6.2792,5.0156600000136535
12.099,5.0340300000137645
15.8576,5.052330000013579
17.118,5.070720000013709
16.5917,5.089040000013542
16.7209,5.107380000013392
16.7296,5.125730000013485
16.9439,5.144080000013579
17.1458,5.162420000013429
16.9257,5.179130000013393
16.8155,5.195830000013578
16.8025,5.212490000013728
16.9622,5.229170000013895
17.0503,5.245840000013821
16.2194,5.262520000013988
16.8533,5.279200000014156
16.3808,5.295870000014082
17.1713,5.312570000014268
16.417,5.329250000014436
16.6193,5.345910000014585
15.7333,5.362590000014752
16.034,5.3792600000146775
16.9029,5.395980000014882
16.4054,5.412640000015031
17.5274,5.429360000015237
16.0017,5.446030000015162
17.0527,5.462720000015106
17.2301,5.479400000015274
17.1085,5.496080000015441
16.6867,5.512760000015609
16.6352,5.529410000015516
17.094,5.546090000015684
16.5702,5.562750000015832
16.6388,5.579430000016
16.5153,5.596060000015888
16.6614,5.612740000016056
16.8662,5.629440000016242
16.2854,5.646090000016149
15.3505,5.662800000016112
16.9379,5.679490000016056
16.2091,5.6961800000160006
16.6061,5.712860000016168
17.438,5.729530000016093
16.2461,5.746230000016279
16.3264,5.762930000016466
16.9596,5.779640000016428
16.6877,5.796320000016596
17.529,5.813030000016559
16.4255,5.829680000016466
16.7489,5.846360000016634
16.62,5.8630400000168015
16.9983,5.879760000017006
16.4661,5.896420000017155
16.7711,5.913070000017062
16.9877,5.929770000017248
16.5913,5.946450000017416
15.6717,5.963100000017323
16.9717,5.97978000001749
17.0337,5.996500000017695
16.8424,6.013200000017881
16.9266,6.029900000018068
16.0362,6.046550000017975
17.0656,6.063250000018161
16.5351,6.0799300000183285
16.7248,6.096580000018236
16.6395,6.113230000018143
16.9753,6.129940000018105
16.9994,6.146600000018254
16.8181,6.163260000018403
16.528,6.179900000018534
17.1279,6.1965700000184585
15.1903,6.213240000018384
16.7539,6.229930000018329
16.8431,6.246640000018291
16.1457,6.263320000018459
16.9737,6.280000000018626
16.6551,6.296680000018794
16.4153,6.31335000001872
16.849,6.330030000018887
16.8204,6.346730000019074
16.3201,6.363390000019223
16.971,6.3800900000194085
17.1369,6.396780000019353
16.0656,6.41343000001926
17.6945,6.430150000019465
15.475,6.446840000019408
17.027,6.4635000000195575
16.8228,6.480180000019725
16.9722,6.496860000019893
18.4142,6.513570000019856
14.9709,6.530250000020024
15.9504,6.546910000020173
17.0184,6.563580000020098
16.2406,6.580250000020024
17.5116,6.596910000020173
16.9781,6.613610000020358
18.0471,6.630280000020284
16.2596,6.646960000020452
16.714,6.663610000020359
16.6644,6.680250000020489
16.7667,6.696940000020433
16.6772,6.713620000020601
16.759,6.73028000002075
16.7085,6.746960000020917
14.4211,6.763610000020824
16.8005,6.780260000020731
16.5896,6.796940000020899
16.712,6.813610000020824
16.9183,6.830320000020787
16.9373,6.847000000020954
17.1238,6.863700000021141
15.9741,6.880380000021309
16.728,6.897060000021476
17.5959,6.913760000021663
16.6127,6.930440000021831
16.5744,6.9471200000219975
16.6337,6.963800000022165
16.059,6.980480000022333
17.0675,6.997160000022501
16.3455,7.013830000022426
17.2155,7.030510000022594
16.3718,7.04718000002252
16.82,7.063850000022445
16.9245,7.080560000022408
16.5249,7.097250000022352
16.4078,7.11393000002252
17.09,7.130610000022687
16.6394,7.147330000022892
16.6476,7.164000000022817
16.321,7.180680000022985
16.9171,7.197340000023134
17.0235,7.214030000023079
16.8453,7.230750000023283
17.2645,7.247390000023413
16.1458,7.264070000023581
16.7498,7.280770000023767
16.5187,7.297460000023712
17.1149,7.314130000023637
15.1382,7.330790000023786
16.947,7.347510000023991
16.8189,7.364200000023935
16.082,7.380880000024103
17.0023,7.397550000024028
17.9115,7.414260000023991
15.6836,7.430950000023935
16.2819,7.447610000024084
16.5286,7.464270000024233
17.0345,7.480960000024177
17.2093,7.497640000024345
17.4079,7.51431000002427
16.2667,7.531000000024214
16.2941,7.547680000024382
17.0305,7.564370000024327
16.9556,7.581010000024457
16.8288,7.597670000024605
15.3977,7.614370000024792
16.5929,7.631060000024735
17.3227,7.647740000024903
16.1305,7.664420000025071
17.9252,7.681100000025239
16.844,7.6977400000253695
16.9451,7.714440000025555
15.4453,7.731090000025462
15.8237,7.74777000002563
17.3051,7.764490000025835
16.3176,7.781170000026003
16.5032,7.797840000025928
17.0591,7.814520000026095
17.4855,7.831220000026282
16.3583,7.8478600000264125
16.5809,7.864550000026356
16.5538,7.881200000026263
18.3676,7.897890000026208
16.357,7.914590000026394
14.7246,7.931260000026319
16.9902,7.947940000026486
16.8915,7.964620000026654
17.0159,7.98129000002658
16.3432,7.997970000026748
17.1795,8.014650000026915
16.9465,8.031340000026859
16.3103,8.048050000026823
15.5651,8.06471000002697
16.785,8.08137000002712
17.718,8.098050000027287
16.4936,8.114700000027195
17.2296,8.131420000027399
16.516,8.148110000027344
17.4187,8.16481000002753
16.3102,8.181530000027735
14.8962,8.19820000002766
17.3553,8.214890000027605
16.3298,8.23159000002779
16.3763,8.248270000027958
16.7748,8.264920000027866
17.1374,8.28164000002807
16.3655,8.298310000027996
16.5226,8.314960000027902
17.103,8.331630000027827
16.383,8.348280000027735
16.5274,8.364960000027903
16.7488,8.381600000028033
16.8439,8.398280000028201
16.4818,8.414960000028367
17.1625,8.431630000028294
16.279,8.4482800000282
16.646,8.46494000002835
17.1176,8.481630000028293
17.3992,8.49830000002822
16.4742,8.514970000028145
16.7194,8.531660000028088
16.5593,8.548340000028256
16.6841,8.565010000028181
16.7476,8.581680000028108
16.0626,8.598370000028051
16.9913,8.61505000002822
16.4732,8.631720000028144
17.3886,8.648420000028331
16.9478,8.665070000028237
16.0423,8.681760000028182
17.0734,8.698450000028126
16.5504,8.71514000002807
16.3904,8.731810000027995
16.5761,8.74850000002794
16.7895,8.765180000028108
16.6876,8.781870000028052
15.7313,8.798570000028239
16.4185,8.815220000028145
16.8865,8.831910000028088
16.4219,8.848580000028015
17.4468,8.865270000027959
16.3067,8.881970000028145
16.6339,8.898650000028312
18.1356,8.915370000028517
16.338,8.93206000002846
16.4012,8.948730000028387
15.8017,8.965390000028536
17.6703,8.982060000028461
17.6568,8.998750000028405
16.7712,9.015440000028349
16.437,9.032090000028257
16.6512,9.048750000028406
16.6136,9.065430000028574
16.788,9.08208000002848
16.2818,9.098740000028627
16.202,9.115420000028797
16.9328,9.13213000002876
16.558,9.148840000028722
16.3853,9.16550000002887
16.9301,9.182200000029058
16.4172,9.198870000028982
16.895,9.215530000029132
16.535,9.232220000029075
17.0424,9.24891000002902
16.1835,9.265600000028964
17.062,9.282300000029151
16.7352,9.298970000029076
16.6473,9.315650000029244
16.5861,9.332340000029188
16.4492,9.349000000029337
16.707,9.365680000029505
16.4056,9.382370000029448
17.069,9.399040000029371
15.7044,9.41573000002932
16.901,9.432410000029485
16.7447,9.449060000029393
16.4873,9.465720000029542
16.7369,9.482370000029448
16.9082,9.499060000029392
16.6279,9.51574000002956
16.4962,9.532410000029486
17.2112,9.549110000029671
17.0338,9.565780000029598
16.3355,9.582450000029525
16.5831,9.599140000029466
16.5965,9.615820000029634
17.1464,9.632530000029597
16.4513,9.649220000029542
16.6844,9.665920000029727
16.6807,9.682630000029691
16.3374,9.699320000029635
17.0402,9.716020000029822
16.5468,9.732700000029988
16.1255,9.749350000029896
17.4752,9.766030000030064
16.4435,9.782710000030232
16.9389,9.799380000030157
16.1503,9.81605000003008
16.958,9.832690000030212
15.7704,9.849330000030342
16.6718,9.86601000003051
17.0124,9.88265000003064
16.4184,9.899330000030808
17.4741,9.916010000030976
16.4404,9.93270000003092
16.7819,9.949380000031088
16.0829,9.966030000030994
17.3112,9.982710000031162
16.7619,9.99939000003133
16.6614,10.016080000031272
17.3001,10.032790000031236
16.4442,10.0495000000312
16.4834,10.066200000031383
16.4774,10.082880000031553
16.579,10.099540000031702
17.0042,10.116250000031664
16.4852,10.13294000003161
17.1467,10.149640000031797
16.4662,10.16633000003174
16.756,10.183000000031663
16.9981,10.199640000031795
16.5462,10.216290000031702
16.5312,10.23295000003185
17.113,10.249650000032036
16.3034,10.266310000032188
16.9351,10.282990000032354
16.4848,10.29966000003228
16.063,10.316350000032225
16.5736,10.333040000032168
16.944,10.349760000032372
16.5791,10.366480000032578
16.4225,10.383150000032504
16.8935,10.399840000032448
17.4487,10.416530000032392
16.8755,10.433230000032578
16.9491,10.449880000032485
16.7798,10.466570000032428
16.4804,10.483220000032336
16.5096,10.499880000032483
15.9251,10.51655000003241
16.3387,10.533200000032316
16.927,10.549890000032262
16.9483,10.566590000032448
16.6278,10.583250000032596
17.0133,10.599910000032745
16.6501,10.616580000032672
16.6311,10.633250000032596
16.782,10.649930000032764
16.5777,10.666610000032932
16.5994,10.683260000032838
16.9513,10.6999700000328
16.3907,10.716640000032728
16.9197,10.733290000032634
16.4596,10.749970000032802
16.6099,10.76665000003297
16.8832,10.783340000032911
16.5079,10.800030000032857
16.9433,10.816710000033025
16.4491,10.833400000032968
16.4314,10.850080000033136
16.2046,10.866720000033268
16.6814,10.883440000033472
16.5672,10.900160000033676
16.4679,10.916830000033602
16.6339,10.933520000033546
16.9566,10.950200000033714
17.984,10.966890000033658
16.5536,10.983570000033826
16.6451,11.00024000003375
16.9721,11.016940000033935
16.4419,11.03363000003388
16.6761,11.050270000034011
16.7095,11.06693000003416
16.3405,11.083610000034328
16.9666,11.10032000003429
15.6205,11.117040000034496
16.238,11.133720000034664
16.6044,11.150400000034832
16.7056,11.167070000034755
16.7319,11.183730000034906
16.6435,11.200410000035074
16.6677,11.217090000035242
16.7296,11.233750000035393
16.8691,11.250460000035352
16.6918,11.26714000003552
16.4227,11.283780000035652
16.6592,11.3004400000358
17.0252,11.317130000035744
16.7337,11.333860000035726
16.6839,11.350540000035894
17.2844,11.367260000036095
16.6043,11.383960000036284
16.4633,11.400640000036452
17.2291,11.417330000036396
16.4727,11.434000000036322
15.8186,11.450690000036266
17.1282,11.467410000036471
16.6504,11.484080000036396
16.7249,11.500720000036528
16.6305,11.517420000036712
17.3184,11.53410000003688
16.3267,11.550760000037029
16.775,11.567460000037215
17.0632,11.584100000037346
16.5176,11.600760000037496
15.5889,11.61743000003742
16.5647,11.634070000037552
17.1371,11.6507300000377
16.8588,11.667430000037886
16.3628,11.684080000037794
17.542,11.700740000037944
16.3693,11.717430000037886
16.7767,11.734090000038035
16.5496,11.750770000038203
16.5645,11.767440000038128
16.8923,11.784120000038296
15.7812,11.80081000003824
17.0775,11.817530000038444
16.5302,11.834230000038632
16.7857,11.850940000038594
16.2535,11.8675900000385
16.9895,11.884280000038444
16.9948,11.900980000038633
16.1286,11.917650000038556
17.456,11.93436000003852
16.4203,11.951050000038464
15.7914,11.967720000038389
16.6471,11.984370000038297
17.3743,12.001010000038429
16.2599,12.017660000038331
16.5975,12.0343400000385
16.7955,12.05100000003865
16.9651,12.067690000038594
16.5427,12.0844100000388
16.5837,12.101060000038704
17.0719,12.117750000038647
16.4153,12.134430000038815
16.6637,12.151110000038983
16.3709,12.167790000039153
16.4235,12.18447000003932
16.7564,12.201150000039489
17.0449,12.217830000039656
16.4377,12.234480000039564
16.6907,12.251130000039469
16.8086,12.267820000039414
16.8913,12.28449000003934
16.8079,12.301190000039526
16.8468,12.31791000003973
16.6251,12.334600000039677
17.1449,12.351280000039845
16.7778,12.368000000040048
16.2719,12.384680000040214
16.5653,12.40135000004014
16.9465,12.418040000040085
16.5651,12.434720000040253
16.6807,12.4513800000404
16.9762,12.468070000040344
16.3648,12.484700000040233
16.7413,12.501360000040382
15.7745,12.518050000040326
16.9265,12.534720000040252
17.1657,12.55140000004042
16.6226,12.568090000040364
16.9292,12.584780000040308
16.54,12.601450000040233
16.6689,12.6181300000404
16.6077,12.634780000040308
17.124,12.65149000004027
16.5281,12.668190000040456
15.4956,12.684860000040382
16.8247,12.701510000040289
20.4808,12.718190000040456
17.0005,12.73486000004038
12.6887,12.75151000004029
16.6205,12.768210000040476
16.4108,12.7848800000404
16.7243,12.801550000040326
17.0619,12.818240000040271
16.3819,12.83490000004042
17.1803,12.851610000040385
16.8465,12.868300000040326
16.1594,12.884970000040251
16.7659,12.90165000004042
16.8208,12.918330000040587
16.9528,12.935030000040774
16.6028,12.951710000040942
16.8725,12.968430000041144
16.7085,12.985090000041296
15.9215,13.001780000041238
17.1792,13.018470000041184
16.3822,13.035160000041127
16.5067,13.051840000041295
16.832,13.06853000004124
16.5096,13.085220000041184
16.796,13.10189000004111
17.0306,13.118590000041294
16.527,13.135240000041202
17.0455,13.151910000041129
16.5826,13.168580000041052
16.8041,13.18523000004096
16.7192,13.201880000040866
17.5781,13.218600000041071
16.8168,13.235310000041034
15.98,13.25198000004096
17.039,13.268660000041129
15.1399,13.285330000041052
17.1985,13.302040000041016
17.0258,13.318750000040978
17.2186,13.335430000041146
17.1572,13.352130000041331
16.5014,13.368820000041277
16.9466,13.385490000041202
17.4898,13.40215000004135
15.8997,13.41883000004152
16.3637,13.435480000041425
16.4085,13.452150000041351
15.6052,13.468830000041518
17.1651,13.485510000041684
16.6282,13.502220000041648
16.7981,13.518870000041556
16.1542,13.535550000041724
17.151,13.552240000041667
16.5735,13.568900000041817
16.7611,13.58561000004178
16.797,13.60232000004174
16.5111,13.619040000041949
16.2549,13.635690000041851
17.1071,13.65237000004202
16.8855,13.669060000041965
15.9053,13.685730000041891
17.157,13.702440000041854
16.7063,13.71911000004178
16.2152,13.735790000041948
16.5235,13.752460000041872
16.6656,13.769130000041798
16.4223,13.785780000041704
17.152,13.80250000004191
17.2284,13.819180000042078
16.4028,13.835820000042208
16.5839,13.852510000042152
16.6327,13.869160000042058
17.3574,13.885850000042003
16.4396,13.902550000042188
17.135,13.919210000042336
16.6442,13.935860000042243
16.8706,13.952560000042432
16.506,13.96919000004232
16.9372,13.985860000042244
16.2882,14.002540000042412
17.0331,14.0192400000426
15.2304,14.035910000042524
17.0453,14.05258000004245
16.8817,14.069260000042616
16.2902,14.085960000042803
16.4905,14.102650000042749
16.7106,14.119310000042896
17.2299,14.135990000043064
16.4792,14.152640000042972
17.0186,14.169340000043157
16.2553,14.186000000043306
16.9891,14.202720000043511
16.4401,14.21938000004366
17.2293,14.236050000043583
16.5307,14.252710000043734
16.6321,14.269390000043902
16.6434,14.286060000043827
17.0432,14.302770000043791
16.6119,14.319480000043754
16.7864,14.336170000043698
16.5372,14.35286000004364
16.0616,14.36951000004355
16.4668,14.386180000043474
16.7542,14.4028500000434
16.7635,14.419530000043569
16.6088,14.436200000043494
17.0303,14.45288000004366
17.0431,14.469560000043828
16.5896,14.486220000043977
17.3132,14.502900000044145
16.2994,14.519580000044312
16.6534,14.536250000044236
16.6936,14.552950000044424
15.7283,14.56967000004463
16.6307,14.586360000044571
16.8649,14.603070000044536
16.915,14.61979000004474
16.6101,14.63645000004489
17.5983,14.653130000045058
15.43,14.669770000045188
16.635,14.686440000045112
16.9094,14.70312000004528
16.6248,14.71978000004543
16.5992,14.736410000045318
16.7157,14.753080000045244
16.7427,14.769740000045392
16.6427,14.7863900000453
17.6985,14.803080000045243
17.2376,14.819790000045206
14.8713,14.836480000045151
17.0618,14.853190000045114
16.3099,14.869870000045282
16.8197,14.886580000045244
16.6704,14.903260000045412
16.658,14.919950000045356
16.6151,14.936630000045524
16.8741,14.953310000045692
16.415,14.96997000004584
17.3087,14.986640000045766
16.7673,15.003350000045728
16.6279,15.020000000045634
16.2394,15.036680000045802
16.6007,15.05333000004571
16.6653,15.070040000045672
16.7035,15.086710000045596
16.9906,15.103390000045763
17.2666,15.120090000045952
16.8251,15.136760000045877
17.0197,15.153430000045802
16.3952,15.170070000045932
16.7926,15.18674000004586
17.0049,15.20345000004582
16.3919,15.220140000045763
16.8662,15.236830000045709
16.456,15.253520000045654
16.4826,15.27019000004558
16.9715,15.286870000045749
16.591,15.30358000004571
16.4025,15.32024000004586
16.211,15.336920000046026
15.8543,15.353600000046194
17.1454,15.37028000004636
16.7294,15.386970000046306
16.3526,15.403620000046212
16.8187,15.420310000046156
16.5169,15.436990000046324
16.9858,15.453670000046491
16.9474,15.470360000046435
16.672,15.487070000046398
16.8672,15.503750000046566
16.6748,15.520440000046513
16.9787,15.537090000046415
16.4904,15.553740000046323
16.9937,15.570450000046288
16.4117,15.587110000046437
17.1356,15.603790000046605
16.6741,15.62044000004651
16.8298,15.637110000046436
16.933,15.653790000046603
16.5149,15.670500000046566
16.5026,15.687200000046753
16.4737,15.70388000004692
16.6261,15.720560000047088
15.5051,15.73720000004722
16.6353,15.753870000047144
16.4445,15.770560000047087
16.7706,15.787260000047274
16.9538,15.8039300000472
16.2387,15.82057000004733
17.0098,15.837220000047235
16.7241,15.853860000047368
17.8202,15.870560000047554
16.6795,15.887250000047498
16.6476,15.903930000047666
17.0175,15.920660000047649
16.1354,15.937330000047572
16.9938,15.95401000004774
16.3652,15.970680000047665
16.6588,15.987370000047608
16.8161,16.004050000047776
16.7334,16.02074000004772
16.6727,16.03740000004787
16.9781,16.054100000048056
16.3475,16.070780000048224
16.5571,16.087420000048354
15.3957,16.104100000048522
16.9239,16.120750000048428
16.4761,16.137420000048355
16.8739,16.15412000004854
16.4408,16.170810000048483
16.8266,16.18749000004865
16.5395,16.204160000048578
17.3432,16.220840000048746
16.5303,16.23754000004893
16.6243,16.2542200000491
16.6825,16.270900000049267
17.0392,16.28759000004921
16.9231,16.304300000049174
16.4976,16.32095000004908
17.3243,16.337640000049024
16.7714,16.35436000004923
16.3994,16.371060000049415
16.9756,16.38775000004936
16.534,16.404420000049285
15.9543,16.421120000049473
16.7041,16.437840000049675
15.903,16.454520000049843
16.6631,16.471170000049753
17.1314,16.487880000049714
16.7603,16.504540000049865
16.9461,16.521210000049788
15.971,16.53787000004994
17.0569,16.554520000049845
16.7454,16.57119000004977
16.6205,16.587840000049678
16.4506,16.604470000049567
16.7606,16.62116000004951
16.7506,16.637850000049454
16.9992,16.65450000004936
17.0885,16.671200000049545
17.2226,16.687860000049696
17.2939,16.7045800000499
16.5372,16.721250000049825
16.746,16.73796000004979
16.183,16.754640000049957
16.8808,16.77134000005014
16.614,16.788000000050292
17.0939,16.804700000050477
16.4695,16.82141000005044
16.0556,16.83807000005059
15.6591,16.854760000050533
16.5286,16.871450000050476
16.4014,16.888150000050665
17.3389,16.904830000050833
16.6673,16.921540000050793
17.1758,16.938230000050737
16.549,16.9549400000507
16.3627,16.971590000050607
16.9322,16.988270000050775
17.4441,17.00497000005096
16.4223,17.02162000005087
16.5315,17.038250000050756
16.6777,17.054920000050682
16.7512,17.07157000005059
16.78,17.088250000050756
16.3767,17.104900000050662
16.6369,17.121560000050813
16.5511,17.13824000005098
15.8255,17.15492000005115
16.3448,17.171590000051072
16.6643,17.18827000005124
17.1089,17.204990000051446
16.6169,17.221660000051372
16.7889,17.238370000051333
16.2288,17.255010000051463
17.1125,17.271740000051444
16.1188,17.28841000005137
16.6599,17.30509000005154
16.7773,17.32173000005167
17.5808,17.338430000051854
17.2248,17.3551200000518
15.6518,17.371790000051725
16.7316,17.388470000051893
16.48,17.4051200000518
17.7475,17.42185000005178
16.2594,17.43851000005193
16.9519,17.4551900000521
16.8992,17.471890000052284
16.7109,17.488590000052472
16.5007,17.505230000052602
17.3402,17.521940000052563
16.3626,17.53859000005247
15.4603,17.555290000052658
16.4997,17.571970000052826
17.1667,17.58860000005271
16.4216,17.60529000005266
16.3413,17.621970000052826
16.9751,17.638620000052732
17.0657,17.655320000052917
16.6596,17.67201000005286
16.9085,17.688670000053012
16.4617,17.70535000005318
17.3173,17.722020000053103
16.5109,17.73870000005327
16.6717,17.75538000005344
16.7985,17.77202000005357
16.5986,17.788710000053513
17.0696,17.8054100000537
16.9887,17.82205000005383
16.6451,17.838730000054
17.1507,17.855430000054184
16.1219,17.872110000054352
16.9836,17.888800000054296
16.8959,17.905470000054223
16.484,17.92215000005439
16.4986,17.93883000005456
16.9147,17.955530000054743
16.5344,17.97221000005491
16.9597,17.988930000055117
16.8428,18.00560000005504
16.1377,18.02224000005517
16.7371,18.03895000005513
15.0958,18.05562000005506
16.4566,18.072310000055005
16.7311,18.08901000005519
16.5965,18.10569000005536
16.9271,18.122370000055525
17.0249,18.139030000055676
17.2399,18.1557000000556
16.3857,18.172380000055767
16.9505,18.189100000055973
17.4354,18.20578000005614
14.8612,18.222450000056064
16.9264,18.23915000005625
16.5777,18.2558400000562
16.2833,18.272520000056364
17.0366,18.28920000005653
16.6924,18.305920000056737
16.7303,18.322570000056643
16.3224,18.33925000005681
17.6306,18.35591000005696
16.8148,18.372580000056885
16.3224,18.38925000005681
16.7531,18.40590000005672
17.4001,18.422570000056645
16.4455,18.43927000005683
15.7718,18.455920000056736
18.0457,18.472590000056663
16.6924,18.489290000056847
16.5215,18.50597000005701
16.8043,18.52263000005717
16.6779,18.539280000057072
16.5018,18.555970000057016
16.7141,18.57266000005696
16.8214,18.589330000056886
17.1774,18.60601000005705
16.4641,18.62271000005724
16.6248,18.639400000057183
16.4505,18.65606000005733
17.0353,18.67276000005752
16.1156,18.689440000057687
17.149,18.706150000057647
16.4386,18.72282000005757
16.9926,18.739530000057535
16.4457,18.75622000005748
16.271,18.77288000005763
17.1772,18.789570000057573
16.5226,18.806220000057483
16.8971,18.822930000057443
16.3339,18.839590000057598
15.2346,18.85627000005776
16.7503,18.87292000005767
16.62,18.88963000005763
16.4749,18.90627000005776
16.9786,18.92294000005769
16.8989,18.93963000005763
16.5329,18.95627000005776
16.6118,18.972940000057687
16.7144,18.989590000057596
17.3854,19.006290000057778
16.4579,19.022970000057946
16.9218,19.03968000005791
16.7856,19.056330000057816
15.759,19.073010000057984
17.1059,19.08967000005813
15.7781,19.106340000058054
17.8212,19.123030000058
15.4753,19.13971000005817
17.2551,19.156390000058337
16.5574,19.17305000005849
16.5814,19.189730000058656
16.6599,19.206390000058803
16.6649,19.22307000005897
16.8345,19.23977000005916
16.4553,19.2564600000591
16.6996,19.273140000059268
17.114,19.289840000059456
16.9026,19.306520000059624
16.7646,19.323200000059792
16.7243,19.33988000005996
17.0281,19.35659000005992
16.2685,19.373260000059847
16.8408,19.38995000005979
16.7746,19.40661000005994
16.5447,19.423290000060103
17.0019,19.44000000006007
16.3275,19.456650000059977
17.0105,19.47336000005994
16.5737,19.4900700000599
16.4322,19.50675000006007
16.6037,19.5233900000602
17.2177,19.540080000060144
16.6855,19.55675000006007
16.6145,19.57344000006001
16.6834,19.590120000060185
16.6712,19.606770000060088
17.0797,19.62346000006003
16.4278,19.640120000060183
16.3303,19.65677000006009
16.0038,19.673480000060053
16.6613,19.69018000006024
16.7203,19.7068900000602
16.1834,19.723580000060142
16.5922,19.740260000060317
16.4347,19.75694000006048
16.6218,19.77362000006065
17.0016,19.790290000060573
17.2109,19.807000000060537
17.1782,19.82369000006048
16.894,19.840340000060387
16.4856,19.857010000060317
16.7817,19.87368000006024
15.7327,19.890350000060163
17.07,19.907050000060348
16.6782,19.92373000006052
17.0373,19.940430000060704
16.5213,19.957120000060648
16.6752,19.973770000060554
16.6485,19.99044000006048
16.9936,20.00715000006044
16.334,20.02382000006037
16.821,20.04049000006029
16.8691,20.05719000006048
16.4052,20.073840000060382
17.1251,20.09055000006035
16.1615,20.107210000060498
16.6482,20.123880000060424
16.7778,20.14055000006035
16.9099,20.157250000060536
16.3297,20.173890000060663
16.7282,20.190570000060838
16.674,20.20724000006076
16.673,20.223900000060908
16.5468,20.240570000060835
17.304,20.25724000006076
16.3117,20.273910000060685
16.8651,20.29062000006065
15.5731,20.307320000060837
16.6154,20.32399000006076
16.7176,20.340680000060704
17.0986,20.357410000060685
17.1833,20.37411000006087
17.0796,20.3907800000608
16.9929,20.40749000006076
16.2798,20.424160000060684
15.9002,20.440890000060666
16.3182,20.45754000006057
16.4362,20.474200000060723
17.227,20.490890000060663
16.6547,20.50759000006085
16.708,20.52422000006074
16.8361,20.54090000006091
16.8321,20.557600000061093
17.1575,20.57429000006104
16.5882,20.590970000061205
16.2758,20.60760000006109
17.1973,20.6243200000613
16.8555,20.641010000061243
16.1968,20.65766000006115
16.7037,20.67434000006132
16.7157,20.69105000006128
16.9605,20.707700000061187
16.4545,20.72439000006113
16.2963,20.74103000006126
16.1965,20.757700000061188
16.7069,20.77438000006136
16.8107,20.791050000061283
16.6122,20.807760000061243
16.6956,20.82448000006145
16.785,20.8411400000616
16.6569,20.857800000061747
16.5903,20.874470000061677
16.6984,20.89112000006158
17.6753,20.90783000006154
15.8802,20.92453000006173
16.0591,20.941210000061897
16.8507,20.957850000062027
16.7729,20.97449000006216
16.7601,20.991130000062288
16.8991,21.00780000006221
17.1671,21.024490000062155
16.6399,21.041190000062343
16.536,21.057880000062287
16.581,21.074530000062197
16.6752,21.0911800000621
17.1443,21.107880000062288
16.6885,21.12459000006225
16.2507,21.141270000062416
17.6636,21.157970000062605
16.5737,21.174650000062773
16.8148,21.19134000006272
14.9559,21.208000000062864
16.8718,21.22470000006305
16.8287,21.241410000063013
16.2349,21.25809000006318
17.7057,21.27477000006335
16.4387,21.291430000063496
17.0228,21.308100000063423
16.6305,21.32478000006359
16.6253,21.341490000063555
15.4121,21.35814000006346
17.5684,21.374860000063663
16.3327,21.391510000063573
16.8311,21.40820000006352
16.3053,21.42489000006346
16.7186,21.44154000006337
16.8873,21.458210000063293
17.8773,21.474920000063257
16.2101,21.491580000063404
15.9081,21.50825000006333
16.5645,21.524940000063275
16.4634,21.54159000006318
16.9098,21.558280000063125
17.0765,21.57492000006325
16.4397,21.59159000006318
18.1803,21.608280000063125
16.9706,21.62497000006307
14.6372,21.64162000006297
16.8672,21.658300000063143
16.3445,21.67496000006329
17.2034,21.691630000063217
16.8936,21.70834000006318
16.7399,21.725030000063125
16.8657,21.74175000006333
16.456,21.75846000006329
16.662,21.77514000006346
15.9252,21.791810000063386
17.0355,21.80852000006335
17.0903,21.82523000006331
16.3761,21.84191000006348
16.9263,21.858620000063443
16.4839,21.87528000006359
16.5787,21.891930000063496
16.9558,21.908600000063423
17.2057,21.92528000006359
16.7244,21.941990000063555
16.1782,21.95867000006372
17.3546,21.975350000063887
16.4743,21.99201000006404
16.3925,22.008710000064223
15.8687,22.025350000064357
16.9337,22.042040000064297
16.5188,22.058730000064244
16.642,22.07538000006415
16.6585,22.09202000006428
17.7665,22.108690000064204
16.6433,22.125390000064392
16.0419,22.14205000006454
16.6914,22.158750000064728
16.5371,22.175430000064896
17.1953,22.192110000065064
17.1103,22.20879000006523
16.5901,22.225490000065417
16.4376,22.242170000065585
16.7962,22.25889000006579
17.1118,22.275560000065717
16.9103,22.292250000065657
16.5987,22.308950000065845
16.4846,22.325610000065996
16.6669,22.342270000066144
16.8541,22.358960000066087
16.5888,22.375620000066235
16.8486,22.39231000006618
16.8742,22.408990000066343
16.4089,22.425670000066518
15.5012,22.44235000006668
17.4279,22.459040000066626
16.6585,22.475720000066797
16.452,22.49239000006672
16.9009,22.509070000066888
16.4901,22.525750000067056
16.9102,22.542460000067017
16.4808,22.559130000066943
16.8679,22.57585000006715
16.8515,22.59250000006705
17.1309,22.609180000067223
16.3421,22.625820000067357
16.727,22.64247000006726
16.5076,22.659140000067183
16.7923,22.675810000067116
17.0875,22.692510000067298
16.4737,22.709180000067224
16.73,22.725860000067392
16.4703,22.74249000006728
16.9889,22.759210000067483
16.7453,22.775900000067427
16.3717,22.79259000006737
16.5101,22.80927000006754
16.5825,22.82596000006748
15.7176,22.842670000067447
17.1731,22.859330000067597
17.0326,22.875980000067504
15.696,22.892650000067427
16.6706,22.90934000006737
16.7202,22.9259800000675
17.1071,22.942650000067427
16.4839,22.959320000067358
16.5989,22.97600000006752
16.5791,22.992670000067445
16.8792,23.009320000067355
16.6277,23.02599000006728
16.9216,23.04268000006722
16.5894,23.05935000006715
17.3043,23.07604000006709
16.2047,23.09272000006726
16.7796,23.10938000006741
16.9045,23.1260800000676
16.7588,23.142760000067764
16.3502,23.159450000067707
16.9859,23.17616000006767
16.7704,23.192870000067632
16.2591,23.209530000067783
17.5632,23.226240000067744
16.5866,23.24290000006789
16.6644,23.25960000006808
16.5605,23.276280000068247
16.8577,23.292980000068432
15.1648,23.30965000006836
17.0796,23.326350000068544
16.3648,23.343000000068454
17.1046,23.35970000006864
16.551,23.376390000068582
16.8707,23.393050000068733
16.508,23.40974000006868
18.0859,23.426390000068583
16.8552,23.44307000006875
16.4541,23.45971000006888
15.2899,23.476430000069087
16.6022,23.49311000006925
17.061,23.5098000000692
17.2215,23.526460000069346
16.3098,23.543140000069517
17.0137,23.55985000006948
16.7007,23.576550000069663
16.2609,23.59323000006983
17.2993,23.609930000070012
16.166,23.626610000070183
16.8245,23.643250000070317
16.5492,23.659910000070465
17.141,23.676600000070408
16.8613,23.693250000070314
16.4676,23.70993000007048
16.7243,23.72656000007037
16.8016,23.74324000007054
16.458,23.759920000070707
17.3426,23.77658000007085
15.8018,23.793260000071022
16.922,23.809990000071004
16.6445,23.82669000007119
16.6727,23.84335000007134
16.8071,23.860050000071524
16.4441,23.87673000007169
16.8768,23.893450000071898
16.8704,23.91011000007205
16.1732,23.926790000072216
16.7655,23.94347000007238
16.693,23.96015000007255
16.7187,23.97680000007246
15.2422,23.993450000072365
17.3437,24.010160000072325
16.2568,24.02683000007225
16.4149,24.04351000007242
16.7419,24.06015000007255
17.1263,24.07685000007273
16.8575,24.09357000007294
16.6283,24.11025000007311
16.4567,24.12693000007328
16.7988,24.143600000073203
16.9267,24.16032000007341
16.4703,24.17698000007356
16.8452,24.19368000007374
16.3471,24.210350000073667
16.8541,24.22706000007363
16.4327,24.243710000073538
17.1436,24.260390000073706
17.0297,24.277100000073663
16.3632,24.293780000073838
17.2992,24.31045000007376
15.6265,24.327120000073688
16.6087,24.343780000073835
17.1314,24.360420000073965
17.4687,24.37713000007393
16.6246,24.39379000007408
16.5091,24.41048000007402
16.8062,24.42712000007415
16.9097,24.44380000007432
16.3667,24.460480000074487
16.5517,24.47717000007443
15.629,24.493820000074336
16.5778,24.510520000074525
17.014,24.52721000007447
16.6375,24.543870000074616
16.6886,24.560540000074543
16.9167,24.57724000007473
16.3516,24.593920000074892
17.703,24.610560000075026
16.6226,24.627240000075197
17.1125,24.643940000075386
16.3,24.660640000075567
17.4447,24.67733000007551
16.9444,24.69405000007572
16.7673,24.7107500000759
15.4023,24.72744000007585
17.0701,24.744120000076016
16.5296,24.76080000007618
16.5079,24.777510000076145
16.7121,24.79420000007609
16.4936,24.810850000075995
17.0084,24.82754000007594
16.7045,24.844210000075865
15.4756,24.860850000075995
16.9674,24.877530000076163
16.5128,24.89420000007609
16.8084,24.910870000076013
16.4338,24.92755000007618
16.9504,24.94423000007635
16.397,24.96090000007628
16.752,24.977580000076443
16.755,24.99423000007635
16.4509,25.0108900000765
16.606,25.027570000076665
17.1696,25.044250000076836
16.1667,25.060930000077
16.673,25.07759000007715
16.7023,25.094260000077075
16.9579,25.110950000077025
16.8874,25.127620000076945
16.9734,25.14434000007715
16.7713,25.16104000007733
16.105,25.177730000077283
16.6877,25.19440000007721
17.4283,25.21109000007715
16.6342,25.227810000077355
16.3289,25.244490000077523
16.8184,25.261180000077463
16.7991,25.277830000077373
16.5464,25.29452000007732
16.9172,25.31116000007745
16.3901,25.3278200000776
17.358,25.34453000007756
15.8015,25.36121000007773
16.9106,25.37785000007786
16.8503,25.394520000077783
17.0857,25.41120000007795
16.1888,25.42787000007788
17.4633,25.444570000078063
16.3858,25.461260000078006
16.5313,25.477930000077933
16.7698,25.49463000007812
16.4396,25.51131000007829
17.0612,25.52802000007825
15.4903,25.544740000078452
16.7217,25.561420000078623
16.3883,25.578090000078543
17.553,25.594810000078752
15.9417,25.611460000078655
16.9991,25.628150000078605
16.2168,25.64484000007855
17.3164,25.661530000078493
16.3267,25.6781800000784
17.037,25.694830000078305
17.0082,25.71150000007823
16.7415,25.728150000078134
16.3597,25.744830000078306
16.8823,25.76148000007821
16.5145,25.77816000007838
16.8571,25.794830000078303
16.5563,25.811510000078474
16.699,25.828150000078605
16.9553,25.84485000007879
16.4034,25.861540000078733
17.0453,25.8782200000789
15.8492,25.89490000007907
16.8954,25.91160000007925
16.4494,25.928280000079425
16.6566,25.94496000007959
17.0739,25.961650000079533
16.2402,25.9783300000797
17.554,25.995020000079645
16.6499,26.011670000079555
17.0719,26.0283600000795
16.4735,26.045010000079404
16.7648,26.06171000007959
16.2452,26.07837000007974
15.8039,26.095040000079667
16.7107,26.11172000007983
16.6296,26.12837000007974
17.3541,26.1450800000797
16.395,26.16176000007987
17.1744,26.178450000079813
16.6503,26.19512000007974
16.5154,26.211800000079908
17.1158,26.22848000008008
16.662,26.24519000008004
16.4901,26.261890000080225
16.6207,26.27858000008017
16.7162,26.295270000080112
16.691,26.31193000008026
16.9514,26.328640000080224
16.4729,26.345330000080168
17.6907,26.36200000008009
16.6372,26.378680000080266
16.8708,26.395350000080185
16.8142,26.412040000080133
16.3416,26.42870000008028
16.8329,26.445370000080207
16.4968,26.46204000008013
16.9027,26.478730000080077
16.5664,26.495370000080207
16.7149,26.51204000008013
16.5524,26.5287200000803
16.6416,26.545430000080263
15.097,26.562130000080447
16.6388,26.578780000080357
16.6327,26.595470000080297
16.591,26.612140000080224
17.1789,26.62886000008043
16.4005,26.645510000080336
17.0527,26.6622200000803
16.3452,26.678890000080223
16.8803,26.69559000008041
16.5544,26.71224000008032
17.0141,26.728910000080244
16.7737,26.74561000008043
16.3769,26.76228000008036
16.7963,26.77900000008056
16.2589,26.795640000080688
17.1467,26.81235000008065
16.8424,26.8290400000806
16.5141,26.84573000008054
16.9676,26.862410000080708
16.3959,26.879080000080634
16.966,26.8957600000808
17.0441,26.912430000080725
15.4442,26.929110000080893
16.901,26.94578000008082
16.3733,26.962460000080988
16.7471,26.97912000008113
17.5915,26.995770000081045
17.0114,27.012450000081213
16.2353,27.02911000008136
17.3535,27.045790000081528
15.4571,27.062440000081438
16.9271,27.079130000081378
16.6752,27.095840000081346
16.3585,27.11250000008149
17.3124,27.12922000008169
17.1348,27.145900000081863
16.4909,27.16257000008179
16.9742,27.179260000081733
16.3609,27.19593000008166
16.9683,27.21265000008186
16.6014,27.22935000008205
16.4023,27.24599000008218
17.0308,27.26267000008235
16.4023,27.27934000008227
16.1223,27.29597000008216
16.0203,27.312640000082087
17.1804,27.329360000082293
16.578,27.34604000008246
16.5853,27.362730000082404
16.8431,27.37938000008231
17.8248,27.396080000082492
16.6201,27.41281000008248
16.4722,27.429450000082607
16.8876,27.446150000082795
16.3571,27.462830000082963
17.0179,27.479530000083148
16.5265,27.49618000008305
16.9583,27.512870000083
16.3302,27.52958000008296
15.8477,27.54626000008313
16.7803,27.562930000083057
16.5805,27.57960000008298
16.3966,27.596280000083148
17.0372,27.61297000008309
16.5349,27.62965000008326
16.2745,27.64631000008341
16.944,27.662980000083333
16.49,27.679620000083464
17.3649,27.69628000008361
16.3358,27.7129800000838
16.7035,27.729630000083706
16.8288,27.746280000083612
17.1991,27.763000000083817
15.9765,27.779660000083968
17.0373,27.79637000008393
16.4512,27.813080000083893
17.0579,27.82976000008406
17.1067,27.846480000084263
16.8392,27.863160000084434
15.7064,27.87981000008434
16.7493,27.89649000008451
16.4709,27.913160000084435
17.0242,27.929820000084582
16.3657,27.94649000008451
16.8607,27.96314000008441
16.5214,27.97979000008432
17.0453,27.99649000008451
16.2649,28.01313000008464
16.9289,28.029810000084804
16.6033,28.04649000008497
16.642,28.06317000008514
16.6801,28.079850000085308
16.894,28.09654000008525
16.7567,28.1132300000852
16.43,28.129920000085143
16.7307,28.14660000008531
17.0463,28.16329000008525
16.6002,28.18000000008521
16.2743,28.19666000008537
17.0418,28.21338000008557
16.4771,28.230060000085736
16.9775,28.2467700000857
16.1819,28.26342000008561
16.966,28.280120000085795
16.41,28.29679000008572
17.1837,28.313510000085923
16.8018,28.33019000008609
16.6149,28.346880000086035
17.4616,28.363590000086
16.3304,28.38023000008613
14.9078,28.396910000086297
17.6708,28.413590000086465
16.2998,28.43029000008665
16.8785,28.4469500000868
16.9516,28.463650000086982
16.4965,28.480280000086875
16.5327,28.49693000008678
17.1603,28.513600000086708
17.1776,28.530280000086872
16.5416,28.54697000008682
16.4923,28.563640000086743
16.6577,28.580300000086893
16.9084,28.59699000008684
16.6438,28.61368000008678
16.7942,28.630340000086928
16.7675,28.647030000086875
16.4107,28.6637000000868
15.6437,28.680350000086705
16.3537,28.69700000008661
16.8323,28.713680000086782
17.0216,28.730390000086743
16.8376,28.747100000086707
16.8155,28.763780000086875
16.2924,28.780440000087022
16.7218,28.797150000086987
16.8057,28.813860000086947
16.694,28.83057000008691
16.523,28.84725000008708
16.5397,28.863930000087247
16.9301,28.88062000008719
17.0754,28.897270000087097
16.342,28.913920000087003
16.4675,28.930620000087192
16.8353,28.947340000087397
16.2373,28.964000000087545
16.4381,28.980640000087675
16.9732,28.997320000087843
16.6789,29.014030000087804
16.6083,29.03072000008775
16.408,29.047380000087895
17.0814,29.064090000087862
17.2414,29.080800000087823
16.2591,29.097440000087957
16.5262,29.114080000088084
16.8863,29.130770000088027
16.7428,29.14746000008797
17.4744,29.16411000008788
16.2326,29.180760000087787
16.536,29.197430000087717
16.9807,29.21415000008792
16.2802,29.230800000087825
17.214,29.24744000008796
16.9742,29.26414000008814
16.4736,29.28082000008831
16.9807,29.29750000008848
16.2951,29.314180000088644
17.1168,29.330890000088605
16.3395,29.34758000008855
15.7031,29.364290000088516
16.4341,29.380930000088643
16.9266,29.397640000088607
16.3368,29.41433000008855
17.0848,29.430980000088457
16.67,29.447650000088384
16.6998,29.46431000008853
16.8528,29.481020000088492
16.4095,29.4976700000884
16.5704,29.51434000008833
17.3047,29.530990000088234
16.7893,29.54769000008842
16.5222,29.564340000088325
17.455,29.58105000008829
16.5846,29.597740000088237
17.0853,29.61446000008844
15.9621,29.63113000008837
16.9077,29.647790000088516
15.342,29.664480000088457
17.6331,29.681180000088645
16.2236,29.69786000008881
16.4868,29.71455000008876
16.9968,29.73126000008872
16.3691,29.747910000088623
16.4636,29.76458000008855
16.3526,29.78122000008868
16.7937,29.79790000008885
17.2492,29.81457000008877
17.5929,29.83127000008896
16.6419,29.847930000089107
16.8154,29.864630000089296
16.6497,29.881290000089443
16.8097,29.897950000089597
17.0193,29.91462000008952
16.628,29.93133000008948
16.2156,29.94801000008965
16.8245,29.964720000089613
16.4983,29.981390000089537
17.5226,29.99808000008948
16.7656,30.014760000089648
16.5622,30.031440000089816
15.9481,30.048110000089743
15.8062,30.064810000089928
16.3988,30.081490000090096
16.4694,30.09814000009
16.5873,30.114830000089945
17.344,30.131520000089893
17.1596,30.148230000089853
16.3121,30.164860000089742
16.6096,30.18153000008967
17.3353,30.19821000008984
16.3229,30.21489000009
16.4436,30.23158000008995
17.2062,30.24829000008991
16.4829,30.26497000009008
16.9697,30.281670000090266
16.317,30.298310000090392
17.0362,30.31498000009032
16.456,30.331660000090487
17.1454,30.34838000009069
16.2966,30.36505000009062
16.8787,30.381750000090804
17.0973,30.39839000009093
16.5457,30.415030000091065
16.7474,30.43170000009099
16.8204,30.44838000009116
16.2685,30.465080000091344
15.1513,30.48174000009149
17.0142,30.498450000091456
16.6649,30.515120000091382
17.1648,30.53178000009153
16.762,30.54843000009144
16.5617,30.565110000091604
16.9552,30.581820000091568
16.4465,30.598510000091512
17.6019,30.61517000009166
17.7985,30.631840000091582
16.6005,30.64853000009153
16.9363,30.665210000091697
16.4701,30.68187000009185
17.044,30.69858000009181
16.5427,30.715290000091773
16.397,30.73198000009172
14.212,30.748650000091644
16.2991,30.76533000009181
16.7236,30.782010000091976
16.686,30.798700000091923
17.288,30.815370000091846
17.6537,30.83205000009201
16.7862,30.848750000092203
16.4212,30.86542000009213
15.4533,30.882070000092032
16.6662,30.89874000009196
16.6241,30.915410000091885
16.8853,30.932090000092053
16.5026,30.948760000091976
17.241,30.965460000092165
16.6801,30.982200000092387
16.8461,30.99890000009257
16.5381,31.01558000009274
16.8884,31.032250000092667
16.6682,31.04895000009285
16.4752,31.06563000009302
16.7159,31.082310000093187
17.4729,31.099030000093396
16.5037,31.115730000093578
17.3886,31.132400000093504
16.3678,31.149020000093618
16.5894,31.165650000093503
16.7665,31.182300000093413
16.9797,31.198970000093336
16.4893,31.215630000093487
16.5699,31.23231000009365
16.6967,31.248980000093574
16.6334,31.265610000093467
16.8951,31.282290000093635
16.4206,31.298970000093803
15.1169,31.31564000009373
17.0175,31.332340000093915
17.6551,31.34906000009412
17.3984,31.365780000094325
16.2552,31.382460000094493
16.8747,31.39914000009466
17.3895,31.415830000094605
16.9042,31.43255000009481
16.5188,31.449220000094734
16.4499,31.46587000009464
16.9563,31.482560000094587
16.4103,31.49924000009475
16.8722,31.51588000009488
16.9384,31.53255000009481
13.7212,31.54922000009473
17.1954,31.565930000094696
16.2414,31.582600000094622
17.0241,31.59927000009455
16.2628,31.615940000094472
17.5799,31.63266000009468
16.4706,31.649360000094862
16.8386,31.66603000009479
17.6834,31.68271000009496
17.0156,31.699370000095108
16.7122,31.71608000009507
16.5432,31.7327200000952
16.852,31.749430000095163
16.2186,31.766100000095086
15.2528,31.78278000009525
16.5232,31.799440000095405
16.7464,31.81611000009533
17.0186,31.832790000095496
16.2392,31.849480000095443
16.8796,31.86618000009563
16.2994,31.88283000009553
17.075,31.8995400000955
16.4341,31.91620000009565
16.5877,31.9328600000958
17.054,31.94957000009576
16.4425,31.96623000009591
17.4509,31.98294000009587
16.156,31.9996100000958
17.1205,32.01630000009574
16.2113,32.032950000095646
16.8921,32.04966000009561
16.6024,32.06632000009576
16.847,32.08303000009572
17.2849,32.099720000095665
16.4456,32.11641000009561
16.4921,32.13309000009578
16.8838,32.14974000009568
16.3907,32.166420000095854
16.65,32.183080000096
17.391,32.199790000095966
16.2357,32.216460000095886
16.632,32.23314000009606
16.9608,32.24982000009622
16.3912,32.26650000009639
16.8248,32.283160000096544
16.4436,32.29984000009671
16.9723,32.316530000096655
16.3468,32.333220000096595
16.5576,32.34992000009678
16.7431,32.36660000009695
16.4227,32.38327000009688
16.8065,32.39997000009706
16.6439,32.416610000097194
16.7001,32.43328000009712
17.0881,32.449940000097264
16.5534,32.46662000009744
16.6676,32.48328000009759
17.5817,32.499950000097506
16.8755,32.51661000009766
17.0367,32.533300000097604
16.3133,32.54998000009777
16.7138,32.566630000097675
16.5657,32.583310000097846
17.0325,32.60002000009781
16.5336,32.616690000097734
16.8544,32.63339000009792
16.3879,32.650060000097845
16.6173,32.66674000009801
16.6418,32.68342000009818
17.1652,32.70009000009811
16.417,32.71677000009827
16.7272,32.73346000009822
16.9259,32.75017000009818
16.1904,32.766850000098344
14.8179,32.78354000009829
16.9738,32.80022000009846
16.7436,32.81692000009865
16.8399,32.83360000009881
16.884,32.850280000098984
16.4101,32.86693000009889
16.8279,32.883610000099054
16.9583,32.90028000009898
16.3036,32.91694000009913
16.5732,32.93359000009904
16.6885,32.9502700000992
16.4921,32.96692000009911
16.6587,32.983590000099035
17.2507,33.00029000009922
16.3777,33.01697000009939
17.1712,33.03368000009935
17.2466,33.05038000009954
16.368,33.06708000009973
15.8736,33.08375000009965
16.6309,33.10043000009982
17.1167,33.117110000099984
16.5908,33.13380000009993
17.8534,33.15051000009989
17.0719,33.16718000009982
16.7761,33.18386000009998
17.1753,33.200540000100155
16.7506,33.21722000010032
16.4392,33.233890000100246
16.3614,33.25057000010042
17.0012,33.26728000010038
16.7034,33.28399000010034
16.3755,33.30067000010051
16.9445,33.317330000100654
16.6631,33.334010000100825
16.5159,33.35071000010101
15.7084,33.36736000010092
16.9382,33.38401000010082
16.5593,33.400690000100994
15.0835,33.41736000010092
17.0756,33.43403000010084
16.5229,33.45069000010099
16.5137,33.46736000010092
16.6835,33.48402000010107
16.732,33.500690000100995
16.4728,33.51735000010114
17.7776,33.53405000010133
17.1168,33.55076000010129
16.3453,33.56743000010122
16.9839,33.58414000010118
16.5729,33.600790000101085
17.4898,33.61747000010126
15.8502,33.63415000010142
16.6821,33.650830000101585
17.0483,33.66754000010155
16.4485,33.68422000010172
15.3881,33.70088000010187
17.6018,33.71756000010203
16.5604,33.73425000010198
17.8893,33.75094000010193
15.4492,33.76763000010187
15.8202,33.78429000010202
16.5977,33.80097000010218
17.1715,33.81767000010237
16.5436,33.834340000102294
16.9134,33.8510600001025
17.2161,33.867760000102685
15.7229,33.8844100001026
16.8479,33.90110000010254
16.4546,33.917750000102444
17.0792,33.93447000010265
16.3032,33.9511600001026
16.6346,33.96784000010276
18.6913,33.98450000010291
14.7431,34.00115000010282
16.9109,34.01781000010297
16.4033,34.03447000010311
16.9555,34.051170000103305
17.1881,34.06783000010345
16.6143,34.08451000010362
17.9078,34.10118000010355
15.958,34.11785000010347
17.1645,34.13457000010367
16.2902,34.15126000010362
16.572,34.167950000103566
16.9884,34.18463000010373
16.4029,34.20130000010366
17.3822,34.21798000010382
16.0254,34.23466000010399
16.9951,34.25136000010418
17.1689,34.26802000010433
16.4883,34.28470000010449
16.9649,34.301360000104644
14.6333,34.318020000104795
16.8826,34.33472000010498
16.5455,34.35138000010513
16.9939,34.36810000010533
17.1826,34.3847800001055
16.8022,34.401460000105665
16.2895,34.41811000010558
17.2868,34.43477000010572
16.5982,34.45146000010567
16.6362,34.468140000105834
16.0167,34.484820000106005
17.2088,34.50150000010617
16.4701,34.51821000010613
16.2375,34.53485000010626
16.6097,34.551500000106174
16.6072,34.56818000010634
17.7358,34.5848900001063
16.5489,34.60157000010647
17.0957,34.61826000010641
16.1247,34.63492000010656
16.4192,34.65163000010652
16.7176,34.66832000010647
16.354,34.6849600001066
17.0926,34.701640000106764
16.5378,34.71833000010671
16.8142,34.73500000010664
16.9176,34.751670000106564
16.574,34.768360000106505
15.7453,34.785020000106655
16.6356,34.80170000010682
16.9125,34.81838000010699
16.5247,34.8350300001069
16.9421,34.85173000010708
16.4525,34.868410000107254
16.6403,34.88508000010717
17.0969,34.901810000107155
16.7731,34.9185000001071
16.1497,34.93517000010703
16.801,34.95185000010719
16.8233,34.96852000010712
17.0528,34.98520000010729
16.5487,35.00190000010748
16.4366,35.01856000010763
17.3389,35.03526000010781
16.4228,35.05197000010777
16.632,35.06860000010766
17.4097,35.085290000107605
16.453,35.10198000010755
16.8004,35.11866000010772
16.9059,35.13537000010768
16.3215,35.15202000010758
16.0774,35.1686700001075
16.5921,35.18538000010746
16.7113,35.202030000107364
16.2772,35.218690000107514
16.8102,35.23537000010768
16.8088,35.252040000107606
16.4957,35.26871000010753
16.653,35.2853900001077
16.7641,35.30205000010785
17.3436,35.318740000107795
17.3673,35.335450000107755
16.4465,35.35210000010766
15.9584,35.36881000010762
16.6969,35.38551000010781
16.4635,35.40219000010798
16.8465,35.418860000107905
17.4022,35.43554000010807
15.8135,35.452240000108254
16.288,35.4689300001082
16.735,35.48560000010813
17.4183,35.502250000108035
17.7327,35.5189300001082
16.9803,35.53561000010837
16.7405,35.55227000010852
16.5045,35.568950000108686
16.9865,35.58564000010863
16.4078,35.6023200001088
16.7104,35.6189700001087
16.6293,35.63564000010863
16.6054,35.652320000108794
16.7379,35.669000000108966
16.7321,35.68567000010889
16.5826,35.70233000010904
16.8605,35.71903000010923
16.6883,35.73572000010917
17.0482,35.75241000010912
16.1092,35.7691100001093
14.8283,35.78580000010924
17.3857,35.80248000010941
17.2574,35.8191800001096
16.6479,35.83586000010977
16.9192,35.852580000109974
16.3392,35.86930000011017
16.5932,35.885950000110086
17.158,35.902660000110046
15.6629,35.91930000011018
16.697,35.93596000011033
16.6409,35.95264000011049
16.681,35.96932000011066
17.0521,35.98602000011085
16.7465,36.00272000011103
16.2037,36.01937000011094
17.4794,36.03603000011109
15.8342,36.05272000011103
15.9897,36.06936000011116
16.8636,36.08604000011133
16.9372,36.10275000011129
16.2482,36.11942000011122
17.0505,36.13611000011116
16.6413,36.152780000111086
16.4195,36.16943000011099
17.473,36.18614000011096
16.3446,36.2028300001109
16.4564,36.21952000011085
17.1071,36.23624000011105
16.2027,36.25294000011124
16.4262,36.26959000011114
16.9131,36.28630000011111
17.0807,36.30297000011103
15.8353,36.31964000011096
16.8027,36.336330000110905
18.3592,36.353000000110825
16.3458,36.36967000011075
16.4685,36.3863300001109
16.9852,36.40298000011081
16.4428,36.419650000110735
16.8869,36.4363300001109
16.6493,36.45299000011105
16.492,36.46966000011098
17.1584,36.48634000011114
16.2977,36.50303000011109
16.8985,36.51972000011103
16.0669,36.53637000011094
15.4134,36.55305000011111
16.5917,36.56972000011103
16.6457,36.58639000011096
16.767,36.60307000011112
17.1794,36.61974000011105
17.8455,36.63645000011101
15.0809,36.65313000011118
16.651,36.66980000011111
16.9326,36.68647000011103
16.4899,36.70316000011098
17.1215,36.7198300001109
17.1609,36.736540000110864
16.5865,36.75322000011104
16.9286,36.7699000001112
16.6127,36.78659000011115
16.4433,36.80324000011105
16.7033,36.8199000001112
16.8836,36.83658000011137
16.4948,36.85324000011152
16.8797,36.86993000011146
16.4247,36.88662000011141
17.0412,36.90329000011133
17.4054,36.91996000011125
18.5338,36.93663000011118
13.9094,36.95330000011111
17.0151,36.97002000011131
16.7378,36.98671000011126
15.2203,37.00339000011142
16.824,37.02006000011135
16.5825,37.0367200001115
16.7791,37.053420000111686
16.8781,37.070110000111626
17.4252,37.08683000011183
16.506,37.10352000011178
16.7846,37.12020000011194
16.2799,37.136860000112094
15.9239,37.15353000011202
17.1105,37.170230000112205
16.6601,37.18695000011241
16.4356,37.20364000011236
17.1618,37.2203000001125
17.3988,37.23694000011263
16.7432,37.25359000011254
16.8265,37.270280000112486
17.1613,37.286970000112426
16.6123,37.30364000011235
16.5516,37.32032000011253
17.135,37.33699000011245
16.2305,37.35363000011258
16.9643,37.370330000112766
17.0865,37.38704000011273
16.8579,37.40376000011293
16.0874,37.420440000113096
16.8585,37.43712000011327
16.4214,37.4537900001132
16.8658,37.47049000011338
16.5542,37.48720000011334
16.7134,37.50386000011349
16.9304,37.52057000011345
16.385,37.5372300001136
16.5363,37.55388000011351
16.5866,37.570530000113415
16.5805,37.58721000011359
17.2227,37.60389000011375
16.3296,37.62057000011392
16.586,37.637250000114086
15.4685,37.65390000011399
16.5747,37.67058000011416
16.1259,37.68723000011407
17.2225,37.703930000114255
16.8089,37.720640000114216
16.262,37.7373400001144
17.1609,37.75401000011433
16.5944,37.7706900001145
16.8634,37.78740000011446
15.7225,37.80404000011459
17.1068,37.82075000011455
16.9548,37.83746000011452
17.3404,37.85414000011468
17.2038,37.87082000011485
16.8893,37.887480000115
16.4348,37.9041300001149
16.7575,37.920830000115096
16.9029,37.93749000011524
16.6958,37.954160000115166
16.5925,37.97085000011512
17.1158,37.98752000011504
16.1679,38.004180000115184
16.8463,38.02088000011537
16.3779,38.0375200001155
16.9975,38.05421000011545
16.4139,38.070900000115394
16.6138,38.08756000011554
16.717,38.10423000011546
16.7999,38.120890000115615
16.5724,38.13757000011578
16.8794,38.154220000115686
15.5492,38.17089000011561
16.1722,38.18754000011552
17.108,38.20426000011573
16.5473,38.22093000011565
16.5544,38.23760000011558
16.9323,38.25431000011554
16.355,38.271000000115485
17.5464,38.28768000011565
17.0841,38.30438000011584
16.616,38.3210900001158
16.3867,38.33778000011574
16.6622,38.354480000115935
16.9135,38.37113000011584
16.4953,38.38780000011576
16.9272,38.40449000011571
16.213,38.421140000115614
16.3308,38.43786000011582
16.7629,38.45457000011578
16.783,38.471240000115706
16.4353,38.48789000011561
17.4074,38.5045900001158
16.4303,38.52125000011595
16.6531,38.53793000011612
16.7226,38.55461000011629
17.1994,38.57128000011621
16.9746,38.5879800001164
16.573,38.6046300001163
16.6052,38.62127000011643
16.9735,38.63797000011662
16.2298,38.65465000011679
17.0124,38.67132000011672
16.4704,38.688010000116655
15.3452,38.70472000011662
16.436,38.72141000011656
16.6558,38.738090000116735
17.2071,38.75475000011688
16.987,38.771420000116805
16.6392,38.78810000011698
16.6003,38.80474000011711
16.9326,38.82146000011731
16.3265,38.838120000117456
16.6611,38.85480000011763
16.6475,38.871450000117534
17.7599,38.888110000117685
17.0805,38.904800000117625
16.6595,38.92150000011781
16.4999,38.93818000011798
16.8251,38.95486000011815
16.4539,38.97154000011832
17.0398,38.98822000011848
16.8694,39.00490000011865
14.7547,39.02161000011861
16.3072,39.03828000011854
16.9181,39.054960000118704
16.8014,39.07166000011889
17.0332,39.088330000118816
16.9985,39.105040000118784
16.2783,39.12173000011872
16.8949,39.13843000011891
16.5688,39.155080000118815
17.1983,39.17176000011899
16.9576,39.18844000011915
16.4321,39.20516000011936
15.5729,39.22188000011956
17.1596,39.23856000011973
15.7161,39.25522000011988
17.5903,39.27190000012005
16.3517,39.28861000012001
16.4993,39.305280000119936
16.4423,39.32195000011986
16.6527,39.33862000011979
17.1131,39.35529000011971
16.7029,39.37197000011988
16.2654,39.38861000012001
17.2832,39.40528000011994
16.4989,39.42201000011992
16.4182,39.43866000011983
16.9164,39.45533000011975
16.6793,39.472030000119936
16.3122,39.4887100001201
16.9488,39.50542000012007
16.4426,39.52208000012021
17.7278,39.53874000012036
16.6901,39.55545000012032
16.3416,39.57210000012024
16.9657,39.58876000012038
16.4145,39.60544000012055
16.8876,39.62209000012046
16.0707,39.63877000012062
16.6021,39.65548000012059
16.6436,39.67215000012051
16.4103,39.68882000012044
16.5989,39.70548000012059
17.0367,39.72216000012075
17.0242,39.73887000012072
15.8148,39.75552000012063
17.2859,39.77223000012059
16.278,39.78891000012076
16.8973,39.8055700001209
16.7978,39.82222000012081
17.2071,39.83891000012076
17.4839,39.8556000001207
15.9002,39.87231000012066
16.7181,39.888970000120814
16.9327,39.90565000012098
16.3863,39.92233000012115
16.6864,39.93897000012128
16.376,39.955650000121445
17.6959,39.97235000012163
15.8643,39.98902000012156
16.0187,40.00570000012172
16.6237,40.02237000012165
17.3983,40.03902000012155
16.9962,40.0557100001215
16.6017,40.07236000012141
16.9491,40.08907000012137
16.6642,40.10576000012132
15.9513,40.12247000012128
15.8614,40.13912000012118
16.8761,40.15583000012115
16.6102,40.17249000012129
17.1459,40.1892100001215
16.4577,40.20588000012143
16.9117,40.22257000012137
16.4455,40.23925000012154
17.0736,40.25591000012169
16.8402,40.272580000121614
16.8131,40.28926000012178
17.0686,40.30594000012195
16.8458,40.322620000122114
16.2693,40.339300000122286
15.944,40.355940000122416
16.5548,40.3726400001226
16.5314,40.38929000012251
17.4648,40.40600000012247
16.9278,40.42270000012265
16.134,40.439400000122845
17.0603,40.45608000012301
16.2717,40.47276000012317
17.0799,40.48942000012333
17.1795,40.50612000012351
16.375,40.52280000012368
16.6051,40.53947000012361
16.5214,40.556140000123534
16.8664,40.57279000012344
16.628,40.58944000012335
16.9881,40.60612000012351
16.4041,40.62276000012364
16.8692,40.63946000012383
16.5532,40.656140000124
16.4813,40.672790000123904
16.6468,40.68947000012407
15.8001,40.70617000012426
16.7167,40.72288000012422
16.4629,40.73956000012439
16.738,40.75624000012456
16.9934,40.77289000012446
16.7503,40.7895800001244
16.3192,40.80624000012455
16.5288,40.82291000012448
16.8545,40.83959000012465
16.7101,40.856270000124816
16.9574,40.87295000012498
17.8142,40.88963000012515
16.6915,40.90634000012511
16.1265,40.92302000012528
16.9584,40.939730000125245
16.5423,40.95641000012541
17.1611,40.9731100001256
16.5127,40.989810000125786
16.4905,41.006500000125726
16.6624,41.02317000012565
16.7585,41.039850000125824
16.3477,41.05650000012573
17.0301,41.07317000012566
16.4976,41.08985000012582
16.0488,41.10654000012577
16.1653,41.12322000012593
16.937,41.13991000012588
16.8959,41.15660000012582
16.0051,41.17327000012575
16.7354,41.189960000125694
16.9417,41.20664000012586
16.6092,41.223330000125806
17.0813,41.240000000125725
16.6158,41.2566800001259
16.6234,41.2733300001258
17.1994,41.29004000012576
16.5475,41.30671000012569
16.2666,41.3233600001256
16.8731,41.34007000012557
16.5589,41.35674000012549
16.8529,41.37343000012543
16.4209,41.39010000012536
16.87,41.4067900001253
16.5325,41.42347000012547
17.2978,41.44017000012565
16.408,41.456810000125785
16.6939,41.47346000012569
16.6375,41.49014000012586
16.9533,41.50681000012578
16.6048,41.52351000012597
17.2535,41.5401500001261
16.4093,41.55683000012627
17.0317,41.573520000126216
16.5301,41.590190000126135
16.761,41.60688000012608
16.7933,41.62357000012603
16.7498,41.64029000012623
16.8136,41.6569700001264
15.8559,41.67366000012634
16.4191,41.69032000012649
17.1698,41.70703000012646
15.7867,41.7237200001264
16.4523,41.74036000012653
17.4064,41.757080000126734
16.5432,41.77375000012666
16.5776,41.79042000012659
16.4654,41.807070000126494
17.0962,41.82375000012666
16.9668,41.84039000012679
16.7604,41.857080000126736
16.5557,41.87374000012689
17.0609,41.89043000012683
16.8468,41.90712000012677
17.2897,41.92379000012669
15.9267,41.94044000012661
15.7208,41.95713000012655
16.7276,41.97381000012672
16.5831,41.99049000012688
17.6733,42.00721000012709
16.4366,42.02389000012725
16.8449,42.04056000012718
16.5771,42.05722000012733
16.9856,42.07393000012729
16.3908,42.09059000012744
16.903,42.10731000012765
16.5491,42.12398000012757
17.0263,42.140690000127535
15.6887,42.15739000012772
16.2571,42.174060000127646
16.5955,42.19075000012759
16.9095,42.207460000127554
16.4117,42.22414000012772
17.3107,42.240810000127645
16.5837,42.25751000012783
16.5471,42.27416000012774
16.7577,42.29086000012793
16.7165,42.30750000012806
16.8582,42.32418000012822
16.3948,42.34083000012813
16.1692,42.357500000128056
16.9837,42.37418000012823
16.8778,42.39088000012841
16.4869,42.40754000012856
17.3584,42.42422000012873
16.7526,42.44093000012869
16.6138,42.45759000012884
16.8362,42.47427000012901
16.8755,42.490930000129154
16.6006,42.5076200001291
16.5219,42.52429000012903
16.2483,42.54096000012895
16.5914,42.55763000012888
16.4784,42.574310000129046
17.299,42.59099000012921
16.4764,42.60764000012912
16.6355,42.62432000012929
16.9357,42.64102000012947
16.3697,42.65770000012964
17.429,42.674410000129605
16.4677,42.69109000012977
16.5429,42.70775000012992
16.2011,42.72444000012986
16.5868,42.74113000012981
16.7809,42.75782000012976
16.822,42.77450000012992
16.9103,42.79121000012988
16.7022,42.80787000013003
16.2742,42.8245500001302
16.4784,42.84119000013033
16.7134,42.8578700001305
16.9131,42.87455000013067
17.0795,42.89123000013083
16.3176,42.90789000013098
16.8455,42.92455000013113
16.4508,42.941220000131054
17.5393,42.957900000131225
16.4128,42.974590000131165
16.7725,42.99129000013135
16.3994,43.00797000013152
17.3085,43.024650000131686
16.5966,43.04132000013161
15.0326,43.05797000013152
17.1079,43.074660000131466
16.8272,43.09136000013165
16.53,43.10804000013182
17.3177,43.12473000013176
16.1188,43.14140000013169
16.6862,43.15806000013184
17.0308,43.174780000132046
16.5524,43.19148000013223
16.5151,43.20817000013217
17.2821,43.22488000013214
16.8069,43.24158000013232
16.1601,43.25822000013245
16.4981,43.27490000013262
16.3682,43.29155000013253
17.0467,43.308230000132696
16.5973,43.32491000013286
16.5858,43.34155000013299
16.9055,43.35824000013294
16.5092,43.37493000013288
16.6204,43.39158000013279
18.0882,43.40827000013273
16.8162,43.4249500001329
17.1061,43.44164000013284
16.5683,43.45834000013303
16.5201,43.4750200001332
16.8518,43.49173000013316
16.4249,43.508450000133365
15.1414,43.52513000013353
16.3998,43.541800000133456
16.8139,43.55848000013363
16.5409,43.57512000013376
17.4041,43.59182000013394
16.8481,43.608530000133904
16.4635,43.62519000013405
16.5622,43.64187000013422
16.9799,43.65854000013415
16.3488,43.67518000013428
17.3674,43.69183000013418
16.8842,43.70854000013415
16.4301,43.72522000013432
16.9026,43.74193000013428
16.2537,43.758590000134426
17.0943,43.77526000013435
16.3154,43.79194000013452
15.6731,43.80861000013444
16.6747,43.82526000013435
16.7994,43.84194000013452
17.0035,43.85865000013448
16.373,43.87530000013439
17.4801,43.89200000013457
15.6845,43.9086400001347
17.1672,43.92535000013467
16.4384,43.94200000013458
16.8637,43.95869000013452
16.6312,43.975380000134464
16.4502,43.99206000013463
17.0724,44.0087700001346
16.583,44.02544000013452
17.1589,44.04215000013448
16.5413,44.05883000013465
16.6565,44.0755200001346
15.787,44.09219000013452
16.8202,44.10890000013448
16.5913,44.12558000013465
16.69,44.142250000134574
16.6839,44.158930000134745
16.7136,44.17558000013465
16.9156,44.192260000134816
16.6353,44.20892000013497
16.7597,44.22560000013514
16.6179,44.24230000013532
16.4239,44.25896000013547
17.0404,44.27564000013564
16.6683,44.2923200001358
16.2686,44.30899000013573
16.4202,44.3256700001359
16.8225,44.34235000013607
16.7175,44.359010000136216
16.5957,44.37568000013614
17.6653,44.39237000013608
16.3254,44.40903000013624
17.0251,44.42573000013642
16.6822,44.44241000013659
16.4297,44.459070000136734
16.5741,44.47576000013668
16.744,44.492440000136845
17.0828,44.50915000013681
16.291,44.52582000013674
18.3819,44.5425300001367
16.5934,44.55917000013683
14.6469,44.575870000137016
16.4895,44.59253000013717
16.57,44.6091700001373
16.6977,44.62584000013722
16.6338,44.64252000013739
17.4683,44.65920000013756
16.7202,44.67584000013769
17.0077,44.69256000013789
16.4289,44.7092100001378
16.6744,44.72590000013774
16.6994,44.74256000013789
16.6034,44.75924000013806
17.6067,44.775950000138025
16.8651,44.79265000013821
16.3556,44.80933000013837
16.6258,44.8260000001383
16.6539,44.84269000013825
16.1244,44.85935000013839
15.7339,44.87602000013832
16.7558,44.892730000138286
16.8608,44.90941000013845
16.9915,44.92612000013841
16.2273,44.94279000013834
17.1352,44.959480000138285
16.4424,44.97617000013823
16.8863,44.99290000013821
16.5552,45.00957000013813
16.5436,45.02623000013829
16.5926,45.04291000013845
17.3478,45.0595700001386
16.2531,45.076270000138784
16.4481,45.092910000138914
17.2767,45.10960000013886
16.2842,45.12627000013879
16.4951,45.14293000013893
16.5981,45.159560000138825
17.2267,45.176250000138765
16.5867,45.19293000013894
17.9144,45.2096400001389
16.1551,45.22631000013882
15.2279,45.24296000013873
16.9506,45.25967000013869
16.9725,45.2763200001386
17.7339,45.293010000138544
16.4278,45.30971000013873
17.105,45.32643000013893
16.3691,45.34312000013888
15.9001,45.35983000013884
16.0726,45.37648000013875
16.4853,45.39316000013891
17.3786,45.40987000013888
16.6827,45.426550000139045
17.4497,45.44324000013899
16.6978,45.45991000013892
16.6806,45.47657000013906
16.8825,45.49322000013897
16.3479,45.509890000138896
16.6882,45.5265400001388
16.8881,45.543240000138994
16.4714,45.55992000013916
16.8671,45.57660000013932
16.5027,45.59326000013947
16.7471,45.6099300001394
16.6783,45.62659000013955
16.9282,45.64331000013976
16.5584,45.660000000139696
16.9528,45.67666000013985
16.6533,45.69336000014003
16.3767,45.71002000014018
16.6785,45.72670000014035
17.1095,45.743390000140295
15.302,45.76009000014048
16.6813,45.776810000140685
16.1007,45.79349000014086
17.5356,45.81013000014099
16.9852,45.82682000014093
16.5144,45.84352000014111
16.9037,45.86018000014126
17.5864,45.87686000014144
16.9522,45.89356000014162
16.7035,45.91022000014176
16.4826,45.926900000141934
14.5539,45.94353000014182
17.3441,45.960230000142005
16.5493,45.97692000014195
17.3327,45.99360000014212
17.9757,46.01027000014204
16.9526,46.02697000014224
16.4521,46.0436500001424
16.0803,46.06030000014231
15.1941,46.076960000142456
16.6417,46.09361000014236
16.5168,46.1103000001423
17.0248,46.12696000014245
16.8667,46.14366000014264
16.8578,46.16031000014255
17.7397,46.17699000014272
16.4656,46.19365000014287
15.4577,46.21037000014307
16.334,46.22706000014301
17.442,46.243740000143184
17.8687,46.26046000014339
16.5371,46.27715000014333
17.0741,46.29386000014329
16.498,46.31052000014344
16.3764,46.32720000014361
17.0275,46.3439000001438
16.6319,46.36059000014374
16.6856,46.37725000014389
16.4851,46.393920000143815
14.906,46.41060000014398
16.5096,46.42725000014389
16.6206,46.44392000014381
16.8728,46.46056000014394
16.5668,46.477240000144114
16.7899,46.49392000014428
16.9431,46.51060000014445
16.5263,46.52729000014439
16.5633,46.543940000144296
16.9169,46.56065000014426
16.4204,46.57733000014443
17.3077,46.59400000014436
16.6079,46.6106900001443
17.6627,46.6274100001445
15.3076,46.64410000014445
16.5434,46.66078000014461
16.4983,46.677430000144525
17.46,46.69411000014469
16.7063,46.710830000144895
16.2619,46.7274800001448
17.0068,46.744180000144986
16.5501,46.76086000014516
16.5167,46.77756000014534
16.4971,46.79421000014525
16.8528,46.810880000145175
16.1473,46.82756000014534
17.5209,46.84427000014531
16.4159,46.86093000014545
16.7177,46.87757000014558
16.8385,46.894270000145774
16.3632,46.91093000014592
17.3796,46.9276300001461
16.5572,46.944280000146016
16.5963,46.960950000145935
16.6177,46.97762000014586
16.7398,46.99430000014603
17.0056,47.0109800001462
17.3805,47.02768000014638
16.0322,47.04436000014656
15.7476,47.06102000014671
16.5361,47.07770000014687
16.7511,47.09436000014702
16.5918,47.11103000014695
16.7261,47.12771000014711
16.823,47.14439000014728
16.5827,47.16107000014745
16.7034,47.17772000014735
16.8774,47.1944100001473
17.0849,47.211090000147465
16.1472,47.22779000014765
16.7488,47.24449000014784
16.416,47.26116000014776
17.0067,47.27787000014773
17.5775,47.294590000147934
16.0676,47.3112700001481
16.7665,47.32795000014826
17.1285,47.34464000014821
16.7374,47.36128000014834
16.9974,47.37800000014855
16.4633,47.39468000014871
16.7492,47.41137000014866
16.6636,47.42808000014862
15.5473,47.444730000148525
16.6075,47.461370000148655
16.8382,47.478050000148826
16.9124,47.49472000014875
16.495,47.51139000014868
17.0232,47.52809000014887
17.1593,47.54477000014903
16.2883,47.56143000014918
17.1045,47.578110000149344
16.53,47.59479000014952
15.7951,47.6114900001497
16.5509,47.628170000149865
16.845,47.64485000015004
17.4324,47.66158000015002
17.8094,47.67831000015
16.8743,47.69499000015016
14.66,47.71164000015008
17.2641,47.72834000015026
16.5376,47.74499000015017
16.8612,47.76167000015033
16.3954,47.77833000015048
17.7319,47.795010000150654
16.7172,47.81169000015082
16.8438,47.82833000015095
16.673,47.84500000015088
16.7219,47.86166000015103
16.4906,47.87834000015119
16.5283,47.8949900001511
17.5181,47.91169000015128
16.1235,47.92835000015143
16.8487,47.94505000015162
16.0535,47.96173000015179
15.3386,47.97841000015195
16.7798,47.995090000152125
16.9375,48.01175000015227
16.2851,48.02843000015244
16.9245,48.04510000015237
16.8607,48.06182000015257
16.4469,48.07848000015272
16.9616,48.09515000015264
16.6942,48.11181000015279
16.734,48.128500000152734
16.5844,48.145180000152905
16.8926,48.16188000015309
16.5274,48.17855000015302
16.8701,48.19526000015298
16.4751,48.211950000152925
16.8333,48.22863000015309
17.0121,48.245300000153016
16.9591,48.262030000153
16.5203,48.27874000015296
16.95,48.29542000015313
16.7122,48.31210000015329
16.9539,48.328780000153465
16.47,48.34549000015343
16.5247,48.36214000015333
17.0494,48.37885000015329
16.2954,48.395500000153206
16.7439,48.412210000153166
15.4576,48.42884000015305
16.8036,48.4455000001532
17.0476,48.46221000015316
16.486,48.47888000015309
17.9871,48.49554000015324
15.6438,48.51218000015337
16.0244,48.5288500001533
16.7772,48.54549000015343
16.514,48.56216000015336
17.0348,48.5788200001535
16.9965,48.59552000015368
16.6195,48.61222000015388
17.7923,48.62890000015404
16.5447,48.645620000154246
16.3568,48.66229000015417
16.8878,48.67899000015436
16.9142,48.69569000015454
16.23,48.71236000015447
16.696,48.729050000154416
16.7315,48.745720000154336
16.8565,48.76240000015451
16.6777,48.779070000154434
16.5035,48.79571000015456
16.9104,48.81239000015473
16.3418,48.8290700001549
16.875,48.84573000015504
15.698,48.86240000015497
16.3527,48.87909000015492
16.6793,48.89577000015508
16.8776,48.91245000015525
17.666,48.92912000015518
16.8484,48.94578000015533
16.8246,48.96247000015527
15.1224,48.9791100001554
17.1024,48.99583000015561
16.6497,49.01253000015579
16.5905,49.02921000015596
17.7513,49.04592000015592
16.7536,49.06260000015609
16.765,49.07928000015626
15.4846,49.09595000015618
16.469,49.112620000156106
17.9392,49.12928000015626
15.2084,49.14596000015643
17.046,49.16260000015656
16.7814,49.1792900001565
16.586,49.19599000015669
16.4044,49.21264000015659
17.1488,49.22932000015676
16.5707,49.246000000156926
17.4311,49.26270000015712
16.371,49.27938000015728
17.4646,49.29608000015747
16.3122,49.31276000015764
16.8506,49.3294400001578
16.6991,49.34609000015771
16.5185,49.36275000015786
16.9764,49.379420000157786
16.7441,49.39612000015797
16.861,49.41281000015792
16.5057,49.42948000015784
16.598,49.44616000015801
16.7124,49.462840000158174
16.4388,49.47953000015812
15.9784,49.4962600001581
16.271,49.51294000015827
16.6704,49.52964000015846
17.1719,49.54637000015844
17.7538,49.56303000015858
16.7121,49.57971000015876
16.717,49.59638000015868
16.5962,49.61307000015862
16.8,49.62974000015855
16.9024,49.646440000158734
16.336,49.66307000015863
16.4842,49.67974000015855
15.8029,49.69643000015849
16.5292,49.71311000015866
16.5661,49.729800000158605
16.6472,49.74647000015853
16.9195,49.76317000015872
16.457,49.77985000015888
17.1515,49.796570000159086
16.2877,49.81323000015924
17.7271,49.829920000159184
16.7095,49.84662000015937
15.6878,49.86327000015928
16.5114,49.8799400001592
16.6911,49.89664000015939
16.6894,49.91333000015933
16.6118,49.92999000015948
16.7143,49.94667000015965
16.5461,49.963300000159535
16.7853,49.97997000015946
16.8519,49.99664000015939
16.5987,50.01331000015932
16.5779,50.02998000015924
17.5959,50.046660000159406
16.0412,50.063300000159536
16.9348,50.07999000015948
16.5806,50.09667000015965
16.5939,50.11335000015981
16.6494,50.130030000159984
17.5332,50.14673000016017
16.4184,50.16341000016034
16.828,50.18010000016028
16.4031,50.19680000016047
15.8981,50.2134400001606
17.0038,50.23015000016056
16.4765,50.24682000016048
17.0911,50.26353000016045
16.9158,50.28024000016041
17.1476,50.29696000016062
15.8826,50.31362000016077
16.8745,50.33030000016093
16.7587,50.34696000016108
18.3596,50.36363000016101
16.4014,50.38031000016117
16.7849,50.39696000016108
16.9941,50.41365000016103
16.4782,50.43030000016093
16.8783,50.44695000016084
16.3466,50.46359000016097
15.7981,50.480270000161134
17.1686,50.4969800001611
16.4213,50.51370000016131
16.4678,50.53037000016123
16.906,50.5470800001612
16.3982,50.56376000016136
15.2266,50.58041000016127
17.0078,50.59710000016121
16.5346,50.61377000016114
17.7293,50.6304800001611
16.2917,50.647160000161264
17.0525,50.66381000016118
16.9743,50.68047000016132
16.415,50.69715000016149
15.1347,50.71379000016162
18.489,50.73051000016183
16.1188,50.74720000016177
16.7862,50.76389000016172
16.4623,50.78057000016188
16.7223,50.79723000016203
16.6881,50.81392000016198
17.6308,50.83061000016192
16.7648,50.847280000161845
16.4749,50.86396000016201
15.931,50.88065000016196
16.8954,50.89729000016209
16.8784,50.913960000162014
15.6221,50.93064000016218
16.9365,50.94735000016215
16.4825,50.96405000016233
16.348,50.98072000016226
16.9968,50.9973800001624
17.2181,51.01409000016237
16.5115,51.03077000016253
17.0156,51.04747000016272
16.4891,51.06415000016289
16.6256,51.080830000163054
16.744,51.097490000163205
15.8583,51.11414000016311
16.7938,51.13079000016302
16.6569,51.147460000162944
16.6451,51.16414000016311
17.3333,51.18078000016324
17.4205,51.19746000016341
15.3915,51.21413000016334
16.4812,51.23080000016326
17.1037,51.24751000016322
16.5083,51.26418000016315
16.9769,51.28089000016311
16.4283,51.29757000016328
16.8779,51.31428000016325
16.5549,51.33098000016343
16.6063,51.34766000016359
17.0309,51.36437000016356
16.6259,51.38107000016375
16.487,51.397760000163686
17.0808,51.41444000016386
16.7269,51.43116000016406
16.2627,51.44781000016397
16.5707,51.46449000016413
16.6266,51.48115000016429
17.0398,51.49784000016423
16.8493,51.51456000016444
16.3407,51.53122000016458
16.4984,51.54786000016471
16.7973,51.56454000016488
16.5928,51.58119000016479
16.7067,51.59783000016492
16.9956,51.61454000016488
16.0825,51.63122000016505
17.4142,51.647900000165215
16.612,51.66455000016512
16.762,51.68120000016503
16.6996,51.69786000016518
16.7724,51.714550000165126
16.6228,51.731240000165066
16.7342,51.74793000016501
16.432,51.76461000016518
17.0567,51.781280000165104
16.3385,51.79796000016528
17.4206,51.814650000165216
16.7275,51.8313500001654
16.5807,51.84801000016555
16.6341,51.8647000001655
16.7006,51.88138000016566
16.7388,51.89807000016561
16.9396,51.9147700001658
16.1909,51.93145000016596
16.693,51.94811000016611
16.4114,51.96482000016607
16.5891,51.98150000016624
17.441,51.99817000016617
15.6535,52.014870000166354
16.7684,52.03158000016632
16.4462,52.04829000016628
16.5279,52.06495000016643
16.3276,52.0816300001666
17.6799,52.09831000016676
16.7101,52.11499000016693
17.137,52.1316700001671
16.4909,52.14833000016725
16.3316,52.16501000016741
17.0153,52.18168000016734
16.6205,52.19835000016727
16.4122,52.21500000016717
16.7451,52.23170000016736
15.0998,52.248350000167264
18.1648,52.26506000016723
17.2148,52.28173000016715
15.3551,52.29838000016706
17.0496,52.31510000016726
16.2878,52.33177000016719
16.8948,52.34845000016736
17.0864,52.36512000016729
16.6893,52.38179000016721
16.5424,52.39844000016711
17.4931,52.415120000167285
16.0822,52.43177000016719
16.4956,52.44845000016736
15.3024,52.46512000016728
17.3117,52.48176000016741
17.5776,52.49847000016738
16.9462,52.51518000016734
15.0908,52.53184000016749
16.6456,52.54853000016743
16.4966,52.5652100001676
17.2708,52.58189000016777
17.1139,52.59859000016795
16.5894,52.61527000016813
17.2794,52.63197000016831
15.7578,52.64865000016847
17.0047,52.665330000168645
15.9228,52.68198000016855
16.9003,52.698680000168736
17.0101,52.71536000016891
18.0336,52.73206000016909
16.6005,52.74873000016902
16.4669,52.765380000168925
15.101,52.78207000016887
16.648,52.79874000016879
16.6933,52.81542000016896
16.5793,52.83207000016887
16.6931,52.84875000016904
16.9026,52.865410000169184
17.1923,52.88211000016937
16.4473,52.898780000169296
17.0311,52.91549000016926
16.466,52.932200000169225
16.843,52.94887000016914
18.0897,52.96558000016911
16.3717,52.98226000016928
16.9036,52.99897000016924
16.6215,53.015660000169184
16.5256,53.03235000016913
16.7734,53.049030000169296
16.9243,53.06571000016946
16.4849,53.08237000016961
16.9393,53.09904000016954
15.5627,53.1157200001697
15.3536,53.13236000016984
16.7744,53.14904000017
17.1697,53.16572000017017
16.1793,53.182390000170095
16.796,53.19906000017002
16.5178,53.21571000016993
16.967,53.23241000017011
16.6227,53.24911000017031
16.8123,53.26581000017049
16.5716,53.282510000170674
17.3896,53.29920000017062
16.6742,53.31587000017054
17.5337,53.33255000017071
16.5978,53.34923000017088
16.3913,53.36592000017082
16.6372,53.38260000017099
16.7131,53.399250000170895
16.7207,53.415910000171046
16.5518,53.43256000017095
16.786,53.4492200001711
16.8473,53.46592000017129
16.3704,53.48260000017146
15.8789,53.49927000017138
16.3572,53.515940000171305
17.1915,53.5326400001715
16.7115,53.54932000017166
16.6858,53.56600000017183
17.1128,53.582710000171794
17.0097,53.59942000017176
16.2411,53.61610000017192
17.1488,53.63278000017209
16.2514,53.64947000017203
16.7745,53.66613000017218
16.601,53.68282000017213
17.7689,53.699490000172055
15.8856,53.716180000172
15.3211,53.73285000017192
16.9911,53.74950000017183
16.5006,53.76614000017196
17.2398,53.78284000017214
16.4918,53.79949000017205
16.7964,53.81617000017222
16.6981,53.832870000172406
16.2882,53.84954000017233
16.6509,53.86620000017248
16.8674,53.8828700001724
17.4747,53.89956000017235
16.1,53.9162500001723
16.3741,53.93293000017246
16.5987,53.94959000017261
16.8677,53.9662900001728
16.5214,53.98296000017272
16.8656,53.99965000017266
16.5376,54.01633000017284
16.9411,54.033020000172776
16.3503,54.04970000017295
17.129,54.06640000017313
17.2757,54.08307000017306
15.8763,54.09979000017327
17.7209,54.11651000017347
16.4321,54.133170000173614
16.9197,54.149870000173806
16.9326,54.166510000173936
17.0754,54.1832200001739
16.4865,54.19990000017406
16.6635,54.21658000017423
17.294,54.2332600001744
16.0416,54.24994000017457
16.2361,54.26659000017448
15.5159,54.28324000017438
16.8886,54.299960000174586
16.6631,54.31665000017453
16.8533,54.33334000017447
16.4291,54.34999000017438
16.9247,54.36665000017453
16.7626,54.38335000017472
16.695,54.40001000017487
16.5802,54.41671000017505
16.7038,54.43338000017498
16.9528,54.450050000174905
16.6084,54.46669000017504
16.9835,54.4833700001752
16.9562,54.50005000017537
17.1486,54.51676000017533
15.4013,54.53349000017531
16.6924,54.55016000017524
16.4512,54.566830000175166
16.5751,54.58348000017507
17.0594,54.60018000017526
16.4694,54.61686000017542
17.7241,54.63357000017539
16.6151,54.65024000017531
16.5827,54.66692000017548
16.8896,54.68361000017542
16.3456,54.70025000017556
16.7145,54.7169100001757
16.6544,54.73359000017587
16.6037,54.75027000017604
17.0646,54.76696000017599
15.4666,54.78366000017617
16.5637,54.8003000001763
16.4701,54.81696000017645
17.0323,54.83366000017664
16.3985,54.850300000176766
17.2877,54.86699000017671
16.8251,54.88368000017665
16.9227,54.90038000017684
16.4115,54.91708000017702
16.5877,54.93373000017693
16.739,54.95039000017708
17.2999,54.96708000017703
16.5936,54.98376000017719
17.0517,55.00043000017712
16.3486,55.0171300001773
16.0525,55.03383000017749
16.2822,55.050500000177415
17.4368,55.06719000017736
16.6978,55.0838800001773
16.4189,55.10055000017723
16.8243,55.11725000017741
16.9765,55.13392000017734
16.6948,55.15061000017729
16.5429,55.1672600001772
16.7929,55.18393000017712
16.6536,55.20058000017703
16.7599,55.21727000017697
16.7503,55.23392000017688
16.4019,55.250580000177024
16.038,55.26730000017723
17.016,55.2839800001774
16.7037,55.30069000017736
16.7883,55.317370000177526
16.5365,55.3340500001777
16.7897,55.35072000017762
17.0566,55.36740000017779
16.3311,55.38407000017772
17.3099,55.4007700001779
16.1448,55.41745000017807
16.717,55.43410000017798
16.5417,55.45075000017789
16.6981,55.46741000017804
16.3593,55.48411000017822
16.4736,55.50080000017816
16.6203,55.51748000017833
16.5877,55.53415000017826
17.451,55.55086000017822
16.5887,55.56753000017815
16.4669,55.58420000017807
16.8251,55.60087000017799
17.1054,55.6175900001782
16.1718,55.63426000017813
16.9195,55.650940000178295
16.3221,55.66762000017846
17.5597,55.68432000017864
16.412,55.701000000178816
16.8465,55.71767000017874
16.3574,55.73435000017891
15.84,55.75102000017883
16.9582,55.7677300001788
17.5706,55.78440000017872
16.409,55.801080000178885
16.9632,55.81776000017906
15.5406,55.83444000017922
16.8835,55.85114000017941
16.8344,55.867850000179374
16.734,55.884540000179314
16.6979,55.90123000017926
16.2003,55.91792000017921
17.2983,55.93460000017937
16.5117,55.9512700001793
16.6953,55.96796000017924
17.4764,55.98464000017941
15.3928,56.001320000179575
16.7689,56.017980000179726
17.9702,56.03463000017963
15.5274,56.05132000017958
16.626,56.06802000017976
16.5016,56.084710000179705
16.7797,56.101370000179855
16.6611,56.118030000180006
17.5112,56.13473000018019
16.2673,56.1513800001801
16.6315,56.16808000018028
16.7408,56.1847300001802
17.7859,56.20144000018016
16.0458,56.21809000018006
15.517,56.23475000018021
16.9993,56.25142000018014
16.1698,56.268100000180304
17.0865,56.28478000018047
16.8369,56.30146000018064
16.826,56.31813000018057
16.7548,56.33479000018071
16.4746,56.35147000018088
17.2292,56.368150000181046
16.3539,56.38482000018097
17.0311,56.40150000018114
16.3923,56.418190000181085
16.7502,56.43486000018101
16.3376,56.45155000018096
16.7136,56.46820000018087
16.8407,56.484890000180805
16.5118,56.50156000018073
16.5964,56.5182400001809
17.7008,56.53491000018082
16.4511,56.551590000180994
16.7291,56.56827000018116
16.9052,56.584940000181085
16.5729,56.601650000181046
16.6795,56.61834000018099
16.4599,56.63502000018117
16.7076,56.65170000018133
15.3392,56.66839000018128
16.6236,56.68507000018144
16.9556,56.70173000018159
17.4129,56.718430000181776
16.8351,56.7351000001817
16.6942,56.75181000018166
16.8955,56.76848000018159
16.1803,56.78517000018153
16.6116,56.8018500001817
17.2907,56.81855000018189
16.4919,56.83523000018206
16.6447,56.85191000018222
15.8566,56.86859000018239
16.8836,56.8852400001823
16.6728,56.90190000018245
16.685,56.91855000018235
16.7632,56.9352400001823
16.4389,56.95190000018245
16.8544,56.96858000018261
16.724,56.98524000018276
18.2622,57.0019300001827
16.6315,57.018630000182895
15.4139,57.03531000018306
15.7281,57.05200000018301
16.9498,57.06869000018295
16.2679,57.08536000018288
17.0537,57.10201000018278
17.1598,57.11870000018273
17.0321,57.13541000018269
16.4859,57.152080000182615
16.1847,57.1687800001828
16.5749,57.18548000018298
16.4115,57.20216000018316
16.9104,57.21886000018334
16.4777,57.23553000018327
16.9569,57.25223000018345
16.6819,57.26894000018341
16.2692,57.28559000018332
17.293,57.302260000183246
16.5539,57.31896000018343
16.7401,57.33560000018356
16.7741,57.35227000018349
16.5689,57.36894000018341
17.6583,57.38562000018358
15.4798,57.40233000018355
16.3892,57.4189900001837
17.0002,57.43567000018386
16.5171,57.45236000018381
16.6204,57.46901000018372
17.0057,57.4857100001839
16.2435,57.502390000184064
17.2775,57.51906000018399
16.426,57.53575000018394
17.02,57.5524300001841
16.6586,57.56910000018403
16.803,57.58581000018399
17.1952,57.602460000183896
16.181,57.6191800001841
16.3206,57.63586000018427
17.3668,57.6525300001842
16.7653,57.669250000184405
16.3793,57.68590000018431
16.1827,57.70261000018427
17.3485,57.71927000018442
15.5588,57.73594000018434
17.1441,57.752590000184256
16.5231,57.76929000018444
16.8138,57.78595000018459
16.4733,57.80263000018476
17.5918,57.81931000018492
16.3677,57.83595000018505
16.9898,57.85266000018502
16.3395,57.869310000184925
16.3436,57.88599000018509
16.4479,57.902660000185016
18.0011,57.91938000018522
15.3029,57.93604000018537
16.799,57.95270000018552
17.8439,57.96941000018548
16.5601,57.98608000018541
16.6563,58.002760000185575
16.5313,58.019420000185725
16.821,58.03610000018589
16.6984,58.05279000018584
17.2556,58.069470000186
16.8802,58.08614000018593
16.565,58.102810000185855
16.659,58.11949000018602
16.8687,58.13617000018619
16.5646,58.15286000018613
16.473,58.16953000018606
16.8785,58.18623000018625
16.589,58.20290000018617
16.8669,58.21958000018634
16.5127,58.236260000186505
16.6073,58.25291000018641
16.9757,58.26962000018638
16.3775,58.28630000018654
15.1557,58.30296000018669
16.6818,58.31963000018662
16.6145,58.33632000018656
16.7614,58.35300000018673
16.7237,58.36969000018667
16.5472,58.3863600001866
18.1166,58.4030800001868
15.9478,58.41975000018673
16.493,58.43640000018664
16.9861,58.4530800001868
16.6254,58.46975000018673
16.5565,58.48640000018664
16.8222,58.503080000186806
17.0303,58.51974000018696
16.9797,58.53644000018714
16.5642,58.55311000018707
16.9141,58.56977000018721
17.5513,58.58649000018742
15.5317,58.603180000187365
16.5617,58.61985000018729
16.9073,58.63655000018748
16.5292,58.65324000018742
16.925,58.66994000018761
16.8435,58.68665000018757
16.4219,58.70330000018748
16.5258,58.71998000018764
16.8201,58.73666000018781
16.1966,58.75333000018774
17.4772,58.7700400001877
16.4263,58.78675000018766
16.3787,58.80342000018759
16.7341,58.82010000018776
16.92,58.83678000018792
16.5482,58.85344000018807
17.0066,58.87015000018803
16.0907,58.886830000188205
16.7051,58.90349000018835
16.7864,58.920140000188255
16.2694,58.93679000018817
15.8543,58.95345000018831
17.0347,58.97016000018828
16.2589,58.9868300001882
17.5352,59.00352000018815
16.5633,59.02021000018809
16.4462,59.03687000018824
16.7614,59.05357000018842
16.5083,59.07024000018835
17.5063,59.08696000018856
16.5929,59.10367000018852
16.6687,59.12035000018869
16.9181,59.13700000018859
16.6756,59.15369000018854
17.1935,59.170370000188704
16.0756,59.18702000018861
17.1506,59.20373000018857
16.1616,59.22039000018872
16.9442,59.23710000018868
15.5569,59.25378000018885
16.6614,59.27042000018898
17.0241,59.28712000018917
16.605,59.30378000018932
16.8208,59.32049000018928
16.3804,59.33713000018941
17.8743,59.35385000018962
16.1624,59.37049000018975
17.0604,59.38719000018993
16.675,59.40386000018986
16.4974,59.42050000018999
16.6861,59.43718000019016
16.4714,59.45383000019007
17.3018,59.47054000019003
16.3325,59.48718000019016
17.0394,59.50389000019012
16.3177,59.52053000019025
17.0645,59.53724000019022
16.3101,59.55390000019036
16.7121,59.57058000019053
15.3868,59.58727000019047
16.6848,59.60396000019042
17.0897,59.62065000019036
16.5208,59.63730000019027
16.8431,59.65400000019046
16.704,59.670670000190384
16.8169,59.68739000019058
16.8847,59.704040000190496
16.6933,59.72072000019066
16.5462,59.73739000019059
17.0382,59.75408000019053
17.9877,59.77075000019045
15.4179,59.78745000019064
16.3253,59.80415000019083
17.0111,59.820850000191015
16.2744,59.837510000191166
16.8907,59.854180000191086
16.6263,59.87086000019126
15.9791,59.88754000019142
16.8382,59.90422000019159
16.5699,59.92089000019152
17.0638,59.93757000019168
17.0244,59.95421000019181
16.4436,59.970870000191965
16.8833,59.98752000019187
16.8791,60.00420000019204
15.3967,60.02085000019195
16.8708,60.03754000019189
17.5433,60.05423000019184
17.0277,60.07093000019202
16.1959,60.08760000019195
17.0568,60.10430000019213
16.4848,60.1209800001923
16.8901,60.137690000192265
16.4338,60.15437000019243
16.5198,60.1710500001926
16.8735,60.18772000019252
16.7976,60.20441000019247
16.4108,60.2210800001924
16.9658,60.237770000192334
16.8974,60.2544800001923
16.0904,60.271140000192446
17.1431,60.287850000192414
16.5108,60.30452000019233
16.6013,60.32119000019226
16.7422,60.33787000019243
16.5416,60.35456000019237
16.8215,60.37122000019252
16.9419,60.38792000019271
16.0919,60.40457000019261
16.0387,60.42122000019252
16.8931,60.43790000019269
17.0328,60.454580000192855
16.7142,60.47125000019278
16.9255,60.48793000019296
16.9148,60.50461000019312
16.7008,60.52129000019329
16.8686,60.537990000193474
16.4135,60.55464000019338
17.0022,60.571340000193565
16.1722,60.58803000019351
16.9202,60.6047300001937
16.848,60.62140000019362
16.4339,60.63807000019355
16.4991,60.65475000019372
15.873,60.67143000019388
16.8103,60.68813000019407
16.7549,60.70478000019398
17.2576,60.72150000019418
16.2542,60.73815000019409
16.6364,60.754820000194016
16.8706,60.77151000019396
17.1992,60.7882000001939
16.4499,60.80488000019407
16.9913,60.82158000019425
16.3158,60.83826000019442
16.7117,60.854920000194575
16.7692,60.87161000019452
17.3682,60.88826000019442
16.186,60.90494000019459
16.2686,60.92164000019478
16.1947,60.93828000019491
16.937,60.954930000194814
17.0714,60.97162000019476
16.9677,60.988300000194926
16.257,61.00498000019509
16.9913,61.02168000019528
15.4969,61.038360000195446
16.4823,61.05503000019537
17.0418,61.07175000019558
16.4049,61.08841000019573
17.4821,61.10511000019592
16.4875,61.12179000019608
17.1617,61.138480000196026
16.3961,61.15514000019618
16.8912,61.17184000019636
17.457,61.1885300001963
14.9979,61.20524000019627
16.8912,61.22196000019648
16.5718,61.238600000196605
17.2377,61.25528000019677
16.9618,61.27196000019693
16.2867,61.28864000019711
17.5754,61.305300000197256
15.4426,61.32201000019722
16.9928,61.33870000019717
15.9707,61.35535000019707
16.9304,61.3719900001972
16.9854,61.38865000019735
17.0982,61.40532000019727
16.6591,61.4219900001972
16.5334,61.438680000197145
16.5277,61.455370000197085
16.5951,61.47205000019726
17.3166,61.4887400001972
16.802,61.50542000019737
15.9994,61.52209000019729
17.577,61.53877000019746
16.9578,61.55543000019761
16.9522,61.572150000197816
16.2102,61.588860000197776
15.4332,61.60554000019794
17.366,61.62221000019787
17.1077,61.63892000019783
16.4759,61.65557000019774
16.6696,61.67222000019765
16.7402,61.68891000019759
16.5818,61.70559000019776
17.224,61.72230000019772
15.7095,61.73898000019789
16.4029,61.75564000019804
16.5774,61.772300000198186
16.8375,61.78898000019835
16.5758,61.80562000019848
16.9138,61.82231000019843
16.8261,61.83901000019861
16.1531,61.85568000019854
17.477,61.872360000198704
16.6833,61.88901000019862
16.5714,61.90566000019852
16.6314,61.92233000019844
16.9743,61.93903000019864
16.6136,61.95573000019882
16.3633,61.97242000019876
17.1551,61.98910000019893
16.4644,62.00576000019908
16.4505,62.022440000199246
17.0962,62.03915000019921
16.3766,62.05583000019938
16.7947,62.07253000019956
15.6294,62.08922000019951
16.9226,62.10589000019943
16.4087,62.12255000019958
17.7146,62.13926000019954
16.4727,62.15592000019969
16.0123,62.17259000019962
17.0598,62.18930000019958
16.4026,62.20597000019951
16.812,62.22265000019968
17.0138,62.23934000019962
16.638,62.2560400001998
16.8639,62.272720000199975
16.5606,62.2893900001999
16.6772,62.30604000019981
16.7715,62.32272000019997
17.1037,62.33945000019995
17.1621,62.356130000200125
16.334,62.37279000020027
16.8802,62.38949000020046
16.4408,62.40615000020061
15.37,62.42281000020076
17.2055,62.43951000020094
16.7134,62.456210000201125
16.0755,62.47288000020105
16.7998,62.48955000020098
17.0076,62.50619000020111
16.8153,62.522840000201015
16.6423,62.53952000020119
16.5256,62.55617000020109
17.0073,62.57286000020103
16.7872,62.5895400002012
16.6652,62.60617000020109
17.0233,62.62288000020106
17.1329,62.63959000020102
16.4244,62.65628000020096
16.7028,62.672950000200885
15.5098,62.689630000201056
16.8115,62.70631000020122
16.633,62.72299000020139
17.2904,62.73967000020156
16.3234,62.75634000020148
17.1728,62.77305000020144
16.8617,62.78969000020157
16.4752,62.80634000020148
16.0171,62.82305000020145
16.3402,62.83973000020161
16.9654,62.8564300002018
16.5726,62.87311000020197
16.7641,62.88982000020193
16.8297,62.90648000020208
16.5487,62.923160000202245
17.1663,62.93985000020219
16.4382,62.95654000020213
16.8838,62.9732200002023
17.03,62.98988000020245
