Interval,Time
16.6155,50.3814333334961
16.6949,50.39809333349625
17.101,50.414813333496454
16.9987,50.43153333349666
15.9368,50.448213333496824
16.5508,50.46490333349677
16.289,50.481583333496935
16.6234,50.4982633334971
17.0344,50.51496333349729
16.3706,50.531643333497456
17.2105,50.54832333349763
16.4511,50.56499333349755
17.5931,50.58163333349768
16.7852,50.598303333497604
16.4426,50.614983333497776
16.7428,50.631693333497736
16.5559,50.64841333349794
17.4147,50.66511333349813
16.0441,50.681803333498074
16.4964,50.698513333498035
16.3796,50.7151933334982
16.975,50.73190333349817
16.4595,50.74858333349833
16.6377,50.76523333349824
16.9696,50.781943333498205
16.7925,50.79860333349835
16.4831,50.8152633334985
16.5193,50.83192333349865
16.5584,50.84857333349856
16.7122,50.86522333349846
16.6412,50.88191333349841
16.7641,50.898563333498316
16.9414,50.91524333349848
16.6664,50.93192333349865
16.7058,50.94862333349884
16.3884,50.965293333498764
17.0581,50.98195333349891
15.7169,50.99863333349908
16.8681,51.01532333349902
17.5314,51.03203333349899
15.9251,51.04871333349915
17.0561,51.06542333349911
16.6636,51.08214333349932
16.6916,51.09886333349952
16.036,51.11551333349943
17.3271,51.13221333349962
16.7239,51.14893333349982
16.2237,51.16564333349979
16.2107,51.182313333499714
17.0653,51.19898333349963
16.8252,51.21567333349958
16.9006,51.23236333349953
16.3509,51.24903333349945
16.6733,51.26571333349962
16.3075,51.282383333499546
17.0337,51.299073333499486
16.6073,51.31575333349966
16.9062,51.33240333349956
16.4826,51.349113333499524
16.9988,51.36578333349945
16.0035,51.3824433334996
17.0116,51.39908333349973
16.4663,51.41573333349964
17.1594,51.43237333349977
16.3869,51.44905333349993
17.139,51.46572333349986
16.5102,51.48240333350003
16.7984,51.49912333350023
16.4348,51.51578333350038
16.7743,51.53245333350031
17.2545,51.54916333350027
18.5348,51.565873333500235
16.4257,51.5825533335004
14.9553,51.599223333500326
17.0504,51.61590333350049
16.8061,51.6325533335004
16.0095,51.64918333350029
16.166,51.665813333500175
17.8285,51.6824833335001
15.8642,51.69916333350027
31.6044,51.71582333350042
12.0587,51.73247333350032
9.3924,51.74914333350025
13.2654,51.7658333335002
16.8481,51.782503333500124
16.4217,51.799193333500064
16.8435,51.81591333350027
16.8413,51.832633333500475
16.5367,51.849343333500435
16.5786,51.86601333350036
17.1141,51.88272333350032
17.7139,51.89943333350029
15.2774,51.91614333350025
17.1569,51.93285333350021
17.4966,51.94957333350042
16.5934,51.96625333350059
16.7362,51.982903333500495
15.8716,51.999543333500625
16.5909,52.01619333350053
17.6359,52.03290333350049
16.0416,52.04954333350062
16.6177,52.06621333350055
16.6282,52.082863333500455
17.0198,52.09953333350038
16.5488,52.11618333350029
16.663,52.13288333350047
16.4161,52.14960333350068
16.0347,52.166293333500626
17.2819,52.18300333350059
16.7294,52.19966333350074
17.699,52.21638333350094
16.0417,52.23303333350085
16.8813,52.24972333350079
16.5753,52.266373333500695
16.8686,52.28304333350062
16.8738,52.29969333350053
15.0996,52.31633333350066
17.112,52.33299333350081
17.1231,52.34967333350098
15.7651,52.3663433335009
16.7139,52.38298333350103
17.1627,52.39967333350098
17.3906,52.41638333350094
17.2555,52.433103333501144
16.0421,52.449783333501315
16.7979,52.466493333501276
16.9075,52.48319333350146
16.6573,52.49988333350141
16.706,52.516553333501335
16.6691,52.533263333501296
16.3007,52.54994333350146
17.2434,52.566643333501645
15.2085,52.583283333501775
17.3944,52.59996333350195
16.0461,52.61664333350211
16.3595,52.63329333350202
17.4367,52.64999333350221
16.7546,52.66668333350215
16.3313,52.68336333350232
17.0341,52.70003333350225
16.3976,52.71670333350217
16.3665,52.73336333350232
16.6472,52.750053333502265
16.8508,52.76673333350243
16.3701,52.783403333502356
17.1561,52.80011333350232
16.576,52.816783333502244
17.0775,52.833463333502415
15.9056,52.85014333350258
16.9217,52.866823333502744
16.4963,52.88351333350269
17.1058,52.90022333350265
16.8574,52.9169133335026
16.4534,52.93355333350273
17.1987,52.95024333350267
16.6628,52.9668833335028
16.6709,52.98352333350293
17.012,53.0002333335029
16.3606,53.016883333502804
16.6817,53.033543333502955
16.7722,53.050253333502916
15.961,53.06693333350308
16.5687,53.08363333350327
16.6368,53.10034333350323
16.6333,53.11705333350319
16.2932,53.133733333503365
16.9121,53.150443333503326
17.1881,53.16711333350325
15.9031,53.18378333350318
16.5538,53.2004533335031
17.6123,53.217123333503025
16.214,53.23379333350295
16.3639,53.25043333350308
16.7901,53.26707333350321
16.8681,53.28374333350314
16.5833,53.300443333503324
17.3535,53.317103333503475
16.7186,53.333763333503626
16.5238,53.35044333350379
17.0428,53.36715333350375
16.6823,53.38383333350392
17.4954,53.400493333504066
14.8337,53.41717333350424
17.2917,53.4338533335044
16.8164,53.450553333504594
16.521,53.46721333350474
17.017,53.483903333504685
16.7281,53.50060333350487
16.3301,53.51729333350482
16.9704,53.53397333350498
16.9483,53.55064333350491
17.1036,53.567313333504835
17.16,53.58401333350502
16.3177,53.60070333350497
16.9607,53.61736333350511
16.2941,53.63404333350528
16.8456,53.65071333350521
14.8107,53.667363333505115
17.7811,53.68404333350528
16.5264,53.70070333350543
16.6002,53.71736333350558
16.3736,53.73407333350554
17.0491,53.75077333350573
16.4071,53.76747333350591
17.0088,53.78413333350606
16.7875,53.80082333350601
16.4963,53.81751333350595
16.8608,53.83418333350588
16.6627,53.85088333350606
16.4906,53.867583333506246
16.513,53.88426333350642
17.3324,53.900913333506324
16.4195,53.917573333506475
16.2855,53.93423333350662
16.8852,53.95093333350681
16.1686,53.96760333350673
16.2728,53.98426333350688
16.8237,54.00095333350683
17.0786,54.017603333506734
16.3925,54.034263333506885
16.5211,54.05094333350705
16.7417,54.067633333507
17.1001,54.0842833335069
16.6916,54.10095333350683
16.2608,54.117603333506736
16.8969,54.134293333506676
16.9477,54.15097333350685
16.7414,54.16765333350701
17.0398,54.18436333350697
16.2461,54.2010333335069
17.0645,54.21774333350687
16.434,54.23442333350703
17.0493,54.25111333350698
16.5739,54.26779333350714
16.6729,54.28451333350735
15.8849,54.301183333507275
16.8117,54.317873333507215
16.7627,54.33458333350718
17.1695,54.35128333350737
16.274,54.36796333350753
18.0395,54.38463333350746
16.8963,54.40134333350742
16.4697,54.41802333350759
16.5565,54.43471333350753
15.1393,54.45135333350766
16.5284,54.46804333350761
16.8583,54.484743333507794
16.6796,54.50141333350772
16.5459,54.518043333507606
16.8725,54.534753333507574
17.4521,54.55145333350776
16.4003,54.56809333350789
16.8595,54.584793333508074
16.4462,54.601473333508245
16.7934,54.618163333508186
16.5555,54.63483333350811
16.6183,54.65148333350802
17.2451,54.668173333507966
16.3451,54.684863333507906
15.7184,54.70151333350781
17.1162,54.71818333350774
16.2742,54.734873333507686
16.6689,54.75153333350783
17.494,54.76823333350802
17.2486,54.78493333350821
16.1602,54.80165333350841
16.6301,54.818333333508576
16.5673,54.8350033335085
16.6199,54.85168333350867
16.5915,54.86836333350884
16.9538,54.885033333508765
16.7284,54.90173333350895
16.3973,54.91840333350888
17.2686,54.93505333350878
16.5672,54.95170333350869
16.7475,54.968333333508575
16.7748,54.98503333350877
16.5496,55.00169333350891
16.9258,55.018393333509096
16.8922,55.03509333350929
17.8956,55.05175333350943
15.044,55.06840333350934
16.7198,55.08510333350953
16.6184,55.10179333350947
16.6202,55.11848333350942
16.1574,55.13519333350938
16.3676,55.15185333350953
16.6002,55.16853333350969
16.7774,55.1851833335096
16.5619,55.201833333509505
17.0449,55.21854333350947
16.149,55.23522333350964
17.0927,55.251913333509584
16.5501,55.26858333350951
16.6308,55.28525333350943
17.1346,55.30194333350938
16.9231,55.318613333509305
16.9575,55.33531333350949
16.3355,55.352013333509674
16.8949,55.368743333509656
16.5656,55.38542333350983
17.6626,55.402093333509754
16.8295,55.41877333350992
16.432,55.43545333351008
16.7311,55.452153333510275
16.4323,55.46880333351018
15.1866,55.48549333351012
17.0166,55.50218333351007
16.3105,55.518853333509995
16.737,55.535493333510125
17.0914,55.55217333351029
16.4761,55.56888333351025
17.527,55.5855733335102
16.6698,55.6022933335104
16.3088,55.618953333510554
17.0111,55.63562333351048
16.3361,55.652303333510645
16.9518,55.66897333351057
16.3989,55.6856433335105
16.4354,55.70232333351066
16.0081,55.71896333351079
17.4803,55.7356133335107
16.0619,55.752263333510605
16.7332,55.76894333351078
17.1035,55.78563333351072
16.9713,55.80235333351092
16.7468,55.81906333351089
16.2917,55.835713333510796
18.0922,55.85241333351098
15.6154,55.86912333351094
16.7811,55.8858333335109
16.358,55.90255333351111
16.688,55.919223333511034
16.4778,55.935863333511165
16.7381,55.952523333511316
17.2659,55.96918333351147
15.6644,55.9858233335116
16.6434,56.00250333351176
16.5217,56.01916333351191
16.9875,56.03584333351208
16.3931,56.05249333351198
16.8858,56.06916333351191
16.9849,56.08587333351188
16.9089,56.10255333351204
17.0099,56.119263333512
16.2408,56.13592333351215
17.1496,56.15264333351236
16.5068,56.16932333351252
16.4826,56.18599333351245
16.7204,56.20263333351258
16.7778,56.21932333351253
16.6,56.23597333351243
16.9883,56.2526533335126
16.4089,56.269343333512545
17.2151,56.28603333351249
16.1295,56.30272333351243
16.33,56.319403333512604
16.2339,56.33608333351277
17.1235,56.35281333351275
16.8022,56.36949333351292
17.3759,56.386193333513106
16.4612,56.40287333351327
16.5797,56.41955333351344
16.0162,56.43622333351336
17.2521,56.45289333351329
16.7307,56.46959333351347
16.4875,56.4862333335136
16.9999,56.50295333351381
16.6741,56.519623333513735
15.5199,56.53630333351391
17.2795,56.55298333351407
16.2402,56.56967333351402
16.7257,56.586323333513924
16.5672,56.60299333351385
16.9577,56.619673333514015
17.4402,56.63635333351419
16.6043,56.65303333351435
16.9539,56.66970333351428
16.0427,56.68636333351443
16.0129,56.70305333351437
16.717,56.71971333351452
16.7378,56.736393333514684
17.489,56.75311333351489
15.8363,56.76980333351484
17.4261,56.78649333351478
16.172,56.80315333351493
17.0747,56.8198333335151
16.7702,56.836483333515005
16.6533,56.85315333351493
17.1556,56.86985333351512
15.9706,56.8865533335153
17.0477,56.90326333351526
16.2503,56.91990333351539
16.7505,56.93660333351558
16.23,56.95324333351571
16.6605,56.969913333515635
16.9705,56.986593333515806
16.8214,57.00327333351597
16.8403,57.0199433335159
17.2919,57.036633333515844
16.3718,57.05329333351599
16.4126,57.06993333351612
16.208,57.08663333351631
16.6704,57.10330333351623
16.9228,57.120023333516436
16.8028,57.13670333351661
16.8093,57.15338333351677
16.7091,57.17007333351672
17.1235,57.18676333351666
16.6546,57.20340333351679
16.6555,57.220073333516716
17.0551,57.23678333351668
16.7184,57.25348333351687
16.6065,57.27018333351705
16.6279,57.286823333517184
16.5182,57.30350333351735
16.683,57.320193333517295
16.587,57.33686333351722
16.9432,57.35356333351741
16.5494,57.37025333351735
16.5493,57.38693333351752
16.5095,57.40357333351765
16.31,57.420243333517575
16.8983,57.43689333351748
16.7938,57.45359333351767
16.4952,57.47027333351784
18.2039,57.48696333351778
16.2543,57.503633333517705
16.9017,57.52031333351787
16.4098,57.536983333517796
16.8674,57.55366333351797
17.0019,57.57038333351817
14.5293,57.5870233335183
16.5023,57.60369333351822
17.3093,57.62036333351815
17.0437,57.637063333518334
16.6936,57.653743333518506
16.5833,57.67042333351867
16.6663,57.68710333351884
16.1359,57.703783333519006
16.7652,57.72050333351921
16.5558,57.73715333351912
17.1876,57.753863333519085
16.4617,57.77054333351925
16.9165,57.7872333335192
16.5799,57.80389333351934
16.7618,57.82057333351951
16.5152,57.837253333519676
17.0956,57.853943333519624
16.5522,57.87062333351979
16.5213,57.88728333351994
16.4793,57.90396333352011
16.5265,57.92065333352005
16.7005,57.937373333520256
16.3992,57.95403333352041
17.5448,57.97075333352061
16.9783,57.98744333352055
16.0057,58.00415333352052
16.5841,58.020803333520426
16.5032,58.03748333352059
16.8744,58.05416333352076
16.5345,58.07083333352068
16.6598,58.08747333352081
17.3682,58.10411333352094
16.3352,58.12082333352091
16.3244,58.137453333520796
17.0542,58.15412333352072
16.7433,58.17078333352087
16.4588,58.18748333352106
16.5113,58.20416333352122
16.899,58.220843333521394
16.7414,58.237533333521334
16.4173,58.25422333352128
17.497,58.270903333521446
16.9656,58.28755333352135
16.1552,58.3042433335213
16.1702,58.320933333521246
16.9936,58.33762333352119
16.3014,58.35427333352109
16.3253,58.370953333521264
16.6234,58.38763333352143
17.0633,58.4043133335216
17.024,58.42102333352156
16.662,58.43773333352152
16.6636,58.45442333352147
16.8349,58.471093333521395
16.5533,58.4877433335213
17.525,58.504443333521486
16.2024,58.52112333352165
16.0921,58.53783333352162
17.3037,58.55449333352176
16.7083,58.57120333352173
16.7631,58.587883333521894
16.1574,58.6045333335218
16.5097,58.62122333352175
16.4403,58.63794333352195
16.9203,58.654653333521914
16.2544,58.671293333522044
18.0889,58.688003333522005
15.4617,58.70467333352193
16.5404,58.72134333352186
17.0119,58.73800333352201
16.6902,58.754673333521936
16.7319,58.771393333522134
16.3626,58.78804333352205
17.0679,58.80471333352197
16.6462,58.8213533335221
16.7251,58.8380733335223
16.5295,58.854753333522474
16.2727,58.87140333352238
16.8226,58.88809333352232
16.6895,58.90475333352247
16.8865,58.92144333352242
17.4513,58.93808333352255
16.8294,58.954783333522734
16.7959,58.9714633335229
16.7417,58.988153333522845
16.7425,59.004813333522996
17.0069,59.02149333352316
16.7049,59.038213333523366
16.1355,59.05490333352331
16.4725,59.07158333352348
17.228,59.088253333523404
16.0376,59.10493333352357
16.6645,59.121603333523495
16.9003,59.13828333352367
16.1479,59.15495333352359
16.3593,59.17163333352376
16.2854,59.188283333523664
16.9218,59.20495333352359
17.2335,59.22164333352353
16.665,59.2383233335237
17.0244,59.25499333352363
16.8554,59.27168333352357
16.4007,59.28838333352376
16.8381,59.30503333352367
16.7247,59.32174333352363
16.3845,59.33840333352378
17.0046,59.35511333352374
16.4229,59.371763333523646
16.9318,59.38844333352382
16.5461,59.40513333352376
17.1625,59.421823333523704
16.1814,59.43850333352387
16.4832,59.45516333352402
16.7142,59.47185333352396
16.9762,59.488503333523866
16.6887,59.505213333523834
16.5473,59.521853333523964
16.8264,59.53855333352415
16.4524,59.555203333524055
17.0195,59.57188333352423
16.5371,59.58854333352437
17.5545,59.60523333352432
16.4682,59.62194333352428
16.719,59.63864333352446
14.7349,59.655323333524635
17.1079,59.6720033335248
16.5682,59.68873333352478
17.4883,59.70539333352493
15.6758,59.72206333352486
16.5921,59.73874333352502
16.4795,59.75541333352495
17.0149,59.772113333525134
16.3337,59.788753333525264
16.7821,59.805433333525436
16.5988,59.8221133335256
17.0489,59.83879333352577
16.2447,59.85542333352566
16.7814,59.872113333525604
16.6331,59.88881333352579
16.9802,59.905483333525716
16.74,59.9221833335259
16.6702,59.93885333352583
16.1008,59.95553333352599
17.118,59.97220333352592
16.7239,59.98891333352588
16.8206,60.005603333525826
17.1439,60.02232333352603
15.943,60.03899333352596
16.489,60.05566333352588
16.6549,60.07234333352605
17.1815,60.088993333525956
16.6547,60.10566333352588
16.7318,60.12234333352605
17.1546,60.13902333352622
17.8269,60.15566333352635
16.7759,60.1723233335265
16.4491,60.188973333526405
16.6151,60.20565333352657
16.791,60.222353333526755
16.443,60.23902333352668
17.1181,60.25574333352689
16.5187,60.27241333352681
16.9087,60.289123333526774
16.5773,60.305803333526946
16.725,60.322493333526886
14.6611,60.33914333352679
16.4464,60.35581333352672
16.9254,60.37252333352668
17.2638,60.38921333352663
16.3144,60.405903333526574
16.7904,60.42258333352674
16.6519,60.43928333352692
16.2112,60.455943333527074
17.2487,60.47262333352724
17.3621,60.489343333527444
16.2234,60.50603333352739
16.9042,60.522733333527576
16.6681,60.53942333352752
15.6324,60.55607333352743
16.9244,60.572743333527356
16.295,60.58939333352726
17.8524,60.60606333352718
16.4509,60.622763333527374
16.4901,60.639453333527314
16.6784,60.65612333352724
16.7284,60.67280333352741
16.3396,60.689463333527556
16.95,60.706103333527686
16.9691,60.72282333352789
16.3954,60.73950333352806
16.8938,60.756213333528024
16.7258,60.77289333352819
16.3054,60.7895433335281
17.6362,60.80623333352804
16.48,60.82291333352821
16.6114,60.83960333352815
16.7833,60.856313333528114
16.5572,60.87300333352806
16.6561,60.88964333352819
16.7212,60.906343333528376
16.7666,60.92298333352851
16.4721,60.93963333352841
16.5744,60.956313333528584
16.7721,60.97294333352847
16.9485,60.989613333528396
16.5797,61.00629333352856
16.5214,61.02294333352847
17.1292,61.039653333528435
16.2042,61.0563333335286
16.8035,61.073023333528546
16.1519,61.08974333352875
16.5347,61.106423333528916
17.4141,61.1231233335291
16.897,61.13983333352907
16.8488,61.15652333352901
16.0224,61.17318333352916
17.0772,61.18989333352912
16.2951,61.20653333352925
16.8205,61.22320333352918
16.459,61.239853333529084
16.0208,61.256493333529214
16.3149,61.273173333529385
17.5375,61.28983333352953
15.7587,61.30648333352944
17.36,61.32312333352957
16.2375,61.33980333352974
16.8556,61.3564833335299
16.7511,61.37318333353009
16.6486,61.3899033335303
17.4268,61.40658333353046
16.5276,61.42326333353063
16.6843,61.4399433335308
16.7794,61.456643333530984
16.2598,61.47333333353093
16.9918,61.49004333353089
16.6087,61.506723333531056
16.6039,61.52338333353121
16.6244,61.54003333353111
16.9683,61.55670333353104
16.4027,61.57338333353121
16.8217,61.59007333353115
16.5347,61.60674333353108
17.4975,61.62342333353124
16.2478,61.64009333353117
16.4223,61.656763333531096
16.923,61.67344333353127
17.2531,61.69014333353145
16.8854,61.70683333353139
16.2544,61.72352333353134
15.5221,61.74021333353128
16.3531,61.756883333531206
16.8025,61.773573333531154
16.5643,61.790233333531305
17.3926,61.806963333531286
16.4225,61.82367333353125
16.3187,61.84035333353141
16.9404,61.85702333353134
17.0149,61.873713333531285
16.6947,61.89036333353119
17.169,61.90703333353112
16.6022,61.92371333353128
16.507,61.94038333353121
16.7208,61.957053333531135
17.5089,61.97372333353106
16.2694,61.99036333353119
16.699,62.00707333353115
17.0713,62.02376333353109
16.0454,62.040443333531265
16.7903,62.05714333353145
16.5055,62.0738333335314
16.9651,62.09054333353136
17.0271,62.107233333531305
16.323,62.1239533335315
16.3859,62.14059333353163
16.8444,62.15728333353158
16.5361,62.17393333353149
16.9542,62.19060333353141
16.4839,62.207263333531564
16.9517,62.22394333353173
16.5444,62.240633333531676
16.5402,62.25728333353158
17.0185,62.27398333353177
16.8717,62.29066333353193
16.4792,62.30738333353214
16.3112,62.32405333353206
16.4708,62.340733333532235
15.7223,62.35739333353238
16.9917,62.37410333353235
17.0971,62.39078333353251
16.2603,62.40746333353268
16.3107,62.42414333353285
17.8253,62.440833333532794
16.7113,62.45751333353296
16.3596,62.47415333353309
16.6756,62.490823333533015
16.5948,62.50750333353318
17.095,62.52421333353315
16.7257,62.54090333353309
16.3867,62.55756333353324
16.8256,62.5742433335334
16.5246,62.590923333533574
17.3854,62.6075933335335
15.8318,62.62424333353341
16.6284,62.64092333353357
17.2743,62.65760333353374
16.5134,62.67430333353393
16.72,62.69098333353409
16.7807,62.70762333353422
16.487,62.72433333353419
16.2812,62.741033333534375
16.1834,62.7577033335343
16.7971,62.77437333353423
16.2489,62.79104333353415
16.919,62.80772333353432
16.6781,62.82441333353426
17.3357,62.84107333353441
16.638,62.85772333353432
17.1494,62.87444333353452
16.2698,62.89108333353465
16.8765,62.907713333534545
16.7696,62.924403333534485
16.6172,62.94109333353443
16.5572,62.95779333353462
17.0478,62.974483333534565
16.7268,62.991153333534484
16.8431,63.007833333534656
15.3173,63.02450333353458
16.842,63.04114333353471
16.7441,63.05783333353465
17.0359,63.0745233335346
17.2394,63.091223333534785
16.0557,63.107883333534936
17.2981,63.12454333353508
16.7369,63.14123333353503
16.5138,63.15791333353519
16.8829,63.17459333353536
16.7942,63.19130333353532
16.515,63.20799333353527
16.4314,63.2246633335352
16.7594,63.24133333353512
16.5397,63.25799333353527
17.1623,63.27469333353545
16.7377,63.29140333353542
16.2961,63.308063333535564
16.8589,63.32475333353551
16.4669,63.341433333535676
16.5751,63.35808333353559
17.0324,63.374783333535774
16.7645,63.39148333353596
16.4162,63.4081733335359
16.7788,63.424843333535826
16.9087,63.44153333353577
16.7079,63.45821333353594
17.2055,63.474923333535905
16.3983,63.49158333353605
16.8778,63.50828333353624
16.7107,63.524963333536405
16.6636,63.54163333353633
16.8234,63.55828333353624
16.7545,63.5749933335362
16.5396,63.59170333353616
16.3717,63.60835333353607
16.8816,63.62501333353622
16.7353,63.64169333353639
16.6648,63.65837333353655
15.0272,63.675053333536724
16.8476,63.69177333353693
16.3526,63.70844333353685
17.6217,63.725133333536796
16.4213,63.74181333353697
15.8806,63.75848333353689
16.735,63.77516333353706
17.6639,63.79187333353702
16.21,63.80855333353719
16.7205,63.82524333353713
16.5675,63.84193333353708
16.1904,63.85857333353721
16.6492,63.87525333353737
16.7204,63.891933333537544
16.934,63.908573333537674
16.833,63.925263333537615
16.2221,63.941943333537786
16.8888,63.95860333353793
16.4433,63.975253333537836
17.6834,63.99197333353804
16.9814,64.00862333353795
16.6595,64.02530333353812
16.8137,64.04197333353804
16.4699,64.05864333353797
16.7449,64.07533333353791
16.9477,64.09201333353808
16.3708,64.10868333353801
16.9538,64.12536333353817
16.4643,64.14204333353834
16.8839,64.15869333353825
16.5126,64.17537333353842
16.8548,64.19208333353838
16.6481,64.20877333353832
16.2963,64.2254533335385
15.5375,64.24213333353866
16.6803,64.25878333353856
16.6432,64.2754533335385
17.0527,64.29213333353866
16.8213,64.30885333353886
17.4287,64.32555333353905
17.0738,64.34226333353901
16.0816,64.35891333353892
16.1788,64.37562333353888
16.6157,64.39230333353905
16.879,64.40902333353925
16.644,64.42571333353919
16.3428,64.44242333353917
16.5154,64.45907333353907
16.9499,64.47570333353896
16.2788,64.49234333353908
17.3694,64.508993333539
17.1816,64.52567333353916
16.4388,64.54232333353907
16.6793,64.55902333353926
16.8062,64.5756833335394
16.7698,64.59236333353957
17.0114,64.60904333353974
16.682,64.6257533335397
16.8439,64.64247333353991
16.5033,64.65915333354008
16.641,64.67584333354002
16.4377,64.69251333353995
16.9597,64.70920333353989
16.0308,64.72586333354003
15.8934,64.74251333353995
17.0884,64.75919333354011
16.3647,64.77585333354025
17.2193,64.79255333354045
16.106,64.80922333354037
16.7947,64.82591333354031
16.7601,64.84257333354047
17.2917,64.85929333354068
16.7863,64.87598333354062
16.2193,64.89266333354078
17.7215,64.90938333354099
15.9399,64.9260533335409
16.6821,64.9427533335411
16.4507,64.959403333541
16.8721,64.97609333354094
17.7583,64.99280333354092
16.58,65.0095033335411
16.524,65.02616333354125
17.0346,65.04284333354141
16.4413,65.05955333354137
16.4765,65.07619333354151
16.7624,65.09287333354168
16.5551,65.10953333354182
17.3004,65.12622333354177
16.3736,65.14288333354192
16.6777,65.15955333354185
16.3249,65.17622333354177
15.1984,65.19288333354191
16.6975,65.20952333354205
17.0032,65.22620333354222
16.5504,65.24291333354218
17.1422,65.25961333354236
16.8873,65.27630333354232
16.7672,65.29297333354224
16.486,65.30963333354238
17.2713,65.32632333354233
16.0686,65.34298333354248
16.9042,65.35968333354266
16.5535,65.37636333354283
16.8984,65.393043333543
15.4426,65.4096933335429
17.3015,65.42638333354284
16.6227,65.44308333354303
16.5025,65.45976333354321
16.5213,65.47644333354337
16.9683,65.4930833335435
16.274,65.50976333354367
17.0121,65.52645333354361
16.5024,65.54314333354355
17.1953,65.55982333354372
15.9339,65.5765033335439
17.4732,65.5931533335438
16.8686,65.60982333354373
16.6824,65.62649333354365
16.8277,65.64320333354361
16.8329,65.65992333354382
16.1878,65.67661333354376
16.9454,65.69330333354371
16.5582,65.7100033335439
17.1765,65.72669333354384
15.7711,65.74338333354378
16.4422,65.76008333354397
16.4854,65.77674333354412
16.9839,65.79345333354408
16.7421,65.81014333354402
16.5596,65.82681333354395
17.0598,65.8435033335439
16.2471,65.86016333354404
16.8558,65.87685333354399
16.2649,65.89349333354411
17.0681,65.91016333354405
16.8612,65.92682333354419
15.8955,65.94349333354411
17.2613,65.96016333354405
16.1846,65.97679333354392
17.08,65.99346333354386
16.9862,66.01014333354402
16.8845,66.02680333354417
16.9659,66.04346333354432
16.7176,66.06013333354424
16.7052,66.07683333354443
16.8145,66.0935133335446
16.7735,66.11019333354477
17.3064,66.12688333354471
16.0294,66.1435833335449
15.3314,66.16024333354505
17.039,66.17694333354524
16.4601,66.19363333354518
16.8757,66.21032333354512
17.2983,66.2270233335453
16.387,66.24368333354546
17.047,66.26038333354565
16.4256,66.27709333354561
16.8932,66.29377333354577
16.2844,66.3104433335457
18.0129,66.32716333354591
16.2332,66.34380333354603
17.0834,66.36050333354622
16.4876,66.37718333354638
14.9895,66.39385333354632
16.9138,66.4105533335465
16.6491,66.42721333354665
16.3565,66.4438733335468
17.2963,66.46053333354695
16.4626,66.47724333354691
17.5971,66.49392333354707
17.2817,66.51060333354725
17.0707,66.52729333354719
16.5326,66.54396333354711
16.6403,66.56064333354729
16.6159,66.57730333354743
16.9492,66.59399333354737
16.5206,66.61067333354754
16.5182,66.62732333354745
16.4518,66.64399333354737
15.2824,66.66064333354728
16.5814,66.67732333354745
16.5482,66.69396333354759
16.8738,66.71064333354775
17.3408,66.72732333354791
16.853,66.74399333354785
16.2603,66.76065333354799
17.3853,66.77735333354818
15.9904,66.79407333354838
16.3721,66.81073333354853
16.5382,66.82739333354868
17.0104,66.84411333354889
16.9594,66.86081333354907
16.6604,66.87747333354922
16.5292,66.89415333354938
16.6132,66.91083333354956
15.9748,66.92751333354973
16.8364,66.94416333354962
16.8034,66.96081333354954
17.7779,66.9774933335497
16.5494,66.99420333354966
16.293,67.0108433335498
17.2177,67.02753333354974
16.0208,67.04420333354966
16.7057,67.06088333354984
16.9399,67.0775933335498
16.4065,67.09427333354996
17.991,67.11098333354992
16.6388,67.12768333355011
16.4827,67.14436333355029
16.8989,67.16103333355021
16.3268,67.17772333355015
17.0227,67.19439333355008
16.6061,67.21109333355027
16.6246,67.22777333355043
14.9229,67.24442333355034
16.7681,67.26111333355028
17.1519,67.27776333355018
17.0001,67.29444333355036
16.4888,67.31112333355053
16.5048,67.32778333355067
18.1057,67.34447333355061
16.0302,67.36113333355077
15.6892,67.37779333355091
16.8352,67.3944933335511
16.7923,67.41117333355128
16.6782,67.42786333355122
16.163,67.44455333355116
17.2001,67.4612433335511
16.7348,67.47795333355107
16.7694,67.49463333355123
17.2714,67.51132333355118
16.6228,67.52802333355136
16.6613,67.54472333355154
16.1571,67.5613833335517
17.0411,67.57807333355164
16.6447,67.59477333355183
16.4263,67.61145333355199
16.6413,67.62811333355215
16.8514,67.6447733335523
16.3671,67.66145333355246
16.9283,67.67812333355239
16.9193,67.69481333355233
16.2597,67.71147333355248
17.095,67.72818333355244
17.2442,67.74489333355241
15.1474,67.76155333355256
16.4456,67.7782133335527
17.4274,67.79490333355265
16.7089,67.81160333355284
16.2918,67.828283333553
17.3679,67.84497333355294
16.3224,67.86165333355311
16.3437,67.87833333355329
16.7164,67.89497333355341
16.7938,67.91162333355332
16.4679,67.92827333355322
16.8318,67.94496333355318
16.9186,67.96165333355312
15.9721,67.97829333355324
16.9287,67.99501333355344
16.4901,68.01166333355336
30.6356,68.02830333355348
12.154,68.04499333355344
9.7036,68.0616733335536
15.1517,68.07837333355378
16.2283,68.09506333355372
16.8128,68.11175333355366
16.6469,68.1283933335538
17.0034,68.14510333355376
16.5331,68.16176333355392
16.4507,68.17844333355409
16.9094,68.19512333355425
16.8438,68.21183333355421
17.5376,68.22854333355417
16.5119,68.24519333355408
16.614,68.26187333355425
17.6399,68.27857333355443
15.0495,68.2952533335546
16.3257,68.31190333355451
15.9814,68.32856333355465
17.1666,68.34525333355461
17.0847,68.36193333355477
16.4739,68.3786033335547
16.7,68.39526333355485
16.3338,68.41193333355477
17.1694,68.42860333355469
16.4129,68.4452533335546
16.6131,68.46193333355477
16.98,68.47863333355495
16.9319,68.49532333355491
16.0977,68.51199333355483
16.3264,68.52868333355477
17.0833,68.54537333355472
16.8289,68.56204333355464
17.1186,68.5787533335546
16.9083,68.59544333355454
16.34,68.61214333355473
16.6371,68.6288233335549
16.7084,68.64550333355507
16.6768,68.66216333355521
16.4017,68.67884333355539
17.1725,68.69552333355556
16.241,68.71216333355568
17.0352,68.72887333355564
17.4046,68.74555333355582
15.7598,68.76224333355576
16.8989,68.77889333355566
16.7437,68.79557333355584
17.082,68.81227333355602
16.6746,68.82899333355623
16.188,68.84566333355615
16.3364,68.86236333355633
16.6007,68.87904333355651
16.7836,68.89569333355641
17.0066,68.91234333355632
16.7733,68.92903333355626
16.164,68.94571333355643
17.103,68.96243333355663
16.5563,68.9791133335568
16.8031,68.99580333355675
15.732,69.01248333355691
17.6857,69.02917333355686
16.6932,69.0458633335568
16.5897,69.062563333557
16.4419,69.07926333355718
16.6228,69.09591333355708
17.0657,69.11263333355728
17.0213,69.12930333355722
15.8299,69.1459333335571
16.8747,69.16257333355723
16.3559,69.1792533335574
17.2888,69.19593333355756
16.4283,69.21261333355773
16.8506,69.22930333355768
16.5553,69.24599333355762
16.5068,69.26267333355779
17.0028,69.27935333355795
16.7032,69.29602333355788
16.3544,69.31271333355782
16.8651,69.32941333355801
16.5082,69.34610333355796
16.5882,69.36274333355809
16.7101,69.37942333355825
16.7311,69.39606333355839
16.9652,69.41276333355857
16.9398,69.42949333355855
16.1556,69.44614333355845
17.9658,69.46284333355865
16.3058,69.47952333355882
16.9586,69.49620333355898
16.7123,69.51290333355917
16.4528,69.52958333355933
16.9817,69.54628333355951
16.4643,69.56297333355947
16.9397,69.57963333355961
16.3552,69.5962633335595
16.6142,69.61293333355943
16.9853,69.62957333355956
16.861,69.64628333355952
16.3891,69.66295333355944
16.2776,69.67960333355936
15.7682,69.69631333355932
16.4641,69.71299333355948
16.3019,69.72966333355942
17.4583,69.74632333355956
16.2458,69.76300333355972
17.031,69.77968333355989
17.0825,69.79639333355986
16.705,69.81303333355999
16.8205,69.8297033335599
16.9018,69.8464033335601
16.7148,69.86307333356002
16.4744,69.87972333355994
16.5962,69.8964033335601
17.0901,69.91311333356006
16.5132,69.92982333356002
15.7115,69.94654333356023
17.2453,69.96323333356017
15.6269,69.97991333356035
16.9643,69.99661333356053
16.5837,70.01330333356047
16.6304,70.02999333356041
16.608,70.04667333356058
16.8615,70.06335333356076
16.5156,70.0800133335609
16.6804,70.09669333356106
16.8165,70.11334333356098
16.5332,70.12997333356086
16.8579,70.14665333356103
17.1639,70.16330333356093
16.6152,70.1799833335611
16.489,70.19667333356105
17.2091,70.21334333356097
16.1729,70.23005333356093
16.9641,70.24671333356109
16.6475,70.26336333356099
17.0394,70.28007333356095
16.4004,70.29675333356113
16.5456,70.31343333356129
17.1126,70.33013333356148
16.393,70.34679333356162
16.5734,70.36343333356176
17.1683,70.38015333356196
16.1724,70.39680333356186
16.3868,70.41351333356182
16.8459,70.4302233335618
16.7154,70.44686333356192
16.1756,70.46354333356209
17.2208,70.48026333356229
16.4872,70.49695333356225
17.6238,70.51362333356217
16.7817,70.53033333356213
16.314,70.54698333356204
16.6638,70.56367333356198
16.5388,70.5803133335621
17.2149,70.59696333356202
16.3775,70.61364333356218
16.9598,70.63033333356213
16.4076,70.64697333356226
16.5817,70.66362333356217
17.1166,70.68033333356213
16.6114,70.6970133335623
16.2558,70.71369333356246
16.4116,70.73041333356267
17.1312,70.7471033335626
30.9293,70.7638033335628
12.2921,70.78049333356275
9.5073,70.79717333356291
13.3546,70.81388333356287
16.3786,70.83057333356281
16.3372,70.84723333356297
16.4846,70.86387333356309
16.9652,70.88056333356305
16.4397,70.89719333356292
17.3729,70.91388333356288
16.5532,70.93053333356278
17.0459,70.94722333356272
16.2143,70.96389333356265
16.2131,70.98054333356255
17.6167,70.99724333356275
16.0015,71.01391333356267
17.1007,71.03063333356288
16.6647,71.04729333356302
16.9151,71.06400333356298
16.564,71.08068333356316
16.8891,71.09740333356336
15.988,71.11407333356328
16.4716,71.13076333356322
17.2562,71.14747333356318
16.0032,71.16411333356332
17.2772,71.18082333356328
16.1736,71.19746333356342
17.4387,71.21414333356358
16.9123,71.23082333356375
17.4014,71.24752333356393
15.6416,71.26419333356387
16.596,71.28087333356403
16.52,71.29753333356417
16.9268,71.31418333356409
16.9859,71.33089333356405
16.4584,71.34754333356395
17.0609,71.36426333356415
16.2131,71.38094333356433
16.7343,71.39759333356423
16.7422,71.41424333356414
16.7363,71.43090333356429
16.8428,71.44759333356423
16.4784,71.46428333356418
16.946,71.48099333356414
16.336,71.49765333356429
16.8222,71.51435333356447
16.5803,71.53100333356439
16.6167,71.54769333356433
16.5645,71.56437333356449
16.8825,71.58104333356442
16.7336,71.59774333356461
16.5343,71.61440333356475
17.0701,71.63111333356471
18.0074,71.64780333356467
15.6143,71.66448333356483
15.6781,71.68117333356477
16.6555,71.69786333356471
16.4995,71.71453333356465
16.87,71.73121333356481
17.8591,71.74790333356475
15.7471,71.7645933335647
16.6944,71.78130333356467
16.3896,71.79798333356483
16.4921,71.81461333356472
16.6204,71.83129333356489
17.7954,71.8479633335648
16.5235,71.86462333356496
16.5517,71.88129333356488
16.8947,71.89797333356505
17.1135,71.914663333565
16.3771,71.93130333356513
17.1361,71.94797333356506
15.8911,71.9646333335652
16.8558,71.98132333356514
16.9339,71.99799333356508
16.7175,72.01464333356498
16.5917,72.03134333356516
16.3852,72.04805333356512
17.1451,72.06477333356533
16.2633,72.08144333356526
16.9372,72.09815333356522
16.5992,72.11481333356537
16.8856,72.13151333356555
14.9783,72.14819333356573
16.951,72.1648733335659
16.8868,72.18158333356585
16.4774,72.198243333566
17.6004,72.21492333356618
16.6926,72.23158333356632
16.8399,72.2482833335665
16.6418,72.26493333356642
16.8053,72.2816333335666
16.2862,72.29829333356675
17.1409,72.31499333356693
16.0866,72.33168333356687
16.673,72.34833333356679
16.5436,72.36501333356695
17.1509,72.38169333356711
17.0178,72.39837333356729
15.3454,72.41502333356719
16.9181,72.43173333356715
16.5829,72.44840333356709
16.8104,72.46511333356705
16.3222,72.48176333356695
17.0058,72.4984533335669
16.7346,72.51516333356686
14.9533,72.53184333356702
17.0338,72.54853333356697
16.8089,72.56522333356692
16.2971,72.58190333356708
17.2072,72.59858333356725
16.2934,72.61526333356741
17.1492,72.63194333356759
16.4566,72.64863333356753
16.9632,72.66532333356747
16.971,72.68197333356738
17.5251,72.69867333356757
16.8308,72.71532333356747
16.7602,72.73197333356738
17.352,72.74866333356732
15.9278,72.76531333356724
16.8144,72.78196333356713
16.6221,72.79862333356729
14.542,72.81529333356721
17.228,72.83197333356738
16.2689,72.84865333356755
17.5937,72.8653433335675
16.7121,72.88202333356766
16.7543,72.89872333356784
16.4421,72.91539333356778
16.6744,72.93208333356772
16.7063,72.94877333356766
16.7114,72.96543333356782
16.7645,72.982133333568
16.6268,72.99879333356814
16.0018,73.0155033335681
16.9069,73.03215333356802
16.6278,73.04882333356794
16.7985,73.06548333356808
17.3973,73.08220333356829
16.3382,73.09887333356822
17.3015,73.1155733335684
16.2242,73.13225333356857
17.2838,73.14895333356876
16.2395,73.16563333356893
15.6259,73.18228333356883
16.6654,73.198963333569
16.6682,73.21567333356896
16.4337,73.23235333356914
17.336,73.24900333356904
16.9642,73.2656833335692
17.0176,73.2823833335694
16.2195,73.29905333356932
16.9854,73.31571333356946
16.3677,73.33237333356962
16.8656,73.34906333356956
16.7663,73.36577333356952
17.4001,73.38245333356969
16.1984,73.39912333356962
17.7934,73.4158233335698
15.7291,73.43250333356997
16.7395,73.44913333356986
16.8002,73.46584333356982
16.9322,73.48254333357
16.6495,73.49927333356999
16.8034,73.51597333357017
14.7323,73.53261333357031
16.6961,73.54927333357045
16.6971,73.56595333357062
17.4781,73.58263333357078
16.3028,73.59933333357098
17.1736,73.61602333357092
16.9961,73.63271333357086
16.8289,73.6493833335708
16.6957,73.66606333357096
16.7402,73.68274333357112
15.9825,73.69942333357129
16.6618,73.71609333357122
17.0462,73.73280333357118
16.3903,73.74945333357108
16.8885,73.76611333357124
15.5456,73.78278333357116
17.383,73.7994533335711
16.4722,73.81613333357126
16.5309,73.83277333357138
16.9362,73.84944333357132
16.7272,73.86615333357128
17.0007,73.88286333357124
16.2876,73.89952333357138
16.9128,73.91624333357159
16.6292,73.93292333357176
17.0039,73.94962333357195
16.5572,73.9662833335721
16.9022,73.98296333357226
16.4803,73.99964333357242
16.8885,74.01633333357238
16.3137,74.03298333357228
17.1751,74.04967333357223
16.1878,74.06634333357215
16.677,74.08298333357229
17.2581,74.09969333357225
16.2388,74.11639333357243
17.2045,74.1330733335726
16.8242,74.14972333357251
16.3797,74.16639333357243
17.0001,74.18306333357235
16.5699,74.19977333357232
14.939,74.21641333357245
17.1257,74.23311333357263
16.4394,74.2497933335728
16.8378,74.26645333357295
16.6496,74.28310333357285
16.6139,74.29977333357279
16.7746,74.3164433335727
17.6319,74.33316333357291
16.3902,74.34982333357306
17.4537,74.36650333357323
16.4273,74.38317333357315
17.0561,74.3998333335733
15.4062,74.4165333335735
16.6251,74.43320333357342
16.5262,74.44991333357338
16.898,74.46663333357358
16.1453,74.48331333357375
17.2116,74.49998333357368
16.3427,74.51668333357387
16.7633,74.53336333357403
16.8115,74.55006333357422
16.9246,74.56677333357418
16.7507,74.58347333357436
16.4208,74.60015333357454
16.8989,74.61680333357444
16.5914,74.63345333357435
16.7579,74.65014333357429
16.4191,74.6667933335742
17.1766,74.68347333357437
16.7114,74.70015333357453
16.4438,74.7168333335747
16.6981,74.73348333357461
16.7296,74.75013333357451
17.0705,74.76680333357444
15.9141,74.78347333357436
16.7856,74.80017333357455
16.5816,74.81688333357451
16.8006,74.83360333357471
16.5444,74.85027333357465
16.8252,74.86696333357459
16.4984,74.88366333357477
17.3847,74.90033333357471
16.1307,74.91700333357463
16.7244,74.93368333357479
16.442,74.95036333357496
17.8315,74.96704333357513
17.6419,74.98371333357505
16.0318,75.00035333357519
16.3793,75.01702333357511
16.5498,75.03366333357525
17.0144,75.05033333357517
16.724,75.06706333357515
16.8323,75.08374333357531
16.8481,75.10043333357525
16.7242,75.11711333357543
16.7462,75.13378333357535
16.5206,75.15043333357526
16.9704,75.16714333357523
16.2158,75.18381333357515
17.0684,75.20051333357533
16.4312,75.21717333357549
17.0324,75.23384333357541
16.535,75.25053333357535
14.9032,75.26723333357553
16.7284,75.28392333357549
16.8779,75.30060333357565
16.2237,75.31728333357582
17.1401,75.33397333357576
17.1474,75.35069333357596
17.1017,75.36735333357612
16.5504,75.38403333357628
16.7781,75.4007033335762
15.5499,75.41738333357638
16.5493,75.43403333357628
16.9614,75.45069333357644
17.1798,75.4673733335766
17.4834,75.48408333357656
16.2351,75.50074333357671
16.2638,75.51742333357689
16.3626,75.53410333357705
16.7589,75.55080333357724
17.1839,75.56749333357718
16.7528,75.58419333357736
16.4769,75.60088333357731
16.8273,75.61757333357725
16.7228,75.6342633335772
16.7923,75.65092333357735
17.0327,75.6676133335773
16.4457,75.68425333357742
16.4643,75.7009333335776
17.131,75.71761333357776
16.5183,75.73428333357768
16.5638,75.75092333357782
16.8681,75.767623333578
17.4774,75.78431333357794
15.9084,75.80096333357785
16.7586,75.81767333357782
16.6039,75.83435333357798
16.4648,75.85103333357814
16.5318,75.86770333357808
16.9644,75.884373333578
16.5964,75.90104333357792
16.5049,75.91771333357785
16.8233,75.93436333357775
16.5425,75.95103333357768
16.9525,75.96773333357787
16.8676,75.98437333357799
16.6975,76.00106333357795
16.6415,76.01776333357813
15.4699,76.03447333357809
16.2159,76.05113333357824
17.1563,76.0677933335784
